   27.2	 512
   41.4	 160
   45.5	 928
   50.3	 32
   74.3	 864
   83.9	 832
  108.1	 960
  116.2	 544
  182.8	 992
  191.5	 864
  201.7	 896
  202.1	 128
  224.2	 864
  234.6	 800
  237.1	 928
  277.4	 800
  324.5	 832
  330.5	 864
  397.9	 928
  400.8	 896
  403.1	 64
  409.8	 512
  468.9	 800
  491.0	 864
  519.1	 832
  519.2	 640
  534.1	 96
  543.1	 704
  545.8	 832
  550.8	 864
  557.4	 672
  587.1	 448
  601.6	 384
  615.6	 832
  642.7	 960
  643.6	 832
  672.7	 960
  688.8	 960
  716.3	 608
  724.3	 800
  808.7	 896
  816.7	 928
  916.1	 992
  918.0	 288
  958.3	 992
  961.0	 576
  961.8	 928
  995.7	 928
   44.2	 929
   51.4	 33
   68.1	 513
   72.7	 865
   86.0	 833
  100.1	 929
  105.3	 961
  109.9	 545
  126.4	 865
  152.3	 705
  181.6	 993
  188.9	 161
  197.3	 897
  210.9	 129
  234.8	 801
  239.9	 897
  260.6	 929
  293.5	 737
  357.8	 961
  391.7	 481
  397.8	 833
  401.0	 929
  413.6	 993
  446.3	 897
  449.2	 865
  468.9	 929
  495.1	 193
  520.8	 257
  524.3	 993
  527.7	 609
  541.9	 481
  546.0	 897
  549.7	 321
  573.6	 449
  576.2	 801
  578.4	 993
  589.9	 161
  591.0	 929
  595.8	 897
  607.0	 801
  641.0	 641
  641.4	 929
  644.3	 993
  647.4	 545
  648.3	 865
  658.9	 801
  744.1	 865
  771.9	 801
  779.7	 897
  832.3	 993
  835.6	 865
  874.5	 993
  881.0	 833
  939.0	 961
  949.7	 801
  992.4	 609
   32.3	 514
   39.0	 290
   42.9	 162
   44.2	 34
   45.5	 930
   67.4	 898
   72.8	 866
   81.1	 834
  107.4	 962
  111.1	 834
  155.4	 706
  182.6	 130
  183.4	 994
  192.0	 930
  198.3	 898
  208.5	 834
  234.4	 802
  246.0	 898
  246.1	 994
  247.4	 866
  276.3	 898
  284.9	 834
  361.3	 898
  419.0	 994
  432.6	 866
  480.6	 866
  502.6	 482
  507.2	 578
  508.9	 674
  520.0	 642
  523.7	 258
  550.5	 322
  566.7	 834
  572.0	 98
  579.1	 482
  582.3	 834
  583.9	 866
  599.7	 386
  603.5	 738
  619.0	 834
  629.2	 898
  642.7	 642
  664.4	 866
  672.4	 898
  693.8	 962
  707.6	 898
  723.0	 994
  749.3	 898
  766.5	 866
  767.4	 834
  800.7	 802
  848.5	 834
  860.5	 802
  928.0	 706
  938.7	 930
  945.8	 866
  950.8	 994
  955.7	 834
  960.8	 962
  969.3	 802
  970.0	 866
   35.9	 291
   45.5	 931
   47.9	 35
   71.2	 867
   71.4	 515
   71.6	 931
   85.7	 835
  108.5	 963
  127.3	 835
  176.2	 99
  177.8	 835
  183.9	 995
  202.2	 899
  206.5	 131
  230.3	 579
  234.8	 803
  251.6	 963
  258.5	 899
  267.3	 419
  290.2	 195
  298.5	 739
  299.8	 835
  308.2	 803
  343.8	 931
  381.3	 483
  397.7	 67
  414.0	 995
  422.9	 419
  449.3	 931
  516.2	 867
  540.4	 323
  541.2	 643
  556.0	 995
  558.2	 899
  570.5	 451
  588.3	 995
  605.1	 899
  611.6	 867
  615.5	 483
  646.4	 867
  657.5	 995
  666.2	 835
  667.8	 163
  690.1	 835
  693.4	 899
  742.0	 963
  766.9	 963
  771.1	 99
  841.9	 835
  860.1	 835
  881.5	 963
  884.7	 867
  913.6	 451
  948.0	 291
  963.7	 835
   33.0	 36
   36.6	 292
   41.3	 164
   44.1	 932
   71.8	 516
   73.0	 868
   83.9	 836
  109.3	 964
  112.5	 932
  182.4	 996
  185.6	 964
  187.1	 676
  195.9	 900
  212.2	 900
  234.9	 804
  263.7	 900
  287.9	 900
  290.1	 740
  323.1	 836
  338.5	 868
  340.0	 676
  370.1	 900
  403.3	 420
  419.3	 868
  439.2	 868
  478.6	 996
  497.4	 548
  506.6	 964
  525.2	 932
  527.9	 260
  533.6	 4
  534.5	 868
  538.2	 644
  551.2	 324
  553.0	 868
  558.3	 260
  561.4	 900
  572.1	 452
  594.0	 868
  594.9	 388
  600.7	 900
  601.3	 932
  607.6	 868
  612.5	 196
  613.2	 836
  616.7	 804
  620.0	 868
  649.4	 868
  660.0	 900
  680.9	 900
  690.4	 708
  697.8	 484
  711.5	 868
  721.1	 548
  732.9	 868
  763.6	 996
  794.0	 868
  807.9	 900
  819.0	 932
  880.9	 868
  898.7	 324
  945.1	 420
  976.3	 836
  977.4	 964
   32.0	 293
   45.5	 933
   48.8	 37
   48.9	 165
   69.5	 517
   74.0	 869
   81.3	 837
   91.3	 933
  108.9	 965
  116.0	 837
  182.3	 997
  184.8	 677
  193.6	 869
  202.0	 901
  202.5	 133
  221.4	 997
  234.7	 805
  248.8	 965
  270.5	 965
  286.8	 837
  307.5	 741
  308.1	 805
  336.7	 901
  362.7	 485
  405.7	 933
  421.2	 101
  447.6	 997
  451.3	 901
  493.4	 357
  498.7	 901
  516.2	 869
  520.8	 645
  549.2	 805
  551.6	 325
  563.4	 901
  581.0	 453
  584.2	 869
  590.6	 805
  595.9	 901
  615.3	 389
  631.3	 901
  645.0	 997
  652.1	 901
  749.5	 485
  782.8	 549
  808.6	 933
  823.4	 869
  833.1	 997
  863.7	 869
  889.0	 869
  914.6	 965
  931.6	 997
  931.7	 901
  943.2	 709
  944.6	 965
  948.7	 229
  953.1	 453
  953.8	 837
   24.6	 38
   36.1	 294
   45.0	 166
   45.5	 934
   71.6	 934
   73.8	 870
   84.0	 838
  107.4	 966
  173.3	 678
  183.6	 998
  194.6	 902
  208.6	 902
  211.2	 966
  232.7	 806
  244.6	 422
  251.2	 710
  260.5	 582
  267.7	 966
  317.2	 966
  343.4	 934
  343.4	 838
  352.6	 998
  369.3	 486
  373.0	 966
  383.0	 902
  402.5	 806
  423.0	 966
  423.4	 198
  441.3	 614
  457.2	 902
  473.4	 134
  481.0	 358
  481.7	 902
  488.0	 518
  491.7	 966
  496.4	 742
  504.1	 902
  528.6	 262
  528.8	 998
  534.1	 902
  535.8	 934
  544.8	 70
  551.6	 134
  560.5	 902
  573.4	 454
  587.6	 902
  593.4	 998
  601.6	 70
  605.8	 902
  611.8	 966
  617.0	 902
  621.0	 934
  628.4	 902
  643.2	 902
  662.9	 966
  665.6	 998
  682.2	 902
  697.7	 870
  735.8	 838
  747.5	 998
  755.2	 902
  771.8	 870
  774.4	 838
  783.7	 422
  788.7	 902
  793.8	 998
  806.8	 838
  819.1	 902
  875.6	 998
  891.8	 870
  912.9	 806
  949.1	 870
  962.3	 806
   24.6	 39
   27.2	 519
   33.6	 295
   42.8	 167
   45.5	 935
   50.4	 39
   74.6	 871
   82.9	 839
  108.8	 967
  113.6	 935
  143.8	 711
  144.2	 871
  159.0	 839
  175.3	 679
  183.3	 999
  189.6	 7
  201.2	 903
  214.4	 871
  215.0	 999
  232.6	 807
  235.4	 935
  288.9	 903
  303.1	 839
  406.0	 871
  419.3	 903
  419.9	 839
  433.4	 999
  447.7	 103
  452.7	 199
  461.4	 903
  498.1	 935
  520.8	 839
  524.0	 999
  533.5	 263
  534.1	 967
  536.1	 71
  560.3	 839
  571.6	 455
  578.9	 839
  601.0	 903
  612.1	 391
  647.1	 839
  675.5	 903
  688.7	 967
  727.4	 583
  748.0	 7
  763.4	 967
  763.9	 999
  873.5	 999
  874.0	 967
  895.0	 871
  900.8	 967
  909.0	 807
  924.5	 839
  941.3	 263
  943.9	 231
  962.3	 903
   26.8	 520
   34.5	 40
   42.7	 168
   45.5	 936
   72.7	 872
   84.4	 840
  108.3	 968
  112.2	 552
  196.1	 8
  200.4	 840
  201.3	 904
  224.6	 904
  233.3	 808
  296.6	 936
  307.1	 744
  314.7	 680
  318.8	 872
  340.8	 872
  382.6	 968
  420.3	 424
  420.7	 872
  452.7	 904
  466.1	 712
  495.0	 360
  500.0	 840
  519.6	 936
  525.4	 648
  544.6	 840
  547.6	 328
  574.3	 456
  578.6	 8
  578.8	 264
  591.1	 744
  637.4	 584
  654.8	 968
  699.1	 968
  715.0	 872
  716.7	 936
  743.0	 840
  802.9	 936
  810.3	 840
  827.5	 808
  894.9	 808
  935.8	 200
  962.8	 936
   24.2	 41
   26.8	 521
   43.1	 169
   45.5	 937
   72.0	 873
   77.9	 297
   83.6	 841
  108.9	 969
  123.6	 841
  151.0	 841
  165.1	 713
  192.4	 937
  201.6	 905
  232.8	 809
  250.5	 969
  286.1	 841
  299.4	 809
  300.6	 745
  336.2	 809
  346.7	 905
  389.3	 73
  425.6	 905
  437.2	 553
  520.9	 649
  526.8	 41
  539.9	 201
  542.0	 937
  546.4	 265
  547.1	 489
  550.1	 329
  551.7	 809
  571.2	 457
  572.1	 585
  591.6	 873
  612.5	 937
  616.8	 841
  626.6	 681
  660.3	 521
  689.2	 841
  692.3	 905
  696.5	 873
  727.1	 873
  732.6	 361
  757.6	 873
  814.0	 937
  847.4	 425
  888.7	 969
  917.6	 969
  961.4	 905
   27.2	 522
   41.4	 170
   45.5	 938
   60.6	 650
   72.5	 874
   84.8	 842
  107.8	 970
  112.6	 298
  126.4	 874
  167.4	 970
  199.4	 906
  204.6	 10
  233.3	 810
  302.2	 746
  304.0	 554
  320.6	 906
  325.7	 810
  346.3	 810
  490.9	 906
  522.8	 266
  535.0	 618
  538.2	 554
  542.6	 650
  544.8	 970
  546.9	 906
  552.3	 682
  573.3	 906
  573.4	 874
  576.7	 458
  600.1	 938
  616.5	 202
  627.8	 906
  630.0	 714
  648.2	 874
  651.4	 906
  663.4	 938
  676.5	 810
  719.1	 842
  734.7	 522
  751.4	 938
  800.3	 970
  903.1	 938
  904.2	 906
  926.8	 842
  930.7	 874
  956.4	 970
   27.2	 523
   40.2	 299
   42.6	 171
   44.2	 939
   71.8	 875
   83.8	 843
  108.2	 971
  173.4	 683
  192.6	 107
  201.5	 907
  232.6	 811
  273.1	 811
  274.1	 971
  299.8	 427
  319.0	 875
  355.9	 875
  396.2	 491
  408.2	 75
  435.2	 907
  450.5	 619
  468.3	 907
  501.0	 843
  506.8	 907
  512.9	 683
  527.0	 267
  527.9	 651
  531.1	 875
  544.5	 331
  545.8	 939
  573.7	 427
  578.9	 459
  619.3	 523
  623.4	 939
  638.9	 491
  646.8	 875
  734.2	 939
  850.9	 907
  887.3	 811
  909.9	 971
  919.6	 939
   27.2	 524
   40.7	 44
   42.9	 172
   45.5	 940
   71.0	 876
   85.2	 844
  108.9	 972
  166.5	 108
  180.1	 684
  200.6	 908
  234.2	 812
  273.4	 588
  297.6	 748
  318.4	 876
  329.9	 844
  353.5	 876
  395.3	 76
  462.4	 876
  477.0	 588
  495.0	 972
  496.3	 492
  498.8	 844
  509.7	 204
  548.3	 940
  548.6	 332
  549.9	 908
  575.8	 460
  576.0	 620
  588.5	 876
  603.8	 972
  616.4	 876
  626.4	 876
  643.1	 844
  649.7	 876
  661.1	 972
  709.7	 908
  712.9	 876
  726.9	 844
  739.6	 812
  783.4	 396
  817.1	 876
  822.7	 812
  851.8	 972
  870.8	 844
  875.4	 940
  877.3	 972
  882.7	 812
  938.8	 812
  947.3	 972
  950.1	 908
   24.6	 45
   43.2	 941
   50.9	 525
   52.1	 173
   70.2	 877
   78.0	 301
   82.6	 845
  109.3	 973
  114.6	 557
  127.7	 877
  138.0	 717
  183.5	 141
  189.0	 13
  201.0	 909
  215.0	 589
  232.7	 813
  242.8	 909
  268.2	 909
  315.1	 877
  333.4	 813
  369.2	 845
  440.9	 813
  474.6	 621
  498.9	 973
  527.8	 877
  531.9	 653
  546.1	 941
  552.1	 877
  577.0	 461
  585.5	 877
  590.5	 109
  596.2	 845
  621.1	 813
  633.4	 845
  651.6	 909
  652.1	 877
  676.2	 973
  694.6	 941
  773.2	 973
  792.1	 909
  794.3	 973
  817.6	 909
  820.7	 845
  821.1	 973
  836.3	 77
  846.8	 877
  900.6	 877
  908.1	 845
  956.8	 813
  981.0	 973
   24.2	 46
   39.2	 174
   41.0	 302
   45.5	 942
   59.7	 526
   60.6	 878
   72.8	 878
   83.6	 846
  100.5	 590
  108.9	 974
  110.9	 878
  127.4	 878
  133.5	 942
  171.7	 974
  190.6	 878
  199.7	 910
  220.5	 878
  231.2	 814
  254.0	 846
  265.2	 814
  363.0	 974
  369.3	 494
  408.4	 942
  411.9	 814
  488.1	 878
  523.4	 878
  531.6	 270
  547.8	 430
  551.1	 910
  571.6	 878
  576.1	 462
  587.8	 814
  599.5	 398
  623.3	 878
  642.4	 718
  644.5	 846
  649.7	 814
  666.4	 814
  672.2	 878
  681.4	 974
  771.8	 878
  793.1	 878
  793.4	 718
  827.6	 878
  841.7	 942
  863.7	 814
  903.7	 942
  904.4	 878
  951.5	 974
   26.8	 527
   45.5	 943
   70.3	 879
   85.0	 847
   87.8	 879
  100.5	 943
  109.3	 975
  160.8	 847
  163.9	 975
  187.2	 15
  200.4	 911
  229.6	 943
  231.4	 815
  264.9	 815
  284.4	 815
  286.8	 719
  294.0	 975
  296.5	 815
  296.8	 687
  305.1	 847
  335.8	 943
  352.5	 847
  388.8	 975
  396.2	 911
  396.4	 495
  475.6	 911
  478.6	 431
  481.2	 847
  519.7	 655
  531.8	 815
  532.1	 879
  533.0	 271
  546.7	 527
  553.2	 943
  562.0	 975
  570.4	 463
  571.2	 815
  575.2	 879
  584.2	 943
  586.5	 815
  587.1	 847
  599.5	 399
  605.7	 975
  610.9	 847
  624.4	 879
  630.0	 847
  634.8	 815
  672.4	 847
  703.3	 879
  704.8	 847
  727.2	 879
  745.2	 175
  768.3	 335
  790.6	 975
  886.0	 143
  892.2	 911
   24.6	 48
   27.2	 528
   45.5	 944
   48.9	 176
   71.8	 880
   83.8	 848
  108.4	 976
  163.6	 976
  181.4	 688
  191.0	 944
  195.6	 16
  201.2	 912
  232.9	 816
  253.3	 528
  260.2	 816
  294.0	 848
  315.6	 880
  317.4	 816
  336.2	 880
  349.2	 112
  365.3	 496
  367.2	 880
  504.3	 816
  507.8	 880
  524.2	 656
  533.0	 80
  561.6	 880
  569.4	 336
  572.3	 464
  593.9	 816
  601.4	 944
  603.0	 592
  667.0	 912
  728.5	 912
  730.0	 944
  746.5	 880
  747.3	 848
  816.9	 400
  847.2	 944
  874.4	 816
  899.2	 848
  901.8	 912
  915.0	 816
  963.7	 944
  965.5	 816
  967.4	 240
   24.6	 49
   41.0	 305
   41.3	 177
   44.3	 529
   45.5	 945
   72.9	 881
   86.0	 849
  108.9	 977
  162.9	 945
  174.2	 593
  178.2	 689
  191.9	 17
  195.4	 849
  199.2	 945
  201.3	 913
  232.7	 817
  242.7	 433
  253.6	 881
  266.3	 561
  303.7	 977
  317.4	 753
  359.9	 881
  387.4	 497
  390.7	 817
  394.8	 945
  416.7	 977
  460.7	 817
  477.8	 945
  488.3	 369
  501.5	 945
  528.5	 753
  533.1	 657
  541.5	 337
  549.6	 81
  574.1	 465
  577.9	 881
  585.2	 497
  591.9	 881
  598.0	 433
  601.1	 817
  616.4	 881
  644.8	 401
  648.8	 881
  653.1	 945
  709.9	 849
  762.9	 977
  876.1	 977
  882.2	 881
  887.3	 849
  902.4	 817
   41.0	 306
   43.6	 178
   44.4	 530
   45.5	 946
   69.9	 882
   83.1	 850
   90.7	 946
  102.5	 594
  109.3	 978
  116.9	 882
  124.1	 850
  128.7	 882
  148.4	 946
  171.0	 690
  174.6	 978
  200.4	 914
  233.7	 818
  240.6	 946
  263.8	 914
  275.9	 850
  319.2	 818
  323.3	 978
  348.5	 850
  402.7	 18
  447.5	 626
  453.2	 722
  520.7	 274
  527.1	 658
  544.9	 338
  561.4	 50
  570.7	 146
  581.5	 466
  587.5	 882
  606.0	 594
  611.9	 818
  612.3	 434
  616.2	 882
  622.9	 946
  670.9	 914
  703.7	 978
  705.6	 498
  775.3	 850
  784.7	 914
  805.6	 818
  838.1	 946
  860.2	 818
  926.2	 306
  945.6	 978
  951.9	 434
  963.6	 850
   26.8	 531
   45.5	 947
   72.4	 883
   73.7	 819
   83.6	 851
  101.6	 595
  108.7	 979
  129.3	 883
  193.5	 19
  196.0	 851
  201.5	 915
  232.6	 819
  232.8	 851
  243.2	 435
  254.7	 819
  257.4	 915
  264.2	 211
  264.5	 563
  300.0	 755
  343.3	 819
  352.8	 147
  378.5	 915
  417.0	 883
  510.2	 883
  530.7	 851
  544.2	 883
  545.9	 947
  546.7	 531
  547.6	 339
  551.7	 851
  564.5	 51
  572.4	 883
  577.5	 467
  595.9	 851
  600.3	 403
  625.1	 947
  637.8	 915
  649.3	 947
  663.7	 915
  674.4	 915
  728.7	 851
  756.7	 851
  768.8	 819
  825.9	 947
  859.3	 819
  925.2	 979
  944.6	 819
  958.2	 915
  975.6	 339
  979.6	 819
  992.6	 819
   24.2	 52
   41.5	 180
   45.5	 948
   49.9	 532
   69.0	 948
   73.1	 884
   86.7	 852
  108.4	 980
  114.7	 564
  184.9	 724
  201.8	 916
  232.2	 820
  249.7	 980
  278.0	 948
  286.6	 852
  315.8	 884
  335.9	 916
  375.8	 500
  402.3	 916
  416.4	 116
  446.9	 308
  447.0	 820
  453.0	 948
  455.9	 436
  467.0	 756
  491.0	 916
  500.6	 948
  528.1	 660
  570.8	 948
  575.1	 468
  586.5	 948
  590.0	 820
  595.9	 404
  607.0	 884
  612.4	 852
  617.1	 820
  635.7	 948
  639.7	 820
  644.5	 884
  653.8	 212
  664.9	 916
  673.2	 884
  689.8	 340
  756.0	 884
  782.3	 820
  785.0	 724
  793.8	 980
  851.9	 820
  866.8	 916
  867.9	 884
  891.9	 884
  972.2	 372
   41.0	 309
   43.7	 949
   44.2	 181
   49.9	 533
   59.7	 53
   69.5	 885
   83.4	 853
   84.2	 885
  109.3	 981
  151.2	 853
  187.9	 949
  201.8	 917
  204.9	 853
  217.9	 21
  226.0	 949
  231.7	 821
  262.2	 821
  267.6	 885
  270.1	 853
  292.0	 821
  301.0	 757
  317.6	 949
  333.4	 437
  343.5	 949
  346.2	 981
  367.5	 821
  410.0	 981
  427.7	 821
  485.1	 821
  486.4	 885
  488.1	 373
  488.3	 629
  491.7	 981
  494.0	 181
  521.6	 917
  523.7	 277
  576.2	 469
  578.9	 821
  582.7	 853
  599.7	 405
  607.0	 885
  629.3	 885
  633.1	 917
  635.6	 597
  649.8	 885
  667.0	 885
  695.6	 693
  733.2	 885
  820.0	 981
  825.9	 853
  826.6	 949
  849.2	 821
  917.3	 917
  924.9	 821
  937.6	 309
  938.5	 981
  950.4	 501
   24.2	 54
   27.2	 534
   40.0	 182
   41.0	 310
   44.9	 950
   72.3	 886
   83.1	 854
  108.4	 982
  124.1	 854
  141.9	 886
  147.3	 726
  167.5	 854
  200.6	 918
  216.8	 950
  217.6	 566
  221.2	 182
  234.2	 822
  277.2	 822
  301.3	 854
  305.3	 758
  320.5	 566
  355.5	 854
  392.3	 822
  418.2	 918
  448.8	 630
  451.8	 86
  452.5	 854
  492.8	 854
  521.5	 886
  525.1	 662
  547.1	 982
  564.0	 182
  564.1	 150
  569.3	 470
  575.4	 822
  583.2	 822
  584.4	 982
  602.9	 406
  603.5	 822
  614.2	 822
  644.9	 822
  683.8	 918
  685.5	 694
  699.7	 534
  700.5	 822
  752.5	 886
  755.7	 822
  762.9	 854
  763.5	 918
  778.5	 822
  784.6	 886
  792.5	 822
  801.0	 534
  801.7	 918
  802.5	 886
  810.0	 950
  844.1	 886
  857.0	 854
  864.9	 886
  886.3	 822
  893.8	 438
  948.9	 246
  949.8	 502
  957.6	 886
   24.6	 55
   38.2	 311
   45.1	 183
   45.5	 951
   51.9	 535
   74.0	 887
   83.3	 855
  105.9	 983
  170.5	 695
  200.1	 919
  233.8	 823
  238.0	 919
  261.1	 983
  263.9	 215
  294.4	 919
  362.6	 983
  365.7	 887
  377.5	 503
  416.6	 855
  442.8	 951
  447.1	 919
  447.2	 855
  448.3	 55
  450.1	 631
  459.1	 887
  482.6	 375
  488.7	 887
  534.3	 919
  539.2	 695
  572.4	 151
  573.5	 887
  587.0	 951
  593.3	 887
  607.1	 407
  610.7	 887
  677.6	 823
  691.7	 951
  719.2	 87
  737.8	 855
  753.8	 887
  784.1	 887
  800.0	 887
  842.9	 887
  853.7	 855
  871.1	 887
  883.0	 983
  888.0	 887
  922.3	 247
  958.6	 183
  963.4	 407
   26.8	 536
   36.9	 312
   44.3	 952
   70.6	 952
   70.9	 888
   82.8	 856
  108.4	 984
  123.8	 856
  138.1	 728
  149.0	 856
  157.9	 888
  194.6	 152
  202.0	 920
  222.0	 856
  233.8	 824
  292.0	 888
  446.7	 824
  454.1	 632
  472.2	 856
  498.8	 984
  522.2	 280
  533.0	 664
  533.7	 216
  540.6	 728
  546.5	 344
  546.7	 56
  565.5	 824
  572.3	 472
  582.9	 952
  599.9	 824
  605.3	 952
  618.3	 856
  619.7	 952
  652.2	 856
  663.1	 920
  675.9	 952
  690.6	 888
  701.9	 952
  744.3	 536
  750.5	 888
  788.2	 984
  818.1	 888
  856.8	 952
  860.8	 600
  916.0	 920
  918.4	 856
  952.3	 504
   24.2	 57
   44.4	 537
   45.5	 953
   55.0	 185
   73.4	 889
   83.6	 857
  108.9	 985
  117.2	 953
  120.0	 313
  161.4	 953
  186.5	 601
  199.1	 857
  201.2	 921
  205.5	 985
  234.4	 825
  241.4	 921
  254.7	 889
  303.0	 985
  324.2	 985
  428.2	 153
  449.2	 825
  532.2	 889
  537.5	 345
  544.1	 601
  566.1	 377
  571.2	 473
  584.1	 889
  599.8	 889
  602.6	 825
  609.5	 921
  613.5	 889
  613.7	 505
  619.6	 985
  670.1	 825
  680.6	 889
  713.0	 857
  750.3	 985
  767.1	 857
  774.2	 825
  795.7	 121
  810.0	 857
  859.4	 281
  880.8	 921
  901.5	 921
  945.5	 57
   24.2	 58
   26.8	 538
   43.2	 954
   62.3	 186
   68.1	 890
   77.8	 314
   81.0	 890
   83.9	 858
  107.6	 986
  124.2	 890
  146.0	 890
  186.9	 154
  201.2	 922
  202.7	 26
  209.9	 698
  215.2	 890
  232.2	 826
  275.9	 890
  294.8	 890
  338.7	 570
  374.2	 826
  398.2	 90
  432.9	 826
  449.2	 922
  461.0	 634
  504.7	 858
  533.3	 154
  547.3	 954
  560.8	 346
  567.3	 282
  573.3	 474
  594.7	 890
  613.7	 570
  622.1	 858
  646.4	 986
  674.7	 858
  680.8	 826
  685.6	 986
  694.0	 954
  717.2	 378
  718.1	 890
  754.1	 538
  769.4	 954
  800.8	 826
  814.4	 890
  837.1	 858
  860.2	 730
  984.3	 890
   24.2	 59
   27.2	 539
   41.0	 315
   44.1	 955
   47.6	 187
   73.4	 891
   84.0	 859
  107.8	 987
  171.1	 987
  179.3	 699
  191.6	 955
  201.7	 923
  233.3	 827
  290.8	 859
  303.8	 763
  328.8	 891
  343.5	 827
  363.0	 987
  365.6	 891
  370.5	 507
  383.9	 923
  400.4	 91
  485.5	 379
  485.9	 955
  508.1	 443
  535.1	 667
  535.1	 347
  542.5	 507
  545.5	 891
  572.0	 475
  600.7	 891
  606.6	 411
  623.9	 891
  656.4	 891
  721.9	 859
  771.1	 827
  775.0	 923
  784.7	 955
  803.4	 827
  850.0	 571
  871.2	 891
  907.8	 987
  920.9	 923
  924.7	 251
  940.3	 283
  961.2	 91
   24.6	 60
   26.8	 540
   40.7	 188
   44.2	 956
   69.5	 892
   84.6	 860
   89.4	 956
   92.6	 892
  107.2	 988
  122.8	 892
  174.6	 700
  175.8	 892
  181.0	 732
  192.5	 988
  197.5	 892
  201.8	 924
  226.7	 956
  233.0	 828
  279.3	 892
  291.7	 924
  307.8	 764
  308.4	 988
  316.2	 892
  336.8	 860
  362.8	 892
  367.6	 508
  390.9	 892
  394.2	 828
  404.7	 92
  416.3	 860
  417.2	 924
  442.6	 860
  461.6	 828
  475.1	 988
  481.2	 956
  529.3	 924
  556.4	 956
  574.7	 924
  578.3	 860
  584.2	 988
  584.4	 956
  587.4	 220
  597.6	 988
  599.5	 412
  604.9	 860
  630.2	 348
  642.2	 124
  647.6	 988
  684.0	 828
  686.6	 860
  713.8	 860
  746.9	 540
  766.8	 828
  775.3	 924
  786.0	 828
  809.4	 924
  840.2	 924
  842.9	 828
  856.0	 380
  879.9	 860
   27.2	 541
   40.2	 317
   45.5	 957
   48.5	 189
   72.6	 893
   84.2	 861
  100.5	 957
  108.5	 989
  110.4	 573
  201.7	 925
  213.2	 29
  221.9	 989
  232.7	 829
  241.4	 445
  246.8	 989
  297.1	 765
  310.0	 733
  317.3	 221
  325.0	 861
  385.6	 861
  394.7	 509
  412.4	 541
  413.2	 93
  449.5	 637
  457.3	 829
  463.9	 125
  518.3	 605
  537.2	 669
  560.1	 285
  567.3	 765
  576.0	 893
  586.5	 893
  597.5	 861
  603.1	 413
  603.3	 893
  614.2	 861
  614.9	 957
  642.4	 893
  785.0	 861
  792.8	 957
  815.8	 989
  907.9	 925
  919.1	 861
  923.4	 989
  951.5	 989
  953.5	 861
   27.2	 542
   40.2	 318
   42.5	 62
   45.4	 190
   45.5	 958
   73.1	 894
   85.0	 862
  108.9	 990
  110.6	 606
  131.3	 894
  170.1	 734
  184.0	 158
  191.9	 958
  194.7	 30
  202.2	 926
  232.5	 830
  249.9	 990
  324.6	 862
  348.8	 926
  375.3	 510
  452.6	 606
  455.0	 926
  461.5	 830
  470.0	 990
  520.3	 190
  530.8	 574
  541.7	 958
  542.9	 670
  551.6	 350
  566.3	 862
  573.9	 990
  577.8	 478
  585.1	 958
  585.4	 702
  598.0	 862
  612.1	 894
  626.1	 926
  637.0	 894
  652.9	 894
  656.2	 222
  696.3	 926
  740.3	 446
  754.7	 862
  758.6	 894
  769.9	 414
  796.4	 894
  813.7	 990
  832.0	 894
  837.1	 830
  888.7	 926
  907.0	 894
  928.6	 990
  928.8	 830
  947.2	 862
  975.0	 926
   30.7	 63
   41.7	 191
   42.2	 319
   42.2	 959
   63.1	 543
   67.3	 895
   67.7	 959
   82.2	 863
   82.3	 895
  101.1	 575
  107.3	 991
  184.1	 159
  188.1	 703
  199.5	 31
  202.1	 927
  216.4	 959
  220.8	 927
  223.3	 991
  232.6	 831
  285.6	 863
  318.1	 895
  349.2	 991
  368.8	 959
  376.1	 735
  384.2	 159
  393.6	 959
  396.7	 95
  400.4	 863
  427.7	 863
  453.1	 959
  486.8	 383
  532.8	 671
  576.9	 863
  579.4	 479
  599.1	 831
  611.6	 415
  613.2	 895
  619.4	 991
  630.4	 831
  633.3	 863
  713.8	 991
  794.2	 191
  859.4	 991
  899.8	 511
  924.1	 127
  939.7	 895
  977.1	 927
  977.6	 374
  993.8	 953
  999.8	 801
  981.7	 989
  989.5	 845
  979.0	 895
  978.1	 841
  997.8	 622
  994.8	 184
  998.0	 848
  998.6	 23
  981.2	 837
  999.1	 896
  987.4	 853
  973.3	 995
  967.6	 907
  941.2	 367
  950.5	 913
  994.1	 647
  962.4	 550
  983.5	 596
  994.5	 164
  891.8	 828
  996.8	 947
  990.2	 859
  975.3	 606
  994.4	 402
  983.5	 906
  995.3	 450
  984.7	 442
  984.2	 396
  983.6	 520
