5e-05
5.02631e-05
5.04691e-05
5.06301e-05
5.08524e-05
5.14809e-05
5.23566e-05
5.32916e-05
5.41437e-05
5.48064e-05
5.52308e-05
5.54351e-05
5.5471e-05
5.53696e-05
5.51985e-05
5.50378e-05
5.4878e-05
5.47104e-05
5.45373e-05
5.43545e-05
5.41642e-05
5.39769e-05
5.3796e-05
5.36064e-05
5.34261e-05
5.32608e-05
5.311e-05
5.29716e-05
5.28411e-05
5.27208e-05
5.26123e-05
5.25151e-05
5.2428e-05
5.2348e-05
5.22727e-05
5.22051e-05
5.21452e-05
5.20922e-05
5.20448e-05
5.20004e-05
5.19609e-05
5.19261e-05
5.18956e-05
5.18666e-05
5.18391e-05
5.18149e-05
5.17937e-05
5.17722e-05
5.1752e-05
5.17344e-05
5.17193e-05
0.000141623
0.000194534
0.000204087
0.000199438
0.00019052
0.000180692
0.00017107
0.000161997
0.000153554
0.00014572
0.000140772
0.000241085
0.000264308
0.000260941
0.000249332
0.000235692
0.000222095
0.000209195
0.000197165
0.000186015
0.000175698
0.000166164
0.00015736
0.000149227
0.000141715
0.000134819
0.000128751
0.000123381
0.000118532
0.000114066
0.000109837
0.0001058
0.00010192
9.82422e-05
9.47881e-05
9.15668e-05
8.85692e-05
8.57772e-05
8.31849e-05
8.0783e-05
7.85552e-05
7.64919e-05
7.45831e-05
7.28159e-05
7.11832e-05
6.96756e-05
6.82838e-05
6.69961e-05
6.58066e-05
6.47082e-05
6.37134e-05
6.28096e-05
6.2006e-05
6.12808e-05
6.06039e-05
5.9958e-05
5.93472e-05
5.87915e-05
5.8298e-05
5.7844e-05
5.74228e-05
5.70292e-05
0.000117982
0.000189721
0.000205459
0.000202728
0.00019428
0.000184432
0.000174626
0.000165347
0.000156718
0.000148724
0.000141329
0.000134493
0.000128173
0.000122331
0.000116932
0.000111941
0.000107323
0.000103055
9.91121e-05
9.54654e-05
9.20921e-05
8.89767e-05
8.61038e-05
8.36321e-05
0.000123059
0.000340821
0.00039674
0.000393761
0.000375648
0.000353556
0.00033128
0.000310057
0.000290236
0.000271857
0.000254861
0.000239162
0.000224665
0.00021611
0.000311959
0.000329969
0.000321606
0.000305282
0.000287251
0.000269587
0.00025293
0.000237433
0.000223086
0.000209827
0.000197583
0.000186278
0.000175842
0.000166208
0.000157314
0.000149104
0.000141525
0.000134529
0.000128071
0.000122109
0.000116606
0.000111525
0.000106836
0.000102508
9.85116e-05
9.48237e-05
9.14268e-05
8.82923e-05
8.53975e-05
8.27237e-05
8.02539e-05
7.79733e-05
7.58674e-05
7.39227e-05
7.21268e-05
7.04688e-05
6.89383e-05
6.75251e-05
6.62203e-05
6.50158e-05
6.39041e-05
6.28779e-05
6.19308e-05
6.10568e-05
6.025e-05
6.93314e-05
0.000181271
0.000210425
0.000211627
0.000203897
0.000193715
0.000183266
0.000173259
0.000163895
0.000155208
0.000147173
0.000139751
0.000132897
0.00012657
0.000120729
0.000115337
0.000110359
0.000105764
0.000101523
9.76075e-05
9.39935e-05
9.06616e-05
8.75933e-05
8.47614e-05
8.21455e-05
7.9729e-05
7.74966e-05
7.54344e-05
7.35298e-05
7.17709e-05
7.01466e-05
6.8647e-05
6.72624e-05
6.59842e-05
6.48041e-05
6.3715e-05
6.27096e-05
6.17816e-05
6.0925e-05
6.01344e-05
5.94047e-05
5.87312e-05
5.81097e-05
5.75361e-05
5.70068e-05
5.65184e-05
5.60676e-05
5.56516e-05
5.52677e-05
5.49135e-05
5.45867e-05
5.42851e-05
5.40069e-05
5.37503e-05

