5e-05
5.02631e-05
5.04691e-05
5.06301e-05
5.07572e-05
5.08582e-05
5.09394e-05
5.10052e-05
5.10589e-05
5.11033e-05
5.11402e-05
5.11713e-05
0.000107798
0.000184868
0.000202572
0.000200542
0.000192458
0.000182902
0.000173346
0.000164247
0.000155718
0.00014779
0.000140435
0.000139705
0.000238733
0.000261336
0.000257928
0.000246427
0.000232938
0.000219495
0.000206746
0.000194862
0.000183854
0.000173673
0.00016427
0.000155591
0.000147581
0.000140189
0.000214069
0.000258377
0.000262021
0.000252522
0.000239598
0.000226355
0.000213708
0.000201868
0.000190797
0.000180469
0.000170926
0.000162087
0.000153842
0.000146139
0.000138966
0.000132315
0.000126154
0.000120456
0.000115189
0.000110321
0.000105823
0.000101664
9.78005e-05
0.000173933
0.000226224
0.000233983
0.000227206
0.000216201
0.000204414
0.00019297
0.000182214
0.000172219
0.000162969
0.000154413
0.000146505
0.0001392
0.000132457
0.000126256
0.000120543
0.000115273
0.000110406
0.000105909
0.000101757
9.79147e-05
9.4358e-05
9.10676e-05
8.80279e-05
8.52228e-05
8.26344e-05
8.02448e-05
7.80371e-05
7.59972e-05
7.41111e-05
7.23673e-05
7.07559e-05
6.92674e-05
6.78938e-05
6.66238e-05
6.54521e-05
6.43728e-05
6.33787e-05
6.2463e-05
6.1615e-05
6.08288e-05
6.00986e-05
5.94261e-05
5.88078e-05
5.82395e-05
5.77171e-05
5.72384e-05
5.68222e-05
5.64522e-05
5.61093e-05
5.57919e-05
5.54976e-05
5.52197e-05
5.49615e-05
5.47497e-05
5.45592e-05
5.43791e-05
5.42037e-05
5.40359e-05
5.38769e-05
5.37264e-05
5.35804e-05
5.34377e-05
5.33007e-05
5.31726e-05
5.30535e-05
5.29424e-05
5.28356e-05
5.27364e-05
5.26449e-05
5.25581e-05
5.24766e-05
5.24019e-05
5.23328e-05
5.22824e-05
5.22552e-05
5.22556e-05
5.22732e-05
5.22949e-05
5.23353e-05
5.23761e-05
5.24438e-05
5.25082e-05
5.25426e-05
5.25613e-05
5.25579e-05
5.25344e-05
5.25295e-05
5.2789e-05
5.3157e-05
5.34508e-05
5.36423e-05
5.37574e-05
5.38092e-05
5.37901e-05
5.44575e-05
0.000168896
0.00020126
0.000204008
0.000197202
0.000187715
0.000177849
0.000168357
0.000159461
0.0001512
0.000143558
0.000136498
0.000129979
0.00012396
0.000118397
0.000113261
0.000108517
0.000104138
0.000100096
9.63629e-05
9.2918e-05
8.97375e-05
8.67976e-05
8.4103e-05
8.16307e-05
7.93505e-05
7.72687e-05
7.5361e-05
7.35956e-05
7.19599e-05
7.04389e-05
6.90284e-05
6.77213e-05
6.65057e-05
6.53792e-05
6.43256e-05
6.33479e-05
6.24422e-05
6.16007e-05
6.08234e-05
6.01033e-05
5.94342e-05
5.88216e-05
5.82788e-05
5.77847e-05
5.73293e-05
5.69037e-05
5.65052e-05
5.61324e-05
5.57873e-05
5.54648e-05
5.51605e-05
5.48777e-05
5.46175e-05
8.70039e-05
0.000181068
0.000204407
0.000204109
0.000196319
0.000186538
0.000176618
0.000167153
0.000158309
0.00015011
0.000142529
0.000135526
0.00012906
0.00012309
0.000117577
0.00011249
0.000107796
0.000103465
9.94672e-05
9.57732e-05
9.23612e-05
8.92109e-05
8.63028e-05
8.36181e-05
8.11415e-05
7.88569e-05
7.67496e-05
7.48223e-05
7.30574e-05
7.14309e-05
6.99541e-05
6.85979e-05
6.73422e-05
6.61636e-05
6.50684e-05
6.40493e-05
6.31067e-05
6.22516e-05
6.14701e-05
6.07413e-05

