5e-05
5.02631e-05
5.04691e-05
5.06301e-05
5.07572e-05
5.08582e-05
5.09394e-05
5.10052e-05
5.10589e-05
5.11033e-05
5.11402e-05
5.11715e-05
5.12137e-05
5.12647e-05
5.13384e-05
5.1414e-05
5.14831e-05
5.15422e-05
5.15887e-05
5.16122e-05
5.16321e-05
5.16417e-05
5.16436e-05
5.1632e-05
5.16179e-05
5.16057e-05
5.15958e-05
5.15877e-05
5.15805e-05
5.15713e-05
5.15599e-05
5.15477e-05
5.15378e-05
5.15272e-05
5.15154e-05
5.15041e-05
5.14957e-05
5.14892e-05
5.14816e-05
5.14745e-05
5.14698e-05
5.14676e-05
5.14673e-05
5.14688e-05
5.14716e-05
5.14862e-05
5.1531e-05
5.16133e-05
5.17286e-05
5.18419e-05
5.19259e-05
5.19854e-05
0.000163303
0.000198563
0.000202388
0.000196021
0.000186727
0.000176968
0.000167545
0.000158704
0.000150489
0.000142886
0.000135863
0.000129378
0.00012339
0.000117862
0.000112759
0.00010805
0.000103702
9.9685e-05
9.5977e-05
9.25498e-05
8.93866e-05
8.68849e-05
0.000196129
0.000225535
0.000226095
0.000217457
0.000206359
0.00019505
0.000184244
0.000174137
0.000164755
0.000156073
0.000148047
0.000140635
0.000133789
0.000127461
0.000121613
0.000116212
0.000111227
0.000106626
0.000102379
9.846e-05
9.48447e-05
9.15091e-05
8.84317e-05
8.55924e-05
8.29962e-05
8.06508e-05
7.85049e-05
7.65268e-05
7.4696e-05
7.29976e-05
7.14178e-05
6.99363e-05
0.000128991
0.00019913
0.000213934
0.000210472
0.000201385
0.000190967
0.000180645
0.00017087
0.00016176
0.00015331
0.000145497
0.000237395
0.000266758
0.000265233
0.000253973
0.000240189
0.000226299
0.000213072
0.000200718
0.000189263
0.000178671
0.000168885
0.00015985
0.000151511
0.000143813
0.000136708
0.000130166
0.000124143
0.000118591
0.000113493
0.00010879
0.000104447
0.000100451
9.68144e-05
9.34683e-05
9.03666e-05
8.74916e-05
8.48153e-05
8.23251e-05
8.00096e-05
7.78879e-05
7.59413e-05
7.41533e-05
7.27554e-05
8.06606e-05
0.000264731
0.000380736
0.000396014
0.000383717
0.000363097
0.00034081
0.000319102
0.000298669
0.00027967
0.000262084
0.000245832
0.000230823
0.000216966
0.000204173
0.000192364
0.000181461
0.000171397
0.000162106
0.000153529
0.000201435
0.000270022
0.000280748
0.000272548
0.000258748
0.000243865
0.000229388
0.000215769
0.000203111
0.000191395
0.000180571
0.000170575
0.000161346
0.000152827
0.000144962
0.000137702
0.000131001
0.000124815
0.000119104
0.000113833
0.000108967
0.000104475
0.000100328
9.64999e-05
9.29661e-05
8.97084e-05
8.6707e-05
8.39361e-05
8.13769e-05
7.90127e-05
7.68288e-05
7.48118e-05
7.2949e-05
7.12291e-05
6.96411e-05
6.81748e-05
6.68211e-05
6.55716e-05
6.44186e-05
6.33541e-05
6.23713e-05
6.14639e-05
6.06262e-05
5.98531e-05
5.91396e-05
5.8481e-05
5.7873e-05
5.7312e-05
5.67945e-05
5.63169e-05
5.58761e-05
5.54692e-05
5.50938e-05
5.47478e-05
5.44288e-05
5.41342e-05
5.38624e-05
5.36116e-05
5.338e-05
5.31663e-05
5.29691e-05
5.28145e-05
5.27684e-05
5.2744e-05
5.26992e-05
5.26237e-05
5.25292e-05
5.24219e-05
5.23112e-05
5.22221e-05
5.22611e-05
5.23178e-05
0.000141346
0.000193856
0.000203476
0.000198875
0.000189973
0.000180144
0.000170509
0.000161518

