5e-05
5.02669e-05
5.04842e-05
5.06602e-05
5.09083e-05
5.16585e-05
5.3162e-05
0.000220147
0.000275599
0.000262127
0.000246234
0.000231327
0.000217556
0.000204875
0.000193159
0.000182361
0.000172388
0.000163167
0.00015464
0.000146755
0.000139452
0.000132696
0.000126451
0.000120672
0.000115335
0.00011041
0.000105866
0.000101673
9.78048e-05
9.42339e-05
9.09383e-05
8.78982e-05
8.50938e-05
8.25042e-05
8.01148e-05
7.79109e-05
7.58781e-05
7.40032e-05
7.22738e-05
7.06785e-05
6.92069e-05
6.78493e-05
6.65968e-05
6.54408e-05
6.43709e-05
6.33833e-05
6.24722e-05
6.16318e-05
6.08565e-05
6.01402e-05
5.94683e-05
5.8843e-05
5.82671e-05
5.77372e-05
5.72479e-05
5.67971e-05
5.63827e-05
5.60018e-05
5.56492e-05
5.53216e-05
0.000112666
0.000190093
0.000207663
0.000205346
0.000196839
0.000186795
0.000176773
0.000167262
0.000158394
0.000150179
0.000142585
0.000135573
0.000129101
0.000123128
0.000117615
0.000112525
0.00010787
0.000103849
0.000100325
9.71058e-05
9.41199e-05
9.13013e-05
8.85368e-05
8.58926e-05
8.33911e-05
8.10439e-05
7.88486e-05
7.68071e-05
7.49127e-05
7.31561e-05
7.15247e-05
7.0003e-05
6.87021e-05
6.78073e-05
6.70596e-05
6.63489e-05
6.56334e-05
6.49109e-05
6.41336e-05
6.3356e-05
6.25959e-05
6.18915e-05
6.12423e-05
6.0628e-05
6.00435e-05
5.94859e-05
5.89476e-05
5.84384e-05
5.79562e-05
5.74999e-05
5.70657e-05
5.66577e-05
5.62773e-05
5.59231e-05
0.000146255
0.000197641
0.000206609
0.00020164
0.000192489
0.000182471
0.000172686
0.000163469
0.000154895
0.000146952
0.000139611
0.000132829
0.000126577
0.000120828
0.000115525
0.000110628
0.000106109
0.000101939
9.80867e-05
9.45274e-05
9.12375e-05
8.81932e-05
8.53798e-05
8.27836e-05
8.0405e-05
7.82274e-05
7.62365e-05
7.44094e-05
7.27198e-05
7.11562e-05
6.97095e-05
6.83976e-05
6.71911e-05
6.60676e-05
6.50192e-05
6.40287e-05
6.30986e-05
6.22209e-05
0.000111733
0.000191599
0.000209908
0.000207734
0.000199163
0.000188988
0.000178818
0.000169161
0.000160155
0.000151811
0.0001441
0.000136977
0.000130397
0.000124323
0.000118719
0.000113547
0.000108771
0.000169945
0.000231012
0.000241342
0.000235051
0.000223793
0.000211523
0.000199552
0.000188282
0.000177805
0.00016811
0.000159153
0.000150878
0.000143238
0.000136187
0.000129678
0.000123669
0.000118123
0.000113005
0.00010828
0.000103917
9.98911e-05
9.61746e-05
9.27395e-05
8.95685e-05
8.66388e-05
8.39303e-05
0.000144276
0.000211036
0.000224182
0.000219653
0.000209729
0.00019859
0.00018763
0.000177278
0.000167644
0.000158725
0.000150485
0.000142874
0.000135842
0.00012935
0.000123357
0.000117828
0.000112726
0.000108018
0.000103671
9.96558e-05
9.59482e-05
9.25248e-05
8.93655e-05
8.64512e-05
8.37631e-05
8.12837e-05
7.89909e-05
7.68709e-05
7.49128e-05
7.31034e-05
7.14328e-05
6.98926e-05
6.84733e-05
6.7165e-05
6.59566e-05
6.4846e-05
6.4009e-05
6.34655e-05
6.3154e-05
6.30077e-05
6.29348e-05
6.28165e-05
6.25259e-05
6.21198e-05
6.15955e-05
6.10275e-05
6.0454e-05
5.98934e-05
5.93513e-05
5.88228e-05
5.83142e-05
5.78583e-05
5.75002e-05
5.71862e-05
5.68817e-05

