5e-05
5.02667e-05
5.04834e-05
5.06586e-05
5.08009e-05
5.09171e-05
5.10125e-05
5.10912e-05
5.11585e-05
5.12873e-05
5.15188e-05
5.18025e-05
5.20731e-05
5.22877e-05
5.24398e-05
5.25492e-05
5.26223e-05
5.26652e-05
5.26841e-05
5.26831e-05
5.26574e-05
5.26253e-05
5.25815e-05
5.2511e-05
5.24434e-05
5.26021e-05
5.3057e-05
5.36745e-05
5.42349e-05
5.46439e-05
5.49605e-05
5.51569e-05
5.52207e-05
5.51891e-05
5.5101e-05
5.49737e-05
5.48292e-05
5.46754e-05
5.45178e-05
5.43567e-05
5.41932e-05
5.40353e-05
5.38846e-05
5.37418e-05
5.36071e-05
5.34805e-05
5.33619e-05
5.32512e-05
5.3148e-05
5.3052e-05
5.29618e-05
0.000111547
0.000187128
0.000204221
0.000201928
0.000193667
0.00018394
0.000174277
0.000165125
0.00015658
0.00014861
0.000141215
0.000134374
0.000128054
0.000122217
0.000116821
0.000111863
0.000107295
0.000103098
9.92467e-05
9.56923e-05
9.23981e-05
8.93504e-05
8.65237e-05
8.39026e-05
8.14734e-05
7.92586e-05
7.72258e-05
7.5349e-05
7.3612e-05
7.20021e-05
7.05084e-05
6.91148e-05
6.78423e-05
6.6672e-05
6.55902e-05
6.45873e-05
6.36561e-05
6.27907e-05
6.19946e-05
6.12818e-05
6.0605e-05
5.99698e-05
5.93806e-05
5.88387e-05
5.83707e-05
5.79484e-05
5.7547e-05
5.71699e-05
5.68125e-05
0.000120571
0.00019028
0.000205516
0.000202612
0.00019409
0.000184241
0.000174471
0.000165218
0.000156592
0.000148589
0.000141187
0.000134347
0.000128028
0.000122191
0.000116801
0.000111822
0.000107223
0.00010297
9.90368e-05
9.54187e-05
0.000169929
0.000222572
0.000230705
0.000224293
0.000213577
0.000202024
0.000190786
0.000180215
0.000170382
0.00016128
0.000152869
0.000145102
0.00013794
0.000131358
0.000125286
0.000119665
0.000114469
0.000109677
0.000105277
0.000101222
9.75053e-05
9.40834e-05
9.0924e-05
8.80017e-05
8.52959e-05
8.282e-05
8.05541e-05
7.84873e-05
7.65694e-05
7.47693e-05
7.3083e-05
7.15089e-05
7.00993e-05
6.88264e-05
6.7673e-05
6.66435e-05
6.56837e-05
6.47569e-05
6.3875e-05
6.30156e-05
6.21984e-05
6.14378e-05
6.07484e-05
6.01058e-05
5.95043e-05
5.89323e-05
5.8401e-05
5.79053e-05
5.74426e-05
5.70101e-05
5.66082e-05
5.6232e-05
5.58858e-05
5.55866e-05
5.53432e-05
5.51546e-05
5.49818e-05
5.48163e-05
5.46521e-05
5.4494e-05
5.43356e-05
5.41746e-05
5.40222e-05
5.38785e-05
5.37327e-05
5.35923e-05
5.34584e-05
5.33347e-05
5.32177e-05
5.31075e-05
5.3004e-05
5.29028e-05
5.28099e-05
5.27252e-05
5.26447e-05
5.25684e-05
5.24952e-05
5.24284e-05
5.23689e-05
5.23152e-05
5.22648e-05
5.22201e-05
5.21808e-05
5.21459e-05
5.21091e-05
5.20729e-05
5.2037e-05
5.20008e-05
5.19691e-05
5.19421e-05
5.19185e-05
5.18913e-05
5.18669e-05
5.18466e-05
5.18301e-05
5.18168e-05
5.18163e-05
5.18792e-05
5.19682e-05
5.20594e-05
5.21423e-05
5.2212e-05
5.22668e-05
5.22982e-05
0.000116691
0.000186988
0.000202572
0.000199941
0.000191644
0.000181959
0.000172322
0.000163211
0.000154735
0.000146884
0.000139619
0.000132905
0.000126699
0.000120961
0.000115662
0.000110768
0.000106273
0.000102133
9.83138e-05
9.48018e-05
9.15652e-05
8.85771e-05
8.58076e-05
8.32406e-05
8.08588e-05
7.86528e-05

