5e-05
5.02669e-05
5.04842e-05
5.06602e-05
5.08034e-05
5.09206e-05
5.10168e-05
5.10963e-05
5.11818e-05
5.12786e-05
5.13907e-05
5.15194e-05
5.16366e-05
5.1708e-05
5.17481e-05
5.17782e-05
5.17988e-05
5.1808e-05
5.18126e-05
5.18076e-05
5.17799e-05
5.17477e-05
5.17153e-05
0.000131839
0.000193084
0.000205361
0.000201481
0.000192672
0.000182745
0.000172957
0.000163706
0.000155095
0.000147124
0.000139759
0.000132956
0.000126674
0.000120879
0.000115533
0.000110601
0.000106049
0.000101851
9.79788e-05
9.44075e-05
9.11135e-05
8.80752e-05
8.52695e-05
8.26774e-05
8.02888e-05
7.81082e-05
7.61005e-05
7.42409e-05
7.25215e-05
7.09229e-05
6.94353e-05
6.80553e-05
6.67828e-05
6.56095e-05
6.45262e-05
6.35284e-05
6.26095e-05
6.17567e-05
6.09684e-05
6.02402e-05
5.95701e-05
5.8954e-05
5.83842e-05
5.7852e-05
5.73574e-05
5.68987e-05
5.64741e-05
5.60851e-05
5.57291e-05
5.54029e-05
0.000135911
0.000195031
0.000206552
0.000202389
0.000193453
0.000183452
0.000173619
0.000164337
0.000155697
0.000147696
0.0001403
0.000133473
0.000127172
0.000121358
0.000115993
0.000111043
0.000106474
0.000102255
9.836e-05
9.47626e-05
9.14363e-05
8.83663e-05
8.55346e-05
8.29206e-05
8.05058e-05
7.82761e-05
7.622e-05
7.43234e-05
7.25713e-05
7.09554e-05
6.94741e-05
6.81345e-05
6.6903e-05
6.57617e-05
6.47055e-05
6.37301e-05
6.28286e-05
6.19951e-05
6.1224e-05
6.05091e-05
5.98426e-05
5.9226e-05
5.86559e-05
5.81248e-05
5.76329e-05
5.71788e-05
5.67598e-05
5.6372e-05
5.60105e-05
5.56739e-05
5.53609e-05
5.50699e-05
5.48025e-05
5.45753e-05
5.43785e-05
5.4187e-05
5.4008e-05
5.38402e-05
5.36858e-05
5.35409e-05
5.34189e-05
5.33453e-05
5.33062e-05
5.3351e-05
5.34295e-05
5.34895e-05
5.35478e-05
5.36254e-05
5.36724e-05
5.36749e-05
5.4065e-05
0.000165185
0.000271996
0.000262816
0.000247109
0.000232175
0.00021829
0.000205445
0.00019358
0.000182637
0.000172539
0.000185532
0.000279413
0.000297654
0.000291038
0.000276852
0.000260978
0.00024537
0.00023063
0.000216908
0.000204199
0.000192452
0.000181604
0.000171608
0.000162393
0.00015388
0.000146018
0.000138756
0.000132049
0.000125857
0.000120139
0.000114859
0.00010998
0.000105471
0.000101311
9.74731e-05
9.39329e-05
9.06674e-05
8.7655e-05
8.48761e-05
8.23125e-05
7.99457e-05
7.77594e-05
7.57435e-05
7.39074e-05
7.22239e-05
7.06678e-05
6.92249e-05
6.78876e-05
6.66472e-05
6.54975e-05
6.44301e-05
6.34386e-05
6.25232e-05
6.16787e-05
6.08996e-05
6.01759e-05
5.94985e-05
5.8871e-05
5.82923e-05
5.77601e-05
5.72709e-05
5.68213e-05
5.64069e-05
5.60241e-05
5.56707e-05
5.53442e-05
5.50469e-05
5.47885e-05
5.45532e-05
5.43355e-05
5.41251e-05
5.39305e-05
5.37512e-05
5.35831e-05
5.34252e-05
5.32787e-05
5.31425e-05
5.30154e-05
5.28966e-05
5.27834e-05
5.26786e-05
5.25964e-05
5.25356e-05
5.24808e-05
5.24252e-05
5.23668e-05
5.23103e-05
5.22584e-05
5.22107e-05
5.21668e-05
5.21262e-05
5.20886e-05
5.20538e-05
5.20231e-05
5.20185e-05
5.20363e-05
5.20648e-05
5.20762e-05
5.20751e-05
5.20597e-05
5.20427e-05
5.20471e-05
5.20703e-05
5.20849e-05
5.20897e-05
5.2091e-05

