5e-05
5.02631e-05
5.04691e-05
5.06301e-05
5.07572e-05
5.08582e-05
5.09394e-05
5.10052e-05
5.10714e-05
5.11509e-05
5.12253e-05
5.12901e-05
0.000117501
0.000187611
0.000203012
0.000200227
0.000191899
0.000182233
0.000172625
0.000163504
0.000154968
0.000147049
0.000139726
0.000132952
0.000126694
0.000120913
0.000115575
0.000110648
0.0001061
0.000101897
9.80123e-05
9.44275e-05
9.112e-05
8.80673e-05
8.52487e-05
8.26484e-05
8.02497e-05
7.80369e-05
7.59957e-05
7.41128e-05
7.23758e-05
7.07872e-05
6.9337e-05
6.79988e-05
6.67644e-05
6.56243e-05
6.45662e-05
6.36084e-05
6.27775e-05
6.20317e-05
6.13438e-05
6.07006e-05
6.00888e-05
5.9505e-05
5.8955e-05
5.84378e-05
5.79523e-05
5.74968e-05
5.7065e-05
5.66608e-05
5.6284e-05
5.59292e-05
5.55991e-05
5.52932e-05
5.50068e-05
5.47346e-05
5.4482e-05
5.42496e-05
5.40362e-05
5.38403e-05
5.36606e-05
5.34957e-05
5.33444e-05
5.32055e-05
5.30774e-05
5.29542e-05
5.28386e-05
5.27303e-05
5.26314e-05
5.25417e-05
5.24602e-05
5.23812e-05
5.23067e-05
5.22363e-05
5.21699e-05
5.21098e-05
5.20546e-05
5.20041e-05
5.19593e-05
5.19198e-05
5.18836e-05
5.18488e-05
5.18155e-05
5.17836e-05
5.17525e-05
5.1725e-05
5.17014e-05
5.16828e-05
5.16949e-05
5.17437e-05
5.18038e-05
5.18624e-05
5.19132e-05
5.19513e-05
5.19717e-05
5.19831e-05
5.19874e-05
5.1986e-05
5.19798e-05
5.19699e-05
5.19572e-05
5.19424e-05
5.19249e-05
5.19028e-05
5.18807e-05
5.18592e-05
5.18387e-05
5.18193e-05
5.18009e-05
5.17837e-05
5.17675e-05
5.17524e-05
5.17384e-05
5.17253e-05
5.17132e-05
5.1702e-05
5.16915e-05
5.16819e-05
5.1673e-05
5.16618e-05
5.16502e-05
5.16398e-05
5.16305e-05
5.16224e-05
5.16129e-05
5.16028e-05
5.15941e-05
5.15867e-05
0.000145883
0.000195935
0.000204452
0.000199445
0.00019042
0.00018088
0.00023407
0.000378483
0.000367274
0.000343512
0.00032115
0.000300443
0.00028129
0.000263588
0.000247245
0.000232153
0.000218214
0.000205341
0.000193457
0.000182491
0.000172365
0.000163013
0.000154377
0.000146401
0.000139036
0.000132236
0.000125958
0.000120161
0.00011481
0.000109869
0.000105308
0.000101097
9.72101e-05
9.36215e-05
9.0309e-05
8.72514e-05
8.4436e-05
0.000166327
0.000222532
0.000231741
0.00022554
0.00021475
0.000203043
0.000191636
0.000180897
0.000170913
0.000161672
0.000153132
0.000145247
0.000137966
0.000131245
0.000125041
0.000119314
0.000114028
0.000109148
0.000104643
0.000100484
9.66458e-05
9.31023e-05
8.98313e-05
8.68118e-05
8.40247e-05
8.14521e-05
7.90773e-05
7.68852e-05
7.48617e-05
7.29939e-05
7.12701e-05
6.96791e-05
6.82107e-05
6.68551e-05
6.56038e-05
6.44487e-05
6.33824e-05
6.23984e-05
6.14903e-05
6.0652e-05
5.98782e-05
5.9164e-05
5.8505e-05
5.78968e-05
5.73355e-05
5.68177e-05
5.63396e-05
5.58986e-05
5.54918e-05
5.51239e-05
5.47888e-05
5.44789e-05
5.41913e-05
5.39241e-05
5.36757e-05
5.34452e-05
5.32313e-05
5.30333e-05
5.285e-05
5.26857e-05
5.25413e-05
5.24081e-05
5.22893e-05
5.21863e-05
5.20887e-05
5.19943e-05
5.19036e-05
5.18171e-05
5.17348e-05
5.16572e-05
5.15842e-05
5.1516e-05
5.14524e-05
5.13932e-05
5.13383e-05

