5e-05
5.02669e-05
5.04842e-05
5.06602e-05
5.09083e-05
5.16585e-05
5.3162e-05
0.000220147
0.000275599
0.000262127
0.000246234
0.000231327
0.000217556
0.000204875
0.000193159
0.000182361
0.000172388
0.000163167
0.00015464
0.000146755
0.000139452
0.000132696
0.000126451
0.000120672
0.000115335
0.00011041
0.000105866
0.000101673
9.78048e-05
9.42339e-05
9.09383e-05
8.78982e-05
8.50938e-05
8.25042e-05
8.01148e-05
7.79109e-05
7.58781e-05
7.40032e-05
7.22738e-05
7.06785e-05
6.92069e-05
6.78493e-05
6.65968e-05
6.54408e-05
6.43709e-05
6.33833e-05
6.24722e-05
6.16318e-05
6.08565e-05
6.01402e-05
5.94683e-05
5.8843e-05
5.82671e-05
5.77372e-05
5.72479e-05
5.67971e-05
5.63827e-05
5.60018e-05
5.56492e-05
5.53216e-05
0.000130091
0.000194781
0.000208071
0.000204376
0.000195479
0.000185381
0.000175413
0.000249312
0.000287966
0.000288299
0.000276455
0.000261341
0.000245953
0.000231255
0.000217518
0.000204778
0.00019304
0.000182475
0.000172907
0.000164108
0.000155971
0.000198314
0.000258859
0.00026793
0.000260025
0.000247069
0.000233136
0.000219586
0.000206837
0.000194979
0.000183996
0.000173832
0.00016455
0.000156287
0.000148737
0.000141746
0.000135234
0.000129161
0.000123443
0.000118106
0.000113136
0.000108546
0.00010431
0.000100385
9.67435e-05
9.33642e-05
9.02213e-05
8.73076e-05
8.46058e-05
8.21006e-05
7.9775e-05
7.76211e-05
7.5629e-05
7.37869e-05
7.20849e-05
7.05077e-05
6.9049e-05
6.76989e-05
6.64497e-05
6.52985e-05
6.42382e-05
6.32617e-05
6.23583e-05
6.15188e-05
6.07422e-05
6.00222e-05
5.93674e-05
5.87858e-05
0.000145614
0.000197927
0.00020717
0.000202274
0.000193133
0.000183102
0.00017329
0.000164036
0.000155426
0.000147456
0.000140109
0.000133343
0.000127115
0.000121376
0.000116076
0.000111179
0.000106655
0.000102502
9.86739e-05
9.51299e-05
9.18471e-05
8.8794e-05
0.000124258
0.000207726
0.00022639
0.000223527
0.00021394
0.000202702
0.0001915
0.000180876
0.000170972
0.000161796
0.000153313
0.000145481
0.000138251
0.000131577
0.000125411
0.000119721
0.00011447
0.000109624
0.00010515
0.000101021
9.7208e-05
9.36906e-05
9.0442e-05
8.74389e-05
8.46668e-05
8.21106e-05
7.97537e-05
7.75806e-05
7.5577e-05
7.37296e-05
7.20213e-05
7.04433e-05
6.89884e-05
6.76463e-05
6.6406e-05
6.52625e-05
6.42086e-05
6.32353e-05
6.23357e-05
6.15067e-05
6.07414e-05
6.00305e-05
5.93743e-05
5.8766e-05
5.82005e-05
5.76793e-05
5.71976e-05
5.67547e-05
5.63426e-05
5.59582e-05
5.56048e-05
5.52811e-05
5.49821e-05
5.47081e-05
5.44577e-05
5.42289e-05
5.40167e-05
5.3816e-05
5.36296e-05
5.34588e-05
5.33036e-05
5.31627e-05
5.30341e-05
5.2914e-05
5.28015e-05
5.26962e-05
5.25983e-05
5.25086e-05
5.2428e-05
5.23558e-05
7.32011e-05
0.000176081
0.000202524
0.000203308
0.000195897
0.000186254
0.000176392
0.000166958
0.000158138
0.000149956
0.000142394
0.000238167
0.000261839
0.000259088
0.000248262
0.000235453
0.00022259
0.000210196
0.000198499
0.000187511
0.00017727
0.000167762
0.000158952
0.000199479
0.000262724
0.000272277
0.000264198
0.000250984
0.000236828
0.000223069

