5e-05
5.02669e-05
5.04842e-05
5.06602e-05
5.08034e-05
5.09206e-05
5.10168e-05
5.1098e-05
5.11951e-05
5.12939e-05
5.13916e-05
5.15126e-05
5.16466e-05
5.17928e-05
5.18877e-05
5.20111e-05
5.21414e-05
5.22571e-05
5.23508e-05
5.24068e-05
5.24017e-05
5.23699e-05
5.23353e-05
5.2292e-05
5.22447e-05
5.21977e-05
5.21546e-05
5.21144e-05
5.20745e-05
5.20349e-05
5.19993e-05
5.19657e-05
5.19346e-05
5.19074e-05
5.18807e-05
5.18576e-05
5.18383e-05
5.18224e-05
5.18092e-05
5.17949e-05
5.17825e-05
5.17689e-05
5.17549e-05
5.17511e-05
5.17748e-05
5.1807e-05
5.18405e-05
5.18711e-05
5.18908e-05
5.19057e-05
5.19174e-05
5.19258e-05
5.19166e-05
5.1903e-05
5.18902e-05
5.18787e-05
5.18686e-05
5.18562e-05
5.18433e-05
9.57972e-05
0.000182186
0.000203083
0.00020197
0.000194279
0.000185057
0.000175851
0.000167046
0.000158791
0.000151081
0.00014388
0.000137155
0.000130878
0.000125024
0.000119574
0.000114498
0.000109773
0.00010539
0.000101335
9.7924e-05
9.54354e-05
0.000205013
0.000312736
0.000301072
0.000282345
0.000264663
0.000248276
0.000233123
0.000219125
0.000206198
0.000194263
0.000183246
0.000173079
0.000163694
0.000155034
0.000147042
0.000139668
0.000132865
0.000126588
0.000120798
0.000115455
0.000110526
0.000105978
0.00010178
9.79224e-05
9.43816e-05
9.11191e-05
8.81039e-05
8.53192e-05
8.27474e-05
8.03716e-05
7.81764e-05
7.61479e-05
8.26576e-05
0.000191688
0.000219785
0.000220236
0.000211864
0.000201114
0.000190151
0.000179675
0.000169882
0.000160801
0.000152424
0.000144703
0.000137579
0.000130997
0.000124916
0.000119296
0.000114105
0.00010931
0.000104882
0.000100793
9.70368e-05
9.35848e-05
9.03956e-05
8.74483e-05
8.4719e-05
8.21958e-05
7.98591e-05
7.76934e-05
7.57005e-05
7.38849e-05
0.000127289
0.000200718
0.000216579
0.00021332
0.000204143
0.000193559
0.000183059
0.00017311
0.000163828
0.000244145
0.000278582
0.000278081
0.000266501
0.000251983
0.00023726
0.000223204
0.000210069
0.000197994
0.000187088
0.000177168
0.000168043
0.000159556
0.000151597
0.00014414
0.000137208
0.000130777
0.000124813
0.000119286
0.000114165
0.000109417
0.00010502
0.000100952
9.71858e-05
9.3699e-05
9.04712e-05
8.74858e-05
8.47259e-05
8.21778e-05
7.98273e-05
7.7683e-05
7.57181e-05
7.3908e-05
7.22368e-05
7.06916e-05
6.9262e-05
6.79392e-05
6.67321e-05
6.56188e-05
6.45878e-05
6.36283e-05
6.27395e-05
6.19161e-05
6.11525e-05
6.04394e-05
5.97777e-05
5.91649e-05
5.85934e-05
5.80634e-05
5.75783e-05
5.71519e-05
5.67672e-05
5.64122e-05
5.60752e-05
5.57554e-05
5.54629e-05
5.52135e-05
5.49887e-05
5.47812e-05
5.45841e-05
5.43833e-05
5.41895e-05
5.40084e-05
5.38397e-05
5.36805e-05
5.35475e-05
5.34378e-05
5.33407e-05
5.32511e-05
5.31662e-05
5.30794e-05
5.29931e-05
5.29054e-05
5.28216e-05
5.2738e-05
5.2659e-05
5.25854e-05
5.25142e-05
5.24461e-05
5.23833e-05
5.23256e-05
5.22715e-05
5.22186e-05
5.21702e-05
5.21262e-05
5.20864e-05
5.20503e-05
5.2023e-05
5.2014e-05
5.20074e-05
5.20027e-05
5.19941e-05
5.19853e-05
5.19764e-05
5.1967e-05
5.1957e-05
5.19429e-05
5.19234e-05
5.19032e-05

