5e-05
5.02631e-05
5.04691e-05
5.06301e-05
5.07572e-05
5.08582e-05
5.09394e-05
5.10093e-05
5.10945e-05
5.12192e-05
5.13914e-05
5.15577e-05
5.1698e-05
5.18291e-05
5.19884e-05
5.21653e-05
5.23197e-05
5.24384e-05
5.25182e-05
5.25351e-05
5.24965e-05
5.24447e-05
5.23819e-05
5.23021e-05
5.2373e-05
5.26361e-05
5.29786e-05
5.33204e-05
5.35652e-05
5.36672e-05
5.37815e-05
5.38937e-05
5.39701e-05
5.39842e-05
5.39573e-05
5.39029e-05
5.38284e-05
5.37398e-05
5.36423e-05
5.35397e-05
5.34352e-05
5.33306e-05
5.32224e-05
5.31159e-05
5.30063e-05
5.29114e-05
5.28493e-05
5.28016e-05
5.30352e-05
5.37775e-05
5.47319e-05
0.000115655
0.000183526
0.000198909
0.000196618
0.000188737
0.00017941
0.00017007
0.00016118
0.000152857
0.000145099
0.000137908
0.000131262
0.000125124
0.000119455
0.00011422
0.000109387
0.000104924
0.000100801
9.69936e-05
9.34808e-05
9.02417e-05
8.72552e-05
8.44989e-05
8.19561e-05
7.961e-05
7.74471e-05
7.54512e-05
7.36047e-05
7.18969e-05
7.03194e-05
6.88621e-05
6.75135e-05
6.62678e-05
6.51175e-05
6.40578e-05
6.30807e-05
6.21792e-05
6.13462e-05
6.05765e-05
5.98642e-05
5.92039e-05
5.85943e-05
5.80322e-05
5.75134e-05
5.70361e-05
5.66186e-05
5.62502e-05
5.5917e-05
5.56121e-05
5.5331e-05
5.50684e-05
5.48172e-05
5.45802e-05
5.43592e-05
5.41552e-05
5.39856e-05
5.38315e-05
5.36812e-05
5.35343e-05
5.3398e-05
5.32715e-05
5.31525e-05
5.3035e-05
5.2924e-05
5.28183e-05
5.2718e-05
5.26182e-05
5.2525e-05
5.24403e-05
5.23637e-05
5.22923e-05
5.2223e-05
5.21528e-05
5.20884e-05
5.20294e-05
5.19764e-05
5.19298e-05
5.18865e-05
5.18479e-05
5.18142e-05
5.1783e-05
5.17545e-05
5.17302e-05
5.17293e-05
5.17565e-05
5.18098e-05
5.18669e-05
5.19058e-05
5.19563e-05
5.20021e-05
5.20479e-05
5.2117e-05
5.21831e-05
5.22352e-05
5.22687e-05
5.22624e-05
5.22912e-05
5.23318e-05
5.2331e-05
5.23075e-05
5.22748e-05
5.22453e-05
5.22259e-05
5.22044e-05
5.21755e-05
5.21344e-05
5.20948e-05
5.20511e-05
5.20025e-05
5.19544e-05
5.19089e-05
5.18673e-05
5.18302e-05
5.18052e-05
5.17876e-05
5.17743e-05
5.20575e-05
0.000167541
0.000200555
0.000203532
0.000196812
0.00018735
0.0001775
0.000168043
0.000159181
0.000150954
0.000143343
0.000136304
0.000129801
0.000123792
0.000118239
0.00011311
0.000189714
0.000238669
0.000244787
0.000236978
0.000225142
0.000212625
0.000200524
0.000189167
0.000178618
0.000168859
0.000159837
0.000151502
0.000143808
0.000136707
0.000130152
0.0001241
0.000118514
0.000113355
0.000108595
0.000104199
0.000100141
9.63925e-05
9.2931e-05
8.97328e-05
8.67803e-05
8.40545e-05
8.1538e-05
7.92157e-05
7.70717e-05
7.50944e-05
7.32708e-05
7.15867e-05
7.00337e-05
6.86034e-05
6.73024e-05
6.61067e-05
6.50055e-05
6.3984e-05
6.3035e-05
6.21498e-05
6.13302e-05
6.05742e-05
5.98769e-05
0.000102859
0.00018792
0.000208051
0.000206549
0.000198251
0.000188207
0.000178116
0.000168516
0.000159555
0.000151251
0.000143575
0.00013648
0.000129927
0.000123881
0.000118324
0.000113203
0.000108481
0.000104147
0.000100151
9.64635e-05
9.30539e-05
8.98935e-05
8.69711e-05
8.42685e-05

