5e-05
5.02631e-05
5.04691e-05
5.06301e-05
5.07572e-05
5.08582e-05
5.09394e-05
5.10052e-05
5.10589e-05
5.11033e-05
5.11402e-05
5.11713e-05
5.11979e-05
5.12189e-05
5.12352e-05
5.12497e-05
5.12631e-05
5.12756e-05
5.12874e-05
5.12987e-05
5.13067e-05
5.13141e-05
5.1318e-05
0.000100797
0.000184078
0.000203822
0.000202398
0.000194328
0.000184554
0.000174733
0.000165394
0.000156679
0.000148604
0.00014114
0.000237334
0.000265438
0.000263567
0.000252273
0.000238558
0.000224767
0.000211648
0.000199405
0.000188057
0.000177567
0.000167879
0.000158935
0.000191142
0.000261909
0.000273639
0.000266181
0.000253009
0.000238685
0.000224715
0.000211561
0.000199327
0.000188001
0.000177532
0.000167863
0.000158933
0.000150681
0.000143048
0.000135996
0.000129487
0.00012348
0.000117937
0.000112822
0.000108102
0.000103746
9.97263e-05
9.60169e-05
9.25939e-05
8.9435e-05
8.65198e-05
8.38295e-05
8.13466e-05
7.90552e-05
7.69391e-05
0.000172168
0.00021416
0.000219291
0.000212457
0.000202169
0.000191299
0.000180789
0.000170926
0.000161765
0.000153286
0.000145453
0.000138218
0.000131539
0.000125375
0.000119685
0.000114433
0.000109587
0.000105111
0.00010098
9.71878e-05
9.37086e-05
9.05326e-05
8.76132e-05
8.49102e-05
8.24082e-05
8.00923e-05
7.79478e-05
7.59616e-05
7.41219e-05
7.24181e-05
7.08404e-05
6.93798e-05
6.80269e-05
6.67709e-05
6.5609e-05
6.45329e-05
6.35354e-05
6.26105e-05
6.1756e-05
6.09671e-05
6.02363e-05
5.95618e-05
5.89399e-05
5.83667e-05
5.78384e-05
5.73515e-05
5.69053e-05
5.65191e-05
5.61745e-05
5.58592e-05
5.55671e-05
5.52946e-05
5.50394e-05
5.48e-05
5.45753e-05
5.4365e-05
5.43717e-05
5.47546e-05
5.53406e-05
5.59985e-05
5.66214e-05
5.71167e-05
5.74045e-05
5.74382e-05
5.7327e-05
5.71242e-05
5.68467e-05
5.65487e-05
5.62776e-05
5.60119e-05
5.57493e-05
5.54911e-05
5.52396e-05
5.49939e-05
5.47498e-05
5.45148e-05
5.43077e-05
5.43848e-05
5.4614e-05
5.48723e-05
5.50787e-05
5.51764e-05
5.51954e-05
5.51287e-05
5.50021e-05
5.4848e-05
5.46807e-05
5.45071e-05
5.43268e-05
5.41489e-05
5.39775e-05
8.43524e-05
0.000179867
0.000203765
0.000203693
0.000196003
0.000186275
0.000205916
0.000281814
0.000294305
0.000286027
0.000271572
0.000255887
0.000240602
0.000226216
0.000212841
0.000200462
0.000189025
0.000178463
0.000168713
0.000159712
0.000151403
0.000143732
0.000136648
0.000130106
0.000124064
0.000118485
0.000113333
0.000108576
0.000104185
0.000100133
9.63912e-05
9.29375e-05
8.97502e-05
8.68054e-05
8.40842e-05
8.15711e-05
7.9277e-05
7.74392e-05
7.59713e-05
7.46531e-05
7.34256e-05
7.21841e-05
7.09131e-05
6.96708e-05
0.000106224
0.000191178
0.000211291
0.000209695
0.000201252
0.000273342
0.000305614
0.000303086
0.000289613
0.000273337
0.000256989
0.000241442
0.00022693
0.000213476
0.000201037
0.000189548
0.000178938
0.000169138
0.000160091
0.000151741
0.000144034
0.00013692
0.000130354
0.000124294
0.000118698
0.000113531
0.00010876
0.000104354
0.000100288
9.65343e-05
9.30678e-05
0.000187556
0.000226272
0.000229752
0.000221866
0.000210766
0.000199206
0.000188081

