5e-05
5.02631e-05
5.04691e-05
5.06301e-05
5.07572e-05
5.08582e-05
5.09394e-05
5.10052e-05
5.10589e-05
5.11033e-05
5.11402e-05
5.11713e-05
5.12069e-05
5.12467e-05
5.12914e-05
5.1392e-05
5.15224e-05
5.16887e-05
5.18372e-05
5.19485e-05
5.2007e-05
5.20368e-05
0.00014826
0.000196027
0.000203958
0.000198785
0.000189707
0.000179847
0.000170237
0.000161188
0.000152775
0.00014499
0.000137799
0.000131153
0.000125017
0.000119355
0.000114131
0.00010931
0.000104862
0.000100754
9.69618e-05
9.35249e-05
9.06166e-05
8.80735e-05
8.57994e-05
8.37042e-05
8.16872e-05
7.97378e-05
7.79353e-05
7.62444e-05
7.45994e-05
7.29884e-05
7.14393e-05
6.99801e-05
6.86117e-05
6.73378e-05
6.61543e-05
6.50562e-05
6.40383e-05
6.3092e-05
6.21942e-05
6.13532e-05
6.05742e-05
5.98583e-05
5.92213e-05
5.86442e-05
5.81141e-05
5.76238e-05
5.71725e-05
5.67568e-05
5.63717e-05
5.60074e-05
5.56636e-05
6.03895e-05
0.000173051
0.000203254
0.000205194
0.000198083
0.000188456
0.000178512
0.000168968
0.000160024
0.000151715
0.000144023
0.000136914
0.000130351
0.000124294
0.000118701
0.000113537
0.000108768
0.000104362
0.000100292
9.65341e-05
9.30637e-05
8.98606e-05
8.69017e-05
8.41709e-05
8.16524e-05
7.93298e-05
7.71878e-05
7.52077e-05
7.33764e-05
7.16815e-05
7.01184e-05
6.86781e-05
6.73509e-05
6.6128e-05
6.50027e-05
6.39895e-05
6.30685e-05
6.22169e-05
6.14299e-05
6.07021e-05
6.0024e-05
5.93965e-05
5.88437e-05
5.83385e-05
5.78678e-05
5.74242e-05
5.70088e-05
5.66212e-05
5.62597e-05
5.59189e-05
5.55965e-05
5.52934e-05
5.50122e-05
5.47517e-05
5.451e-05
5.42827e-05
5.40722e-05
5.3878e-05
5.36964e-05
5.35274e-05
5.33719e-05
5.32282e-05
5.3109e-05
5.30182e-05
5.29599e-05
5.29234e-05
5.28951e-05
5.28894e-05
5.28876e-05
5.2916e-05
5.2944e-05
5.29449e-05
5.29327e-05
5.29008e-05
5.28509e-05
5.28217e-05
5.30587e-05
5.34059e-05
5.36807e-05
5.38545e-05
5.39533e-05
5.399e-05
5.3957e-05
5.38531e-05
5.37132e-05
5.35684e-05
5.34301e-05
5.33157e-05
5.32084e-05
5.31046e-05
5.3004e-05
5.29078e-05
5.28151e-05
5.2729e-05
5.26497e-05
5.25767e-05
5.25082e-05
5.24388e-05
5.23738e-05
5.2311e-05
5.22534e-05
5.22001e-05
5.21495e-05
5.21039e-05
5.20613e-05
5.20181e-05
5.19975e-05
5.19935e-05
9.10992e-05
0.000179736
0.000201416
0.000200799
0.000193118
0.000183569
0.000173904
0.000164687
0.000156069
0.000148075
0.000140669
0.000133824
0.000127501
0.000121658
0.000116263
0.00011128
0.000106677
0.000102432
9.85362e-05
9.49469e-05
9.16344e-05
8.85713e-05
8.5738e-05
8.31177e-05
8.06979e-05
7.84602e-05
7.63879e-05
7.4473e-05
7.27063e-05
7.10765e-05
6.95698e-05
6.81793e-05
6.68958e-05
6.5708e-05
6.46105e-05
6.35976e-05
6.26608e-05
6.17951e-05
6.09975e-05
6.0261e-05
5.9581e-05
5.89527e-05
5.83725e-05
5.7836e-05
5.73421e-05
5.68879e-05
5.64702e-05
5.6086e-05
5.57274e-05
5.53942e-05
5.50861e-05
5.48016e-05
5.45388e-05
5.42979e-05
5.40772e-05
5.3875e-05
5.37064e-05
5.3565e-05
5.34371e-05
5.33438e-05
5.32646e-05
5.31877e-05
5.30974e-05
5.30068e-05
5.2915e-05
5.28284e-05
5.27636e-05
8.30676e-05
0.000178153

