5e-05
5.02631e-05
5.04691e-05
5.06301e-05
5.07572e-05
5.08582e-05
5.09394e-05
5.10052e-05
5.10589e-05
5.11153e-05
5.11865e-05
5.12544e-05
5.13135e-05
5.13525e-05
5.13775e-05
5.13974e-05
5.14137e-05
5.14395e-05
5.14872e-05
5.15655e-05
5.16138e-05
5.16444e-05
5.16711e-05
5.16922e-05
5.19229e-05
5.24417e-05
5.30931e-05
5.37584e-05
5.43446e-05
5.47006e-05
5.47867e-05
5.47633e-05
5.46854e-05
5.45723e-05
5.44309e-05
5.42735e-05
5.4113e-05
5.39539e-05
5.37989e-05
5.36497e-05
5.35074e-05
5.33842e-05
5.32943e-05
5.32426e-05
5.32189e-05
5.32143e-05
5.32982e-05
5.34732e-05
5.36613e-05
5.38135e-05
5.39136e-05
5.39551e-05
5.38918e-05
5.37981e-05
5.36943e-05
5.35856e-05
5.34751e-05
5.33635e-05
5.32497e-05
5.314e-05
0.000119013
0.000189218
0.000204613
0.000201789
0.000193318
0.000183474
0.000173686
0.000164412
0.00015577
0.000147766
0.00014037
0.000218687
0.000260578
0.000263334
0.000253527
0.000240227
0.000226489
0.000213306
0.000200964
0.000189512
0.000178921
0.000169138
0.000160105
0.000151766
0.000144067
0.000136961
0.000130401
0.000124345
0.000118755
0.000113595
0.000108831
0.000104433
0.000100373
9.66227e-05
9.31581e-05
8.99606e-05
8.70409e-05
8.43864e-05
8.19485e-05
7.96987e-05
0.000183201
0.000216624
0.000218973
0.000211312
0.000200844
0.00019003
0.000179653
0.000169925
0.000160894
0.000152536
0.000144811
0.000137673
0.000131078
0.000124987
0.000119356
0.00011415
0.000109341
0.000104897
0.000100795
9.70061e-05
9.35064e-05
9.02761e-05
8.72949e-05
8.45436e-05
8.20021e-05
7.96554e-05
7.749e-05
7.5492e-05
7.37827e-05
7.25163e-05
7.14873e-05
7.06515e-05
6.99183e-05
6.91727e-05
6.83215e-05
6.73862e-05
6.64337e-05
6.55309e-05
6.46634e-05
6.38209e-05
6.30099e-05
6.22335e-05
6.14944e-05
6.07944e-05
6.01355e-05
7.7526e-05
0.000179176
0.000224719
0.00029743
0.000308199
0.000298723
0.000283274
0.000278041
0.000348165
0.000355732
0.000387428
0.00041804
0.000409301
0.000388514
0.000365086
0.000452498
0.0005376
0.000507665
0.000548023
0.000551431
0.00052745
0.000495831
0.000463348
0.00043222
0.000403089
0.00037606
0.000351068
0.000328059
0.000306841
0.000287232
0.000269101
0.000252341
0.000330837
0.000351398
0.000342811
0.000325361
0.000305963
0.000286923
0.000268954
0.000252232
0.000236748
0.000222439
0.000209224
0.000197024
0.00018576
0.000182771
0.000275799
0.000294434
0.000288054
0.00027405
0.00025833
0.000289377
0.000342881
0.000345131
0.00033099
0.000395343
0.000407039
0.000392776
0.000370987
0.000347906
0.000325579
0.000304618
0.000285147
0.000267132
0.000250487
0.000235117
0.000220927
0.000207828
0.000195736
0.000184573
0.000174269
0.000164757
0.000155984
0.000147888
0.000140414
0.000133513
0.000127141
0.000121258
0.00017507
0.000239563
0.000250527
0.00024393
0.000232085
0.00021917
0.000206565
0.000194697
0.000183668
0.000173461
0.000164028
0.000155318
0.000147284
0.000139866
0.000133018
0.000126703
0.000120872
0.000115485
0.000110509
0.000105912
0.000101668
9.78323e-05
9.4353e-05
9.11281e-05
8.81188e-05
8.53107e-05
8.26957e-05

