5e-05
5.02669e-05
5.04842e-05
5.06602e-05
5.08034e-05
5.09206e-05
5.10168e-05
5.10963e-05
5.11623e-05
5.12174e-05
5.12636e-05
5.13026e-05
5.13352e-05
5.13523e-05
5.13572e-05
5.13613e-05
5.13662e-05
5.1372e-05
5.13789e-05
5.13866e-05
5.13921e-05
5.13983e-05
5.14057e-05
5.14141e-05
5.14213e-05
5.14276e-05
5.14349e-05
5.14417e-05
5.14465e-05
5.14472e-05
5.14472e-05
5.14493e-05
5.14532e-05
5.14589e-05
5.14661e-05
5.14743e-05
5.14988e-05
5.15778e-05
5.16781e-05
5.17779e-05
5.18681e-05
5.19447e-05
5.20066e-05
5.20466e-05
5.20719e-05
5.21059e-05
5.21619e-05
5.22154e-05
5.22791e-05
5.23675e-05
5.24491e-05
8.01266e-05
0.000176506
0.000200941
0.000201216
0.000193788
0.000184282
0.000174587
0.000165315
0.000156645
0.000148603
0.000158915
0.000248219
0.000266726
0.000261761
0.000249591
0.000235747
0.000222069
0.00020913
0.00019708
0.00018592
0.000175647
0.000166512
0.000158423
0.000151247
0.000145104
0.000287968
0.000356698
0.000339068
0.00031748
0.000297157
0.000278307
0.000260872
0.000244761
0.000229881
0.000216141
0.00020346
0.000191773
0.000180988
0.000171031
0.00016184
0.000153356
0.000145524
0.000138295
0.000131623
0.000125463
0.000119778
0.000114531
0.000109687
0.000105216
0.000101104
9.73292e-05
9.38489e-05
9.06249e-05
8.76459e-05
8.48939e-05
8.23494e-05
7.99946e-05
7.78188e-05
7.58089e-05
7.39523e-05
7.22373e-05
7.06532e-05
6.91899e-05
6.7836e-05
6.65834e-05
6.54268e-05
6.43591e-05
6.33735e-05
6.24628e-05
6.16192e-05
6.08404e-05
6.01219e-05
5.94591e-05
5.88476e-05
5.82835e-05
5.77631e-05
5.7283e-05
5.684e-05
5.64313e-05
5.60542e-05
5.57062e-05
5.5385e-05
5.50887e-05
5.48151e-05
5.45627e-05
5.43297e-05
5.41235e-05
5.39559e-05
5.38004e-05
5.3653e-05
5.35157e-05
5.33872e-05
5.32663e-05
5.31523e-05
5.30447e-05
5.29432e-05
5.28475e-05
5.27575e-05
5.26746e-05
5.26181e-05
5.25745e-05
5.25358e-05
6.7784e-05
0.00017371
0.000201375
0.000202631
0.000195425
0.000185886
0.000176094
0.000166736
0.000157985
0.000149865
0.000142348
0.000135399
0.00012898
0.000123051
0.000117572
0.000112508
0.000107831
0.000103512
9.95246e-05
9.58423e-05
9.24385e-05
8.92953e-05
8.63936e-05
8.37151e-05
8.12426e-05
7.89603e-05
7.68537e-05
7.49074e-05
7.31085e-05
7.14483e-05
6.99163e-05
6.85026e-05
6.71976e-05
6.59901e-05
6.48758e-05
6.38479e-05
6.28998e-05
6.20253e-05
6.12187e-05
6.04743e-05
5.97844e-05
5.91476e-05
5.85606e-05
5.80194e-05
5.75206e-05
5.70607e-05
5.66368e-05
5.62459e-05
5.58856e-05
5.55515e-05
5.52403e-05
5.49506e-05
5.46838e-05
5.44385e-05
5.42131e-05
5.40058e-05
5.38153e-05
5.36402e-05
5.34792e-05
5.33312e-05
5.3195e-05
5.30697e-05
5.29544e-05
5.28479e-05
5.27464e-05
5.26526e-05
5.25666e-05
5.24878e-05
9.72076e-05
0.00018309
0.000203727
0.000202602
0.000194624
0.00020091
0.000284979
0.000299967
0.000292195
0.000277589
0.000261547
0.000245856
0.000231068
0.000217314
0.000204584
0.000192821
0.000181959
0.000171932
0.000162676
0.000154133
0.000146247
0.000138968
0.000132249
0.000126048
0.000120322
0.000115034
0.000110153
0.000105647
0.000101488

