5e-05
5.02631e-05
5.04691e-05
5.06301e-05
5.07572e-05
5.08582e-05
5.09394e-05
5.10052e-05
5.10648e-05
5.11412e-05
5.12267e-05
5.1337e-05
5.14839e-05
0.000139521
0.000190781
0.000200153
0.000195764
0.000187204
0.000177728
0.000180708
0.000268946
0.000286371
0.000280101
0.000266579
0.000251427
0.00023652
0.000222445
0.000209346
0.000197219
0.000186005
0.000175646
0.000166084
0.000157259
0.000149113
0.000141597
0.000134661
0.000128261
0.000122355
0.000116905
0.00011187
0.000107224
0.000102937
9.89814e-05
9.53317e-05
9.19632e-05
8.8852e-05
8.59811e-05
8.33322e-05
8.08879e-05
7.86291e-05
7.65429e-05
7.46093e-05
7.28154e-05
7.11593e-05
6.96331e-05
6.8226e-05
6.69259e-05
6.57411e-05
6.46606e-05
6.36686e-05
6.27557e-05
6.19073e-05
6.11204e-05
6.0393e-05
5.97159e-05
5.90861e-05
5.85029e-05
5.79653e-05
5.74683e-05
5.7006e-05
5.65792e-05
5.61865e-05
5.58254e-05
5.54904e-05
5.51798e-05
5.48896e-05
5.46224e-05
5.43774e-05
5.41529e-05
5.39472e-05
5.37586e-05
5.3582e-05
5.34162e-05
5.32643e-05
5.31247e-05
5.29945e-05
5.28733e-05
5.27585e-05
5.26525e-05
5.25545e-05
5.24643e-05
5.23812e-05
5.23025e-05
5.2229e-05
5.21607e-05
5.2097e-05
5.20399e-05
5.19894e-05
5.19449e-05
5.19058e-05
5.18714e-05
5.18407e-05
5.18107e-05
5.17837e-05
5.1757e-05
5.17319e-05
5.17026e-05
5.16728e-05
5.16477e-05
5.16453e-05
5.16568e-05
5.16726e-05
5.16884e-05
5.1691e-05
5.16879e-05
5.16778e-05
5.16666e-05
5.16554e-05
5.16428e-05
5.16298e-05
5.16133e-05
5.15988e-05
5.15869e-05
5.15772e-05
5.15695e-05
5.15653e-05
5.15839e-05
5.16062e-05
5.16278e-05
5.16441e-05
5.16545e-05
5.16563e-05
5.16547e-05
5.16526e-05
5.16504e-05
5.1652e-05
5.1675e-05
5.17031e-05
5.17456e-05
5.18458e-05
5.19805e-05
5.21143e-05
5.22322e-05
5.23551e-05
5.24682e-05
5.25485e-05
5.25946e-05
5.37725e-05
0.000167387
0.0001992
0.00020189
0.000195242
0.000186007
0.000228963
0.000284614
0.000290583
0.000280634
0.000345568
0.000363814
0.000353974
0.000335696
0.000315642
0.000296023
0.000277512
0.000260268
0.000244284
0.000229529
0.000215909
0.000203328
0.000191711
0.000180983
0.000257932
0.000288765
0.000286629
0.000274099
0.000258896
0.00024361
0.000264009
0.000324157
0.00032951
0.000317198
0.000299884
0.000281855
0.000264511
0.000248261
0.000233203
0.000219281
0.00020644
0.000194598
0.000183666
0.000173574
0.000164254
0.000155642
0.000147682
0.00014033
0.000133538
0.000127256
0.000121451
0.00011609
0.00011114
0.00010657
0.000102347
9.84432e-05
9.48392e-05
9.1508e-05
8.84285e-05
8.55827e-05
8.29552e-05
8.05267e-05
7.82858e-05
7.62194e-05
7.43139e-05
7.2557e-05
7.09369e-05
6.94427e-05
6.80615e-05
0.000140899
0.000201606
0.000213327
0.000208885
0.000199535
0.000189097
0.000178878
0.000169468
0.000160859
0.000152923
0.000145525
0.000138612
0.000132182
0.000126199
0.000120621
0.000115458
0.000110685
0.000106263
0.000102153
9.83382e-05
9.48035e-05
9.15277e-05
8.85312e-05
8.61067e-05
8.41721e-05
8.27135e-05
9.49724e-05
0.000276201
0.000290996
0.000273495
0.000256477
0.000240693
0.000226099
0.000212617

