5e-05
5.02667e-05
5.04834e-05
5.06586e-05
5.08009e-05
5.09171e-05
5.10125e-05
5.10912e-05
5.11565e-05
5.12109e-05
5.12566e-05
5.12951e-05
5.13298e-05
5.13804e-05
5.14578e-05
5.15578e-05
5.16553e-05
5.17419e-05
5.18144e-05
0.000101497
0.000182839
0.000202136
0.000200701
0.000192737
0.000183077
0.000173368
0.000164134
0.000155519
0.000147536
0.000140157
0.000133345
0.000127057
0.000121253
0.00021735
0.000249492
0.00024972
0.000239794
0.000227147
0.000214276
0.000201984
0.000190497
0.000179846
0.000169998
0.000160903
0.000152504
0.000144749
0.000137591
0.000130985
0.000124912
0.000119324
0.00011417
0.000109407
0.000104997
0.000100924
9.71613e-05
9.36845e-05
9.04692e-05
8.74996e-05
8.47572e-05
8.22233e-05
7.98689e-05
7.76874e-05
7.5672e-05
7.3812e-05
7.2097e-05
7.05153e-05
6.90527e-05
6.77018e-05
6.64552e-05
6.53046e-05
6.42447e-05
6.32685e-05
6.23695e-05
6.15383e-05
6.07691e-05
6.00555e-05
5.93985e-05
5.87937e-05
5.82328e-05
5.77142e-05
5.72369e-05
5.67923e-05
5.63833e-05
5.60082e-05
5.56643e-05
5.53491e-05
5.50561e-05
5.47834e-05
5.45334e-05
5.43047e-05
5.40956e-05
5.39023e-05
5.37232e-05
5.3559e-05
5.34057e-05
5.32622e-05
5.31306e-05
5.30109e-05
5.29022e-05
5.28034e-05
5.27137e-05
5.26508e-05
5.26374e-05
5.2634e-05
5.26332e-05
5.26321e-05
5.26239e-05
5.26041e-05
5.25784e-05
5.25439e-05
5.25077e-05
5.2471e-05
5.24342e-05
8.00137e-05
0.000177668
0.000202358
0.000202608
0.000195074
0.000185448
0.000175644
0.000166278
0.000157524
0.000149407
0.000141902
0.00013497
0.000128569
0.000122657
0.000117197
0.00011215
0.000107489
0.000103187
9.92182e-05
9.55566e-05
9.23663e-05
8.97846e-05
8.76598e-05
8.59015e-05
8.44908e-05
8.35279e-05
8.25337e-05
8.19551e-05
0.000220706
0.00030015
0.000285626
0.000267954
0.000251511
0.000236415
0.000222403
0.000209405
0.000197352
0.000186183
0.000175845
0.00016629
0.000157459
0.000149301
0.00014177
0.000134956
0.00012902
0.000123752
0.000118955
0.000114416
0.000110054
0.000105915
0.000162142
0.000229335
0.000241934
0.000236414
0.00022538
0.000213132
0.00020111
0.000189763
0.000179199
0.000169413
0.000160364
0.000152005
0.000144309
0.000137209
0.000130652
0.000124599
0.000119011
0.000113852
0.000109083
0.000104672
0.000100595
9.68292e-05
9.33519e-05
9.01426e-05
0.00015368
0.000217541
0.000229461
0.000224271
0.000213911
0.000202428
0.000191167
0.000180544
0.000170658
0.000161508
0.000153052
0.000145244
0.000138036
0.000131384
0.000125242
0.000119573
0.000114342
0.000109512
0.000105053
0.000100938
9.71393e-05
9.36309e-05
9.03926e-05
0.000166466
0.000220299
0.000228878
0.000222656
0.000212048
0.000200584
0.000189426
0.000178926
0.000169166
0.000160134
0.000151786
0.000144076
0.000136954
0.000130376
0.000124304
0.000118701
0.000113531
0.000108759
0.000104355
0.000100285
9.65258e-05
9.30537e-05
8.98501e-05
8.68947e-05
8.41655e-05
8.16474e-05
7.9324e-05
7.71785e-05
7.51993e-05
7.3374e-05
7.16976e-05
7.01759e-05
6.87799e-05
6.74833e-05
6.62839e-05
6.51755e-05
6.41509e-05
6.32032e-05
6.23265e-05
6.15135e-05

