5e-05
5.02669e-05
5.04842e-05
5.06602e-05
5.08034e-05
5.09206e-05
5.10168e-05
5.10963e-05
5.11623e-05
5.12174e-05
5.12636e-05
5.13026e-05
5.1338e-05
5.1391e-05
5.14557e-05
5.15345e-05
5.16461e-05
5.17599e-05
5.18622e-05
5.19399e-05
5.19775e-05
5.19921e-05
5.19993e-05
5.19914e-05
5.19784e-05
5.19645e-05
5.19505e-05
5.19368e-05
5.1922e-05
0.000161447
0.000199678
0.000204344
0.00019811
0.000188732
0.000178832
0.000169266
0.000160292
0.000151959
0.000144251
0.000137132
0.00013056
0.000124494
0.000118896
0.000113728
0.000108954
0.000104557
0.00010052
9.68028e-05
9.33736e-05
9.02247e-05
8.73179e-05
8.46274e-05
8.21271e-05
7.98093e-05
7.76635e-05
7.56814e-05
7.38476e-05
7.21518e-05
7.05821e-05
6.91277e-05
6.77781e-05
6.65277e-05
6.53726e-05
6.43061e-05
6.3322e-05
6.24116e-05
6.15686e-05
6.0792e-05
6.00745e-05
5.94119e-05
5.88028e-05
5.82803e-05
5.81229e-05
5.82766e-05
5.8521e-05
5.88133e-05
5.90589e-05
5.91705e-05
5.91557e-05
5.91696e-05
5.92528e-05
5.92115e-05
5.8964e-05
5.86323e-05
5.82683e-05
5.78973e-05
5.75389e-05
5.72196e-05
5.68881e-05
5.65669e-05
5.626e-05
5.59603e-05
5.56754e-05
5.54019e-05
5.5142e-05
5.48993e-05
5.46732e-05
5.4463e-05
5.42679e-05
5.4087e-05
5.39195e-05
5.37644e-05
5.3619e-05
5.34803e-05
5.33499e-05
5.32261e-05
5.3108e-05
5.29995e-05
5.29007e-05
5.28089e-05
5.27222e-05
5.26394e-05
5.2564e-05
5.24932e-05
5.24291e-05
5.23981e-05
5.23862e-05
5.23905e-05
5.24226e-05
5.24601e-05
5.25014e-05
5.25796e-05
5.26633e-05
5.27317e-05
5.27594e-05
5.27613e-05
5.27437e-05
5.27112e-05
5.26745e-05
5.26358e-05
5.26139e-05
5.26193e-05
5.262e-05
5.26078e-05
5.25798e-05
5.25493e-05
5.25271e-05
5.25667e-05
8.42731e-05
0.000177305
0.000200598
0.000200551
0.000193081
0.000183624
0.000174005
0.000164883
0.000156833
0.00014968
0.000236402
0.000263107
0.000261799
0.000260717
0.000430364
0.000441758
0.000414063
0.000386451
0.000360742
0.000336951
0.00031497
0.000294671
0.000275931
0.000258631
0.000242662
0.000227923
0.000214318
0.00020176
0.00019017
0.000179474
0.000169603
0.000160493
0.000152088
0.000144333
0.000137176
0.000130571
0.000124476
0.000118852
0.000113662
0.000108874
0.000104508
0.000100783
9.75502e-05
9.45571e-05
9.17285e-05
8.90607e-05
8.65298e-05
8.41256e-05
8.18467e-05
7.96934e-05
7.76533e-05
7.57379e-05
7.39411e-05
7.22675e-05
7.07122e-05
6.92661e-05
6.79161e-05
6.66615e-05
6.55011e-05
6.44255e-05
6.34425e-05
6.25508e-05
6.17254e-05
6.09601e-05
6.02489e-05
5.95872e-05
5.89751e-05
5.84098e-05
5.78839e-05
5.73938e-05
5.69384e-05
5.65174e-05
5.61285e-05
5.57679e-05
5.5436e-05
5.51308e-05
5.48479e-05
5.4583e-05
5.43394e-05
5.41118e-05
5.39005e-05
5.37071e-05
5.353e-05
5.33806e-05
5.34777e-05
5.373e-05
5.40335e-05
5.43204e-05
5.45465e-05
5.46805e-05
5.47118e-05
5.46647e-05
5.45766e-05
5.44647e-05
5.43375e-05
5.42012e-05
5.40607e-05
5.39195e-05
5.37801e-05
5.36409e-05
5.34987e-05
5.33574e-05
5.3222e-05
5.30902e-05
5.29678e-05
5.2852e-05
5.27454e-05
5.26481e-05
5.25595e-05
5.24725e-05
5.23893e-05
5.23142e-05

