5e-05
5.02631e-05
5.04691e-05
5.06301e-05
5.07572e-05
5.08582e-05
5.09394e-05
5.10052e-05
5.10589e-05
5.11033e-05
5.11402e-05
5.11713e-05
5.12069e-05
5.12467e-05
5.12914e-05
5.1392e-05
5.15224e-05
5.16887e-05
5.18372e-05
5.19485e-05
5.2007e-05
5.20368e-05
5.20386e-05
0.000149238
0.00019693
0.000204751
0.0001995
0.000190361
0.00018045
0.00017079
0.000161699
0.000153249
0.000145429
0.000138199
0.000131522
0.000125361
0.000119675
0.000114428
0.000109586
0.000105115
0.000100988
9.72412e-05
9.40472e-05
9.12403e-05
8.87227e-05
8.64028e-05
8.41783e-05
8.20373e-05
8.00581e-05
7.8204e-05
7.64083e-05
7.46582e-05
7.29807e-05
7.14031e-05
6.99253e-05
6.85504e-05
6.72737e-05
6.60895e-05
6.49921e-05
6.39724e-05
6.3007e-05
6.21035e-05
6.12668e-05
6.04977e-05
5.98115e-05
5.9189e-05
5.86171e-05
5.80881e-05
5.76011e-05
5.71524e-05
5.67369e-05
5.63445e-05
5.59749e-05
5.56299e-05
5.53119e-05
5.50418e-05
5.48037e-05
5.45884e-05
5.43866e-05
5.41967e-05
5.40202e-05
5.38485e-05
5.36797e-05
0.000157382
0.000199212
0.000205049
0.000199161
0.000189848
0.000179914
0.000170283
0.000161231
0.000152817
0.000145031
0.000137835
0.000131191
0.000125055
0.000119391
0.000114165
0.000109342
0.000104893
0.000100783
9.69851e-05
9.3475e-05
9.02364e-05
8.72493e-05
8.44943e-05
8.19533e-05
7.96113e-05
7.74749e-05
7.55171e-05
7.37084e-05
7.20379e-05
7.04946e-05
6.90636e-05
6.77411e-05
6.65467e-05
6.54493e-05
6.44319e-05
6.34836e-05
6.26023e-05
6.17847e-05
6.10262e-05
6.03189e-05
5.96582e-05
5.90429e-05
5.84734e-05
5.79468e-05
5.74594e-05
5.70053e-05
5.65855e-05
5.61981e-05
5.58381e-05
5.55045e-05
5.5197e-05
5.49129e-05
5.46642e-05
5.44539e-05
5.42852e-05
5.41468e-05
5.40244e-05
5.39319e-05
5.38499e-05
5.38043e-05
0.000114338
0.000186056
0.000202159
0.000199754
0.000191555
0.000181938
0.000172608
0.000163887
0.000218226
0.000268801
0.000274183
0.000264827
0.000251199
0.000236839
0.000222945
0.000209898
0.000197778
0.000186579
0.00017623
0.000166669
0.000157838
0.000149682
0.000142149
0.000135195
0.000128775
0.000122849
0.000117378
0.000112321
0.000107652
0.000103339
9.93585e-05
9.56836e-05
9.22897e-05
8.9158e-05
8.62666e-05
8.35935e-05
8.11453e-05
7.89004e-05
7.68301e-05
7.49421e-05
7.32133e-05
7.1613e-05
7.01297e-05
6.87494e-05
6.74688e-05
6.62816e-05
6.51767e-05
0.000112585
0.000192521
0.000210829
0.000208621
0.000199999
0.000189772
0.000179547
0.000169836
0.000160784
0.000152419
0.000144692
0.000137557
0.000130964
0.000124872
0.000119243
0.000114046
0.000109244
0.000104805
0.000100705
9.69217e-05
9.34301e-05
9.02048e-05
8.72277e-05
8.44797e-05
8.194e-05
7.95946e-05
7.74297e-05
7.54294e-05
7.3582e-05
7.18781e-05
7.03051e-05
6.88529e-05
6.75118e-05
6.62735e-05
6.51295e-05
6.40749e-05
6.3103e-05
6.22075e-05
6.13821e-05
6.06163e-05
5.99073e-05
5.92522e-05
5.86474e-05
5.80889e-05
5.75751e-05
5.71024e-05
5.66676e-05
5.62844e-05
8.2504e-05
0.000179531
0.000203759
0.000203811
0.000196189
0.000186496
0.000176628
0.000167197
0.000158381
0.000150221
0.000142682
0.000135712

