5e-05
5.02631e-05
5.04691e-05
5.06301e-05
5.07572e-05
5.08582e-05
5.09394e-05
5.10052e-05
5.10589e-05
5.11033e-05
5.11402e-05
5.11713e-05
5.11975e-05
5.12149e-05
5.12284e-05
5.1267e-05
5.13462e-05
5.14338e-05
5.15162e-05
5.15703e-05
5.1592e-05
5.16021e-05
5.16083e-05
5.16056e-05
5.15995e-05
5.15917e-05
5.15827e-05
5.15746e-05
5.15667e-05
5.15546e-05
5.15611e-05
5.15777e-05
5.1595e-05
5.16086e-05
5.16189e-05
5.16244e-05
5.16288e-05
5.16323e-05
5.1635e-05
5.1637e-05
5.16382e-05
5.16388e-05
5.16345e-05
5.1626e-05
5.16183e-05
5.16117e-05
5.16037e-05
5.15947e-05
5.15843e-05
5.15754e-05
5.15673e-05
5.15567e-05
5.15364e-05
5.15173e-05
5.15023e-05
5.15092e-05
5.15561e-05
5.16275e-05
5.17012e-05
0.000158336
0.000197046
0.000202064
0.000196094
0.000186929
0.000177202
0.000167787
0.000158939
0.000219245
0.000270502
0.000275747
0.000266109
0.000252229
0.000311579
0.000343353
0.000338721
0.000384988
0.000408125
0.000397481
0.000376676
0.000353695
0.00033118
0.000309939
0.000290163
0.00027185
0.000254926
0.000239296
0.000224862
0.000211536
0.000199236
0.000187881
0.000177521
0.000168276
0.000159876
0.000152025
0.000144735
0.000137951
0.000131625
0.000125723
0.000120222
0.000115098
0.000110324
0.000105887
0.000101766
9.79489e-05
9.44159e-05
9.11477e-05
8.81255e-05
8.53316e-05
8.27495e-05
8.03636e-05
7.81593e-05
7.61232e-05
7.42427e-05
7.25051e-05
7.08946e-05
6.94055e-05
6.80312e-05
6.67604e-05
6.55871e-05
6.45051e-05
6.35074e-05
6.25875e-05
6.17393e-05
6.09572e-05
6.02358e-05
5.95669e-05
5.8946e-05
5.83695e-05
5.78358e-05
5.73434e-05
5.6902e-05
5.67529e-05
5.68964e-05
5.71696e-05
0.000151497
0.000193513
0.000200064
0.000194904
0.000186256
0.000176887
0.000167719
0.00015905
0.000150945
0.000143408
0.000237235
0.000263992
0.000261781
0.000263471
0.000334527
0.000343099
0.000331229
0.000313425
0.000294672
0.000276615
0.000259678
0.000243896
0.00022927
0.000215745
0.000203229
0.000194542
0.000282207
0.000299418
0.000292428
0.000278072
0.000262092
0.000246391
0.000231573
0.000217783
0.000205015
0.000193217
0.000182322
0.000172258
0.000162969
0.000154396
0.000146492
0.000139221
0.000132529
0.000126388
0.000120729
0.000115489
0.000110632
0.000106143
0.000101994
9.8165e-05
9.4659e-05
9.14299e-05
8.84461e-05
8.56848e-05
8.31276e-05
8.07517e-05
7.85426e-05
7.64946e-05
7.45969e-05
7.28422e-05
7.12202e-05
6.97183e-05
6.83283e-05
6.70429e-05
6.58529e-05
6.47543e-05
6.37389e-05
6.27964e-05
6.19266e-05
6.11229e-05
6.03765e-05
5.9688e-05
5.90513e-05
5.84632e-05
5.79208e-05
5.74214e-05
5.69596e-05
5.65327e-05
5.61388e-05
5.5777e-05
5.54445e-05
5.51362e-05
5.48525e-05
5.45899e-05
5.43474e-05
5.41249e-05
5.39208e-05
5.37337e-05
5.35619e-05
5.33999e-05
5.32479e-05
5.31087e-05
5.29813e-05
5.28627e-05
5.27496e-05
5.26438e-05
5.27123e-05
5.30155e-05
5.34596e-05
5.42072e-05
5.5189e-05
5.61766e-05
5.72337e-05
5.84703e-05
0.000116601
0.000270427
0.000267618
0.000251364
0.000235986
0.00022175
0.000208595
0.000196447
0.00018523
0.000174874
0.000165314
0.000156488

