5e-05
5.02669e-05
5.04842e-05
5.06602e-05
5.08034e-05
5.09206e-05
5.10168e-05
5.10963e-05
5.11623e-05
5.12174e-05
5.12636e-05
5.13026e-05
5.1338e-05
5.1391e-05
5.14557e-05
5.15345e-05
5.16461e-05
5.17599e-05
5.18622e-05
5.19399e-05
5.19775e-05
5.19921e-05
5.19993e-05
5.19914e-05
5.19784e-05
5.19645e-05
5.19505e-05
5.19368e-05
5.1922e-05
5.18909e-05
5.18508e-05
5.1813e-05
5.17803e-05
5.1753e-05
5.17306e-05
5.17127e-05
5.16987e-05
5.16881e-05
5.16806e-05
5.16756e-05
5.16727e-05
5.16717e-05
5.16721e-05
5.16722e-05
5.16701e-05
5.16768e-05
5.1706e-05
5.17413e-05
5.17766e-05
5.18259e-05
5.18713e-05
5.1906e-05
5.19215e-05
5.1926e-05
5.19239e-05
5.19209e-05
5.19138e-05
5.19044e-05
5.18914e-05
0.000163445
0.000199637
0.000203681
0.000197292
0.00018791
0.000178052
0.000168537
0.000159609
0.000211937
0.000269323
0.000276566
0.000267511
0.000253753
0.000239496
0.00022602
0.000213476
0.000201892
0.00019115
0.000181111
0.000171722
0.000163082
0.000155176
0.00014776
0.000140705
0.000134088
0.000127923
0.000122197
0.000116895
0.000112012
0.000107468
0.000103258
9.93613e-05
9.57477e-05
9.24039e-05
8.93065e-05
8.64399e-05
8.37909e-05
8.13435e-05
7.90828e-05
7.69949e-05
7.50666e-05
7.32861e-05
7.1642e-05
7.01222e-05
6.87147e-05
0.00016353
0.000207626
0.000213784
0.000207566
0.000197731
0.000187243
0.000177075
0.000167519
0.000158642
0.000150426
0.000142836
0.000135855
0.000129427
0.000123508
0.000118073
0.000113063
0.000108445
0.000104222
0.000100335
9.67384e-05
9.33827e-05
9.02613e-05
8.73605e-05
8.46666e-05
8.2173e-05
7.98664e-05
7.77509e-05
7.58237e-05
7.40404e-05
7.23813e-05
7.0833e-05
6.93992e-05
6.80815e-05
6.69252e-05
6.58639e-05
6.4869e-05
6.39451e-05
6.30869e-05
6.22879e-05
6.1543e-05
6.08471e-05
6.02681e-05
6.02085e-05
6.04673e-05
0.000152437
0.000194306
0.000201273
0.000205808
0.000379902
0.000395288
0.000371209
0.000346907
0.000324243
0.00030326
0.00028387
0.000265963
0.00024943
0.000234167
0.000220079
0.000254237
0.000321604
0.000329343
0.000317755
0.000318088
0.000388089
0.000393319
0.000377715
0.000356291
0.000334103
0.000312792
0.000292837
0.00027432
0.000257195
0.000241378
0.000226826
0.000213697
0.000201784
0.000190777
0.000180551
0.000171054
0.000162219
0.000153996
0.000146345
0.000139233
0.000132615
0.000126474
0.000120776
0.000115502
0.000110623
0.000106108
0.000101925
9.80561e-05
9.4482e-05
9.11782e-05
8.81383e-05
8.53479e-05
8.27698e-05
8.03866e-05
7.81818e-05
7.61414e-05
7.42565e-05
7.25163e-05
7.09058e-05
6.94145e-05
6.80349e-05
6.67609e-05
6.55844e-05
6.44968e-05
6.34938e-05
6.2569e-05
6.17143e-05
6.09215e-05
6.01905e-05
0.000160474
0.000203383
0.00020934
0.000203267
0.000193684
0.000183683
0.00017416
0.000165285
0.000157046
0.000149384
0.00014223
0.000135531
0.00012927
0.000123447
0.00011804
0.000113025
0.000108376
0.000104071
0.000100085
9.63958e-05
9.29801e-05
8.98134e-05
8.68801e-05
8.41673e-05
8.16564e-05
7.93376e-05
7.71944e-05
7.52163e-05
7.33914e-05
7.17079e-05
7.01487e-05
6.87066e-05
6.73769e-05

