5e-05
5.02669e-05
5.04842e-05
5.06602e-05
5.08034e-05
5.09206e-05
5.10168e-05
5.10963e-05
5.12001e-05
5.13961e-05
5.16103e-05
5.18076e-05
5.1974e-05
5.21083e-05
5.22106e-05
5.23306e-05
5.24618e-05
5.2574e-05
5.26589e-05
5.27008e-05
5.26726e-05
5.26146e-05
5.25476e-05
5.24685e-05
5.23939e-05
5.2326e-05
5.22648e-05
5.22099e-05
5.2158e-05
5.20976e-05
5.20625e-05
5.2076e-05
5.2114e-05
5.21502e-05
5.21828e-05
5.2203e-05
5.22157e-05
5.22236e-05
5.22242e-05
5.22166e-05
5.22064e-05
5.21945e-05
5.21812e-05
5.21671e-05
5.21499e-05
5.21284e-05
5.21074e-05
0.000105412
0.000183748
0.000201899
0.000200173
0.000192171
0.000182583
0.000173015
0.000163949
0.000155481
0.000147617
0.000140336
0.000133595
0.00012736
0.00012157
0.000116211
0.000111262
0.000106692
0.000102469
9.85666e-05
9.49591e-05
9.16281e-05
8.85483e-05
8.5703e-05
8.3078e-05
8.0654e-05
7.84178e-05
7.6353e-05
7.4449e-05
7.26896e-05
7.10619e-05
6.95612e-05
6.81786e-05
6.69017e-05
6.57242e-05
6.46364e-05
6.36244e-05
6.26866e-05
6.18205e-05
6.10232e-05
6.02895e-05
5.9609e-05
5.8977e-05
7.16245e-05
0.000178508
0.000206253
0.000207263
0.000199724
0.00018985
0.000179733
0.000170051
0.000160998
0.000152601
0.000144837
0.000137668
0.000131051
0.000124945
0.000119319
0.000114154
0.000109398
0.00010501
0.000100953
9.71963e-05
9.37192e-05
9.05016e-05
8.75296e-05
8.47827e-05
8.22479e-05
7.99367e-05
7.78112e-05
7.58478e-05
7.40349e-05
7.23594e-05
7.08098e-05
6.93749e-05
6.80405e-05
6.68e-05
6.56596e-05
6.46239e-05
6.36591e-05
6.27651e-05
6.19299e-05
6.11519e-05
6.04506e-05
6.01252e-05
6.02197e-05
6.06745e-05
6.78354e-05
0.000315567
0.000364748
0.000355233
0.0003367
0.000316422
0.000296599
0.000277915
0.000260534
0.000244443
0.000229574
0.000215844
0.000203169
0.00019147
0.000180682
0.000170733
0.000161551
0.00025699
0.000285655
0.000282946
0.0002704
0.000255363
0.00024029
0.000225965
0.000212601
0.000200218
0.000188776
0.000178228
0.000168494
0.000159507
0.000151211
0.000143556
0.000136502
0.00012999
0.000123979
0.000216644
0.000250798
0.000251627
0.000241801
0.000229084
0.00021609
0.000203661
0.00019204
0.000181262
0.000171296
0.00016209
0.000153592
0.000145744
0.000138497
0.000131806
0.000125629
0.000119929
0.000114663
0.000109797
0.000105302
0.000152975
0.000223553
0.000236773
0.000231865
0.000221747
0.000210476
0.000199269
0.000188564
0.000178472
0.000169046
0.000160245
0.000152062
0.000234195
0.000267402
0.000267152
0.000256238
0.000242463
0.000228465
0.000215099
0.000202604
0.000191016
0.000180301
0.000170402
0.000161257
0.000152816
0.000145026
0.000137853
0.00013124
0.000125141
0.000119504
0.000114297
0.000109491
0.000152165
0.000224987
0.000239415
0.000234534
0.000223758
0.000211652
0.000199736
0.000188481
0.000178
0.000168288
0.000159312
0.000151023
0.000143378
0.000136342
0.000129852
0.00012386
0.000118322
0.0001132
0.000108462
0.000104085
0.000100044
9.63133e-05
9.28931e-05
8.97495e-05
8.68462e-05
8.41935e-05
8.17595e-05
7.95064e-05
7.74101e-05
7.57093e-05

