5e-05
5.02669e-05
5.04842e-05
5.06602e-05
5.08034e-05
5.09206e-05
5.10168e-05
5.1098e-05
5.11951e-05
5.12939e-05
5.13916e-05
5.15126e-05
5.16466e-05
5.17928e-05
5.18877e-05
5.20111e-05
5.21414e-05
5.22571e-05
5.29249e-05
0.000166147
0.000198605
0.00020157
0.000194969
0.000185652
0.000175934
0.000166579
0.000157811
0.000149671
0.000142139
0.000135177
0.00012875
0.000122816
0.000117338
0.000112282
0.000107614
0.000103306
9.9331e-05
9.56638e-05
9.22798e-05
8.9154e-05
0.000126577
0.000208905
0.000227134
0.000224052
0.000214388
0.000203141
0.00019196
0.000181362
0.000171476
0.000162314
0.000153843
0.000146017
0.000138774
0.000132083
0.000125906
0.000120204
0.000114941
0.000110079
0.00010559
0.000101446
9.76148e-05
9.40718e-05
9.089e-05
8.82537e-05
8.59944e-05
8.39969e-05
8.21131e-05
8.03393e-05
7.86444e-05
7.70073e-05
7.54215e-05
7.38895e-05
7.24174e-05
7.10113e-05
0.000161233
0.000206551
0.000213238
0.000207263
0.000197824
0.000188363
0.000290972
0.000392156
0.000374414
0.000350058
0.000327174
0.000305982
0.000286393
0.0002683
0.000251592
0.000236167
0.000221929
0.000208787
0.000196657
0.000185462
0.000175131
0.000165598
0.000156801
0.000148684
0.000141195
0.000134284
0.000127907
0.000122023
0.000116591
0.000111595
0.000107003
0.00010277
9.8859e-05
9.52474e-05
9.19123e-05
8.88319e-05
8.59862e-05
8.33573e-05
8.09274e-05
7.86719e-05
7.65807e-05
7.4644e-05
7.28568e-05
7.12083e-05
6.96879e-05
6.82856e-05
6.69924e-05
6.57997e-05
6.47188e-05
6.37389e-05
6.28387e-05
6.2002e-05
6.12263e-05
6.05028e-05
5.98314e-05
5.92096e-05
5.86337e-05
5.81005e-05
5.76263e-05
5.72044e-05
5.68123e-05
5.64469e-05
5.61011e-05
5.57782e-05
5.54726e-05
5.51818e-05
5.49196e-05
5.47018e-05
5.45063e-05
5.43166e-05
5.41333e-05
5.39593e-05
5.38002e-05
5.36658e-05
5.35388e-05
5.34162e-05
5.32909e-05
5.31672e-05
5.30466e-05
5.29334e-05
5.28263e-05
5.27274e-05
5.26316e-05
5.25322e-05
5.24363e-05
5.24528e-05
5.27274e-05
5.31341e-05
5.35449e-05
5.386e-05
5.40274e-05
5.40718e-05
5.40649e-05
5.40259e-05
5.3963e-05
5.38828e-05
5.37905e-05
5.36846e-05
5.35723e-05
6.34128e-05
0.000172843
0.00020192
0.000203606
0.000196483
0.000186913
0.000177049
0.000167591
0.000158762
0.000150586
0.000143027
0.000136044
0.000129594
0.000123636
0.000118133
0.000127486
0.00022271
0.000244501
0.000241736
0.000231294
0.000218938
0.000206593
0.000194867
0.000183928
0.00017379
0.000164413
0.000155749
0.000147755
0.000140395
0.000133611
0.000127348
0.000121557
0.00014786
0.000230041
0.000247062
0.00024264
0.000231637
0.000219094
0.000206678
0.000194924
0.000183974
0.000173831
0.000164452
0.000155805
0.000147834
0.000140479
0.00013369
0.000127421
0.000121625
0.000116269
0.000111316
0.000106742
0.000102513
9.86066e-05
9.50005e-05
9.16683e-05
8.85898e-05
8.57481e-05
8.31253e-05
8.07031e-05
7.84643e-05
7.6398e-05
7.44914e-05
7.2732e-05
7.11086e-05
6.96161e-05
6.82544e-05
6.69992e-05
6.58419e-05
6.47693e-05
6.37783e-05
6.28627e-05
6.20163e-05
6.12337e-05
6.05064e-05
5.98284e-05
5.92005e-05

