5e-05
5.02631e-05
5.04691e-05
5.06301e-05
5.07572e-05
5.08582e-05
5.09394e-05
5.10052e-05
5.10761e-05
5.1157e-05
5.12311e-05
5.12951e-05
5.13562e-05
5.14249e-05
5.15046e-05
5.16016e-05
5.16913e-05
5.17665e-05
5.18252e-05
5.18553e-05
5.18578e-05
5.18573e-05
6.59703e-05
0.000173433
0.000201646
0.000203046
0.000195848
0.000186283
0.000176448
0.000167018
0.000158191
0.000150002
0.00014243
0.000135434
0.000128967
0.000122996
0.000117487
0.000112403
0.000107707
0.000103374
9.93773e-05
9.56901e-05
9.22886e-05
8.91507e-05
8.62718e-05
8.36355e-05
8.12028e-05
7.89557e-05
7.69099e-05
7.50282e-05
7.32826e-05
7.16586e-05
7.01362e-05
6.87184e-05
6.74079e-05
6.61941e-05
6.50922e-05
6.40923e-05
6.31984e-05
6.23804e-05
6.16023e-05
6.08741e-05
6.01984e-05
5.9571e-05
5.8988e-05
5.8443e-05
5.79297e-05
5.74744e-05
5.70563e-05
5.66716e-05
5.63159e-05
5.59847e-05
5.56708e-05
5.53777e-05
5.51047e-05
5.48505e-05
5.46139e-05
5.43916e-05
5.4182e-05
5.39874e-05
5.38044e-05
5.36301e-05
5.34666e-05
5.33142e-05
5.31701e-05
5.3035e-05
5.29089e-05
5.27937e-05
5.26884e-05
5.25903e-05
5.25015e-05
5.24211e-05
5.23449e-05
5.22708e-05
0.000118452
0.000188255
0.000203529
0.00020073
0.000192332
0.000182579
0.000172883
0.000163694
0.000155127
0.000147182
0.000139835
0.000133047
0.000126777
0.000120989
0.000115645
0.00011071
0.000106156
0.000101954
9.80746e-05
9.44947e-05
9.12355e-05
8.82631e-05
8.55294e-05
8.30052e-05
8.0669e-05
7.85039e-05
7.6496e-05
7.46344e-05
7.29438e-05
7.14356e-05
7.00415e-05
6.87183e-05
6.74787e-05
6.63035e-05
6.52068e-05
6.42018e-05
6.35743e-05
6.33189e-05
6.32551e-05
6.30962e-05
6.2739e-05
6.22419e-05
6.17148e-05
6.1221e-05
6.06845e-05
6.01034e-05
5.95201e-05
5.89649e-05
5.84406e-05
5.79556e-05
5.75497e-05
9.39301e-05
0.000265078
0.000271533
0.000255513
0.00023988
0.000225374
0.000305978
0.000345377
0.000343004
0.000327524
0.000308653
0.000289656
0.000271578
0.0002547
0.00023905
0.000280198
0.000338564
0.000342614
0.000329182
0.000310867
0.000291924
0.000273736
0.000256704
0.000240898
0.000226279
0.000212773
0.000200303
0.00018879
0.000178164
0.000168428
0.000159458
0.000151162
0.000143483
0.000136377
0.000129804
0.000123727
0.000118112
0.000112924
0.000108133
0.000103708
9.96228e-05
9.58509e-05
9.23687e-05
8.91538e-05
8.61859e-05
8.34463e-05
8.09177e-05
7.85835e-05
7.64287e-05
7.44395e-05
7.26034e-05
7.09088e-05
6.93449e-05
6.79091e-05
6.65861e-05
6.53638e-05
6.42337e-05
6.31889e-05
6.22231e-05
6.13305e-05
6.05057e-05
5.97437e-05
0.000141318
0.000201505
0.000213017
0.000208481
0.000199072
0.000188603
0.000178324
0.000168623
0.000159592
0.00015123
0.000143501
0.000136362
0.000129771
0.000123686
0.000118068
0.000112882
0.0001081
0.000103691
9.96218e-05
9.58634e-05
9.23921e-05
8.9186e-05
0.000178904
0.000225674
0.000231713
0.000224503
0.000213442
0.000201727
0.000190394
0.000179754
0.000169878
0.000160741
0.000152297
0.000144497
0.000137292
0.000130638
0.000124494
0.000118821
0.000113583
0.000108746
0.000104282
0.000100168
0.00015127

