5e-05
5.02631e-05
5.04691e-05
5.06301e-05
5.07572e-05
5.08582e-05
5.09394e-05
5.10052e-05
5.10589e-05
5.11033e-05
5.11402e-05
5.11713e-05
8.2585e-05
0.000177775
0.00020158
0.000201515
0.000194003
0.000184549
0.000174943
0.000165748
0.000157112
0.00014908
0.000141627
0.000134705
0.000128301
0.000122385
0.000116923
0.000111883
0.000107231
0.000102934
9.8968e-05
9.53092e-05
9.19335e-05
8.88126e-05
8.59317e-05
8.32746e-05
8.08242e-05
7.85646e-05
7.64797e-05
7.45544e-05
7.27763e-05
7.11989e-05
7.00071e-05
6.90485e-05
6.82371e-05
6.74922e-05
6.67216e-05
6.59228e-05
6.51825e-05
0.000113824
0.000190011
0.000207575
0.000205401
0.000197002
0.000187028
0.00017705
0.000167569
0.000158722
0.000150519
0.000142929
0.000135895
0.000129388
0.000123379
0.000117834
0.00011274
0.000108048
0.00010372
9.97232e-05
9.6035e-05
9.26315e-05
8.94882e-05
8.65778e-05
8.38837e-05
8.1393e-05
7.90942e-05
7.69956e-05
7.50697e-05
7.32963e-05
7.16561e-05
7.01385e-05
6.87363e-05
6.74331e-05
6.622e-05
6.50929e-05
6.40503e-05
6.30886e-05
6.2202e-05
6.13833e-05
6.06258e-05
5.99245e-05
5.92742e-05
5.8671e-05
5.81126e-05
5.75963e-05
5.712e-05
5.66783e-05
5.62712e-05
5.58977e-05
5.55553e-05
5.52411e-05
5.49483e-05
5.46747e-05
5.44176e-05
5.41819e-05
5.39668e-05
5.37706e-05
5.35918e-05
5.34304e-05
5.33069e-05
5.32072e-05
5.31138e-05
5.30267e-05
5.2945e-05
5.28633e-05
5.27863e-05
5.27417e-05
5.27057e-05
5.2668e-05
5.26242e-05
5.25778e-05
5.2531e-05
5.24839e-05
5.24334e-05
0.000150302
0.000196674
0.000204096
0.000198766
0.000189652
0.000179793
0.000170194
0.000161161
0.000152762
0.000144987
0.000137804
0.00013117
0.000125059
0.000119436
0.000114272
0.000109521
0.000105142
0.000101119
9.7409e-05
9.40144e-05
9.08827e-05
8.79667e-05
8.52619e-05
8.27444e-05
8.04e-05
7.82527e-05
7.65346e-05
7.50769e-05
7.36854e-05
7.23212e-05
7.10002e-05
6.97263e-05
6.84834e-05
6.72627e-05
6.60919e-05
6.49953e-05
6.39784e-05
6.30531e-05
6.21971e-05
6.14022e-05
6.06637e-05
5.99786e-05
5.93423e-05
5.87543e-05
5.82118e-05
5.77112e-05
5.72478e-05
5.6814e-05
5.64127e-05
5.60393e-05
5.56951e-05
5.53773e-05
5.50823e-05
5.48112e-05
5.45605e-05
5.43251e-05
5.41272e-05
5.39595e-05
5.38068e-05
5.36889e-05
5.35941e-05
5.35021e-05
5.34113e-05
5.33164e-05
5.32224e-05
5.31305e-05
5.30367e-05
5.29458e-05
5.28481e-05
5.27528e-05
5.26617e-05
5.25722e-05
5.2489e-05
5.24097e-05
6.07978e-05
0.00017213
0.000201655
0.000203466
0.000196397
0.000186859
0.000177014
0.000167564
0.000158716
0.000150502
0.000142899
0.000135873
0.000129386
0.000123399
0.00011787
0.000112766
0.000108054
0.000103702
9.96835e-05
9.5974e-05
9.2548e-05
8.93845e-05
8.64657e-05
8.37711e-05
8.12836e-05
7.89867e-05
7.68662e-05
7.49078e-05
7.31014e-05
7.14355e-05
6.98994e-05
6.84826e-05
6.71709e-05
6.59579e-05
6.48377e-05
6.38034e-05
6.28486e-05
6.19688e-05
6.11583e-05
6.04117e-05
5.97405e-05
5.91352e-05
5.8579e-05
5.80904e-05
5.76462e-05
5.72325e-05
5.68313e-05
5.64535e-05
5.60968e-05
5.57656e-05
5.54749e-05
5.52144e-05
5.49666e-05

