5e-05
5.02631e-05
5.04691e-05
5.06301e-05
5.07572e-05
5.08582e-05
5.09394e-05
5.10093e-05
5.10945e-05
5.12192e-05
5.13914e-05
5.15577e-05
5.1698e-05
5.18291e-05
5.19884e-05
5.21653e-05
5.23197e-05
5.24384e-05
5.25182e-05
5.25351e-05
5.24965e-05
5.24447e-05
5.23819e-05
5.23021e-05
5.2373e-05
5.26361e-05
5.29786e-05
5.33204e-05
5.35652e-05
0.000162529
0.000196672
0.000200391
0.000194239
0.000185212
0.000175698
0.000166491
0.000157832
0.000149772
0.0001423
0.000135384
0.000128988
0.000123075
0.000117605
0.000112548
0.000107869
0.000103556
9.96005e-05
9.59584e-05
9.2874e-05
9.05534e-05
0.000163628
0.000213227
0.000221483
0.00021583
0.000205961
0.000195184
0.000184606
0.000174606
0.000165276
0.000156607
0.00014855
0.00014109
0.000134198
0.000127834
0.000121957
0.000116529
0.000111518
0.000106891
0.000102618
9.86704e-05
9.50286e-05
9.16705e-05
8.85742e-05
8.57165e-05
8.30801e-05
8.06475e-05
7.84049e-05
7.63353e-05
7.44209e-05
0.00015802
0.000209905
0.000218401
0.00021268
0.000202725
0.000191928
0.000181408
0.000171509
0.000162305
0.000153786
0.000145913
0.000138641
0.000131925
0.000125724
0.000120001
0.000114718
0.000109843
0.000105365
0.000101249
9.7456e-05
9.39575e-05
9.07282e-05
8.77441e-05
8.49808e-05
8.24247e-05
8.00629e-05
7.78827e-05
7.58888e-05
7.40507e-05
7.23459e-05
7.0764e-05
6.9303e-05
6.79536e-05
6.67059e-05
6.55463e-05
6.44734e-05
6.34797e-05
6.25597e-05
6.17033e-05
6.09116e-05
6.01821e-05
5.95103e-05
0.000171085
0.000205257
0.000208374
0.000201442
0.000191671
0.00018149
0.000171695
0.000162516
0.000153997
0.000146118
0.000138839
0.000132118
0.000125916
0.000120211
0.000114973
0.000110166
0.000105737
0.000101634
9.78613e-05
9.43777e-05
9.11655e-05
8.82272e-05
8.55169e-05
8.30062e-05
8.06739e-05
7.84837e-05
7.64966e-05
0.000162918
0.000210552
0.000217757
0.000256227
0.000312672
0.000317429
0.000305557
0.000288995
0.000271763
0.000255187
0.00023965
0.000225219
0.000211868
0.000199533
0.000188143
0.000177629
0.000261182
0.000288676
0.000285447
0.000272629
0.000257412
0.000242195
0.000227746
0.000214267
0.000201777
0.00019024
0.000179605
0.000169786
0.00016072
0.000152351
0.000144616
0.000137473
0.000130874
0.000124776
0.000119145
0.000113946
0.000109142
0.000104704
0.000100609
9.68303e-05
9.33436e-05
9.01263e-05
8.71576e-05
8.44183e-05
8.18896e-05
7.95497e-05
7.73863e-05
7.53902e-05
7.35492e-05
7.18502e-05
7.02805e-05
6.8832e-05
6.74934e-05
6.62588e-05
6.51177e-05
6.40647e-05
6.30898e-05
6.21888e-05
6.13542e-05
6.05835e-05
5.98718e-05
5.92145e-05
5.86086e-05
5.80489e-05
5.75342e-05
5.70607e-05
5.66229e-05
5.62203e-05
5.58521e-05
5.55314e-05
5.52407e-05
5.49749e-05
5.47246e-05
5.44876e-05
5.42595e-05
5.40466e-05
5.38506e-05
5.36702e-05
5.3501e-05
5.33419e-05
5.31954e-05
5.306e-05
5.29317e-05
5.28102e-05
5.26988e-05
5.25934e-05
5.24938e-05
5.24037e-05
5.23213e-05
5.22402e-05
5.21627e-05
5.20955e-05
5.20575e-05
5.2031e-05
5.20128e-05
5.20196e-05
5.20315e-05
5.20438e-05
5.20494e-05
5.20416e-05
5.20294e-05
5.20132e-05

