5e-05
5.02669e-05
5.04842e-05
5.06602e-05
5.08034e-05
5.09206e-05
5.10168e-05
5.10963e-05
5.11623e-05
5.12174e-05
5.12636e-05
5.13026e-05
5.13352e-05
0.000163365
0.000199575
0.000203604
0.000197209
0.000187826
0.00017797
0.000168461
0.000159539
0.000151256
0.000143595
0.000136519
0.000129984
0.00012395
0.000118382
0.000113242
0.000108495
0.00010411
0.000100061
9.63252e-05
9.2879e-05
8.96997e-05
8.67667e-05
8.4061e-05
8.158e-05
7.93463e-05
7.73116e-05
7.54406e-05
7.37116e-05
7.21088e-05
7.06204e-05
6.92293e-05
6.79335e-05
6.6748e-05
6.56783e-05
6.46926e-05
6.3797e-05
6.29999e-05
6.2264e-05
6.15741e-05
6.08859e-05
6.02274e-05
5.96122e-05
5.90388e-05
5.85032e-05
5.79991e-05
5.75253e-05
5.70855e-05
5.66784e-05
5.63019e-05
5.59499e-05
5.56235e-05
5.53223e-05
5.50448e-05
5.47891e-05
5.45522e-05
5.43303e-05
5.41258e-05
5.39379e-05
5.38055e-05
5.40356e-05
5.45934e-05
5.53997e-05
5.66262e-05
0.000206292
0.000281302
0.000269469
0.000253232
0.000237848
0.000223558
0.000210332
0.000198108
0.000186814
0.000176385
0.000166761
0.000157896
0.000149715
0.000142163
0.000135191
0.000128755
0.000122815
0.000117332
0.000112271
0.0001076
0.000103288
9.93084e-05
9.56349e-05
9.22443e-05
8.91294e-05
8.62756e-05
8.36451e-05
8.12057e-05
7.89508e-05
7.68674e-05
7.494e-05
7.31548e-05
7.15049e-05
6.99804e-05
6.85719e-05
6.72706e-05
6.60683e-05
6.49576e-05
6.39291e-05
6.29769e-05
6.20976e-05
6.12858e-05
6.05365e-05
5.98439e-05
5.92017e-05
5.86088e-05
5.80618e-05
5.75574e-05
5.70921e-05
5.6663e-05
5.62672e-05
5.59021e-05
5.55653e-05
5.52545e-05
5.49679e-05
5.47034e-05
5.44594e-05
5.42342e-05
5.40263e-05
5.38346e-05
5.36575e-05
5.3503e-05
0.000128994
0.000191612
0.000204474
0.000200866
0.000192205
0.000182375
0.000172666
0.000163484
0.000154931
0.000147007
0.000139682
0.000132918
0.000126693
0.000120954
0.000115658
0.000110768
0.000106245
0.000102064
9.82014e-05
0.000113865
0.000209825
0.000232261
0.000230255
0.000220634
0.000209079
0.000197486
0.000186462
0.000176173
0.000166635
0.000157811
0.000149656
0.000142124
0.000135169
0.000128748
0.000122819
0.000117341
0.000112283
0.000107614
0.000103304
9.93253e-05
9.56528e-05
9.22628e-05
8.91318e-05
8.62393e-05
8.35695e-05
8.11056e-05
7.88316e-05
0.000140999
0.000207508
0.000220764
0.000216438
0.000206747
0.000195841
0.0001851
0.000174953
0.000165503
0.000156753
0.000148667
0.000141199
0.000134306
0.000127943
0.000122069
0.000116648
0.000111644
0.000107023
0.000102754
9.88114e-05
9.51724e-05
9.18142e-05
8.87151e-05
8.58553e-05
8.32161e-05
8.07805e-05
7.85329e-05
7.64586e-05
7.45443e-05
7.27776e-05
7.11471e-05
6.96419e-05
6.82492e-05
6.69634e-05
6.57772e-05
6.46827e-05
6.36706e-05
6.27316e-05
6.18651e-05
6.10663e-05
6.03301e-05
5.96516e-05
5.90236e-05
5.84439e-05
5.79098e-05
5.74171e-05
6.97746e-05
0.000177062
0.000205012
0.000206144
0.000198703
0.000188916
0.000178879
0.000169269
0.00016028
0.000151943
0.000144232
0.000137111
0.000130536
0.000124466
0.000118862
0.000113686
0.000108909
0.000104499
0.000100428

