5e-05
5.02631e-05
5.04691e-05
5.06301e-05
5.07572e-05
5.08582e-05
5.09394e-05
5.10052e-05
5.10589e-05
5.11033e-05
5.11402e-05
5.11728e-05
6.85789e-05
0.000169908
0.000196386
0.000197671
0.000190897
0.000181862
0.000206854
0.000277301
0.000288608
0.000280312
0.000266148
0.000250817
0.000235882
0.00022183
0.000208768
0.000196681
0.000185512
0.000175195
0.000165667
0.000156871
0.000148752
0.000141259
0.000134341
0.000127967
0.00012232
0.000117322
0.000112802
0.000108596
0.000104629
0.000100913
9.74132e-05
9.41071e-05
9.10097e-05
8.81152e-05
8.54151e-05
8.28887e-05
8.05311e-05
7.83361e-05
7.62796e-05
7.4373e-05
7.26067e-05
7.09734e-05
6.94652e-05
6.80737e-05
6.67899e-05
6.5604e-05
6.45092e-05
6.34977e-05
6.25592e-05
6.16904e-05
6.089e-05
6.01659e-05
5.95176e-05
5.89283e-05
5.8389e-05
5.7892e-05
5.74271e-05
5.69896e-05
5.65831e-05
0.000170081
0.000203053
0.000205896
0.000199017
0.000189393
0.000179378
0.000169741
0.000160714
0.000152334
0.000144584
0.000137426
0.00013081
0.000124701
0.000119062
0.000113855
0.00010905
0.000104615
0.000100522
9.67436e-05
9.32585e-05
9.00437e-05
8.70783e-05
8.43393e-05
8.18087e-05
7.94812e-05
7.73585e-05
7.5409e-05
7.36125e-05
7.19539e-05
7.04265e-05
6.90577e-05
6.78408e-05
6.67268e-05
6.5692e-05
6.47441e-05
6.3886e-05
6.30672e-05
6.22877e-05
6.1553e-05
6.08609e-05
6.02094e-05
5.95972e-05
5.90166e-05
9.31568e-05
0.000184351
0.000206655
0.000205941
0.000197928
0.000187999
0.000177962
0.000168391
0.000159454
0.000151189
0.000143551
0.000136504
0.000177627
0.000246381
0.000258397
0.000251789
0.000239646
0.00022635
0.000213336
0.000201063
0.000189674
0.000179134
0.000169381
0.000160371
0.000152049
0.000144372
0.000137304
0.000130781
0.000124756
0.000119183
0.000206801
0.00024398
0.000246123
0.000237021
0.000312599
0.000333927
0.000326465
0.000310228
0.000292026
0.000274128
0.000257228
0.000241488
0.00022691
0.000213435
0.000200988
0.000189497
0.000249617
0.0002922
0.000293584
0.000281816
0.000266456
0.00025073
0.000235683
0.000221611
0.000208562
0.000196496
0.000185349
0.000175058
0.000165559
0.000156792
0.000148699
0.000141225
0.000134324
0.000127955
0.000122077
0.000116652
0.000111644
0.000107013
0.000102733
9.87791e-05
9.51294e-05
9.17621e-05
8.86563e-05
8.5793e-05
8.31747e-05
8.07718e-05
7.85486e-05
7.64877e-05
7.45789e-05
7.28138e-05
7.11776e-05
6.96626e-05
6.82643e-05
6.69747e-05
6.57962e-05
6.47191e-05
6.3733e-05
6.28448e-05
6.20234e-05
6.12499e-05
6.05313e-05
5.9862e-05
5.9238e-05
5.86591e-05
5.81166e-05
5.76064e-05
5.71315e-05
5.66914e-05
5.62844e-05
5.59058e-05
5.55557e-05
5.52331e-05
5.49368e-05
5.46628e-05
5.44074e-05
5.41721e-05
5.39526e-05
5.37513e-05
5.35681e-05
5.35373e-05
5.37407e-05
5.40107e-05
5.42955e-05
5.45393e-05
5.46714e-05
5.4693e-05
5.46586e-05
5.45842e-05
5.4481e-05
5.43581e-05
5.42094e-05
5.40504e-05
5.38976e-05
5.37751e-05
5.36614e-05
5.35433e-05
5.34249e-05
5.33015e-05
5.31758e-05
5.30541e-05
5.29408e-05
5.2836e-05
5.27483e-05
5.26927e-05
5.26445e-05
5.2591e-05

