5e-05
5.02667e-05
5.04834e-05
5.06586e-05
5.08009e-05
5.09171e-05
5.10125e-05
5.10912e-05
5.11565e-05
5.12109e-05
5.12566e-05
5.12951e-05
5.13283e-05
5.1373e-05
5.14221e-05
5.147e-05
5.1514e-05
5.15527e-05
5.1585e-05
5.16018e-05
5.15989e-05
5.15829e-05
5.1564e-05
5.15394e-05
5.15176e-05
5.15005e-05
5.14879e-05
5.14794e-05
5.14735e-05
5.14639e-05
5.14526e-05
5.14449e-05
5.14409e-05
5.14389e-05
5.14334e-05
5.14293e-05
5.14285e-05
5.14307e-05
5.14341e-05
5.14348e-05
5.14373e-05
5.14421e-05
5.14487e-05
5.14537e-05
5.14599e-05
5.14678e-05
5.1477e-05
5.14872e-05
5.14981e-05
5.15057e-05
5.15123e-05
0.000131263
0.000192079
0.00020424
0.000200404
0.000191686
0.000181852
0.000172158
0.000162999
0.00015447
0.000146558
0.00013924
0.000132484
0.00012625
0.000120497
0.000115187
0.000110288
0.000105769
0.000101597
9.7741e-05
9.41826e-05
9.08963e-05
8.7863e-05
8.50657e-05
8.24847e-05
8.00994e-05
7.78972e-05
7.58658e-05
7.39933e-05
7.22673e-05
7.06763e-05
6.92032e-05
6.78398e-05
6.65808e-05
6.54188e-05
6.43458e-05
6.33576e-05
6.24475e-05
6.16044e-05
6.08232e-05
6.01042e-05
5.9443e-05
5.88352e-05
5.82761e-05
5.77584e-05
5.72759e-05
5.68311e-05
5.64227e-05
5.60426e-05
5.56895e-05
5.53637e-05
5.50664e-05
5.48177e-05
5.46051e-05
5.44076e-05
5.42166e-05
5.40316e-05
5.38693e-05
5.37423e-05
5.36334e-05
5.35324e-05
5.34312e-05
5.33348e-05
5.32421e-05
5.31449e-05
5.30477e-05
5.29552e-05
5.28599e-05
5.27703e-05
5.26879e-05
5.26123e-05
5.25431e-05
5.24783e-05
5.24371e-05
5.2449e-05
5.24622e-05
5.24856e-05
5.25337e-05
5.25801e-05
5.26006e-05
5.26096e-05
5.26108e-05
5.26037e-05
5.25818e-05
5.25531e-05
5.25531e-05
5.26283e-05
5.27363e-05
5.28141e-05
0.000146038
0.00019397
0.000202098
0.000197151
0.00018828
0.000178638
0.00016927
0.000160467
0.00015233
0.000144788
0.000137772
0.00013126
0.000125228
0.000119657
0.000114494
0.000109708
0.000105288
0.000101216
9.74549e-05
9.39766e-05
9.07595e-05
8.77829e-05
8.50239e-05
8.2476e-05
8.0122e-05
7.79463e-05
7.59307e-05
7.40654e-05
7.23373e-05
7.07351e-05
6.92496e-05
6.78796e-05
6.66142e-05
6.54468e-05
6.43684e-05
6.3376e-05
6.24638e-05
6.16253e-05
6.08486e-05
6.01298e-05
5.94689e-05
5.88622e-05
5.83053e-05
5.77896e-05
5.73102e-05
5.68638e-05
5.64539e-05
5.60785e-05
5.57322e-05
5.54134e-05
5.51217e-05
5.48547e-05
5.46016e-05
5.43665e-05
5.41518e-05
5.39529e-05
5.37655e-05
5.35918e-05
5.34341e-05
5.32912e-05
5.3161e-05
5.3039e-05
5.29255e-05
5.28228e-05
5.27302e-05
5.26416e-05
5.2558e-05
5.24797e-05
5.24039e-05
5.23323e-05
5.22646e-05
5.22026e-05
5.21481e-05
5.21007e-05
5.20595e-05
5.2024e-05
5.19934e-05
5.19661e-05
5.1939e-05
5.19132e-05
5.18883e-05
5.18644e-05
5.18421e-05
5.18807e-05
5.22663e-05
5.28632e-05
5.34737e-05
5.39543e-05
5.42369e-05
5.43746e-05
5.4432e-05
5.45196e-05
0.000117637
0.000273632
0.00027518
0.000259282
0.000243503
0.000228789
0.000215155
0.000202569
0.000190946
0.00018021
0.000170297
0.000161161
0.000152747
0.000145011
0.000137875
0.000131286
0.000125196
0.000119568
0.000114363

