5e-05
5.02631e-05
5.04691e-05
5.06301e-05
5.07572e-05
5.08582e-05
5.09394e-05
5.10052e-05
5.10589e-05
5.11153e-05
5.11865e-05
5.12588e-05
5.13546e-05
5.14314e-05
5.14745e-05
5.15331e-05
5.16018e-05
5.16647e-05
5.17173e-05
5.17587e-05
5.17801e-05
5.17881e-05
5.17904e-05
5.17867e-05
5.2e-05
5.25245e-05
5.31916e-05
5.38761e-05
5.44247e-05
5.45861e-05
5.46062e-05
5.45465e-05
5.4447e-05
5.43248e-05
5.41891e-05
5.40467e-05
5.39022e-05
5.37589e-05
5.36191e-05
5.34844e-05
5.33556e-05
5.32334e-05
5.31181e-05
5.30097e-05
5.29083e-05
5.28137e-05
5.27256e-05
5.26403e-05
5.25597e-05
5.24852e-05
5.24121e-05
5.23376e-05
5.22563e-05
5.21769e-05
5.21058e-05
5.20426e-05
5.19857e-05
5.19362e-05
5.18936e-05
6.56462e-05
0.000173959
0.000202429
0.000203857
0.000196613
0.000186985
0.000177088
0.000167608
0.000158739
0.000150511
0.000142903
0.000242032
0.000267392
0.000264551
0.000252901
0.000239043
0.000225202
0.000212074
0.000199831
0.000188483
0.000177987
0.000168284
0.000159324
0.00015105
0.000143408
0.00013635
0.000129831
0.000123818
0.000118292
0.000113185
0.000108467
0.000104111
0.00010009
9.63769e-05
9.29453e-05
8.97734e-05
8.6838e-05
8.41248e-05
8.16173e-05
7.93017e-05
7.71648e-05
7.51928e-05
7.33692e-05
7.16813e-05
7.01224e-05
6.86837e-05
6.73839e-05
6.62279e-05
6.51782e-05
6.42048e-05
6.32994e-05
6.24506e-05
6.16595e-05
6.09234e-05
6.02377e-05
5.95927e-05
5.89891e-05
5.84292e-05
5.79106e-05
5.74304e-05
5.69859e-05
5.65747e-05
5.61916e-05
5.58355e-05
5.55065e-05
5.51996e-05
5.4912e-05
5.46469e-05
5.44002e-05
5.41728e-05
5.39819e-05
5.38245e-05
5.36848e-05
5.35567e-05
5.34368e-05
5.33265e-05
5.32517e-05
5.31928e-05
5.31323e-05
5.30545e-05
5.29588e-05
5.28621e-05
5.27708e-05
5.26847e-05
5.26004e-05
5.25214e-05
5.24482e-05
5.24123e-05
5.24613e-05
5.25323e-05
5.25846e-05
5.26146e-05
5.26225e-05
5.26698e-05
5.27772e-05
5.28915e-05
5.3022e-05
5.31541e-05
5.32399e-05
5.32604e-05
5.32478e-05
5.3217e-05
5.32077e-05
5.32036e-05
5.31881e-05
5.31456e-05
5.30793e-05
5.30003e-05
5.29163e-05
5.28226e-05
5.27304e-05
5.2644e-05
5.25624e-05
5.24797e-05
5.24005e-05
5.23278e-05
5.22591e-05
5.21948e-05
5.21359e-05
5.20831e-05
5.20332e-05
5.19884e-05
5.1949e-05
5.19144e-05
5.18831e-05
5.18528e-05
5.1826e-05
5.18027e-05
5.17826e-05
5.1784e-05
5.17994e-05
5.1817e-05
5.18342e-05
5.18486e-05
5.18593e-05
5.18661e-05
5.18691e-05
5.18687e-05
5.18614e-05
5.18503e-05
5.18384e-05
5.18259e-05
5.18129e-05
5.17961e-05
5.17792e-05
5.17615e-05
5.17427e-05
5.17221e-05
5.16992e-05
5.16766e-05
5.16556e-05
5.16376e-05
5.16225e-05
5.16099e-05
5.15994e-05
5.15908e-05
5.15839e-05
5.15783e-05
5.15738e-05
5.15684e-05
5.15611e-05
5.1552e-05
5.15435e-05
5.15337e-05
0.000114471
0.000187705
0.000204031
0.000201494
0.000193144
0.000183368
0.00017363
0.000164389
0.000155768
0.00014778
0.000140395
0.000133573
0.000127274
0.000121454
0.00011608
0.000111118
0.000106535
0.0001023
9.83871e-05
9.4772e-05
9.1433e-05
8.83519e-05
8.55094e-05
8.28871e-05
8.04678e-05
7.82359e-05
7.61768e-05

