5e-05
5.02631e-05
5.04691e-05
5.06301e-05
5.07572e-05
5.08582e-05
5.09394e-05
5.10052e-05
5.10648e-05
5.11412e-05
5.12267e-05
5.1337e-05
5.14839e-05
5.16571e-05
5.1829e-05
5.20043e-05
5.21551e-05
5.2272e-05
5.23546e-05
5.23937e-05
5.23674e-05
5.23116e-05
5.22453e-05
5.21726e-05
5.21033e-05
5.20394e-05
5.19824e-05
5.19322e-05
5.18873e-05
5.18407e-05
5.17943e-05
5.17536e-05
5.17185e-05
5.16871e-05
5.16609e-05
5.16396e-05
5.16226e-05
5.16094e-05
5.1598e-05
5.15845e-05
5.15732e-05
5.15648e-05
5.15589e-05
5.15552e-05
5.15524e-05
5.15482e-05
5.15453e-05
5.1544e-05
5.15436e-05
5.15409e-05
5.15374e-05
5.15263e-05
5.15071e-05
5.14893e-05
5.14754e-05
5.14643e-05
5.14529e-05
5.14578e-05
5.14754e-05
5.14971e-05
9.54044e-05
0.000181654
0.000202516
0.000201539
0.00019367
0.000184003
0.00017425
0.000164962
0.00015629
0.000148248
0.000140812
0.000133946
0.000127607
0.000121753
0.000116348
0.000111355
0.000106747
0.000102494
9.85702e-05
9.49495e-05
9.16086e-05
8.85219e-05
8.56698e-05
8.30381e-05
8.06095e-05
7.83661e-05
7.62942e-05
7.43788e-05
7.26105e-05
7.09781e-05
6.94714e-05
6.80808e-05
6.6795e-05
6.56072e-05
6.45103e-05
6.34972e-05
6.25636e-05
6.1704e-05
6.09127e-05
6.01841e-05
5.95132e-05
5.8895e-05
5.83226e-05
5.77949e-05
5.7306e-05
5.68544e-05
5.64312e-05
5.60379e-05
5.56772e-05
5.53649e-05
5.50904e-05
5.48423e-05
5.46144e-05
5.4392e-05
5.41813e-05
5.39795e-05
5.37913e-05
5.36167e-05
5.34534e-05
5.33011e-05
5.31562e-05
5.30231e-05
5.29016e-05
5.27908e-05
5.26899e-05
5.25995e-05
5.25386e-05
5.24875e-05
5.24414e-05
5.23951e-05
5.23477e-05
5.22963e-05
5.22455e-05
5.2198e-05
5.21538e-05
5.21167e-05
5.21039e-05
5.20991e-05
5.21112e-05
5.21832e-05
5.2292e-05
5.24018e-05
5.24976e-05
5.26001e-05
5.26944e-05
5.27574e-05
5.27874e-05
5.27947e-05
5.27802e-05
5.27735e-05
5.27923e-05
5.28161e-05
5.28966e-05
5.30398e-05
5.31513e-05
5.33242e-05
5.34692e-05
5.35482e-05
5.35673e-05
5.35606e-05
5.35484e-05
5.35211e-05
5.34805e-05
5.34189e-05
5.33357e-05
5.32373e-05
5.3163e-05
5.30991e-05
5.30348e-05
5.29727e-05
5.29115e-05
0.00010562
0.000185321
0.00020395
0.00020219
0.000194034
0.000184257
0.000174458
0.000165143
0.000156452
0.000148394
0.000140943
0.000134062
0.000127712
0.000121854
0.000116471
0.000111509
0.000106949
0.000102754
9.8883e-05
9.53092e-05
9.20068e-05
8.89491e-05
8.61169e-05
8.34978e-05
8.1075e-05
7.88268e-05
7.67449e-05
7.48213e-05
7.30445e-05
7.14033e-05
6.98838e-05
6.84762e-05
6.71761e-05
6.59717e-05
6.48555e-05
6.38221e-05
6.28677e-05
6.19836e-05
6.11684e-05
6.04179e-05
5.97274e-05
5.90919e-05
5.85071e-05
5.79685e-05
5.74695e-05
5.70088e-05
5.65819e-05
5.61865e-05
5.58219e-05
5.54847e-05
5.51733e-05
5.49289e-05
5.49404e-05
5.51004e-05
5.52827e-05
5.53874e-05
5.54028e-05
5.53696e-05
5.52928e-05
5.51659e-05
5.50356e-05
5.49081e-05
5.4774e-05
5.46224e-05
5.44622e-05
5.4301e-05
5.41391e-05
5.40172e-05
5.42462e-05
5.47612e-05
5.55638e-05
6.99101e-05
0.000253065
0.000269639
0.000253781
0.000238278
0.000223894
0.000210591
0.000198301

