5e-05
5.02667e-05
5.04834e-05
5.06586e-05
5.08009e-05
5.09171e-05
5.10125e-05
5.10977e-05
5.12653e-05
5.14836e-05
5.16951e-05
5.1879e-05
5.20169e-05
5.20969e-05
5.21514e-05
5.22074e-05
5.22795e-05
5.23419e-05
5.24123e-05
5.24629e-05
5.24503e-05
5.24117e-05
5.23663e-05
5.23113e-05
5.22589e-05
5.2435e-05
5.29149e-05
5.35771e-05
5.71226e-05
0.000191476
0.00037924
0.000389888
0.000369694
0.000346993
0.00032486
0.000304024
0.000284647
0.000266709
0.000250133
0.000234825
0.000220694
0.000207651
0.000195613
0.000184504
0.000174252
0.000164807
0.000156107
0.000148084
0.00014068
0.000133857
0.000127583
0.000121814
0.000116481
0.000111536
0.000106962
0.000102736
9.88282e-05
9.52181e-05
9.18804e-05
8.87949e-05
8.59236e-05
8.32616e-05
8.08055e-05
7.85385e-05
0.000173377
0.000217902
0.000223643
0.000216774
0.00020625
0.000195098
0.000184308
0.000174173
0.000164761
0.000156054
0.000148012
0.000140584
0.000133724
0.000127393
0.000121552
0.000116159
0.000111181
0.000106583
0.000102337
9.84168e-05
9.47993e-05
9.14619e-05
8.8381e-05
8.5538e-05
8.29095e-05
8.04831e-05
7.82456e-05
7.618e-05
7.42717e-05
7.25097e-05
7.09195e-05
6.97283e-05
6.88488e-05
6.8117e-05
6.74023e-05
6.66805e-05
6.5878e-05
6.50571e-05
6.424e-05
6.34266e-05
6.2643e-05
6.18949e-05
6.11834e-05
6.05032e-05
5.98632e-05
5.92642e-05
5.87047e-05
5.81832e-05
5.76992e-05
5.72766e-05
5.68917e-05
5.65352e-05
5.61921e-05
5.58604e-05
5.55469e-05
0.000150681
0.000198262
0.000205986
0.000200661
0.000191452
0.000181467
0.00017174
0.000162587
0.000154078
0.000146201
0.000138921
0.0001322
0.000125996
0.000120279
0.000115028
0.00011019
0.000105722
0.000101613
9.78265e-05
9.43465e-05
9.12404e-05
8.84686e-05
8.5946e-05
8.35696e-05
8.13407e-05
7.9291e-05
0.000170238
0.000212068
0.000217406
0.00021083
0.000200764
0.000190067
0.000179697
0.000169952
0.000160885
0.000152489
0.000144727
0.000137557
0.000130937
0.000124853
0.000119466
0.000114665
0.000110333
0.000106281
0.000102378
9.87041e-05
9.52921e-05
9.21603e-05
8.92555e-05
8.65425e-05
8.39854e-05
8.15924e-05
7.93594e-05
7.72825e-05
7.5355e-05
7.35703e-05
7.19189e-05
7.03876e-05
6.89634e-05
6.76636e-05
6.64737e-05
6.53728e-05
6.43538e-05
6.34048e-05
6.25229e-05
6.1696e-05
6.09272e-05
6.02154e-05
5.95596e-05
5.89525e-05
5.83877e-05
5.78626e-05
5.73726e-05
5.69196e-05
5.65043e-05
5.63304e-05
5.66201e-05
5.7139e-05
5.76625e-05
5.7908e-05
5.79603e-05
5.7884e-05
5.77361e-05
5.75135e-05
5.72529e-05
5.69725e-05
0.000157823
0.000199487
0.000205336
0.000199474
0.000190172
0.000180244
0.000170649
0.000161961
0.000154081
0.000146886
0.000140201
0.000133963
0.000128182
0.000122774
0.000117701
0.000112914
0.000108431
0.000104244
0.000100328
9.66746e-05
9.32815e-05
9.01363e-05
8.72174e-05
8.45075e-05
8.19947e-05
7.96684e-05
7.75181e-05
7.55336e-05
8.50709e-05
0.000189901
0.000216485
0.000216615
0.00020834
0.000197814
0.000187101
0.000176864
0.000167295
0.000158436
0.000150265
0.000142727
0.000135776
0.000129409
0.000123577
0.000118188
0.000113201

