5e-05
5.02631e-05
5.04691e-05
5.06301e-05
5.07572e-05
5.08582e-05
5.09394e-05
5.10052e-05
5.10589e-05
5.11033e-05
5.11402e-05
5.11713e-05
0.000108129
0.000185645
0.00020351
0.000201465
0.000193279
0.000183582
0.000173893
0.000164672
0.000156044
0.00014804
0.000140637
0.000133792
0.000127467
0.000121627
0.000116233
0.000111255
0.000106658
0.000102411
9.85071e-05
9.49143e-05
9.15998e-05
8.85376e-05
8.57086e-05
8.30932e-05
8.06782e-05
7.84483e-05
7.63893e-05
7.4488e-05
7.27324e-05
7.11112e-05
6.96098e-05
6.82193e-05
6.69359e-05
6.57516e-05
6.46564e-05
6.36439e-05
6.27071e-05
6.18431e-05
6.10455e-05
6.03062e-05
5.96132e-05
5.89732e-05
5.83849e-05
5.78627e-05
5.74211e-05
5.70416e-05
5.6699e-05
5.6376e-05
5.60583e-05
5.57512e-05
5.54626e-05
5.51912e-05
5.49323e-05
5.46896e-05
5.44589e-05
5.42428e-05
5.40388e-05
5.38498e-05
5.36752e-05
5.35119e-05
5.33557e-05
5.32088e-05
5.30742e-05
5.2953e-05
5.28639e-05
5.27935e-05
5.27323e-05
5.26761e-05
5.26225e-05
5.25622e-05
5.24938e-05
5.24256e-05
5.2362e-05
5.23022e-05
5.22436e-05
5.21896e-05
5.21402e-05
5.20947e-05
5.21743e-05
5.25659e-05
5.30625e-05
5.34237e-05
5.37142e-05
5.39287e-05
5.40627e-05
5.41242e-05
5.41272e-05
5.40855e-05
5.4002e-05
5.38956e-05
5.37718e-05
5.36444e-05
5.35178e-05
5.33939e-05
5.32744e-05
5.316e-05
5.30514e-05
5.29488e-05
5.28522e-05
5.27618e-05
5.26774e-05
5.25979e-05
5.25178e-05
5.24416e-05
5.23716e-05
5.23048e-05
5.22429e-05
5.21868e-05
5.21362e-05
5.20906e-05
5.20494e-05
5.20123e-05
5.19786e-05
5.19446e-05
5.19097e-05
5.18742e-05
5.18398e-05
5.18084e-05
5.17926e-05
5.20363e-05
5.25425e-05
5.31504e-05
5.37048e-05
5.41045e-05
5.43795e-05
5.45377e-05
5.46546e-05
5.47026e-05
5.46865e-05
5.46236e-05
5.45184e-05
5.43846e-05
5.42401e-05
5.41241e-05
5.40749e-05
5.40455e-05
5.40274e-05
5.39836e-05
5.39106e-05
0.000145571
0.000194216
0.000202518
0.000197692
0.000188896
0.000179264
0.000169848
0.000160952
0.000152648
0.000144934
0.00013779
0.00013118
0.000125072
0.000119423
0.000114197
0.000109373
0.000207656
0.00024086
0.000241848
0.000232564
0.00022048
0.000208117
0.000196292
0.000185241
0.000175016
0.000165581
0.000156901
0.000148898
0.000141492
0.000134636
0.000128302
0.000122449
0.000117048
0.00011209
0.000107521
0.0001033
9.93963e-05
9.57849e-05
0.000195275
0.000228671
0.00023039
0.000221936
0.00021067
0.000199077
0.00018796
0.000177554
0.000167896
0.000158961
0.000150707
0.000143084
0.000136042
0.000129541
0.000123539
0.000117994
0.000112875
0.000108149
0.000103786
9.97594e-05
9.60432e-05
9.26121e-05
8.9444e-05
8.65198e-05
8.38222e-05
8.13335e-05
7.90348e-05
7.69136e-05
7.4955e-05
7.31467e-05
7.14788e-05
6.99405e-05
6.85217e-05
6.7213e-05
6.60014e-05
6.48806e-05
6.3847e-05
6.2894e-05
0.000173841
0.000207483
0.000210296
0.000203175
0.000193575
0.000183781
0.000174701
0.000166485
0.000158938
0.000152102
0.000146048
0.000197446
0.000345056
0.00033651
0.000314959
0.000294691
0.000275942
0.000258621
0.000242626
0.000227859
0.000214225
0.00020164
0.000190021

