5e-05
5.02669e-05
5.04842e-05
5.06602e-05
5.08034e-05
5.09206e-05
5.10168e-05
5.10963e-05
5.12001e-05
5.13961e-05
5.16103e-05
5.18076e-05
5.1974e-05
5.21083e-05
5.22106e-05
5.23306e-05
5.24618e-05
5.2574e-05
5.26589e-05
5.27008e-05
0.000155076
0.000197476
0.000203647
0.000197953
0.000188759
0.000178918
0.000169368
0.000160394
0.000152054
0.000144323
0.000137201
0.00013067
0.000124665
0.000119124
0.000114007
0.000109274
0.000104899
0.000100856
9.71179e-05
9.36588e-05
9.04623e-05
8.75091e-05
8.47808e-05
8.22602e-05
7.99294e-05
7.77721e-05
7.57795e-05
7.39423e-05
7.22851e-05
7.07923e-05
6.93921e-05
6.80805e-05
6.68772e-05
6.58108e-05
6.4851e-05
6.39556e-05
6.31128e-05
6.23229e-05
6.15783e-05
7.14986e-05
0.000178567
0.000206563
0.000207657
0.000200148
0.00019028
0.000250055
0.00029489
0.00029687
0.000285137
0.00026963
0.000253708
0.000238456
0.000224187
0.00021095
0.000198709
0.0001874
0.000176955
0.000167313
0.000158415
0.0001502
0.000142619
0.000135619
0.00012915
0.000123174
0.000117657
0.000112567
0.000107871
0.000163521
0.000228184
0.00023979
0.000233978
0.000222927
0.000210766
0.000198867
0.000187652
0.00017722
0.000167565
0.000158646
0.00015041
0.000142808
0.000135792
0.000129319
0.000123346
0.000117843
0.000112791
0.00010814
0.000103849
9.98813e-05
9.62066e-05
9.28056e-05
8.96582e-05
8.67511e-05
8.4064e-05
8.15844e-05
7.93243e-05
7.72459e-05
7.53259e-05
7.35531e-05
7.19147e-05
7.03993e-05
6.8996e-05
6.76906e-05
6.64771e-05
6.53615e-05
6.43487e-05
6.34051e-05
6.25306e-05
6.17134e-05
6.09521e-05
6.02661e-05
5.99549e-05
6.00625e-05
6.05294e-05
6.63041e-05
0.000247265
0.000267139
0.000252049
0.000236771
0.000222537
0.000209363
0.00019719
0.000185947
0.000175568
0.000165986
0.000157142
0.000148979
0.000141446
0.000134504
0.000128105
0.000122201
0.000116753
0.000111718
0.000107066
0.000102774
9.88124e-05
9.51504e-05
9.17693e-05
8.86489e-05
8.57701e-05
8.31189e-05
8.06909e-05
7.84547e-05
7.63907e-05
7.44842e-05
7.27284e-05
7.11194e-05
6.96342e-05
6.82644e-05
6.69901e-05
6.58103e-05
6.4715e-05
6.37019e-05
6.27643e-05
6.18989e-05
6.10982e-05
6.03595e-05
5.96785e-05
5.90509e-05
5.84724e-05
5.79391e-05
5.74456e-05
5.69872e-05
5.65623e-05
5.61709e-05
5.58104e-05
5.54748e-05
5.51587e-05
5.4865e-05
5.46145e-05
5.43927e-05
5.43339e-05
5.46746e-05
5.51781e-05
5.94617e-05
0.000167228
0.000197015
0.000199456
0.000192979
0.00018392
0.000174464
0.000165333
0.000156731
0.000148723
0.0001413
0.000134421
0.000128061
0.000122184
0.000116753
0.000111739
0.000107109
0.000102834
9.88833e-05
9.52373e-05
9.1874e-05
8.8787e-05
8.59471e-05
0.000143047
0.000211359
0.000225021
0.000220626
0.000210715
0.000199548
0.000188541
0.000178136
0.000168449
0.000159479
0.00015119
0.000143535
0.000136464
0.00012993
0.000123898
0.000118329
0.000113198
0.000108481
0.000104133
0.000100119
9.64064e-05
0.000104511
0.000205631
0.000230229
0.000229037
0.000219706
0.000208274
0.000196767
0.00018581
0.000175608
0.000211557
0.000274742
0.000283661
0.000283341

