5e-05
5.02631e-05
5.04691e-05
5.06301e-05
5.07572e-05
5.08582e-05
5.09394e-05
5.10052e-05
5.10714e-05
5.11509e-05
5.12253e-05
5.12901e-05
5.13411e-05
5.13695e-05
5.13944e-05
5.14676e-05
5.15574e-05
5.16434e-05
5.17176e-05
5.54378e-05
0.000169025
0.000200219
0.000202652
0.000195816
0.00018637
0.000176567
0.000167146
0.000158321
0.000150131
0.00014255
0.000135543
0.000129073
0.000123102
0.000117591
0.000112503
0.000107807
0.000103474
9.94755e-05
9.57861e-05
9.23816e-05
8.924e-05
8.63549e-05
8.37078e-05
8.12647e-05
7.90103e-05
7.69287e-05
7.50015e-05
7.32414e-05
7.16698e-05
7.02404e-05
6.89214e-05
6.76956e-05
6.6546e-05
6.54657e-05
6.44575e-05
6.35172e-05
6.26412e-05
6.18251e-05
6.10606e-05
6.03492e-05
5.96888e-05
5.90723e-05
5.85005e-05
5.79715e-05
5.74792e-05
5.7017e-05
5.65888e-05
5.61945e-05
5.58315e-05
5.54976e-05
5.51905e-05
5.49079e-05
5.4648e-05
5.4409e-05
5.41883e-05
5.39797e-05
5.37853e-05
5.36042e-05
5.34381e-05
5.32863e-05
6.64511e-05
0.000174458
0.000202767
0.000204131
0.000196863
0.000187218
0.000277329
0.000300231
0.000294952
0.000280994
0.000264985
0.000249131
0.000234124
0.000244086
0.000315762
0.000325186
0.00031437
0.000297673
0.000279973
0.000262881
0.000246849
0.00023196
0.000218181
0.000205442
0.000193663
0.000182782
0.00017273
0.000163445
0.00015487
0.000146949
0.000139634
0.000132879
0.000126638
0.000120872
0.000115547
0.000110631
0.000106092
0.000101901
9.80324e-05
9.44607e-05
9.11634e-05
8.81194e-05
8.53093e-05
8.27152e-05
8.03205e-05
7.81098e-05
7.60691e-05
7.41852e-05
7.8063e-05
0.000186306
0.000214567
0.000215321
0.0002073
0.000196897
0.00018626
0.000176084
0.000166569
0.000157744
0.000149578
0.000142031
0.000135081
0.000128679
0.000197363
0.000244523
0.000308896
0.000452484
0.000437785
0.000409417
0.000382274
0.000356967
0.000333502
0.000311798
0.000291753
0.00027324
0.000256143
0.000240354
0.000225778
0.000212328
0.000199907
0.000188438
0.000177847
0.000168067
0.000159036
0.000150698
0.000143
0.000135894
0.000129332
0.000123275
0.000117683
0.000112521
0.000107756
0.000103356
9.92955e-05
9.5547e-05
9.20938e-05
8.89086e-05
8.59671e-05
8.325e-05
8.07401e-05
7.84218e-05
7.62808e-05
7.43035e-05
7.24777e-05
7.07918e-05
6.92353e-05
6.77983e-05
6.64716e-05
6.5247e-05
0.000121451
0.000199765
0.000217112
0.000214223
0.000205052
0.000194348
0.000183697
0.000173599
0.000164187
0.000155468
0.000147407
0.000139963
0.000133091
0.000126746
0.000120889
0.000115482
0.000110492
0.000105885
0.000101632
9.77073e-05
9.4084e-05
9.07392e-05
8.76516e-05
8.48014e-05
8.21706e-05
7.97423e-05
7.75007e-05
7.54315e-05
7.35216e-05
7.17587e-05
7.01315e-05
6.86296e-05
6.72434e-05
6.59638e-05
6.47828e-05
6.36929e-05
6.26946e-05
6.17774e-05
6.09302e-05
6.01466e-05
5.94215e-05
5.87505e-05
5.81298e-05
5.75558e-05
5.70252e-05
5.6535e-05
5.60875e-05
5.56815e-05
5.53069e-05
5.49652e-05
5.46565e-05
5.43689e-05
5.40992e-05
5.38467e-05
5.36108e-05
5.33906e-05
5.31856e-05
5.29952e-05
5.28185e-05
5.26547e-05
5.25031e-05
5.23629e-05

