5e-05
5.02631e-05
5.04691e-05
5.06301e-05
5.07572e-05
5.08582e-05
5.09394e-05
5.10052e-05
5.10589e-05
5.11033e-05
5.11402e-05
5.11713e-05
5.11979e-05
5.12189e-05
5.12352e-05
5.12497e-05
5.12631e-05
5.12756e-05
5.12874e-05
5.12987e-05
5.13067e-05
5.13141e-05
5.1318e-05
5.13167e-05
5.13143e-05
5.13134e-05
5.13146e-05
5.13177e-05
5.13198e-05
5.13227e-05
5.13273e-05
5.13332e-05
5.13403e-05
5.13483e-05
5.1354e-05
5.13566e-05
5.13603e-05
5.13652e-05
5.13712e-05
5.1378e-05
5.13855e-05
5.13934e-05
5.14016e-05
5.141e-05
5.14184e-05
5.14268e-05
5.14348e-05
5.14453e-05
5.14791e-05
5.15166e-05
5.1549e-05
5.15782e-05
5.16032e-05
5.16238e-05
5.16401e-05
5.16524e-05
5.16613e-05
5.16672e-05
5.16704e-05
5.16653e-05
0.000155696
0.000198444
0.000204599
0.000198824
0.000189554
0.000179643
0.00017003
0.000160996
0.000152604
0.000144839
0.000137666
0.000131043
0.000124929
0.000119286
0.000114077
0.000109269
0.00010483
0.000100729
9.69403e-05
9.34442e-05
9.02178e-05
8.72401e-05
8.44869e-05
8.19413e-05
7.95924e-05
0.000162286
0.000214183
0.000222455
0.000216456
0.000206224
0.000195165
0.000184401
0.000174274
0.000164861
0.000156148
0.000148096
0.000140683
0.00013386
0.000127598
0.000121828
0.000116495
0.000111564
0.000107007
0.000102793
9.88968e-05
9.52937e-05
9.19622e-05
8.88819e-05
8.60342e-05
8.34008e-05
8.09629e-05
7.87098e-05
0.000172806
0.00021547
0.000220772
0.00021392
0.000203553
0.00019259
0.000181991
0.000172043
0.000162804
0.000154256
0.00014636
0.000139072
0.000132369
0.000126193
0.000120494
0.000115233
0.000110373
0.000105883
0.000101735
9.79013e-05
9.436e-05
9.12917e-05
8.88361e-05
8.68018e-05
8.50409e-05
8.34308e-05
8.1865e-05
8.025e-05
7.85272e-05
7.67947e-05
7.50951e-05
7.34359e-05
7.18625e-05
7.0414e-05
6.90615e-05
6.77955e-05
6.66112e-05
6.55047e-05
6.44699e-05
6.34972e-05
6.25897e-05
6.17617e-05
6.12657e-05
6.09659e-05
6.07358e-05
0.000149111
0.000196062
0.00020396
0.000198943
0.000190008
0.000180251
0.00017071
0.000161708
0.000153318
0.00014554
0.000138346
0.000131697
0.00012555
0.000119872
0.000114627
0.00010978
0.000105302
0.000101169
9.73511e-05
9.38272e-05
9.05755e-05
8.75751e-05
8.48066e-05
8.22521e-05
7.9895e-05
7.77199e-05
7.57128e-05
7.38606e-05
7.21512e-05
7.05736e-05
6.91175e-05
6.77736e-05
6.6533e-05
6.53845e-05
6.43209e-05
6.33372e-05
6.24271e-05
6.15849e-05
6.08059e-05
6.0088e-05
5.94265e-05
5.88142e-05
5.82496e-05
5.77292e-05
5.72464e-05
5.67977e-05
5.63825e-05
5.60251e-05
5.59749e-05
5.61573e-05
5.63625e-05
5.65412e-05
5.65978e-05
5.65252e-05
5.6389e-05
5.61956e-05
5.59562e-05
5.57048e-05
5.54528e-05
5.52052e-05
5.4963e-05
5.47272e-05
5.45033e-05
5.42923e-05
5.40943e-05
5.39089e-05
5.3736e-05
5.3573e-05
5.34192e-05
5.32766e-05
5.31448e-05
5.30202e-05
5.29006e-05
5.27907e-05
5.26901e-05
5.25982e-05
5.25144e-05
5.24378e-05
5.23679e-05
5.23024e-05
5.224e-05
5.21808e-05
5.21253e-05
5.2075e-05
0.000152375
0.000197551
0.000204537
0.000199036
0.000189846
0.000179945
0.00017032
0.000161268
0.000152853

