5e-05
5.02667e-05
5.04834e-05
5.06586e-05
5.08009e-05
5.09171e-05
5.10125e-05
5.10912e-05
5.11565e-05
5.12109e-05
5.12566e-05
5.12951e-05
5.13277e-05
5.13491e-05
5.13984e-05
5.14767e-05
5.15596e-05
5.16373e-05
5.17055e-05
5.17605e-05
5.179e-05
5.18027e-05
5.18087e-05
5.18064e-05
5.17982e-05
5.17893e-05
5.17809e-05
5.17731e-05
5.17639e-05
0.000160851
0.000199524
0.00020433
0.000198141
0.000188777
0.000178878
0.000169311
0.000160333
0.000151997
0.000144286
0.000137163
0.000130596
0.0001248
0.000119785
0.00011524
0.000111054
0.000107149
0.000103442
9.99414e-05
9.66283e-05
9.34671e-05
9.04471e-05
8.75979e-05
8.49269e-05
8.24367e-05
8.01166e-05
7.79598e-05
7.59607e-05
7.41064e-05
7.23909e-05
7.07994e-05
6.93246e-05
6.79609e-05
6.67012e-05
6.55374e-05
0.000141746
0.00020144
0.000212832
0.000208319
0.000198977
0.000188572
0.000178355
0.000168717
0.00015975
0.000151449
0.000143777
0.000136716
0.000130213
0.000124234
0.000118735
0.000113655
0.000108962
0.000104616
0.00010059
9.68602e-05
9.34066e-05
9.02138e-05
8.72613e-05
8.45349e-05
8.20146e-05
7.96869e-05
7.75374e-05
7.55504e-05
7.37168e-05
7.20195e-05
7.04443e-05
6.89899e-05
6.76495e-05
6.64146e-05
6.52768e-05
6.42285e-05
6.32628e-05
6.23729e-05
6.1553e-05
6.07974e-05
6.0101e-05
5.94586e-05
5.88619e-05
5.83112e-05
5.78015e-05
5.73294e-05
5.68945e-05
5.64942e-05
5.61259e-05
5.57852e-05
5.54683e-05
5.51766e-05
5.49084e-05
5.46618e-05
5.4435e-05
5.42265e-05
5.40346e-05
5.38758e-05
5.37504e-05
5.36244e-05
5.35033e-05
5.33912e-05
5.32868e-05
5.3189e-05
5.30956e-05
5.30107e-05
5.29602e-05
5.29224e-05
5.28883e-05
5.28484e-05
5.28028e-05
5.27565e-05
5.27098e-05
5.26613e-05
5.26044e-05
5.25421e-05
5.24807e-05
5.24236e-05
5.23635e-05
5.23104e-05
5.2289e-05
5.22852e-05
5.23127e-05
5.23488e-05
5.23804e-05
5.23917e-05
5.23876e-05
5.23733e-05
5.23417e-05
5.23037e-05
5.23053e-05
5.26366e-05
5.32345e-05
5.38979e-05
5.44537e-05
5.49221e-05
5.52358e-05
5.54253e-05
5.55152e-05
5.55227e-05
5.546e-05
5.53401e-05
5.52248e-05
5.50907e-05
5.49487e-05
5.4801e-05
5.46465e-05
5.44783e-05
5.43286e-05
5.45629e-05
6.02838e-05
0.000247152
0.000278608
0.000263458
0.00024737
0.000232346
0.000218435
0.000205577
0.0001937
0.000182733
0.000172608
0.000163262
0.000154635
0.000146673
0.000139326
0.000132546
0.000126289
0.000120517
0.00011519
0.000110276
0.000105744
0.000101563
9.77075e-05
9.4151e-05
9.08677e-05
8.78372e-05
0.00016163
0.00021864
0.000228443
0.000222957
0.00021285
0.000201714
0.00019075
0.000180346
0.00017063
0.000161596
0.000153225
0.000145478
0.000138314
0.000131688
0.000125558
0.000119891
0.000114681
0.000109883
0.000105454
0.000101361
9.75731e-05
9.40713e-05
9.08352e-05
8.78447e-05
8.50768e-05
8.25173e-05
8.01528e-05
7.79689e-05
7.59518e-05
7.40889e-05
7.23684e-05
7.07773e-05
6.93046e-05
6.79414e-05
6.6683e-05
6.55219e-05
6.44505e-05
6.34621e-05
6.25469e-05
6.17011e-05
6.09198e-05
6.01964e-05
5.95293e-05
5.89145e-05
5.8348e-05
5.78258e-05
5.73446e-05
5.6901e-05
5.64921e-05
5.6115e-05

