5e-05
5.02631e-05
5.04691e-05
5.06301e-05
5.07572e-05
5.08582e-05
5.09394e-05
5.10052e-05
5.10648e-05
5.11412e-05
5.12267e-05
5.1337e-05
5.14839e-05
5.16571e-05
5.1829e-05
5.20043e-05
5.21551e-05
5.2272e-05
5.23546e-05
5.23937e-05
0.000112291
0.000187024
0.000204028
0.000201751
0.000193441
0.000183632
0.000173843
0.000164557
0.000155898
0.000147871
0.000140447
0.000133592
0.000127265
0.000121426
0.000116038
0.000111067
0.000106481
0.00010225
9.83454e-05
9.47378e-05
9.14087e-05
8.83376e-05
8.55045e-05
8.2891e-05
8.04789e-05
7.82507e-05
7.61949e-05
7.42984e-05
7.25486e-05
7.0931e-05
6.94367e-05
6.80494e-05
6.67598e-05
6.55693e-05
6.44729e-05
6.34626e-05
6.25287e-05
6.1682e-05
6.09136e-05
6.02096e-05
5.95626e-05
5.89597e-05
5.83995e-05
5.78812e-05
5.73973e-05
5.69458e-05
5.65271e-05
5.61414e-05
5.57847e-05
5.54517e-05
5.51444e-05
5.48621e-05
5.46028e-05
5.43619e-05
5.4138e-05
5.39278e-05
5.37346e-05
5.35578e-05
5.33964e-05
5.32488e-05
5.3114e-05
5.29869e-05
5.28668e-05
5.27572e-05
0.000129379
0.000192033
0.000204853
0.000201192
0.000192474
0.00018259
0.000172833
0.00016361
0.000155019
0.000195517
0.000262626
0.000273293
0.000265484
0.000252206
0.000237863
0.000223906
0.000210777
0.000198574
0.000187278
0.000176841
0.000167201
0.000158301
0.000150078
0.000142485
0.000135478
0.00012903
0.000123092
0.000117616
0.000112562
0.000107884
0.000103561
9.95624e-05
9.58697e-05
9.246e-05
8.93102e-05
8.64011e-05
8.37113e-05
8.1229e-05
7.8939e-05
7.68264e-05
7.48775e-05
7.30812e-05
7.14456e-05
6.99409e-05
6.85529e-05
6.72679e-05
6.60771e-05
6.497e-05
6.39448e-05
6.29978e-05
6.21233e-05
6.13197e-05
6.05994e-05
5.99414e-05
0.000113309
0.000188343
0.000205277
0.000203011
0.000194759
0.000185034
0.000175328
0.000166095
0.000157456
0.000149432
0.000141993
0.000135129
0.000128817
0.000122996
0.000189904
0.000239811
0.00024636
0.000238783
0.000227122
0.000214698
0.000285144
0.000313078
0.000308878
0.000294655
0.000277949
0.000261277
0.000245437
0.000230646
0.000289109
0.000322857
0.000319947
0.000305524
0.000288167
0.000270745
0.00025416
0.000238673
0.000224316
0.000211043
0.000198782
0.000187462
0.000177008
0.000167356
0.000158444
0.000150214
0.000142619
0.000135611
0.000129145
0.000123201
0.000117722
0.000112684
0.000108048
0.00010377
9.98204e-05
9.61712e-05
9.27933e-05
8.96656e-05
8.67736e-05
8.40989e-05
8.16182e-05
7.93218e-05
7.72001e-05
7.52403e-05
7.34303e-05
7.17549e-05
7.02035e-05
6.87707e-05
6.74436e-05
6.62143e-05
6.50764e-05
6.40255e-05
6.30524e-05
6.2155e-05
6.13287e-05
6.05682e-05
5.9868e-05
5.92235e-05
5.86299e-05
5.808e-05
5.75723e-05
5.71021e-05
5.66668e-05
5.62652e-05
0.000166496
0.000202353
0.000206009
0.000199474
0.00019025
0.000180636
0.000171309
0.000162483
0.000154241
0.000146571
0.00013943
0.000132822
0.000126714
0.00012106
0.000115812
0.000110947
0.000106443
0.000102272
9.84498e-05
9.52627e-05
9.26241e-05
9.05157e-05
0.000102175
0.000282849
0.000297134
0.000279161
0.000261707
0.000245521
0.000230556
0.000216731

