5e-05
5.02631e-05
5.04691e-05
5.06301e-05
5.07572e-05
5.08582e-05
5.09394e-05
5.10052e-05
5.10589e-05
5.11033e-05
5.11402e-05
5.11713e-05
5.11975e-05
5.12149e-05
5.12284e-05
5.1267e-05
5.13462e-05
5.14338e-05
5.15162e-05
8.64943e-05
0.000178905
0.000201905
0.000201643
0.000193998
0.000184385
0.00017463
0.00016532
0.000156622
0.000148556
0.000141094
0.000134218
0.000127881
0.000122032
0.00011663
0.000195625
0.000241511
0.000246516
0.000238281
0.000226255
0.000213631
0.000201452
0.000190029
0.000179418
0.000169596
0.000160522
0.000152144
0.000144407
0.000137263
0.000130666
0.000124577
0.000118957
0.000113765
0.000108962
0.000104528
0.000100437
9.66817e-05
9.32555e-05
9.01209e-05
8.72351e-05
8.45644e-05
8.20794e-05
7.97717e-05
7.76364e-05
7.56601e-05
7.38275e-05
7.21321e-05
7.05604e-05
6.91063e-05
6.77596e-05
6.65157e-05
6.53673e-05
6.43051e-05
6.3319e-05
6.24061e-05
6.15643e-05
6.07904e-05
6.00987e-05
5.94721e-05
5.88974e-05
5.83672e-05
5.78761e-05
5.74119e-05
5.69706e-05
5.65582e-05
5.61769e-05
5.58237e-05
5.54945e-05
5.51905e-05
5.49104e-05
5.46519e-05
5.45349e-05
5.4745e-05
5.5074e-05
5.52806e-05
5.54283e-05
5.55111e-05
5.55234e-05
5.54726e-05
5.53719e-05
5.52345e-05
5.50627e-05
5.48748e-05
5.46757e-05
5.44788e-05
5.4288e-05
5.41049e-05
5.39307e-05
5.37659e-05
5.36107e-05
5.3465e-05
5.33288e-05
5.32018e-05
5.30835e-05
5.29728e-05
5.28639e-05
5.27611e-05
5.26665e-05
5.2577e-05
5.24942e-05
5.24188e-05
5.23504e-05
5.22882e-05
5.22319e-05
5.21807e-05
5.21341e-05
5.20881e-05
5.20422e-05
5.19965e-05
5.19527e-05
5.19126e-05
5.18888e-05
5.21251e-05
5.26245e-05
5.32261e-05
5.37747e-05
5.4169e-05
5.44391e-05
5.45927e-05
5.47054e-05
5.47495e-05
5.47298e-05
5.46635e-05
5.45553e-05
5.44186e-05
5.42715e-05
5.41531e-05
5.41017e-05
5.40702e-05
5.40502e-05
5.40047e-05
5.393e-05
5.38595e-05
5.38364e-05
5.38759e-05
0.00011863
0.000186799
0.000201764
0.000199041
0.000190811
0.000181218
0.000205638
0.000278091
0.000289773
0.000281487
0.00029971
0.000357256
0.00036011
0.000345451
0.000325969
0.000305939
0.000286744
0.000268779
0.000252112
0.000236701
0.000222474
0.000209362
0.000197278
0.000186159
0.000175905
0.000166423
0.00015765
0.000149546
0.00014206
0.000135151
0.000128801
0.000122947
0.00011754
0.000112542
0.00010792
0.000103638
9.96691e-05
0.000194656
0.000230332
0.000232669
0.00022429
0.000212925
0.000201181
0.000189908
0.000179349
0.000169551
0.000211812
0.000272606
0.000280762
0.000271794
0.000257834
0.00024299
0.000228614
0.000215111
0.000202567
0.000254094
0.000300755
0.000303008
0.000291036
0.000275149
0.000258822
0.000243178
0.00022854
0.000214959
0.000202399
0.000190798
0.000180088
0.000170201
0.000161075
0.000152647
0.000144864
0.000137681
0.000131052
0.000124931
0.000209351
0.000247989
0.000249945
0.000240792
0.000228745
0.000216676
0.000205392
0.000194909
0.000185326
0.000176724
0.000225765
0.000371199
0.000360643
0.000337237
0.000315256
0.000294926
0.000276145
0.000258803
0.000242792
0.000228011
0.000214365
0.000201768

