5e-05
5.02631e-05
5.04691e-05
5.06301e-05
5.07572e-05
5.08582e-05
5.09394e-05
5.10052e-05
5.10589e-05
5.11033e-05
5.11402e-05
5.11728e-05
5.13086e-05
0.000150394
0.000192342
0.000198738
0.000193536
0.000184869
0.000175504
0.000166336
0.00015765
0.000149535
0.000142015
0.000135047
0.000128607
0.000122662
0.000117177
0.000112115
0.000107443
0.000103125
9.91379e-05
9.54565e-05
9.20596e-05
8.89255e-05
8.60303e-05
8.33706e-05
8.11525e-05
7.93195e-05
7.77218e-05
7.62124e-05
7.47358e-05
7.33172e-05
7.19395e-05
7.05919e-05
6.93025e-05
6.80769e-05
6.69174e-05
6.58132e-05
6.47684e-05
0.000160001
0.000205187
0.000211817
0.000205843
0.000196156
0.000185777
0.000175702
0.000166232
0.000157432
0.000183851
0.000260247
0.000274028
0.000267176
0.000254111
0.000239741
0.000225701
0.000212477
0.000200181
0.0001888
0.000178276
0.000168549
0.000159566
0.000151268
0.000143604
0.000136527
0.000129991
0.000123956
0.000118379
0.000113229
0.000108476
0.000104088
0.00010004
0.000145272
0.000219393
0.00023447
0.000230023
0.000219601
0.000207806
0.000196171
0.000278871
0.000304129
0.000299399
0.00028539
0.000269144
0.000253005
0.000237713
0.00022347
0.000210301
0.000198139
0.000186909
0.000176541
0.000166973
0.000158181
0.000150112
0.000142673
0.000135799
0.000129461
0.000123627
0.000118215
0.000113196
0.000108547
0.000104242
0.000100255
9.65642e-05
9.31414e-05
8.99668e-05
8.70265e-05
8.43081e-05
8.17909e-05
7.9463e-05
7.73139e-05
7.53289e-05
7.34917e-05
7.17963e-05
7.02518e-05
6.88302e-05
6.75265e-05
6.6347e-05
6.52498e-05
6.42387e-05
6.33354e-05
6.25102e-05
6.17399e-05
6.10039e-05
6.0313e-05
5.97e-05
5.91374e-05
5.86056e-05
5.81108e-05
5.76499e-05
5.72309e-05
5.68618e-05
5.65233e-05
5.62078e-05
5.59051e-05
5.56067e-05
5.53361e-05
5.50848e-05
5.48446e-05
5.46019e-05
5.43629e-05
5.41387e-05
5.39275e-05
5.3749e-05
5.35924e-05
5.34497e-05
5.33079e-05
5.3174e-05
5.30484e-05
5.29301e-05
5.28217e-05
5.27194e-05
5.26194e-05
5.25263e-05
5.24369e-05
5.23533e-05
5.22768e-05
5.22078e-05
5.21468e-05
5.2093e-05
5.20455e-05
5.2001e-05
5.19608e-05
5.19255e-05
5.18945e-05
5.18671e-05
5.18378e-05
5.18092e-05
5.1784e-05
5.17622e-05
5.17434e-05
5.17255e-05
5.17018e-05
5.16738e-05
5.16458e-05
5.16198e-05
5.15978e-05
5.15799e-05
5.15672e-05
5.15803e-05
5.16064e-05
5.16256e-05
5.16347e-05
5.16366e-05
5.16354e-05
5.16275e-05
5.16156e-05
5.16048e-05
5.15961e-05
5.15999e-05
5.16143e-05
5.16358e-05
5.16776e-05
5.17148e-05
5.17338e-05
5.17468e-05
5.17529e-05
5.17524e-05
5.1749e-05
6.46586e-05
0.000173288
0.000201895
0.000203399
0.000196212
0.000186625
0.000176759
0.000167301
0.000158452
0.000150241
0.000142644
0.000135628
0.000129146
0.000123164
0.000117644
0.000112687
0.000108343
0.000104415
0.000100825
9.7491e-05
9.43208e-05
9.1294e-05
8.84456e-05
8.57736e-05
8.32723e-05
8.09359e-05
7.87439e-05
7.66985e-05
7.48044e-05
7.30745e-05
7.1477e-05
6.99892e-05
6.86064e-05
6.73158e-05
6.61126e-05
6.49963e-05
6.39648e-05
6.30125e-05
6.21423e-05
6.13645e-05
6.06496e-05
5.99807e-05

