5e-05
5.02631e-05
5.04691e-05
5.06301e-05
5.07572e-05
5.08582e-05
5.09394e-05
5.10052e-05
5.10648e-05
5.11412e-05
5.12267e-05
5.1337e-05
5.14839e-05
5.16571e-05
5.1829e-05
5.20043e-05
5.21551e-05
5.2272e-05
5.23546e-05
5.23937e-05
5.23674e-05
5.23116e-05
5.22453e-05
5.21726e-05
5.21033e-05
5.20394e-05
5.19824e-05
5.19322e-05
5.18873e-05
5.18407e-05
5.17943e-05
5.17536e-05
5.17185e-05
5.16871e-05
5.16609e-05
5.16396e-05
5.16226e-05
5.16094e-05
5.1598e-05
5.15845e-05
5.15732e-05
5.15648e-05
5.15589e-05
5.15552e-05
5.15524e-05
5.15482e-05
5.15453e-05
5.1544e-05
5.15436e-05
5.15409e-05
5.15374e-05
0.000150289
0.000197165
0.000204694
0.000199346
0.000271388
0.000306673
0.000304928
0.000291591
0.000275259
0.000258803
0.000243132
0.000228498
0.000214931
0.000202383
0.000190788
0.00018008
0.000170196
0.000252572
0.000283644
0.000281803
0.000269602
0.000254727
0.000239752
0.000307908
0.000334339
0.000328462
0.000312624
0.000294422
0.00027639
0.000259321
0.000243417
0.000228682
0.000215064
0.000202488
0.000190875
0.000180154
0.000170253
0.000161114
0.000152677
0.000144889
0.0001377
0.000131062
0.000124933
0.000148548
0.000232002
0.000249384
0.000244915
0.000233736
0.000220992
0.000208395
0.000196481
0.000185382
0.000175103
0.000165601
0.000156826
0.000148717
0.000141229
0.000134318
0.00012796
0.000122104
0.000116704
0.00011172
0.000107107
0.000102843
9.89001e-05
9.52582e-05
9.18955e-05
8.87892e-05
8.59202e-05
8.32673e-05
8.08192e-05
7.85606e-05
7.64771e-05
7.45551e-05
7.27836e-05
7.11709e-05
6.96872e-05
6.83188e-05
6.70517e-05
6.58776e-05
6.47859e-05
6.37748e-05
6.28409e-05
6.19784e-05
6.1186e-05
6.0476e-05
5.98275e-05
5.92453e-05
5.87689e-05
5.83713e-05
5.80138e-05
0.000113684
0.000186712
0.000203222
0.000200938
0.00019276
0.000183105
0.000173451
0.000164297
0.000155787
0.000147907
0.000210584
0.000258403
0.00026335
0.000254408
0.000241525
0.000227987
0.000214885
0.000202576
0.000191142
0.000180548
0.000170745
0.000161669
0.000153264
0.000145483
0.000138316
0.000220171
0.00025695
0.000258317
0.000248359
0.000235298
0.000284896
0.000326195
0.000325481
0.00031144
0.000293873
0.000276072
0.000259091
0.000243228
0.000228516
0.00021491
0.000202345
0.000190746
0.000180042
0.000170185
0.000161094
0.000152721
0.000145007
0.000137887
0.000131315
0.000125244
0.000119631
0.00011444
0.000109643
0.00010521
0.000101106
9.73117e-05
9.38068e-05
9.05703e-05
8.75817e-05
8.48183e-05
8.22625e-05
7.99025e-05
0.000173355
0.000215678
0.000220853
0.000213952
0.000203563
0.000192588
0.000181983
0.000172032
0.000162792
0.000154244
0.000146349
0.000139056
0.000132323
0.000126106
0.000120365
0.000115066
0.000110174
0.000105658
0.000101532
9.79607e-05
9.48131e-05
9.19422e-05
8.92284e-05
8.6642e-05
8.42069e-05
8.1913e-05
7.97395e-05
7.77198e-05
7.58483e-05
7.41043e-05
7.24665e-05
7.09344e-05
6.95067e-05
6.81758e-05
6.69746e-05
6.62074e-05
6.58028e-05
6.57565e-05
7.93191e-05
0.000261751
0.000277657
0.000261182
0.000245111
0.000230201
0.000216413
0.000203675

