5e-05
5.02667e-05
5.04834e-05
5.06586e-05
5.08009e-05
5.09171e-05
5.10125e-05
5.10912e-05
5.11585e-05
5.12873e-05
5.15188e-05
5.18025e-05
5.20731e-05
5.22877e-05
5.24398e-05
5.25492e-05
5.26223e-05
5.26652e-05
5.26841e-05
0.000125154
0.000189377
0.00020288
0.000199587
0.000191089
0.000181356
0.000171932
0.000163323
0.000155501
0.000148245
0.000141431
0.000135077
0.000217761
0.000253039
0.000254332
0.000324672
0.000344836
0.000336567
0.000319639
0.000300795
0.000282281
0.000264794
0.000248514
0.000233435
0.000219495
0.00020662
0.00019473
0.000183752
0.000173617
0.000164259
0.000155621
0.000147645
0.000140275
0.000133462
0.000127185
0.000121427
0.000116135
0.000111263
0.00010681
0.000102715
9.89238e-05
9.53709e-05
9.20633e-05
8.89995e-05
8.61677e-05
8.35505e-05
8.11275e-05
7.89139e-05
7.68789e-05
7.50199e-05
7.33278e-05
7.17662e-05
7.03115e-05
6.89618e-05
6.77027e-05
6.65286e-05
6.54352e-05
6.44535e-05
6.35589e-05
6.27329e-05
6.19659e-05
6.12514e-05
6.05842e-05
5.99536e-05
5.93855e-05
5.88653e-05
5.83838e-05
5.7935e-05
5.75152e-05
5.7122e-05
5.67617e-05
5.64512e-05
5.61458e-05
5.58534e-05
5.55807e-05
5.5331e-05
5.51326e-05
5.49593e-05
5.47877e-05
5.46227e-05
5.44612e-05
5.42977e-05
5.41305e-05
5.39613e-05
5.38017e-05
5.36623e-05
5.35629e-05
5.34804e-05
5.34056e-05
5.33336e-05
5.32553e-05
5.31776e-05
5.31022e-05
5.30292e-05
5.29586e-05
5.28907e-05
5.28254e-05
5.27623e-05
5.26963e-05
5.26285e-05
5.25785e-05
5.25553e-05
5.25344e-05
5.25159e-05
5.24969e-05
5.24695e-05
5.24345e-05
5.23988e-05
5.23639e-05
5.23251e-05
5.22874e-05
5.22522e-05
5.22195e-05
5.21983e-05
5.2208e-05
5.22216e-05
5.22179e-05
5.22081e-05
5.22024e-05
5.22214e-05
5.22457e-05
5.22943e-05
5.23484e-05
5.23977e-05
5.24374e-05
5.2466e-05
5.25141e-05
5.25782e-05
5.26624e-05
6.98393e-05
0.000172891
0.000199749
0.000200885
0.000193781
0.000184458
0.000174915
0.000165812
0.000256416
0.000280249
0.000276408
0.000263924
0.000249288
0.000234703
0.000220885
0.000207997
0.000196048
0.000184986
0.000174766
0.000165324
0.000156603
0.000148547
0.000141107
0.000134235
0.000127891
0.000122056
0.000116702
0.000111796
0.000107269
0.000103083
9.9208e-05
9.56242e-05
9.23036e-05
8.92235e-05
8.63764e-05
8.37452e-05
8.13032e-05
7.9043e-05
7.69523e-05
7.50224e-05
7.3238e-05
7.15885e-05
7.00641e-05
6.86512e-05
6.73476e-05
6.61451e-05
6.50329e-05
6.40042e-05
6.30517e-05
6.21733e-05
6.13646e-05
6.06192e-05
5.99304e-05
5.92964e-05
5.8713e-05
5.81759e-05
5.76754e-05
5.72113e-05
5.67804e-05
5.63795e-05
5.60111e-05
5.56734e-05
5.53629e-05
5.50709e-05
5.4802e-05
5.45561e-05
5.43312e-05
5.41257e-05
5.39477e-05
5.38467e-05
5.37844e-05
5.3736e-05
5.369e-05
5.36407e-05
5.35856e-05
5.35156e-05
5.34375e-05
5.33497e-05
5.32569e-05
5.31631e-05
5.30693e-05
5.29771e-05
5.28913e-05
5.28374e-05
5.28046e-05
5.27758e-05
5.27405e-05
5.27043e-05
5.26641e-05
5.26183e-05
5.25729e-05
5.25298e-05
5.2512e-05
5.25061e-05
5.2502e-05
5.25121e-05
5.25269e-05
5.25402e-05
5.25413e-05
5.25319e-05
5.25111e-05
5.24846e-05

