5e-05
5.02631e-05
5.04691e-05
5.06301e-05
5.07572e-05
5.08582e-05
5.09394e-05
5.10052e-05
5.10761e-05
5.1157e-05
5.12311e-05
5.12951e-05
5.13562e-05
5.14249e-05
5.15046e-05
5.16016e-05
5.16913e-05
5.17665e-05
5.18252e-05
5.18553e-05
5.18578e-05
5.18573e-05
5.18531e-05
0.000101022
0.000183824
0.000203477
0.000202056
0.000194012
0.00018427
0.000174476
0.000165157
0.000156461
0.000148402
0.00014095
0.000237416
0.000265586
0.00026372
0.000252417
0.000238687
0.000224879
0.000211745
0.000199489
0.000188131
0.000177633
0.000167954
0.000159038
0.000190944
0.00026118
0.000272804
0.000265382
0.000252283
0.000238029
0.000224107
0.000210986
0.000198784
0.000187486
0.000177064
0.000167457
0.000158617
0.000150463
0.000142913
0.000135933
0.000129487
0.000123532
0.000118032
0.000112947
0.000108243
0.00010392
9.99308e-05
9.62497e-05
9.28511e-05
8.97109e-05
8.68041e-05
8.41173e-05
8.16347e-05
7.93408e-05
7.72213e-05
0.000172001
0.000213809
0.000218916
0.000212106
0.000201847
0.000191006
0.000180526
0.000170687
0.000161546
0.000153087
0.000145274
0.000138059
0.000131398
0.00012525
0.000119577
0.000114337
0.000109497
0.000105039
0.000100942
9.71654e-05
9.36794e-05
9.04624e-05
8.74916e-05
8.47444e-05
8.22071e-05
7.9862e-05
7.76893e-05
7.56803e-05
7.38232e-05
7.21059e-05
7.05207e-05
6.90565e-05
6.7704e-05
6.64565e-05
6.53062e-05
6.42445e-05
6.32656e-05
6.24075e-05
6.16515e-05
6.09637e-05
6.03283e-05
5.97356e-05
5.91798e-05
5.86576e-05
5.81676e-05
5.77429e-05
5.74035e-05
5.70883e-05
5.67609e-05
5.64407e-05
5.61141e-05
5.58008e-05
5.55189e-05
5.55591e-05
5.59199e-05
5.64249e-05
5.67912e-05
5.69187e-05
5.68691e-05
5.6755e-05
5.66426e-05
5.64581e-05
5.6202e-05
5.59186e-05
5.56403e-05
5.53716e-05
5.51226e-05
5.49345e-05
9.15159e-05
0.000262849
0.000269476
0.000253614
0.000238127
0.000223756
0.000210466
0.000198189
0.000186859
0.000176398
0.000166737
0.000157825
0.000149599
0.000142
0.000134982
0.0001285
0.000122514
0.000116986
0.000111881
0.000107169
0.000102818
9.88005e-05
9.50914e-05
0.000123312
0.000219189
0.000241151
0.000238517
0.000228202
0.000215965
0.000233144
0.000306577
0.000317162
0.000307172
0.000291099
0.000273882
0.000257161
0.000241436
0.000226818
0.000213288
0.000200785
0.000189238
0.000178577
0.000168735
0.000159649
0.000151261
0.000143518
0.000136371
0.000129773
0.000123683
0.000118061
0.000112871
0.00010808
0.000103658
9.95845e-05
9.58261e-05
9.23557e-05
8.91505e-05
8.619e-05
8.34558e-05
8.09307e-05
7.8599e-05
7.64459e-05
7.44582e-05
7.26237e-05
7.09299e-05
6.93667e-05
6.79319e-05
0.000106212
0.000195047
0.000216019
0.000214352
0.000205571
0.000280203
0.000313542
0.000310878
0.000296909
0.000280053
0.000263128
0.00024704
0.000232033
0.000218125
0.000205266
0.000193387
0.000182417
0.000172289
0.000162938
0.000154305
0.000146335
0.000138984
0.000132204
0.000125945
0.000120166
0.000114839
0.000109923
0.000105382
0.000101188
9.73123e-05
9.3732e-05
0.000190226
0.000229774
0.000233315
0.000225232
0.000213862
0.000202026
0.000190643

