5e-05
5.02667e-05
5.04834e-05
5.06586e-05
5.08009e-05
5.09171e-05
5.10125e-05
5.10912e-05
5.11565e-05
5.12109e-05
5.12566e-05
5.12951e-05
5.13279e-05
5.13517e-05
5.13671e-05
5.13802e-05
5.13924e-05
5.1404e-05
5.14151e-05
5.14251e-05
5.1432e-05
5.14391e-05
5.14467e-05
5.14547e-05
5.14632e-05
5.14721e-05
5.14813e-05
5.14906e-05
5.15001e-05
5.15096e-05
5.15722e-05
5.19792e-05
5.26552e-05
5.3493e-05
5.44466e-05
5.55514e-05
5.81736e-05
0.000238886
0.000277375
0.000262679
0.00024665
0.000231671
0.000217802
0.000204987
0.000193166
0.000182254
0.000172181
0.000162882
0.000154295
0.000146369
0.000139054
0.000132302
0.000197856
0.000259278
0.000268286
0.000260201
0.000247098
0.000233063
0.000219441
0.000206639
0.000194744
0.000183738
0.000173567
0.000164176
0.000155508
0.000147507
0.000140123
0.000133307
0.000127017
0.000121211
0.000115852
0.000110906
0.00010634
0.000102126
9.82368e-05
9.46505e-05
9.13657e-05
8.8344e-05
8.55566e-05
8.2982e-05
8.06022e-05
7.84015e-05
7.63661e-05
7.44834e-05
7.2742e-05
7.11314e-05
6.96419e-05
6.82633e-05
6.69849e-05
6.5803e-05
6.4711e-05
6.37022e-05
6.27704e-05
6.19098e-05
6.1115e-05
6.03812e-05
5.97227e-05
5.9133e-05
5.85927e-05
5.80932e-05
5.76293e-05
5.7197e-05
5.67885e-05
5.64067e-05
5.60514e-05
5.57209e-05
5.54137e-05
5.51283e-05
5.48633e-05
5.46172e-05
5.43865e-05
5.41702e-05
5.39701e-05
5.37851e-05
5.36139e-05
5.34793e-05
5.33664e-05
5.3265e-05
5.31707e-05
5.30812e-05
5.29955e-05
5.2913e-05
5.28336e-05
5.27573e-05
5.26842e-05
5.26142e-05
5.25475e-05
5.24841e-05
5.2424e-05
5.23672e-05
5.23136e-05
5.22631e-05
5.22155e-05
5.21672e-05
5.21213e-05
5.20789e-05
5.20398e-05
5.20038e-05
5.19708e-05
5.19405e-05
5.19127e-05
5.18872e-05
5.18639e-05
5.18424e-05
5.18228e-05
5.18049e-05
5.17884e-05
5.17733e-05
5.17595e-05
5.17469e-05
5.17381e-05
5.19528e-05
5.24818e-05
5.31715e-05
5.39161e-05
5.46349e-05
5.52636e-05
5.57514e-05
5.60717e-05
5.62299e-05
5.62542e-05
5.61797e-05
5.60382e-05
5.58542e-05
5.56453e-05
5.54239e-05
5.51984e-05
8.81885e-05
0.000181192
0.000204271
0.000203927
0.000196148
0.000186395
0.000176504
0.000167068
0.000158251
0.000150075
0.000142514
0.000135531
0.000129082
0.000123129
0.000117633
0.00011256
0.000107877
0.000103554
9.95633e-05
9.58799e-05
9.24798e-05
8.93413e-05
8.64443e-05
8.37701e-05
8.13016e-05
7.90228e-05
7.69154e-05
7.49693e-05
7.31732e-05
7.15158e-05
6.99864e-05
6.8575e-05
6.72725e-05
6.60706e-05
6.49613e-05
6.39377e-05
6.29929e-05
6.2121e-05
6.13163e-05
6.05724e-05
5.98823e-05
5.92452e-05
5.86577e-05
5.81158e-05
5.76161e-05
5.71553e-05
5.67303e-05
5.63384e-05
5.59768e-05
5.56434e-05
5.53358e-05
5.5052e-05
5.47902e-05
5.45463e-05
5.43189e-05
5.41093e-05
5.39163e-05
5.37387e-05
5.35752e-05
5.34248e-05
5.32863e-05
5.31588e-05
5.30414e-05
5.31152e-05
0.000162392
0.000194139
0.0001975
0.0001917
0.000183235
0.000174279
0.000165544
0.000157252
0.000149465
0.00014219
0.000135414
0.000129114
0.000123254
0.00011782
0.000112788
0.000108131
0.000103823
9.98386e-05
9.61554e-05

