5e-05
5.02669e-05
5.04842e-05
5.06602e-05
5.08034e-05
5.09206e-05
5.10168e-05
5.10963e-05
5.11623e-05
5.12174e-05
5.12636e-05
5.13095e-05
5.14275e-05
5.16623e-05
5.19402e-05
5.22773e-05
5.26037e-05
5.28783e-05
5.30878e-05
5.31765e-05
0.00010408
0.000184021
0.000202847
0.000201262
0.000193215
0.000183516
0.000173781
0.000164528
0.000155893
0.000147888
0.000140488
0.000133656
0.000127348
0.000121524
0.000116148
0.000111187
0.000106609
0.000102384
0.00020536
0.000236047
0.000236488
0.000227306
0.000215526
0.000203516
0.00019204
0.000181314
0.000171368
0.000162173
0.00015368
0.000145841
0.0001386
0.000131916
0.000125743
0.000120062
0.00011484
0.000163331
0.000230758
0.000243169
0.000237475
0.000226315
0.000213968
0.000201859
0.00019044
0.000179815
0.000169976
0.000160884
0.000152489
0.000144739
0.000137585
0.000130983
0.000124888
0.000119256
0.000114051
0.000109248
0.000104816
0.000100718
9.69331e-05
9.34409e-05
9.02162e-05
8.72409e-05
8.44966e-05
8.19636e-05
7.96249e-05
7.74648e-05
7.54711e-05
7.36294e-05
7.1928e-05
7.03553e-05
6.89052e-05
6.75691e-05
6.63381e-05
6.5204e-05
6.41585e-05
6.31916e-05
6.23003e-05
6.14792e-05
6.07228e-05
6.00261e-05
5.93841e-05
5.87926e-05
5.82436e-05
5.77365e-05
5.72694e-05
0.000126172
0.000192625
0.00020662
0.000203254
0.000194536
0.000184555
0.000174676
0.000165331
0.000156626
0.000148561
0.000141103
0.000134215
0.000127858
0.000121991
0.000116577
0.000111581
0.000106971
0.000102716
9.87905e-05
9.51677e-05
9.18244e-05
8.8739e-05
8.58916e-05
8.32638e-05
8.08384e-05
7.86e-05
7.65341e-05
7.46265e-05
7.28615e-05
7.12305e-05
6.97449e-05
6.83898e-05
6.71377e-05
6.59822e-05
6.4915e-05
6.39281e-05
6.30353e-05
6.22348e-05
6.14996e-05
6.08125e-05
6.01651e-05
5.95553e-05
5.89897e-05
5.84714e-05
5.79849e-05
5.7523e-05
5.72686e-05
5.73673e-05
5.75745e-05
5.77904e-05
5.79591e-05
5.80712e-05
5.81306e-05
5.81308e-05
5.80277e-05
5.78387e-05
5.76045e-05
5.73322e-05
5.70933e-05
5.68317e-05
5.65447e-05
5.6251e-05
5.59663e-05
5.56949e-05
5.54373e-05
5.51939e-05
5.4964e-05
5.47398e-05
5.45213e-05
5.43147e-05
5.41221e-05
5.39357e-05
5.376e-05
5.35991e-05
5.3448e-05
5.33064e-05
5.31759e-05
5.30524e-05
5.29345e-05
5.28249e-05
5.27225e-05
5.26286e-05
5.25452e-05
5.24717e-05
5.24071e-05
5.23505e-05
5.2299e-05
5.22455e-05
5.21913e-05
5.21431e-05
5.21014e-05
5.20932e-05
5.25054e-05
6.66676e-05
0.000252337
0.000275137
0.000260356
0.000244577
0.000229827
0.000216153
0.000203503
0.000191959
0.000181488
0.000171808
0.000162806
0.000154431
0.000146658
0.000139449
0.000132769
0.000126583
0.000120858
0.00011556
0.000110657
0.000106125
0.000101937
9.80646e-05
9.44884e-05
9.11864e-05
8.81378e-05
8.53203e-05
8.2718e-05
8.03116e-05
0.000115735
0.000205106
0.000225732
0.000223489
0.000214101
0.000202919
0.000191733
0.00018111
0.0001712
0.000162016
0.000153527
0.000145688
0.00013845
0.000131769
0.000125599
0.000119909
0.000114677
0.000109856
0.000105558
0.000102035
9.9125e-05
9.7103e-05
0.000263071
0.000309871
0.000293072

