5e-05
5.02631e-05
5.04691e-05
5.06301e-05
5.08524e-05
5.14809e-05
5.23566e-05
5.32916e-05
5.41437e-05
5.48064e-05
5.52308e-05
5.54351e-05
5.5471e-05
5.53696e-05
5.51985e-05
5.50378e-05
5.4878e-05
5.47104e-05
5.45373e-05
0.000141773
0.000195563
0.000205443
0.000200837
0.000191844
0.000181897
0.00017215
0.000162961
0.000154412
0.000146494
0.000139178
0.000132424
0.000126191
0.000120439
0.000173688
0.000238632
0.000249804
0.000243343
0.000231614
0.000218804
0.000206296
0.000194517
0.000183565
0.000173428
0.00016406
0.000155408
0.000147422
0.00014005
0.000133243
0.000126959
0.00012116
0.000115807
0.000110865
0.000106308
0.000102115
9.82504e-05
9.4685e-05
9.13895e-05
8.83452e-05
8.55339e-05
8.29355e-05
8.05189e-05
7.82838e-05
7.62196e-05
7.43345e-05
7.26102e-05
7.10236e-05
6.956e-05
6.82078e-05
6.69573e-05
6.58002e-05
6.47287e-05
6.3729e-05
6.28017e-05
6.19434e-05
6.11457e-05
6.04055e-05
5.97612e-05
5.94639e-05
5.94212e-05
5.94898e-05
5.95625e-05
5.9524e-05
5.93556e-05
5.90464e-05
5.86648e-05
5.82536e-05
5.78412e-05
5.74366e-05
5.70381e-05
5.66554e-05
5.62932e-05
5.59482e-05
5.56231e-05
5.53188e-05
5.50326e-05
5.47671e-05
5.45217e-05
5.4295e-05
5.40828e-05
5.38861e-05
5.37042e-05
5.35554e-05
5.34326e-05
5.335e-05
5.32902e-05
0.000123157
0.000189192
0.000203307
0.000200151
0.000191694
0.000181983
0.000172362
0.00016325
0.000154754
0.000146867
0.000139596
0.000132895
0.000126704
0.000120978
0.000115681
0.000110807
0.000106327
0.000102193
9.83707e-05
9.48353e-05
9.1564e-05
8.85365e-05
8.5735e-05
0.000112258
0.000202615
0.000223743
0.000221789
0.000212595
0.000201555
0.000190485
0.000179966
0.000170331
0.000262796
0.000449621
0.000451876
0.000427856
0.000401149
0.000375009
0.000350358
0.000402737
0.00043034
0.000420003
0.000398101
0.000373622
0.000349557
0.000326835
0.000305686
0.000286103
0.000268004
0.000251289
0.000235857
0.00022161
0.000208458
0.000196317
0.000185109
0.000174763
0.000165212
0.000156395
0.000148256
0.000140742
0.000133806
0.000127404
0.000121493
0.000116037
0.000111001
0.000106351
0.000102059
9.80976e-05
9.44409e-05
9.10653e-05
8.79489e-05
8.50731e-05
8.24259e-05
7.99834e-05
7.77275e-05
7.56433e-05
7.37179e-05
7.19398e-05
7.02978e-05
6.87813e-05
6.73807e-05
6.60876e-05
6.48939e-05
6.37917e-05
6.27739e-05
6.18344e-05
6.09673e-05
6.01669e-05
5.94283e-05
5.87466e-05
5.81174e-05
5.75368e-05
5.70021e-05
5.65167e-05
5.60699e-05
5.56563e-05
5.52728e-05
5.49173e-05
5.45879e-05
5.42828e-05
5.40004e-05
5.37393e-05
5.34978e-05
5.32748e-05
5.30687e-05
5.28786e-05
5.2703e-05
5.25408e-05
5.23914e-05
5.22534e-05
5.21261e-05
5.20089e-05
5.19049e-05
5.18164e-05
5.17351e-05
5.16584e-05
5.15858e-05
5.15172e-05
5.14524e-05
5.13916e-05
5.13347e-05
5.12817e-05
5.12324e-05
5.11867e-05
5.11445e-05
5.11054e-05
5.10694e-05
5.10363e-05
5.10058e-05
5.09777e-05
5.09519e-05
5.09281e-05
5.09064e-05
5.08864e-05
5.08682e-05
5.08515e-05
5.08364e-05
5.08225e-05
5.08097e-05
5.07981e-05
5.07875e-05
5.07779e-05
5.07692e-05
5.07613e-05
5.07542e-05

