5e-05
5.02667e-05
5.04834e-05
5.06586e-05
5.08009e-05
5.09171e-05
5.10125e-05
5.10912e-05
5.11585e-05
5.12873e-05
5.15188e-05
5.18025e-05
5.20731e-05
5.22877e-05
5.24398e-05
5.25492e-05
5.26223e-05
5.26652e-05
5.26841e-05
6.37693e-05
0.000171945
0.000200582
0.000202228
0.000195177
0.000185697
0.000176127
0.00016726
0.000159156
0.000151627
0.000144556
0.000137962
0.000131778
0.000125951
0.000120481
0.000115373
0.000110612
0.00010619
0.000102087
9.82845e-05
9.47585e-05
9.14887e-05
8.84635e-05
8.56658e-05
8.30795e-05
8.06892e-05
7.84804e-05
7.64398e-05
7.45548e-05
7.28137e-05
7.12057e-05
6.97198e-05
6.83413e-05
6.7059e-05
6.58876e-05
6.48415e-05
6.39e-05
6.30445e-05
6.22984e-05
6.16259e-05
6.09937e-05
6.0357e-05
5.97414e-05
5.91626e-05
5.86248e-05
5.81252e-05
5.7657e-05
5.72479e-05
5.68786e-05
5.65574e-05
5.62848e-05
5.60334e-05
5.57883e-05
5.55553e-05
5.53269e-05
5.51043e-05
5.48893e-05
5.47184e-05
5.45722e-05
5.44372e-05
5.4308e-05
5.41822e-05
5.40586e-05
5.39296e-05
5.38246e-05
5.37321e-05
5.36451e-05
5.35607e-05
5.34772e-05
5.33944e-05
5.33207e-05
5.32748e-05
5.32136e-05
5.31467e-05
5.30821e-05
5.30245e-05
5.30034e-05
5.29938e-05
5.29733e-05
5.29479e-05
5.29151e-05
5.28705e-05
5.2813e-05
5.27451e-05
5.2679e-05
5.2626e-05
5.26062e-05
5.25972e-05
5.25903e-05
5.2581e-05
5.25606e-05
5.25363e-05
5.25102e-05
5.24827e-05
5.24542e-05
5.2425e-05
5.23956e-05
5.23655e-05
5.233e-05
5.22904e-05
5.22663e-05
5.22672e-05
5.22684e-05
5.22703e-05
5.22702e-05
5.22602e-05
5.22413e-05
5.22205e-05
5.21993e-05
5.21731e-05
5.21471e-05
5.21227e-05
5.21e-05
5.2088e-05
5.21061e-05
5.21276e-05
5.21311e-05
5.21279e-05
5.21285e-05
5.21531e-05
5.21827e-05
5.22361e-05
5.22947e-05
5.23481e-05
5.23917e-05
5.24237e-05
8.7556e-05
0.00017768
0.000199963
0.000267228
0.000305126
0.000304492
0.000291599
0.00032275
0.000364716
0.000362327
0.000346015
0.000326119
0.000306048
0.000286918
0.000269015
0.000252396
0.000237025
0.00029434
0.000326957
0.000323493
0.000308719
0.000291081
0.000273419
0.000256636
0.000240974
0.000226458
0.000213033
0.000200635
0.000189208
0.000178692
0.00016902
0.000160093
0.000151846
0.000144222
0.000137177
0.000130662
0.000124633
0.000119063
0.000113919
0.000109157
0.000104755
0.000100688
9.69331e-05
9.3464e-05
9.02596e-05
8.72996e-05
8.45616e-05
8.20347e-05
7.97031e-05
7.75484e-05
7.55575e-05
7.37168e-05
7.20183e-05
7.04528e-05
6.90087e-05
6.76749e-05
6.64454e-05
6.53124e-05
6.42679e-05
6.3299e-05
6.24025e-05
6.15725e-05
6.08031e-05
6.00947e-05
5.9443e-05
5.88427e-05
5.82831e-05
5.77673e-05
5.72934e-05
5.6858e-05
5.64583e-05
5.61009e-05
5.58344e-05
5.56193e-05
5.54298e-05
5.52535e-05
5.5084e-05
5.4918e-05
5.47456e-05
5.45729e-05
5.43978e-05
5.42244e-05
5.40562e-05
5.38937e-05
5.37382e-05
5.35938e-05
5.34859e-05
5.34033e-05
5.33285e-05
5.32506e-05
5.31752e-05
5.30988e-05
5.30196e-05
5.29434e-05
5.28718e-05
5.28277e-05
5.27975e-05
5.2771e-05
5.27604e-05
5.27562e-05
5.27518e-05
5.27366e-05
5.27123e-05
5.26776e-05
5.26383e-05

