5e-05
5.02631e-05
5.04691e-05
5.06301e-05
5.07572e-05
5.08582e-05
5.09394e-05
5.10052e-05
5.10589e-05
5.11033e-05
5.11437e-05
5.12034e-05
5.12661e-05
5.13388e-05
5.14302e-05
5.15165e-05
5.15904e-05
5.16502e-05
5.16962e-05
9.56064e-05
0.000181984
0.000202891
0.000201908
0.000194011
0.000184311
0.000174529
0.000165214
0.000156519
0.000148459
0.000141008
0.000134127
0.000127775
0.000121911
0.000116494
0.000111489
0.000106869
0.000102606
9.86724e-05
9.50413e-05
9.16887e-05
8.85952e-05
8.57393e-05
8.31021e-05
8.06689e-05
7.84241e-05
7.63532e-05
7.44425e-05
7.26798e-05
7.10537e-05
6.95742e-05
6.82258e-05
6.69825e-05
6.58239e-05
6.47515e-05
6.37597e-05
6.28413e-05
6.19871e-05
6.11963e-05
6.04648e-05
5.97884e-05
5.91538e-05
5.85634e-05
5.80162e-05
5.75106e-05
5.70449e-05
5.66162e-05
5.62215e-05
5.58582e-05
5.55238e-05
5.52159e-05
5.49322e-05
5.46655e-05
5.4418e-05
5.41906e-05
5.39817e-05
5.37863e-05
5.3604e-05
5.34369e-05
5.32841e-05
5.31444e-05
0.000106045
0.000185919
0.000204502
0.000202687
0.000194481
0.000210238
0.000287696
0.000300395
0.000291874
0.000277039
0.000260944
0.000245264
0.000230507
0.000272236
0.000321466
0.000323477
0.000310394
0.000293181
0.000275524
0.000258619
0.000242805
0.000228136
0.000214567
0.000202033
0.000190461
0.000179778
0.000169916
0.00016081
0.000152404
0.000144646
0.000137485
0.000130874
0.00012477
0.000119135
0.000113931
0.000109127
0.000104694
0.000100603
9.68269e-05
9.33422e-05
9.0126e-05
8.71577e-05
8.44181e-05
8.18895e-05
7.95557e-05
7.74017e-05
7.54134e-05
7.35783e-05
0.000116871
0.000197844
0.000216185
0.000213705
0.000204737
0.0001943
0.000184166
0.000174638
0.000165745
0.000157469
0.000149745
0.000142501
0.000135712
0.000129386
0.000218463
0.000251745
0.000252298
0.000242388
0.00022964
0.000216631
0.000204215
0.000192627
0.000181891
0.000171939
0.000162733
0.000154227
0.000146365
0.000139109
0.000132647
0.000127268
0.000189734
0.000329891
0.000319146
0.000298898
0.000279882
0.000262282
0.000246019
0.000230999
0.000217131
0.000204327
0.000192506
0.000181593
0.000171518
0.000162218
0.000153633
0.000145708
0.000138391
0.000131637
0.000125402
0.000119647
0.000114333
0.000109428
0.0001049
0.000100721
9.68619e-05
9.32998e-05
9.00115e-05
8.69763e-05
8.41742e-05
8.15874e-05
0.000166484
0.00022179
0.000230721
0.000224472
0.000213715
0.000202069
0.000190729
0.000180066
0.000170229
0.00016114
0.000152724
0.00014493
0.000137714
0.000131039
0.000124868
0.000119166
0.000113898
0.000109033
0.000104541
0.000100393
9.65628e-05
9.30268e-05
8.97624e-05
8.67488e-05
8.39669e-05
8.1399e-05
7.90287e-05
7.68408e-05
7.48211e-05
7.29567e-05
7.12358e-05
6.96832e-05
6.83349e-05
6.7094e-05
6.59181e-05
6.48057e-05
6.37584e-05
6.27771e-05
6.18614e-05
6.10093e-05
6.02181e-05
5.94849e-05
5.8806e-05
5.8178e-05
5.75997e-05
5.70856e-05
5.66162e-05
5.61799e-05
5.57725e-05
5.5392e-05
5.5037e-05
5.47064e-05
5.43991e-05
5.41155e-05
5.38628e-05
5.36304e-05
5.34139e-05
5.32117e-05
5.30227e-05
5.28464e-05
5.2682e-05
5.25292e-05

