5e-05
5.02669e-05
5.04842e-05
5.06602e-05
5.08034e-05
5.09206e-05
5.10168e-05
5.10963e-05
5.11623e-05
5.12174e-05
5.12636e-05
5.13026e-05
5.1338e-05
0.000163303
0.000198222
0.000201918
0.000195565
0.000186366
0.000176722
0.000167409
0.000158641
0.000150479
0.000142923
0.000135928
0.000129462
0.000123492
0.000117978
0.000112888
0.000108187
0.00010383
9.9797e-05
9.60728e-05
9.26373e-05
8.94688e-05
8.65467e-05
8.38519e-05
8.1367e-05
7.90754e-05
7.69622e-05
7.50135e-05
7.32163e-05
7.15589e-05
7.00303e-05
6.8619e-05
6.73139e-05
6.61179e-05
6.50368e-05
6.40472e-05
6.31363e-05
7.40595e-05
0.000179377
0.000206713
0.000207635
0.000200083
0.000190212
0.0001801
0.000170418
0.00016136
0.000152953
0.000145173
0.000137979
0.000131333
0.000125195
0.000119529
0.0001143
0.00010947
0.000105009
0.000100892
9.70919e-05
9.35833e-05
9.03469e-05
8.73992e-05
8.50031e-05
8.30901e-05
8.14268e-05
7.9958e-05
7.85779e-05
7.71888e-05
7.57887e-05
7.45237e-05
7.34265e-05
7.22955e-05
7.1042e-05
6.97817e-05
6.85605e-05
6.73982e-05
6.63094e-05
6.53158e-05
6.43618e-05
6.3466e-05
6.26287e-05
6.18393e-05
6.11024e-05
6.04117e-05
5.97666e-05
5.91683e-05
5.8614e-05
5.81009e-05
5.76261e-05
5.7187e-05
5.67811e-05
5.6406e-05
5.60575e-05
5.57314e-05
5.54279e-05
5.51443e-05
5.48787e-05
5.46341e-05
5.44096e-05
5.42018e-05
5.4008e-05
5.38263e-05
5.36597e-05
5.35046e-05
5.33628e-05
5.326e-05
5.31819e-05
5.31249e-05
5.31006e-05
5.3086e-05
5.30791e-05
5.31129e-05
5.31556e-05
0.000124909
0.00018849
0.000201909
0.000198656
0.000190246
0.000180613
0.000171075
0.000162063
0.000153693
0.000145937
0.000138755
0.000132105
0.000125961
0.000120295
0.000115124
0.000110357
0.000105941
0.00010186
9.80865e-05
9.45966e-05
9.13677e-05
8.83788e-05
8.56831e-05
8.36695e-05
8.21245e-05
8.08958e-05
7.98708e-05
7.90453e-05
8.76233e-05
0.000269548
0.000292795
0.000276359
0.000259265
0.000243309
0.000228538
0.000214889
0.000202284
0.000190646
0.000179903
0.000169987
0.000160836
0.000152389
0.000144592
0.000137397
0.000130759
0.000124633
0.000118981
0.000113767
0.000108958
0.000104522
0.000100427
9.66492e-05
9.31646e-05
8.99502e-05
8.69851e-05
8.43015e-05
8.21301e-05
8.03315e-05
7.86623e-05
7.70557e-05
7.5516e-05
7.40265e-05
7.25836e-05
7.11921e-05
6.9858e-05
6.85741e-05
6.73567e-05
6.62043e-05
6.51255e-05
6.41193e-05
6.31801e-05
6.2298e-05
6.14753e-05
6.07136e-05
6.00062e-05
0.000161885
0.000203983
0.000209695
0.000203549
0.000193941
0.000183712
0.000173802
0.000164493
0.00015584
0.000147829
0.000140424
0.000133585
0.000127271
0.000121441
0.00011606
0.000111094
0.000106508
0.000102272
9.83616e-05
9.47494e-05
9.14138e-05
8.83362e-05
8.54967e-05
8.28896e-05
8.07179e-05
7.88759e-05
7.7246e-05
7.57483e-05
7.4327e-05
7.29402e-05
7.15676e-05
7.02245e-05
6.89402e-05
6.77239e-05
6.65773e-05
6.55e-05
6.44908e-05
6.35477e-05
6.2668e-05
6.18455e-05
6.10725e-05
6.03489e-05
5.9676e-05
5.9048e-05
5.84675e-05
5.79289e-05
5.74319e-05
5.69743e-05
5.65531e-05
5.6159e-05
5.57925e-05
5.54556e-05

