5e-05
5.02631e-05
5.04691e-05
5.06301e-05
5.07572e-05
5.08582e-05
5.09394e-05
5.10052e-05
5.10589e-05
5.11153e-05
5.11865e-05
5.12588e-05
5.13546e-05
0.000136508
0.000192065
0.000202568
0.000198324
0.000189619
0.000179931
0.000170413
0.000161415
0.000153029
0.00014526
0.000138074
0.000131655
0.000126056
0.00012107
0.000116535
0.000112267
0.000107981
0.000103896
0.000100046
9.64488e-05
9.30973e-05
8.99807e-05
8.70865e-05
8.44017e-05
8.19136e-05
7.96091e-05
7.74762e-05
7.55028e-05
7.36779e-05
7.19907e-05
7.04314e-05
6.89905e-05
6.76594e-05
6.64299e-05
6.5291e-05
6.42378e-05
6.32654e-05
6.23635e-05
6.15239e-05
6.07363e-05
6.00049e-05
5.9332e-05
5.87132e-05
5.81434e-05
5.76205e-05
5.71409e-05
5.67005e-05
5.62904e-05
0.000151177
0.000199686
0.000207598
0.000202224
0.000192909
0.000182814
0.000172984
0.000163733
0.000155132
0.00014717
0.000139811
0.000133018
0.000126748
0.000120962
0.000115643
0.000110748
0.000106229
0.000102055
9.81956e-05
9.46251e-05
9.13275e-05
8.82809e-05
8.54646e-05
8.28609e-05
8.04546e-05
7.8238e-05
7.6216e-05
7.43447e-05
7.26123e-05
7.10133e-05
6.95368e-05
6.81727e-05
6.69096e-05
6.57394e-05
6.46518e-05
6.36444e-05
6.27115e-05
6.18494e-05
6.10543e-05
6.0321e-05
0.000132307
0.000196372
0.000209414
0.000205587
0.000196601
0.00018648
0.000176517
0.000167098
0.000158322
0.000150181
0.000142649
0.000135688
0.000129255
0.000123304
0.000117802
0.00011272
0.000108027
0.000103694
9.96927e-05
9.5998e-05
9.25839e-05
8.94298e-05
8.6518e-05
8.38268e-05
8.13382e-05
7.90414e-05
7.69191e-05
7.49604e-05
7.31712e-05
7.15386e-05
7.00369e-05
6.86516e-05
6.73712e-05
6.61895e-05
6.51258e-05
6.4154e-05
6.32507e-05
6.2395e-05
6.15811e-05
6.08216e-05
6.01183e-05
5.94673e-05
5.88615e-05
5.83011e-05
5.77836e-05
5.73374e-05
5.70078e-05
5.67292e-05
5.64589e-05
5.6191e-05
5.59239e-05
5.57174e-05
5.55905e-05
5.54885e-05
5.54193e-05
5.53671e-05
5.52827e-05
5.51463e-05
5.49886e-05
5.4824e-05
5.46911e-05
5.45729e-05
5.44522e-05
5.43125e-05
5.41565e-05
5.39947e-05
5.38342e-05
5.36699e-05
5.35126e-05
5.33661e-05
5.32289e-05
5.3095e-05
5.29685e-05
5.28521e-05
5.27431e-05
5.26416e-05
5.25483e-05
5.24638e-05
5.23846e-05
5.23129e-05
5.22485e-05
5.21909e-05
5.21383e-05
5.20884e-05
5.20435e-05
5.20035e-05
5.19679e-05
5.19551e-05
5.19573e-05
5.19628e-05
5.19687e-05
5.19728e-05
5.1974e-05
5.19719e-05
5.19668e-05
5.19589e-05
5.19446e-05
5.19272e-05
5.19093e-05
5.18914e-05
5.18734e-05
5.18519e-05
5.18307e-05
5.18091e-05
5.17866e-05
0.000154998
0.000198091
0.000204391
0.000198676
0.000189435
0.000179541
0.00016994
0.000160917
0.000152532
0.000144775
0.000137608
0.00013099
0.000124879
0.000119236
0.000114024
0.000109212
0.000104769
0.000100667
9.68793e-05
9.33909e-05
9.01948e-05
8.7248e-05
8.45292e-05
8.20167e-05
7.96903e-05
7.75376e-05
7.5549e-05
7.37121e-05
7.20154e-05
7.04482e-05
6.89972e-05
6.76558e-05
6.64171e-05
6.52702e-05
6.42078e-05
6.32239e-05
0.000139151
0.000199874
0.000211664
0.000207323
0.000198081
0.000187749
0.000177594
0.000168008

