5e-05
5.02669e-05
5.04842e-05
5.06602e-05
5.08034e-05
5.09206e-05
5.10168e-05
5.10963e-05
5.11623e-05
5.12174e-05
5.12636e-05
5.13095e-05
5.14275e-05
5.16623e-05
5.19402e-05
5.22773e-05
5.26037e-05
5.28783e-05
5.30878e-05
0.000124445
0.000188789
0.000202451
0.00019923
0.000190779
0.000181073
0.00017146
0.000162361
0.000153884
0.000146033
0.000138775
0.000132072
0.000125884
0.000120174
0.000114901
0.000110034
0.000105543
0.000101399
9.75753e-05
9.40426e-05
9.07784e-05
8.77666e-05
0.000180687
0.000222496
0.000227151
0.000219773
0.000208949
0.000197578
0.000186609
0.00017632
0.000166768
0.000157929
0.000149762
0.000142218
0.00013527
0.00012888
0.000122986
0.000117535
0.000112501
0.000107853
0.000103558
9.95781e-05
9.58953e-05
9.24957e-05
8.93581e-05
8.64588e-05
8.37824e-05
8.1313e-05
7.90347e-05
7.69326e-05
7.49932e-05
7.32035e-05
7.15445e-05
7.00084e-05
6.85916e-05
0.000102123
0.000191683
0.000213072
0.000211715
0.000203205
0.000192853
0.000182439
0.000172531
0.000163283
0.000154709
0.000146783
0.000139461
0.000132699
0.000126454
0.000120691
0.000115373
0.000110467
0.00010594
0.000101763
9.79045e-05
9.43443e-05
9.10596e-05
8.8029e-05
8.52328e-05
8.26529e-05
8.02724e-05
7.80719e-05
7.60403e-05
7.4166e-05
7.2436e-05
7.0836e-05
6.93596e-05
6.79939e-05
6.67273e-05
6.55574e-05
6.44793e-05
6.34861e-05
6.25702e-05
6.17221e-05
6.09363e-05
6.02101e-05
5.95418e-05
5.89269e-05
5.83614e-05
5.78412e-05
5.73627e-05
5.69225e-05
5.65175e-05
5.61448e-05
5.58017e-05
5.54859e-05
5.51951e-05
5.49273e-05
5.46806e-05
5.44533e-05
5.42438e-05
5.405e-05
5.3867e-05
5.36964e-05
5.35589e-05
5.34482e-05
5.33449e-05
5.32499e-05
5.31615e-05
5.30783e-05
5.30196e-05
5.29892e-05
5.29648e-05
5.29339e-05
5.28922e-05
5.28417e-05
5.27922e-05
5.27504e-05
5.27037e-05
5.26478e-05
5.27683e-05
5.3213e-05
5.37396e-05
5.42503e-05
5.46912e-05
5.50545e-05
5.53459e-05
5.55602e-05
5.56548e-05
5.56482e-05
5.55824e-05
5.54656e-05
5.53701e-05
5.52411e-05
5.50763e-05
5.48955e-05
5.4715e-05
5.45398e-05
5.43711e-05
5.42096e-05
5.40554e-05
5.39011e-05
5.37471e-05
5.36e-05
5.34623e-05
0.000134194
0.000193486
0.00020516
0.000201132
0.000192313
0.000182416
0.000172673
0.000163468
0.000154898
0.00014696
0.000139626
0.000132855
0.000126608
0.000120843
0.000115525
0.000190392
0.000239827
0.000246057
0.000238225
0.000226325
0.000213758
0.000202015
0.000204769
0.000379841
0.000392848
0.000369021
0.000344889
0.000322427
0.000301634
0.000282412
0.000264801
0.000248729
0.000319311
0.000350087
0.000345015
0.00032871
0.00030962
0.000290587
0.000272519
0.000255661
0.000240029
0.000225567
0.000212204
0.000199861
0.00018846
0.000177934
0.000168217
0.000159246
0.000150961
0.000143312
0.000136247
0.000129726
0.000123704
0.000118147
0.000113019
0.000108287
0.00010392
9.98913e-05
9.61734e-05
9.27404e-05
8.95701e-05
8.66446e-05
8.3945e-05
8.1454e-05
7.91546e-05
7.70293e-05
7.50736e-05
7.32888e-05
7.16493e-05
7.0289e-05
6.94778e-05
6.9071e-05
6.93596e-05
0.000237461
0.00028623
0.000271249

