5e-05
5.02631e-05
5.04691e-05
5.06301e-05
5.07572e-05
5.08582e-05
5.09394e-05
5.10052e-05
5.10589e-05
5.11153e-05
5.11865e-05
5.12588e-05
5.13546e-05
5.14314e-05
5.14745e-05
5.15331e-05
5.16018e-05
5.16647e-05
5.17173e-05
5.17587e-05
5.17801e-05
5.17881e-05
5.17904e-05
5.17867e-05
5.2e-05
5.25245e-05
5.31916e-05
5.38761e-05
5.44247e-05
5.45861e-05
5.46062e-05
5.45465e-05
5.4447e-05
5.43248e-05
5.41891e-05
5.40467e-05
5.39022e-05
5.37589e-05
5.36191e-05
5.34844e-05
5.33556e-05
5.32334e-05
5.31181e-05
5.30097e-05
5.29083e-05
5.28137e-05
5.27256e-05
5.26403e-05
5.25597e-05
5.24852e-05
5.24121e-05
5.23376e-05
5.22563e-05
5.21769e-05
5.21058e-05
5.20426e-05
5.19857e-05
5.19362e-05
5.18936e-05
5.18567e-05
0.000100901
0.000184422
0.000204256
0.000202835
0.000194741
0.000184939
0.000175092
0.00016573
0.000156993
0.000148896
0.000141408
0.000134491
0.000128106
0.000122213
0.000116776
0.000111779
0.000107181
0.000102936
9.90152e-05
0.000202946
0.000233265
0.000233746
0.000224721
0.000213127
0.000201298
0.000189989
0.00017942
0.000169643
0.000160597
0.000152236
0.000144516
0.000137389
0.000130808
0.000124729
0.000119114
0.000113923
0.000109127
0.000104697
0.000100607
9.68323e-05
9.33482e-05
9.01287e-05
8.71523e-05
8.4404e-05
8.18672e-05
7.95538e-05
7.74622e-05
7.55487e-05
7.37781e-05
7.21366e-05
7.06084e-05
6.919e-05
6.7875e-05
6.66548e-05
6.55165e-05
6.44574e-05
6.34771e-05
6.25703e-05
6.17319e-05
6.09567e-05
6.02402e-05
5.95753e-05
5.8959e-05
5.83899e-05
5.78613e-05
5.73691e-05
5.69151e-05
5.64939e-05
5.61056e-05
5.5766e-05
5.54715e-05
5.52052e-05
5.49602e-05
5.47324e-05
5.45224e-05
5.43558e-05
5.4212e-05
5.40731e-05
5.3923e-05
0.000144287
0.000195729
0.000204813
0.000199978
0.000190961
0.000181067
0.000171394
0.00016231
0.000153942
0.000146222
0.000187477
0.000253213
0.000264055
0.000256816
0.000244293
0.000230737
0.000217556
0.000205162
0.000193604
0.000182848
0.000172877
0.000163651
0.000155151
0.00014731
0.000140059
0.000133338
0.000127106
0.000121335
0.000115998
0.000111054
0.000106485
0.000102266
9.83688e-05
9.47643e-05
9.14341e-05
8.83604e-05
8.55213e-05
8.28998e-05
8.04801e-05
7.82481e-05
7.61865e-05
7.42848e-05
7.25312e-05
7.09141e-05
6.9422e-05
6.80432e-05
6.67717e-05
6.55994e-05
6.45185e-05
6.35407e-05
6.26522e-05
6.18354e-05
6.10823e-05
6.03857e-05
5.97401e-05
5.91409e-05
5.85846e-05
5.80679e-05
5.7584e-05
5.7133e-05
5.67148e-05
5.63274e-05
5.59684e-05
5.56321e-05
5.53202e-05
5.50303e-05
5.47602e-05
5.45076e-05
5.42705e-05
5.40502e-05
5.38467e-05
5.36603e-05
5.34897e-05
5.33335e-05
5.31905e-05
5.30596e-05
5.29397e-05
5.28299e-05
5.27291e-05
5.26349e-05
5.25457e-05
5.24609e-05
5.23824e-05
5.23082e-05
5.22401e-05
5.21756e-05
5.21241e-05
5.21008e-05
5.20828e-05
5.20676e-05
5.20509e-05
5.20284e-05
5.20024e-05
5.1977e-05
5.19524e-05
5.19287e-05
5.19058e-05
5.18804e-05
5.1855e-05
5.18312e-05
5.18057e-05
5.17785e-05
5.17502e-05
5.17208e-05
5.16917e-05
5.16661e-05
5.16441e-05
5.16254e-05
5.16097e-05
5.15965e-05
5.15855e-05

