5e-05
5.02669e-05
5.04842e-05
5.06602e-05
5.08034e-05
5.09206e-05
5.10168e-05
5.10963e-05
5.11819e-05
5.13156e-05
5.14593e-05
5.15908e-05
5.17027e-05
5.17801e-05
5.18584e-05
5.19431e-05
5.20171e-05
5.20765e-05
5.21173e-05
5.21289e-05
5.21132e-05
5.20848e-05
5.20529e-05
5.20092e-05
5.19613e-05
5.19182e-05
5.18805e-05
5.18481e-05
5.18158e-05
5.17739e-05
5.17346e-05
5.17016e-05
5.16745e-05
5.16494e-05
5.16225e-05
5.16e-05
5.15828e-05
5.15704e-05
5.15612e-05
5.15538e-05
5.15499e-05
5.15491e-05
5.155e-05
5.15487e-05
5.15452e-05
5.15464e-05
5.15751e-05
5.16102e-05
5.16439e-05
5.16768e-05
5.16986e-05
5.17071e-05
0.000138923
0.000193636
0.000203867
0.000199442
0.000190579
0.000180753
0.000171116
0.000162026
0.000153568
0.000145733
0.000138494
0.000131809
0.000125637
0.00011994
0.000114681
0.000109828
0.00010535
0.000101219
9.74032e-05
9.38731e-05
9.0613e-05
8.76057e-05
8.48321e-05
8.22734e-05
7.99108e-05
7.77316e-05
7.57214e-05
7.3864e-05
7.21509e-05
7.05714e-05
6.9115e-05
6.77722e-05
6.6534e-05
6.53922e-05
6.43335e-05
6.33525e-05
6.24426e-05
6.15986e-05
6.08164e-05
6.00926e-05
5.94212e-05
5.88015e-05
5.82313e-05
5.77057e-05
5.72236e-05
5.678e-05
5.63711e-05
5.59962e-05
5.56527e-05
0.00014696
0.000197617
0.000206333
0.000201295
0.000192146
0.000182151
0.000172389
0.000163195
0.000154647
0.000146732
0.000139418
0.000132662
0.000126424
0.000120666
0.00011535
0.00011044
0.00010591
0.000101729
9.78727e-05
9.43144e-05
0.000191329
0.000228439
0.000231317
0.000223163
0.000211915
0.000200252
0.000189046
0.000178549
0.000168823
0.000160099
0.000152353
0.000145367
0.000138935
0.000133009
0.000127357
0.000121915
0.000116844
0.000112132
0.000107739
0.000103662
9.98748e-05
9.63393e-05
9.30489e-05
8.99893e-05
8.71418e-05
8.44846e-05
8.20127e-05
7.97206e-05
7.75899e-05
7.56109e-05
7.37708e-05
7.20657e-05
7.0484e-05
6.90208e-05
6.76701e-05
6.6423e-05
6.5287e-05
6.4251e-05
6.32941e-05
6.2408e-05
6.15886e-05
6.08332e-05
6.01354e-05
5.94854e-05
5.88806e-05
5.83241e-05
5.78091e-05
5.73351e-05
5.68994e-05
5.64943e-05
5.61192e-05
5.57729e-05
5.54535e-05
5.51809e-05
5.49474e-05
5.47389e-05
5.45491e-05
5.43705e-05
5.41918e-05
5.40151e-05
5.38425e-05
5.36796e-05
5.35299e-05
5.33916e-05
5.32577e-05
5.31343e-05
5.30219e-05
5.2914e-05
5.28094e-05
5.27307e-05
5.26734e-05
5.26202e-05
5.25698e-05
5.25207e-05
5.24701e-05
5.24179e-05
5.23674e-05
5.23189e-05
5.22683e-05
5.22194e-05
5.21735e-05
5.2129e-05
5.2087e-05
5.20483e-05
5.20132e-05
5.19785e-05
5.19441e-05
5.19122e-05
5.18851e-05
5.18625e-05
5.18419e-05
5.18225e-05
5.18066e-05
5.17929e-05
5.17786e-05
5.17663e-05
5.1753e-05
5.17419e-05
5.17332e-05
5.1723e-05
5.17112e-05
5.16943e-05
5.16764e-05
5.16617e-05
0.000143913
0.000195202
0.000204237
0.000199405
0.000190413
0.000180549
0.000170909
0.000161827
0.000153383
0.000145568
0.000138345
0.000131675
0.000125515
0.00011983
0.000114602
0.000109794
0.000105355
0.000101259
9.74742e-05
9.39759e-05
9.07454e-05
8.77623e-05
8.50074e-05
8.24581e-05
8.01008e-05

