5e-05
5.02631e-05
5.04691e-05
5.06301e-05
5.07572e-05
5.08582e-05
5.09394e-05
5.10052e-05
5.10589e-05
5.11033e-05
5.11402e-05
5.11713e-05
5.11975e-05
5.12168e-05
5.12333e-05
5.12481e-05
5.12618e-05
5.12746e-05
5.12867e-05
5.12984e-05
5.13096e-05
5.13178e-05
5.13244e-05
5.1326e-05
5.13246e-05
5.13248e-05
5.13267e-05
5.13387e-05
5.13683e-05
5.13791e-05
5.14259e-05
5.17395e-05
5.22307e-05
5.27728e-05
5.32199e-05
5.35722e-05
5.38229e-05
5.39758e-05
5.40372e-05
5.4021e-05
5.39644e-05
5.38815e-05
5.3782e-05
5.36659e-05
5.35369e-05
5.34092e-05
5.32835e-05
5.31605e-05
5.30408e-05
5.29276e-05
5.28225e-05
5.27241e-05
0.000164951
0.000201295
0.00020527
0.000198767
0.000189265
0.000179311
0.000169717
0.000160719
0.000152363
0.00014463
0.000137487
0.000130891
0.000124798
0.000119171
0.000214107
0.000247708
0.000248488
0.000238802
0.000226278
0.000213484
0.000201251
0.000189815
0.000179207
0.000169395
0.000160331
0.00015196
0.000144233
0.000137102
0.000130535
0.000124491
0.000118916
0.000113772
0.000109023
0.000104637
0.000100586
9.68432e-05
9.33853e-05
9.01898e-05
8.7233e-05
8.45011e-05
8.1978e-05
7.96454e-05
7.74889e-05
7.54943e-05
7.36523e-05
7.19512e-05
7.03782e-05
6.89266e-05
6.75846e-05
6.63446e-05
6.51981e-05
6.41407e-05
6.31629e-05
6.22609e-05
6.14271e-05
6.06538e-05
5.99379e-05
5.92773e-05
5.86695e-05
5.81105e-05
5.75965e-05
5.71234e-05
5.6694e-05
5.63173e-05
5.59758e-05
5.56619e-05
5.53679e-05
5.50952e-05
5.48421e-05
5.46068e-05
5.4387e-05
5.41785e-05
5.39834e-05
5.3799e-05
5.36252e-05
5.34631e-05
5.33137e-05
5.31761e-05
5.30495e-05
5.29331e-05
5.2824e-05
5.27214e-05
5.26272e-05
5.2541e-05
5.2462e-05
5.23919e-05
5.23432e-05
5.23051e-05
5.22693e-05
0.000163478
0.000199321
0.000203268
0.000196881
0.000187532
0.000177709
0.00016823
0.000159337
0.000151079
0.000143439
0.000136381
0.000160248
0.000241996
0.000258371
0.000253035
0.000241597
0.000228903
0.000216322
0.000204378
0.000193138
0.000182614
0.000172808
0.000163686
0.00015519
0.000147308
0.000140002
0.000133241
0.000126982
0.000121191
0.000115839
0.000110894
0.000106328
0.000102113
0.000118206
0.000212929
0.000234893
0.000232618
0.000222755
0.000210983
0.000199198
0.000188003
0.000177561
0.00016788
0.000158928
0.000150662
0.000143031
0.000135985
0.000129481
0.000123477
0.000117938
0.000112826
0.00010811
0.000103757
9.97375e-05
9.60241e-05
9.25971e-05
8.94354e-05
8.6539e-05
8.38823e-05
8.14296e-05
7.91636e-05
7.70651e-05
7.5124e-05
7.33259e-05
7.1664e-05
7.01279e-05
6.87051e-05
6.73869e-05
6.61689e-05
6.50445e-05
6.40067e-05
6.30472e-05
6.21586e-05
6.13355e-05
6.05745e-05
5.98723e-05
5.92414e-05
5.86683e-05
5.81435e-05
5.76602e-05
5.72135e-05
5.6799e-05
5.64098e-05
5.6048e-05
5.57125e-05
5.53984e-05
5.51035e-05
5.48251e-05
5.4564e-05
5.4323e-05
5.41253e-05
5.41993e-05
5.44412e-05
5.47428e-05
5.50228e-05
5.52299e-05
5.53449e-05
5.53717e-05
5.53227e-05
5.51839e-05
5.50021e-05
5.48083e-05
5.4606e-05
5.46111e-05
5.498e-05
5.54609e-05
5.58123e-05
5.60293e-05
5.61115e-05

