5e-05
5.02669e-05
5.04842e-05
5.06602e-05
5.08034e-05
5.09206e-05
5.10168e-05
5.10963e-05
5.11623e-05
5.12174e-05
5.12636e-05
5.13026e-05
5.13512e-05
5.1429e-05
5.14946e-05
5.15838e-05
5.16912e-05
5.17934e-05
5.18792e-05
5.19263e-05
5.19266e-05
5.19097e-05
5.18857e-05
5.18471e-05
5.18088e-05
5.17755e-05
5.17475e-05
5.17244e-05
0.000128298
0.000191388
0.000204365
0.000200772
0.000192103
0.000182262
0.000172547
0.000163362
0.000154812
0.000146894
0.000139578
0.000132823
0.000126587
0.000120829
0.000115511
0.000193208
0.000240485
0.000245974
0.000237917
0.000225966
0.000213382
0.000201231
0.00018983
0.000179235
0.000169426
0.00016036
0.00015199
0.000144263
0.00013713
0.000130547
0.000124495
0.000118923
0.000113762
0.000108987
0.000104581
0.000100515
9.67641e-05
9.32986e-05
9.00941e-05
8.71364e-05
8.4402e-05
8.18762e-05
7.95462e-05
7.73915e-05
7.54017e-05
7.35639e-05
7.1863e-05
7.02906e-05
6.884e-05
6.75013e-05
6.62683e-05
6.51329e-05
6.40875e-05
6.31236e-05
6.22272e-05
6.1398e-05
6.06329e-05
5.99287e-05
5.92754e-05
5.86734e-05
5.81179e-05
5.76076e-05
5.71374e-05
5.6704e-05
5.63038e-05
5.59352e-05
5.55959e-05
5.52825e-05
5.49953e-05
5.47321e-05
5.44875e-05
5.42609e-05
5.40483e-05
5.38668e-05
5.37119e-05
5.35753e-05
5.34759e-05
5.34083e-05
5.33428e-05
5.32784e-05
5.32067e-05
5.31297e-05
5.30547e-05
5.29821e-05
5.2909e-05
5.28352e-05
5.27645e-05
5.27171e-05
5.26841e-05
5.26437e-05
5.25997e-05
5.2558e-05
5.25182e-05
5.24822e-05
5.24783e-05
5.24802e-05
5.24805e-05
5.24786e-05
5.24706e-05
5.24522e-05
5.24304e-05
5.24259e-05
5.27897e-05
5.36482e-05
8.49908e-05
0.000262982
0.000276084
0.000260252
0.000244359
0.000274438
0.000347267
0.000355596
0.000342906
0.000324154
0.000304421
0.000285375
0.000267521
0.000250964
0.000235668
0.000221554
0.000208511
0.00019646
0.000185328
0.000175047
0.000165545
0.000156765
0.000148657
0.000141171
0.000134254
0.000127869
0.000121975
0.000116534
0.000111511
0.000106876
0.0001026
9.8655e-05
9.50097e-05
9.16454e-05
8.85594e-05
8.57204e-05
8.31026e-05
8.06877e-05
7.84599e-05
7.64006e-05
7.44919e-05
7.27264e-05
7.1094e-05
6.9585e-05
6.81909e-05
6.6898e-05
6.57024e-05
6.46004e-05
6.35803e-05
6.2634e-05
6.17577e-05
6.09508e-05
6.02064e-05
5.95223e-05
5.8915e-05
5.83667e-05
5.78655e-05
5.74028e-05
5.69706e-05
5.65613e-05
5.61786e-05
5.5825e-05
5.54954e-05
5.51905e-05
5.49087e-05
5.46465e-05
5.44049e-05
5.41827e-05
5.39759e-05
0.000116157
0.000189167
0.000205421
0.000202833
0.000194372
0.000184468
0.000174605
0.000165253
0.000156536
0.000148463
0.000141003
0.000134115
0.000127757
0.00012189
0.000116588
0.000111994
0.000107856
0.000104055
0.000100534
9.72341e-05
9.41123e-05
9.11254e-05
8.82802e-05
8.5598e-05
8.30926e-05
8.07577e-05
7.85799e-05
7.65517e-05
7.467e-05
7.29259e-05
7.13103e-05
6.98145e-05
6.84278e-05
6.71418e-05
6.59528e-05
6.48541e-05
6.38392e-05
6.29016e-05
6.20321e-05
0.000117735
0.000193147
0.000209957
0.000207306
0.00019861
0.000188432
0.000178298
0.000168689
0.000159732
0.000151431

