5e-05
5.02631e-05
5.04691e-05
5.06301e-05
5.07572e-05
5.08582e-05
5.09394e-05
5.10052e-05
5.10761e-05
5.1157e-05
5.12311e-05
5.12951e-05
5.13562e-05
5.14249e-05
5.15046e-05
5.16016e-05
5.16913e-05
5.17665e-05
5.18252e-05
5.18553e-05
5.18578e-05
5.18573e-05
5.18531e-05
5.18364e-05
5.18136e-05
5.17895e-05
5.17666e-05
5.17463e-05
5.17277e-05
5.17046e-05
5.16805e-05
5.16595e-05
5.16412e-05
5.16222e-05
5.15984e-05
5.15758e-05
5.15574e-05
5.15418e-05
5.15255e-05
5.15122e-05
5.15026e-05
5.14961e-05
5.14925e-05
5.14911e-05
5.15076e-05
5.15441e-05
5.15787e-05
5.16092e-05
5.16659e-05
5.1725e-05
5.17711e-05
5.1801e-05
5.18053e-05
5.17968e-05
5.17873e-05
5.17745e-05
5.17812e-05
5.18047e-05
5.18556e-05
8.2194e-05
0.000177195
0.000201111
0.000201199
0.000193707
0.000184181
0.000174482
0.00016521
0.000156562
0.000148545
0.000141133
0.000134286
0.000127961
0.000122114
0.000116712
0.000111724
0.000107116
0.000102861
9.89296e-05
9.52957e-05
9.19402e-05
8.88393e-05
8.59714e-05
8.33213e-05
8.08736e-05
7.86106e-05
7.65196e-05
7.45879e-05
7.28059e-05
7.1162e-05
6.96436e-05
6.82437e-05
6.6953e-05
6.57595e-05
6.4654e-05
6.36432e-05
6.27293e-05
6.18906e-05
6.11166e-05
6.04032e-05
5.97435e-05
5.91297e-05
5.85617e-05
5.80346e-05
5.754e-05
5.70802e-05
5.66531e-05
5.62559e-05
5.58893e-05
5.55501e-05
5.52359e-05
5.4947e-05
5.46816e-05
5.44368e-05
5.4212e-05
5.40499e-05
5.39364e-05
5.38419e-05
5.3754e-05
5.36667e-05
5.35776e-05
5.34861e-05
5.33937e-05
5.3336e-05
5.33354e-05
5.3333e-05
5.32943e-05
5.32406e-05
5.31601e-05
5.30739e-05
5.30017e-05
5.32354e-05
5.37748e-05
5.44448e-05
5.49633e-05
5.52314e-05
5.53114e-05
5.53172e-05
5.53152e-05
5.52328e-05
5.50709e-05
5.48745e-05
5.46765e-05
5.44819e-05
5.43012e-05
5.41763e-05
9.0816e-05
0.000262203
0.00026888
0.000253063
0.000237619
0.000223287
0.000210033
0.000197789
0.00018649
0.000176057
0.000166423
0.000157535
0.000149331
0.000141753
0.000134754
0.000128289
0.000122319
0.000116806
0.000111715
0.000107015
0.000102676
9.867e-05
9.49709e-05
9.15563e-05
8.8404e-05
8.54937e-05
8.2807e-05
8.03268e-05
7.80405e-05
7.60023e-05
7.41381e-05
7.24016e-05
7.07781e-05
6.92615e-05
6.78485e-05
6.65352e-05
6.53168e-05
6.41882e-05
6.31439e-05
6.21784e-05
6.1286e-05
0.000167533
0.000210523
0.000216117
0.000209545
0.00019944
0.000188722
0.00017835
0.000168611
0.000159565
0.000151194
0.000143461
0.00013632
0.000129735
0.000123659
0.000118049
0.000112868
0.000108084
0.000103667
9.95876e-05
9.58215e-05
0.000100728
0.000208042
0.000234633
0.000233801
0.000224297
0.000212519
0.000200619
0.00018928
0.000178689
0.000168869
0.000159788
0.000151399
0.000143652
0.0001365
0.000129898
0.000131546
0.00023322
0.000256646
0.000253666
0.000242489
0.00022927
0.000216066
0.000203532
0.000191842
0.000181009
0.000170994
0.000161744
0.000153209
0.000145336
0.000141852
0.00024224
0.000265186
0.000261668
0.000249925
0.000236156
0.000222434
0.000209417
0.000197279
0.000186031
0.000175633
0.000166029
0.000157161
0.000148982
0.000141436

