5e-05
5.02667e-05
5.04834e-05
5.06586e-05
5.08009e-05
5.09171e-05
5.10125e-05
5.10977e-05
5.12653e-05
5.14836e-05
5.16951e-05
5.1879e-05
5.20169e-05
5.20969e-05
5.21514e-05
5.22074e-05
5.22795e-05
5.23419e-05
5.24123e-05
0.000127534
0.000189829
0.00020275
0.000199259
0.00019071
0.00018098
0.000171579
0.000163007
0.000155241
0.000148473
0.000184655
0.000346427
0.000347448
0.000325958
0.00030499
0.000285516
0.000267507
0.000250869
0.000235505
0.00022132
0.000208225
0.000196138
0.000184982
0.000174687
0.000165187
0.00015642
0.000148346
0.000140911
0.000134057
0.000127731
0.000121904
0.000116549
0.000111628
0.000107078
0.000102856
9.89495e-05
9.53398e-05
9.20005e-05
8.89153e-05
8.60621e-05
8.3424e-05
8.09656e-05
7.86848e-05
7.65806e-05
7.46384e-05
7.28463e-05
7.11903e-05
6.96616e-05
6.82528e-05
6.69553e-05
6.57578e-05
6.46525e-05
6.36278e-05
6.26836e-05
6.18147e-05
6.10145e-05
6.02735e-05
5.95877e-05
5.89568e-05
5.83769e-05
5.78411e-05
0.00014048
0.00019806
0.00020896
0.000204476
0.00019533
0.000243279
0.000297181
0.000301903
0.000290777
0.000275169
0.000258926
0.000243301
0.000228658
0.000294024
0.000325653
0.000321524
0.000306945
0.000289849
0.000272757
0.000256478
0.000241164
0.000226894
0.000213644
0.000201347
0.000189961
0.000179424
0.000169677
0.000160655
0.000152315
0.000144608
0.000137487
0.000130909
0.000124833
0.000119249
0.0001141
0.000109345
0.000104941
0.000100862
9.70884e-05
9.36014e-05
9.03782e-05
8.74023e-05
8.46519e-05
8.21074e-05
7.97525e-05
7.75782e-05
7.55726e-05
7.37223e-05
0.000147992
0.000206468
0.000217218
0.000212272
0.000202597
0.000191932
0.000181495
0.000171653
0.000162512
0.000154056
0.000146257
0.000139162
0.000132706
0.000136118
0.000229266
0.000250416
0.000247246
0.000236563
0.000223944
0.000211328
0.000199334
0.000188117
0.000177687
0.000168025
0.000159094
0.000150833
0.0001432
0.000136148
0.000129637
0.000123625
0.000118103
0.000113235
0.000108914
0.000105024
0.000101379
9.78535e-05
9.45275e-05
9.14366e-05
8.86012e-05
8.597e-05
8.35096e-05
8.11857e-05
7.90079e-05
7.69736e-05
7.50802e-05
7.3322e-05
7.16936e-05
7.01865e-05
6.87884e-05
6.74872e-05
6.63009e-05
6.52157e-05
6.42116e-05
6.32818e-05
6.24153e-05
6.16094e-05
6.08527e-05
6.01488e-05
5.94969e-05
5.88962e-05
0.000163938
0.000202853
0.000207602
0.000201244
0.000191672
0.000181564
0.000171996
0.000163467
0.000155797
0.000148744
0.00014199
0.000135578
0.000129535
0.000123878
0.000118571
0.000113616
0.000109002
0.000104691
0.000100673
9.69466e-05
9.34951e-05
9.03003e-05
8.73479e-05
8.46545e-05
8.24982e-05
8.07007e-05
7.91385e-05
7.76585e-05
7.62279e-05
7.48851e-05
7.35755e-05
7.22844e-05
7.09893e-05
6.97295e-05
6.85182e-05
6.73493e-05
6.6231e-05
6.51785e-05
6.4194e-05
6.32697e-05
6.24009e-05
6.15878e-05
6.08304e-05
6.01285e-05
5.94809e-05
5.88841e-05
5.83307e-05
5.78196e-05
5.73495e-05
5.69172e-05
5.65174e-05
5.61463e-05
5.57973e-05
5.54753e-05
5.51918e-05
5.49518e-05
5.47392e-05
5.45516e-05
5.4429e-05
5.43618e-05
5.42945e-05
5.42203e-05

