5e-05
5.02669e-05
5.04842e-05
5.06602e-05
5.08034e-05
5.09206e-05
5.10168e-05
5.10963e-05
5.11623e-05
5.1231e-05
5.13163e-05
5.13978e-05
5.14698e-05
5.15268e-05
5.15622e-05
5.15898e-05
5.16118e-05
5.16294e-05
5.16433e-05
5.16519e-05
5.16493e-05
5.16386e-05
5.16282e-05
5.16173e-05
5.16108e-05
5.18292e-05
5.23436e-05
5.29824e-05
5.35903e-05
0.000126204
0.000187379
0.000200208
0.000196951
0.000188705
0.000179265
0.000169903
0.000161026
0.000152741
0.000145053
0.000137936
0.000131355
0.000125267
0.000119637
0.000114436
0.000109632
0.000202816
0.000239055
0.00024112
0.000232223
0.000220322
0.000208071
0.000196325
0.000185311
0.000175071
0.000165596
0.000156844
0.000148762
0.000141298
0.000134404
0.000128041
0.000122166
0.000116742
0.000111737
0.000107119
0.000102854
9.89188e-05
9.53083e-05
9.1992e-05
8.89626e-05
8.61823e-05
8.36149e-05
8.12344e-05
7.90319e-05
7.69934e-05
7.51234e-05
7.34138e-05
7.18359e-05
7.03738e-05
6.90411e-05
6.78272e-05
6.67007e-05
6.56416e-05
6.46478e-05
6.37078e-05
6.28291e-05
6.20036e-05
6.12267e-05
6.05065e-05
5.98401e-05
5.92196e-05
5.86456e-05
5.8116e-05
5.76587e-05
0.000171151
0.000203782
0.00020647
0.000199514
0.000189847
0.000179809
0.000170161
0.000161123
0.000152736
0.000144976
0.000137802
0.000131178
0.000125065
0.000119422
0.00011421
0.0001094
0.000104962
0.000100866
9.70862e-05
9.35984e-05
9.03797e-05
8.74066e-05
8.46589e-05
8.21401e-05
7.98352e-05
7.77142e-05
7.57562e-05
7.39413e-05
7.22636e-05
7.07126e-05
6.92786e-05
6.79569e-05
6.67528e-05
6.56479e-05
6.46293e-05
6.36831e-05
6.27933e-05
6.1968e-05
6.12038e-05
6.04943e-05
5.98344e-05
5.92522e-05
5.87257e-05
5.82355e-05
5.77816e-05
5.73587e-05
5.69515e-05
5.65647e-05
5.62046e-05
5.5867e-05
5.55529e-05
5.52627e-05
5.50131e-05
5.48089e-05
5.46613e-05
5.45338e-05
5.44077e-05
5.42783e-05
5.41475e-05
5.40144e-05
5.38744e-05
5.37399e-05
5.36118e-05
5.34855e-05
5.33606e-05
5.32377e-05
5.31155e-05
5.29997e-05
5.28909e-05
5.27914e-05
5.26977e-05
5.26124e-05
5.25327e-05
5.24589e-05
5.23898e-05
5.23244e-05
5.22654e-05
5.22131e-05
5.21638e-05
0.000109281
0.000186262
0.000203915
0.00020184
0.000193599
0.000183816
0.00017404
0.000164759
0.000156103
0.000148083
0.000140671
0.000133827
0.00012751
0.00012168
0.0001163
0.000111329
0.000106739
0.000102498
9.8579e-05
9.49625e-05
9.16261e-05
8.85483e-05
8.57091e-05
8.30898e-05
8.06734e-05
7.84442e-05
7.63875e-05
7.449e-05
7.27392e-05
7.11237e-05
6.96331e-05
6.82576e-05
6.6988e-05
6.5812e-05
6.4722e-05
6.3711e-05
6.27786e-05
6.19193e-05
6.11275e-05
6.03979e-05
5.97257e-05
5.91062e-05
5.85353e-05
5.80089e-05
5.75195e-05
5.70678e-05
5.66497e-05
5.62619e-05
5.59023e-05
5.55696e-05
5.52638e-05
5.49827e-05
5.47208e-05
5.44796e-05
5.42585e-05
5.40707e-05
5.39173e-05
5.37762e-05
5.36434e-05
5.35185e-05
5.33976e-05
5.32813e-05
5.31699e-05
5.30663e-05
5.29702e-05
5.2881e-05
5.27983e-05
5.27214e-05
0.000157989
0.000198727
0.000204245
0.0001983
0.000189016
0.000179138
0.000169566
0.000160575
0.000152216
0.000144482

