5e-05
5.02631e-05
5.04691e-05
5.06301e-05
5.07572e-05
5.08582e-05
5.09394e-05
5.10052e-05
5.10714e-05
5.11509e-05
5.12253e-05
5.12901e-05
5.13411e-05
5.13695e-05
5.13944e-05
5.14676e-05
5.15574e-05
5.16434e-05
5.17176e-05
5.17689e-05
5.17807e-05
5.17806e-05
5.17768e-05
5.17632e-05
5.17466e-05
5.17276e-05
5.17089e-05
5.1692e-05
5.16768e-05
5.16578e-05
5.16358e-05
5.16166e-05
5.16005e-05
5.15863e-05
5.15725e-05
5.15613e-05
5.15526e-05
5.15462e-05
5.15418e-05
5.15389e-05
5.15375e-05
5.15511e-05
5.15798e-05
5.16068e-05
5.16327e-05
5.1656e-05
5.16718e-05
5.17054e-05
5.17896e-05
5.18886e-05
5.19806e-05
5.20572e-05
5.211e-05
5.21396e-05
5.21559e-05
5.21615e-05
5.21584e-05
5.21484e-05
5.21278e-05
5.21032e-05
9.60117e-05
0.000182292
0.000203125
0.000202105
0.000194193
0.000184482
0.000174689
0.000165364
0.000156659
0.000148591
0.000141132
0.000134244
0.000127886
0.000122016
0.000116597
0.000111591
0.000106967
0.000102697
9.87565e-05
9.51205e-05
9.17654e-05
8.86644e-05
8.58004e-05
8.31549e-05
8.07113e-05
7.84569e-05
7.6376e-05
7.44556e-05
7.26846e-05
7.10517e-05
6.95445e-05
6.8152e-05
6.68652e-05
6.56762e-05
6.4577e-05
6.35635e-05
6.26297e-05
6.17709e-05
6.10074e-05
6.03402e-05
5.97394e-05
5.91878e-05
5.86754e-05
5.81936e-05
5.77341e-05
5.73025e-05
5.68979e-05
5.65189e-05
5.61642e-05
5.58326e-05
5.55229e-05
5.52339e-05
5.49634e-05
5.47077e-05
5.44699e-05
5.42494e-05
5.40451e-05
5.3856e-05
5.36811e-05
5.35193e-05
5.33697e-05
5.32314e-05
5.31037e-05
5.29856e-05
5.28766e-05
5.27759e-05
5.26829e-05
5.25971e-05
5.25178e-05
5.24417e-05
5.23701e-05
5.23043e-05
5.2244e-05
5.21887e-05
5.21356e-05
5.20854e-05
5.20395e-05
5.19979e-05
5.19548e-05
5.19107e-05
5.18888e-05
5.18818e-05
5.18999e-05
5.22492e-05
0.000115115
0.000268607
0.000265817
0.000249845
0.000234681
0.00022062
0.000207603
0.000195567
0.000184453
0.000174189
0.000164707
0.000155947
0.000147861
0.000140401
0.000133511
0.000127146
0.000121267
0.000115837
0.000110822
0.000106191
0.000101915
9.79672e-05
9.4322e-05
9.09565e-05
8.78495e-05
8.49812e-05
8.2333e-05
0.000134714
0.000215079
0.000232302
0.000228561
0.000218399
0.000206713
0.00019513
0.000184162
0.000173941
0.000164473
0.000155722
0.000147638
0.000140174
0.000133284
0.000126922
0.00012105
0.000115629
0.000110625
0.000106007
0.000101743
9.78077e-05
9.41747e-05
9.0821e-05
8.77253e-05
8.48677e-05
8.22298e-05
7.97947e-05
7.75468e-05
7.54721e-05
7.3557e-05
7.17892e-05
7.01574e-05
6.86512e-05
6.72609e-05
6.59778e-05
6.47937e-05
6.37009e-05
6.26921e-05
6.17608e-05
6.09012e-05
6.01077e-05
5.93755e-05
5.86997e-05
5.80759e-05
5.75002e-05
5.69689e-05
5.64787e-05
5.60263e-05
5.56088e-05
5.52237e-05
5.48682e-05
5.45403e-05
5.42379e-05
5.39665e-05
5.37203e-05
5.34926e-05
5.32808e-05
5.30836e-05
5.28998e-05
5.27289e-05
5.25702e-05
5.2423e-05
5.22866e-05
5.21657e-05
5.20612e-05
5.19649e-05
5.18802e-05
5.18086e-05
5.17401e-05
5.16725e-05
5.16066e-05
5.15429e-05
5.14817e-05
5.14235e-05
5.13685e-05
5.13169e-05
5.12686e-05
5.12235e-05
5.11817e-05

