5e-05
5.02631e-05
5.04691e-05
5.06301e-05
5.07572e-05
5.08582e-05
5.09394e-05
5.10052e-05
5.10589e-05
5.11153e-05
5.11865e-05
5.12544e-05
5.13135e-05
5.13525e-05
5.13775e-05
5.13974e-05
5.14137e-05
5.14395e-05
5.14872e-05
7.34663e-05
0.000174583
0.000200586
0.000201356
0.000194067
0.00018475
0.000175529
0.000166878
0.000158851
0.000151377
0.000144279
0.00013748
0.0001311
0.000125153
0.000119622
0.00011448
0.000109706
0.000105283
0.00010119
9.74033e-05
9.39017e-05
9.06646e-05
8.76846e-05
8.49576e-05
8.24715e-05
8.02006e-05
7.81216e-05
7.62905e-05
7.46978e-05
7.3254e-05
7.18998e-05
7.06095e-05
6.93673e-05
6.81191e-05
6.69315e-05
6.58179e-05
6.47771e-05
6.38061e-05
6.29003e-05
6.20533e-05
6.12668e-05
6.05368e-05
5.98563e-05
5.92228e-05
5.86362e-05
5.8093e-05
0.000160588
0.000202458
0.000208135
0.000202034
0.000192504
0.000182366
0.000172547
0.000163324
0.000154756
0.00014683
0.000139509
0.000132749
0.000126509
0.00012075
0.000115435
0.000110528
0.000106
0.00010182
9.79612e-05
9.43995e-05
9.11118e-05
8.80768e-05
8.52752e-05
8.26888e-05
8.03012e-05
7.8097e-05
7.6062e-05
7.41833e-05
7.24466e-05
7.08408e-05
6.93591e-05
6.80234e-05
6.6831e-05
6.57428e-05
6.4739e-05
6.38008e-05
6.2922e-05
6.21022e-05
6.13314e-05
6.06129e-05
5.99704e-05
5.93828e-05
5.88295e-05
5.83147e-05
5.78351e-05
5.73876e-05
5.69699e-05
5.65799e-05
5.62161e-05
5.58727e-05
5.5547e-05
5.52438e-05
5.49595e-05
5.46963e-05
5.44519e-05
5.42239e-05
5.40138e-05
5.38206e-05
5.36429e-05
5.34771e-05
5.33236e-05
5.31827e-05
5.30535e-05
5.30693e-05
5.33955e-05
5.38365e-05
5.43578e-05
5.48773e-05
5.52881e-05
0.000117859
0.000185749
0.000200852
0.00019828
0.0001902
0.000180741
0.000171298
0.000162319
0.000153928
0.000146136
0.000138921
0.000132261
0.000126124
0.000183862
0.000242291
0.000251296
0.000244125
0.000295341
0.000334317
0.000332489
0.000328409
0.000391454
0.000394367
0.000378031
0.000356411
0.000334364
0.000423871
0.000511072
0.000483134
0.000450358
0.000419727
0.000391392
0.000365214
0.000341037
0.000318714
0.000298103
0.000279075
0.000308057
0.000362954
0.00036464
0.000349437
0.000329592
0.000309244
0.00028975
0.000271503
0.00025457
0.000238905
0.000224431
0.000211066
0.000198725
0.000187332
0.000176814
0.000167104
0.000158141
0.000149867
0.000142229
0.000135178
0.00012867
0.000122662
0.000117116
0.000111996
0.00010727
0.000102908
9.8881e-05
9.51641e-05
9.17328e-05
8.85654e-05
8.56416e-05
8.29427e-05
8.04514e-05
7.81518e-05
7.6029e-05
7.40696e-05
7.2261e-05
7.05913e-05
6.90499e-05
6.7627e-05
6.63134e-05
6.5101e-05
6.3982e-05
6.29491e-05
6.19956e-05
6.1116e-05
6.03111e-05
5.95713e-05
5.88874e-05
5.82545e-05
5.76685e-05
5.71264e-05
5.6625e-05
5.61618e-05
5.57338e-05
5.53382e-05
5.49727e-05
5.46351e-05
5.43232e-05
5.40367e-05
5.37805e-05
5.35452e-05
5.33267e-05
5.3126e-05
5.29478e-05
5.27825e-05
5.26299e-05
5.2496e-05
5.23701e-05
5.225e-05
5.21353e-05
5.20264e-05
5.1925e-05
5.1914e-05
5.1965e-05
5.19991e-05
5.19982e-05
5.19671e-05
5.19157e-05

