5e-05
5.02631e-05
5.04691e-05
5.06301e-05
5.07572e-05
5.08582e-05
5.09394e-05
5.10052e-05
5.1059e-05
5.11231e-05
5.11962e-05
5.12637e-05
5.1322e-05
5.13611e-05
5.13897e-05
5.14127e-05
5.14312e-05
5.1446e-05
5.14579e-05
5.14666e-05
5.14641e-05
5.14595e-05
7.67966e-05
0.000177382
0.000203003
0.000203481
0.000195955
0.00018627
0.000176388
0.00016694
0.000158109
0.00014992
0.00014235
0.00013536
0.000128906
0.000122947
0.000117448
0.000112372
0.000107685
0.000103361
9.93707e-05
9.5687e-05
9.22855e-05
8.91467e-05
8.62504e-05
8.3578e-05
8.11119e-05
7.88333e-05
7.67302e-05
7.47872e-05
7.29932e-05
7.13369e-05
6.98054e-05
6.83874e-05
6.70795e-05
6.58738e-05
6.47596e-05
6.37323e-05
6.27851e-05
6.19856e-05
6.15492e-05
6.13451e-05
6.11915e-05
6.10061e-05
6.07363e-05
6.03861e-05
5.99896e-05
5.95615e-05
5.9116e-05
5.86657e-05
5.82199e-05
5.77855e-05
5.7367e-05
5.69674e-05
5.65841e-05
5.62144e-05
5.5868e-05
5.55415e-05
5.52328e-05
5.4947e-05
5.46831e-05
5.44389e-05
5.42111e-05
5.39988e-05
5.38027e-05
5.36231e-05
5.34562e-05
5.33021e-05
5.3159e-05
5.30275e-05
5.29078e-05
5.27989e-05
5.26996e-05
5.26105e-05
5.25535e-05
5.25118e-05
5.24767e-05
5.2444e-05
5.24118e-05
5.23792e-05
5.23458e-05
5.23117e-05
5.22765e-05
5.22366e-05
5.2197e-05
5.21589e-05
0.000156686
0.00019832
0.000204147
0.0001983
0.00018904
0.000179163
0.00016959
0.000185216
0.000267192
0.00028235
0.000275524
0.000262056
0.000247155
0.00023255
0.000218776
0.000205962
0.0001941
0.000183139
0.000173016
0.000163665
0.000155033
0.000147066
0.000139713
0.000132927
0.000126664
0.000120882
0.000115538
0.000110605
0.000106053
0.000101853
9.79775e-05
9.44014e-05
9.11008e-05
8.80522e-05
8.52388e-05
8.26424e-05
8.0244e-05
7.80294e-05
7.5988e-05
7.41208e-05
7.24054e-05
7.08501e-05
6.9428e-05
6.81165e-05
6.68964e-05
6.57568e-05
6.47079e-05
6.37462e-05
6.28789e-05
6.20881e-05
6.13558e-05
6.06751e-05
6.00396e-05
5.94448e-05
5.88878e-05
5.83662e-05
5.78783e-05
5.74195e-05
5.69835e-05
5.65829e-05
5.62369e-05
5.5919e-05
5.56218e-05
5.53354e-05
5.50669e-05
5.48138e-05
5.45753e-05
5.43535e-05
5.41474e-05
5.39525e-05
5.37709e-05
5.36179e-05
5.34982e-05
5.33929e-05
5.32955e-05
5.32027e-05
5.31031e-05
5.30039e-05
5.29095e-05
5.28202e-05
0.000128283
0.000191322
0.000204307
0.000200735
0.000192078
0.000182235
0.000172514
0.000163322
0.000154762
0.000146836
0.000139511
0.000132743
0.000126489
0.000120716
0.000115389
0.000110472
0.000106117
0.000102458
9.92663e-05
9.62901e-05
9.34775e-05
9.08021e-05
8.82283e-05
8.57189e-05
8.33209e-05
8.10504e-05
7.89012e-05
7.68663e-05
7.49643e-05
0.000150778
0.000208134
0.000218478
0.00021334
0.000203567
0.000192811
0.000182281
0.000172354
0.000163115
0.000154555
0.000146644
0.000139339
0.000132594
0.000126368
0.00012062
0.000115314
0.000110417
0.000105895
0.000101725
9.78892e-05
9.43545e-05
9.10942e-05
8.80844e-05
8.53005e-05
8.27364e-05
8.03901e-05
7.82225e-05
7.62179e-05
7.43754e-05
7.26859e-05
7.11276e-05
6.96856e-05
6.83487e-05
6.73089e-05
6.67879e-05

