5e-05
5.02631e-05
5.04691e-05
5.06301e-05
5.07572e-05
5.08582e-05
5.09394e-05
5.10052e-05
5.10589e-05
5.11033e-05
5.11402e-05
5.11715e-05
5.12223e-05
5.13068e-05
5.13976e-05
5.14821e-05
5.15549e-05
5.16144e-05
5.16609e-05
5.17036e-05
5.17491e-05
5.17838e-05
5.18099e-05
5.18244e-05
5.18331e-05
5.18369e-05
5.18366e-05
5.1833e-05
7.10237e-05
0.000175234
0.000202208
0.000203171
0.000195825
0.00018621
0.000176361
0.000166935
0.000158119
0.000149942
0.000142377
0.000135391
0.000128948
0.000123245
0.000118279
0.000113862
0.000109847
0.000106181
0.000102902
9.98343e-05
9.68674e-05
9.396e-05
9.11152e-05
8.83367e-05
8.56454e-05
8.31058e-05
8.07301e-05
7.85164e-05
7.64612e-05
7.45536e-05
7.2788e-05
7.11536e-05
6.96417e-05
6.82443e-05
6.69526e-05
6.57587e-05
6.46557e-05
6.36335e-05
6.26846e-05
6.18084e-05
6.1014e-05
6.03009e-05
5.96507e-05
5.90543e-05
5.85032e-05
5.79903e-05
5.75159e-05
5.70757e-05
5.66653e-05
5.62851e-05
5.59294e-05
5.56149e-05
5.53447e-05
5.50949e-05
5.48642e-05
5.46457e-05
5.44383e-05
5.42407e-05
5.4048e-05
5.38679e-05
5.37004e-05
5.3545e-05
5.34008e-05
5.32671e-05
5.31431e-05
5.30267e-05
5.29162e-05
5.28139e-05
5.27174e-05
5.26263e-05
5.25425e-05
5.24658e-05
5.23956e-05
5.23489e-05
5.23202e-05
5.22914e-05
5.22642e-05
5.22377e-05
5.2206e-05
5.2174e-05
5.21425e-05
5.21118e-05
5.20818e-05
5.20527e-05
5.20244e-05
5.19919e-05
5.19574e-05
5.19251e-05
5.18955e-05
5.18684e-05
5.18437e-05
5.1821e-05
5.17969e-05
5.17742e-05
5.18084e-05
5.22235e-05
5.29821e-05
5.39179e-05
5.50246e-05
5.65124e-05
0.000192349
0.000269532
0.000256233
0.000240604
0.000226039
0.000212565
0.000200117
0.000188622
0.000178009
0.00016821
0.000159164
0.000150813
0.000143103
0.000135987
0.000129417
0.000123352
0.000117753
0.000112587
0.000107825
0.000103429
9.93694e-05
9.562e-05
9.21572e-05
8.89663e-05
8.6073e-05
8.34694e-05
8.10543e-05
7.88047e-05
7.67062e-05
7.47434e-05
7.29134e-05
7.12133e-05
6.96367e-05
6.81766e-05
6.68258e-05
6.55768e-05
6.44227e-05
6.33564e-05
6.23716e-05
6.14623e-05
6.06232e-05
5.98484e-05
5.91332e-05
5.84729e-05
5.78635e-05
5.7301e-05
5.67817e-05
0.000136352
0.000200044
0.00021274
0.000208594
0.000199308
0.000188856
0.000178562
0.000168837
0.000159783
0.000151399
0.00014365
0.000136495
0.000129889
0.00012379
0.000118161
0.000112964
0.000108167
0.000103739
9.96514e-05
9.5878e-05
9.23948e-05
8.91796e-05
8.62119e-05
8.34723e-05
8.09435e-05
7.86092e-05
7.64544e-05
7.44654e-05
7.26295e-05
7.09348e-05
6.93707e-05
6.79273e-05
6.6595e-05
6.53654e-05
6.42771e-05
6.33636e-05
6.2526e-05
6.17253e-05
6.09548e-05
6.02186e-05
5.95198e-05
5.88625e-05
5.82478e-05
5.76748e-05
5.71421e-05
5.6648e-05
5.61903e-05
5.57666e-05
5.53747e-05
5.50125e-05
5.46779e-05
5.43688e-05
5.40834e-05
5.382e-05
5.35768e-05
5.33523e-05
5.31453e-05
5.29619e-05
5.27988e-05
5.26481e-05
5.25071e-05
5.23751e-05
5.22516e-05
5.2136e-05
5.20281e-05
5.19274e-05
5.18339e-05
0.000154648
0.000200435
0.00020743
0.000201748
0.000192327
0.000182192
0.000172341
0.000163078

