5e-05
5.02669e-05
5.04842e-05
5.06602e-05
5.09083e-05
5.16585e-05
5.3162e-05
0.000220147
0.000275599
0.000262127
0.000246234
0.000231327
0.000217556
0.000204875
0.000193159
0.000182361
0.000172388
0.000163167
0.00015464
0.000146755
0.000139452
0.000132696
0.000230912
0.000267507
0.000268233
0.00025752
0.000243718
0.000229632
0.000216169
0.000203581
0.000191907
0.000181114
0.000171146
0.000161942
0.000153445
0.000145604
0.000138367
0.000131687
0.000125523
0.000119834
0.000114583
0.000109737
0.000105264
0.000101135
9.73206e-05
9.37997e-05
9.05501e-05
8.7551e-05
8.47829e-05
8.22271e-05
0.000173574
0.000219189
0.000225207
0.00021835
0.000207752
0.000196501
0.00018561
0.000175385
0.000165885
0.000227267
0.000276674
0.000281039
0.000270829
0.000256511
0.000241611
0.00022728
0.000213855
0.000201393
0.000189866
0.000179219
0.000169389
0.000160315
0.00015194
0.000144211
0.000137076
0.00013049
0.000124454
0.000119158
0.000114457
0.000110151
0.000106163
0.000102418
9.87988e-05
9.53657e-05
9.21358e-05
8.91163e-05
8.63004e-05
8.3686e-05
8.12627e-05
7.90179e-05
7.69358e-05
7.49981e-05
7.33131e-05
7.20639e-05
7.09889e-05
6.9976e-05
6.89817e-05
6.80018e-05
6.69868e-05
6.59899e-05
6.50273e-05
6.4136e-05
6.33142e-05
6.25406e-05
6.18091e-05
6.11157e-05
6.04521e-05
5.98272e-05
5.92382e-05
5.86834e-05
5.81582e-05
5.76662e-05
5.72083e-05
5.67825e-05
5.63879e-05
5.60175e-05
5.56728e-05
5.53512e-05
5.50513e-05
5.47765e-05
5.45251e-05
5.42954e-05
5.40813e-05
5.38782e-05
5.36891e-05
5.35114e-05
5.33571e-05
5.32376e-05
5.31306e-05
5.30308e-05
5.29407e-05
5.28586e-05
5.27794e-05
5.8815e-05
0.000170923
0.000201231
0.00020332
0.000196332
0.000186824
0.000267246
0.000296408
0.000293349
0.000280232
0.000264575
0.000248899
0.000234029
0.000220164
0.000207305
0.000195407
0.000184395
0.000260943
0.000292784
0.000290749
0.000278051
0.00026259
0.000247032
0.000232223
0.000218398
0.000205586
0.000193741
0.000182799
0.000172699
0.000163377
0.00015477
0.000146821
0.000139485
0.000132715
0.000126466
0.000120697
0.000115372
0.000110456
0.00010592
0.000101731
9.78603e-05
9.4287e-05
9.09911e-05
8.79514e-05
8.51481e-05
8.25627e-05
8.01782e-05
7.79741e-05
7.59384e-05
7.4061e-05
0.000148971
0.000206742
0.000217257
0.000212238
0.000202541
0.000191846
0.000181374
0.000243156
0.000287693
0.000289927
0.000278617
0.000263568
0.00024809
0.000233255
0.000219375
0.000206494
0.000194577
0.00018357
0.000173409
0.000164028
0.000155371
0.000147381
0.000140008
0.000133201
0.000126912
0.000121106
0.000115747
0.000110803
0.000106241
0.000102032
9.81447e-05
9.45547e-05
9.12392e-05
8.8178e-05
8.53528e-05
8.2747e-05
8.03438e-05
7.81272e-05
7.60772e-05
7.41811e-05
7.24298e-05
7.08114e-05
6.93169e-05
6.79394e-05
6.66703e-05
6.55006e-05
6.44201e-05
6.34277e-05
6.26998e-05
6.22569e-05
6.20383e-05
6.19778e-05
6.19841e-05
6.19388e-05
6.17157e-05
6.13719e-05
6.09052e-05
6.03902e-05
5.98657e-05
5.93503e-05
5.885e-05
5.836e-05
5.7887e-05
5.74639e-05
5.71362e-05
5.68502e-05
5.65715e-05

