5e-05
5.02631e-05
5.04691e-05
5.06301e-05
5.07572e-05
5.08582e-05
5.09394e-05
5.10052e-05
5.10606e-05
5.11494e-05
5.12672e-05
5.13805e-05
5.14798e-05
5.15841e-05
5.16736e-05
5.17483e-05
5.18074e-05
5.18513e-05
5.18815e-05
5.18989e-05
5.18958e-05
5.18806e-05
5.18617e-05
5.18345e-05
5.18083e-05
5.19936e-05
5.24393e-05
5.29929e-05
5.35348e-05
5.38027e-05
5.38926e-05
5.39081e-05
5.38731e-05
5.38103e-05
5.37206e-05
5.3616e-05
5.34999e-05
5.33829e-05
5.32686e-05
5.31583e-05
5.30529e-05
5.29529e-05
5.28561e-05
5.27629e-05
5.26761e-05
5.25936e-05
5.2515e-05
5.244e-05
5.23868e-05
5.23521e-05
5.23221e-05
5.22869e-05
5.22433e-05
5.21925e-05
5.21452e-05
5.21025e-05
5.20614e-05
5.20228e-05
5.19882e-05
5.19573e-05
0.000140559
0.000193717
0.000203437
0.000198871
0.000190323
0.00018136
0.000173074
0.000227609
0.000365442
0.000352323
0.000329506
0.00030813
0.000288354
0.000270084
0.000253213
0.000237636
0.000223254
0.000209978
0.000197722
0.000186408
0.000175964
0.000166322
0.000157422
0.000149206
0.000141621
0.000134619
0.000128155
0.000140284
0.000240591
0.000262935
0.000259325
0.000247651
0.000234003
0.000220416
0.000207534
0.000195525
0.000184407
0.000174132
0.000164641
0.000155876
0.000147783
0.000140311
0.000133411
0.000127042
0.000121164
0.000115746
0.000110743
0.000106124
0.000101858
9.79186e-05
9.42805e-05
9.09215e-05
8.782e-05
8.49565e-05
8.232e-05
7.9903e-05
7.77762e-05
7.58776e-05
7.40956e-05
7.24115e-05
7.08345e-05
6.93609e-05
6.798e-05
6.66873e-05
6.54807e-05
6.43569e-05
6.3313e-05
6.23451e-05
6.14489e-05
6.06196e-05
5.98528e-05
5.91441e-05
5.84893e-05
5.78902e-05
5.73597e-05
5.68984e-05
5.6475e-05
5.60763e-05
5.57128e-05
5.53808e-05
5.50717e-05
5.47728e-05
5.44868e-05
5.42146e-05
5.39597e-05
5.37434e-05
5.35557e-05
5.33885e-05
5.32237e-05
5.30579e-05
5.2897e-05
5.2742e-05
5.25942e-05
5.24545e-05
5.23232e-05
5.22003e-05
5.20858e-05
5.19794e-05
5.18806e-05
5.17891e-05
5.17044e-05
5.16262e-05
5.15539e-05
5.14871e-05
5.14255e-05
5.13687e-05
5.13163e-05
5.12681e-05
5.12237e-05
5.11828e-05
5.11452e-05
5.11105e-05
5.10787e-05
5.10494e-05
5.10226e-05
5.0998e-05
5.09848e-05
5.09782e-05
5.09721e-05
5.09647e-05
5.09552e-05
5.09443e-05
5.09328e-05
5.09209e-05
5.09088e-05
5.08969e-05
5.08854e-05
5.08745e-05
5.08642e-05
5.08546e-05
5.08457e-05
5.08375e-05
5.083e-05
5.08229e-05
8.4733e-05
0.000181207
0.00020527
0.000205119
0.000197274
0.000187403
0.000177387
0.000167829
0.000178805
0.000266231
0.000283184
0.000276859
0.000263453
0.000248472
0.000233745
0.000219841
0.0002069
0.000194917
0.000183842
0.000173614
0.000164171
0.000155453
0.000147406
0.000139977
0.00013312
0.00012679
0.000120946
0.000115551
0.000110572
0.000105975
0.000101732
9.78154e-05
9.42001e-05
9.0863e-05
8.77826e-05
8.49391e-05
8.23146e-05
7.9892e-05
7.7656e-05
7.55924e-05
7.36878e-05
7.193e-05
7.03074e-05
6.88096e-05
6.74271e-05
6.61513e-05
6.49736e-05
6.3886e-05
6.28814e-05
6.19539e-05
6.10978e-05
6.0308e-05
5.95791e-05
5.89068e-05
5.82866e-05
5.77147e-05

