5e-05
5.02669e-05
5.04842e-05
5.06602e-05
5.08034e-05
5.09206e-05
5.10168e-05
5.1098e-05
5.11951e-05
5.12939e-05
5.13916e-05
5.15126e-05
5.16466e-05
0.000107411
0.00018317
0.000200557
0.000198669
0.000190757
0.000181318
0.000171844
0.000162791
0.000154318
0.000146461
0.000139187
0.00013246
0.000126247
0.000120511
0.000115215
0.000110324
0.000105806
0.000101636
9.77863e-05
9.42323e-05
9.09531e-05
8.79245e-05
8.51301e-05
8.25527e-05
8.01755e-05
7.79823e-05
7.59557e-05
7.40858e-05
7.23574e-05
7.07605e-05
6.92955e-05
6.79703e-05
6.67574e-05
6.56414e-05
6.46109e-05
6.36511e-05
6.27619e-05
6.19389e-05
6.11768e-05
6.04564e-05
5.97861e-05
5.91673e-05
5.85963e-05
5.80697e-05
5.75806e-05
5.71275e-05
5.67098e-05
5.63181e-05
5.59501e-05
5.56992e-05
5.57685e-05
5.60068e-05
5.63149e-05
5.65594e-05
5.67502e-05
5.68689e-05
5.6906e-05
5.68656e-05
5.67603e-05
5.66052e-05
5.64148e-05
5.61949e-05
5.59525e-05
5.57077e-05
5.54722e-05
5.55872e-05
5.63537e-05
0.000168936
0.000279433
0.000270329
0.000253965
0.000238466
0.000224093
0.000210799
0.000198518
0.000187175
0.000176702
0.000167036
0.000158115
0.000149881
0.000142282
0.000135271
0.000128802
0.000122834
0.000117329
0.00011225
0.000107565
0.000103243
9.92547e-05
9.55732e-05
9.21928e-05
8.90924e-05
8.62367e-05
8.35968e-05
8.11586e-05
7.89067e-05
7.68262e-05
7.49036e-05
7.31267e-05
7.72524e-05
0.000188673
0.00021792
0.000218832
0.000210677
0.000200055
0.000189187
0.000178789
0.000169066
0.000160048
0.000151729
0.000144062
0.000136987
0.00013045
0.000124412
0.000118831
0.000113675
0.000108913
0.000104516
0.000100455
9.67246e-05
9.32967e-05
9.01296e-05
8.72027e-05
8.44923e-05
8.19866e-05
7.9666e-05
7.75152e-05
7.55359e-05
7.3733e-05
7.20743e-05
7.05339e-05
6.91038e-05
6.77788e-05
6.65572e-05
6.54419e-05
6.44405e-05
0.000176401
0.000208306
0.000210564
0.000203271
0.000193304
0.000182989
0.000173084
0.000163804
0.000155181
0.000147201
0.000139935
0.000133484
0.000127682
0.000122362
0.000117386
0.000112669
0.000108205
0.000104036
0.000100155
9.65458e-05
9.31917e-05
9.00772e-05
8.71815e-05
8.44938e-05
8.20043e-05
7.96944e-05
0.000176021
0.000216581
0.000221168
0.000214078
0.000203632
0.000192647
0.00018207
0.000172162
0.000162965
0.000154457
0.000146593
0.000139329
0.00013262
0.00012644
0.000120736
0.000115468
0.000110596
0.000106096
0.00010194
9.80989e-05
9.45452e-05
9.12613e-05
8.82279e-05
8.54219e-05
8.28293e-05
8.04401e-05
7.8256e-05
7.62487e-05
7.43959e-05
7.26763e-05
7.10801e-05
6.96094e-05
6.82723e-05
6.70436e-05
6.59092e-05
6.48566e-05
6.3866e-05
6.29431e-05
6.2089e-05
6.1299e-05
6.05664e-05
5.99039e-05
5.93056e-05
5.87573e-05
5.82512e-05
5.7782e-05
5.73403e-05
5.69264e-05
5.65363e-05
5.61733e-05
5.5832e-05
5.55151e-05
5.52219e-05
5.49481e-05
5.46928e-05
5.44572e-05
5.42402e-05
5.40388e-05
5.385e-05
5.36762e-05
5.35164e-05
5.33697e-05
5.3235e-05
5.31166e-05
5.30235e-05
5.29393e-05
5.2863e-05
5.27882e-05
5.27184e-05
5.26531e-05
5.25917e-05
5.25337e-05
5.24752e-05
5.24147e-05
5.23568e-05

