5e-05
5.02631e-05
5.04691e-05
5.06301e-05
5.08524e-05
5.14809e-05
5.23566e-05
5.32916e-05
5.41437e-05
5.48064e-05
5.52308e-05
5.54351e-05
5.5471e-05
5.53696e-05
5.51985e-05
5.50378e-05
5.4878e-05
5.47104e-05
5.45373e-05
5.43545e-05
5.41642e-05
5.39769e-05
7.90683e-05
0.000179372
0.0002048
0.000205131
0.000197477
0.000187675
0.000177683
0.000168134
0.000159211
0.000150938
0.000143291
0.000136227
0.000129704
0.000123683
0.000118128
0.000113002
0.000108272
0.000103904
9.98742e-05
9.61557e-05
9.27247e-05
8.95566e-05
8.66313e-05
8.39321e-05
8.14417e-05
7.91407e-05
7.70163e-05
7.50564e-05
7.32481e-05
7.15781e-05
7.00423e-05
6.86375e-05
6.73465e-05
6.61571e-05
6.50549e-05
6.40353e-05
6.30931e-05
6.222e-05
6.13961e-05
6.06312e-05
5.99242e-05
5.92919e-05
5.87242e-05
5.82051e-05
5.77271e-05
5.72847e-05
5.6874e-05
5.64921e-05
5.61362e-05
5.57972e-05
5.54797e-05
5.51843e-05
5.49063e-05
5.46458e-05
5.44444e-05
5.45558e-05
5.48905e-05
5.53074e-05
5.57016e-05
5.596e-05
5.60656e-05
5.60093e-05
5.58613e-05
5.56656e-05
5.54521e-05
5.52312e-05
5.50023e-05
5.47761e-05
5.45584e-05
5.43468e-05
5.41448e-05
5.39541e-05
5.37729e-05
5.36043e-05
5.34482e-05
5.3304e-05
5.31681e-05
5.30417e-05
5.29247e-05
5.28359e-05
5.27683e-05
5.27368e-05
5.27242e-05
5.27051e-05
0.000156321
0.00019758
0.000203316
0.000197515
0.000188354
0.000178586
0.000169114
0.000184573
0.000265744
0.000280621
0.000273823
0.000260499
0.000245763
0.000231312
0.000217699
0.000205052
0.000193345
0.000182521
0.000172518
0.000163275
0.000154734
0.000146843
0.000139553
0.000132812
0.000126585
0.000120833
0.000115516
0.000110601
0.000106063
0.000101876
9.81917e-05
0.000136499
0.000297525
0.000295161
0.00027714
0.00025987
0.00024384
0.000229012
0.000215311
0.000202656
0.000190969
0.000180179
0.000170216
0.000161018
0.000152527
0.000144688
0.000137451
0.000130771
0.000124603
0.00011891
0.000113654
0.000108801
0.000104322
0.000100187
9.637e-05
9.28462e-05
8.9593e-05
8.65899e-05
8.38176e-05
8.12583e-05
7.88956e-05
7.67146e-05
7.47014e-05
7.28429e-05
7.11272e-05
6.95436e-05
6.80817e-05
6.67327e-05
6.54873e-05
6.43375e-05
6.32771e-05
6.23056e-05
6.141e-05
6.05821e-05
5.98161e-05
5.91076e-05
5.84528e-05
5.78477e-05
5.72884e-05
5.67714e-05
0.000134391
0.000199162
0.000212248
0.000208253
0.000199031
0.000188615
0.000178344
0.000168638
0.0001596
0.000151231
0.000143496
0.000136354
0.000129769
0.00012369
0.000118078
0.000112895
0.000108109
0.00010369
9.96101e-05
9.58428e-05
9.23647e-05
8.91535e-05
8.61892e-05
8.34525e-05
8.09264e-05
7.85943e-05
7.64416e-05
7.44545e-05
7.26203e-05
0.000151208
0.000210591
0.000221325
0.000216103
0.000206106
0.000195097
0.000184318
0.000174155
0.0001647
0.000155945
0.000147855
0.000140382
0.000133483
0.000127114
0.000121234
0.000115806
0.000110796
0.000106171
0.000101901
9.79603e-05
9.43223e-05
9.09641e-05
8.78642e-05
8.50028e-05
8.23615e-05
7.99236e-05
7.76733e-05
7.5596e-05
7.36786e-05
7.19088e-05
7.02751e-05
6.87672e-05
6.73754e-05
6.60908e-05
6.49051e-05

