5e-05
5.02669e-05
5.04842e-05
5.06602e-05
5.08034e-05
5.09206e-05
5.10168e-05
5.10963e-05
5.11623e-05
5.12174e-05
5.12636e-05
5.13026e-05
5.13352e-05
5.13523e-05
5.13572e-05
5.13613e-05
5.13662e-05
5.1372e-05
5.13789e-05
5.13866e-05
5.13921e-05
5.13983e-05
5.14057e-05
5.14141e-05
5.14213e-05
5.14276e-05
5.14349e-05
5.14417e-05
5.14465e-05
0.000159976
0.000198991
0.000203936
0.000197818
0.000188497
0.000178631
0.00016909
0.00016015
0.000151902
0.000144298
0.00013728
0.000130798
0.000124806
0.000132004
0.000227066
0.000248677
0.000245623
0.000234925
0.000222346
0.000209817
0.00019796
0.000186905
0.000176652
0.000167124
0.000158299
0.000150145
0.000142611
0.00013565
0.000129215
0.000123266
0.000117772
0.000112699
0.000108015
0.000103687
9.96907e-05
9.60015e-05
9.25964e-05
8.94536e-05
8.65516e-05
8.38694e-05
8.13939e-05
7.91095e-05
7.70418e-05
7.54854e-05
7.43941e-05
7.3678e-05
7.34992e-05
0.000221868
0.000295681
0.000282741
0.000265484
0.000249158
0.000233999
0.000219971
0.000207005
0.000195027
0.000183967
0.00017376
0.000164356
0.000155679
0.000147668
0.000140273
0.000133447
0.000127146
0.00012133
0.000115962
0.000111007
0.000106433
0.000102211
9.83147e-05
9.4718e-05
9.14129e-05
8.83835e-05
8.5591e-05
8.3002e-05
8.0609e-05
7.83981e-05
7.6353e-05
7.44592e-05
7.2709e-05
7.10919e-05
6.9598e-05
6.82178e-05
6.69427e-05
6.57647e-05
6.46741e-05
6.36646e-05
6.27325e-05
6.18719e-05
6.10775e-05
6.03434e-05
5.96627e-05
5.90343e-05
5.84547e-05
5.792e-05
5.74269e-05
5.6972e-05
5.65524e-05
5.61654e-05
5.58084e-05
5.5479e-05
5.5175e-05
5.48946e-05
5.46359e-05
5.43971e-05
5.41768e-05
5.39734e-05
5.37857e-05
5.36213e-05
5.34923e-05
5.33725e-05
5.32579e-05
5.31511e-05
5.30506e-05
5.29556e-05
5.28655e-05
5.27799e-05
5.26988e-05
5.26219e-05
5.25492e-05
5.24824e-05
5.24406e-05
5.24106e-05
5.23846e-05
5.23589e-05
5.23268e-05
5.22915e-05
5.22552e-05
5.22141e-05
5.21698e-05
5.21392e-05
5.21326e-05
5.21316e-05
5.21295e-05
5.21191e-05
5.21052e-05
5.2089e-05
5.20708e-05
5.20489e-05
5.20225e-05
5.19961e-05
5.19703e-05
5.19454e-05
5.19211e-05
5.18942e-05
5.18681e-05
5.1844e-05
5.18217e-05
5.18013e-05
5.17826e-05
5.17655e-05
5.17481e-05
5.17298e-05
5.17132e-05
5.16985e-05
5.16855e-05
5.16734e-05
5.16595e-05
5.1647e-05
5.16362e-05
5.1627e-05
5.16192e-05
5.16126e-05
5.16068e-05
5.15986e-05
5.15912e-05
5.15851e-05
5.15802e-05
5.15765e-05
5.15736e-05
5.15715e-05
5.15701e-05
5.15693e-05
5.15671e-05
5.15622e-05
5.15553e-05
5.15495e-05
5.15452e-05
5.15422e-05
5.15403e-05
5.15394e-05
5.15393e-05
5.15398e-05
5.15408e-05
5.15423e-05
5.15441e-05
5.15461e-05
5.15479e-05
5.15463e-05
5.15447e-05
5.15439e-05
5.15438e-05
5.15418e-05
5.15353e-05
5.15296e-05
5.15255e-05
5.15228e-05
5.15214e-05
5.15185e-05
5.15158e-05
5.15144e-05
5.15134e-05
5.15104e-05
5.15057e-05
5.15014e-05
5.14988e-05
5.14978e-05
5.14981e-05
5.14996e-05
5.15021e-05
5.15053e-05
5.1509e-05
5.15132e-05
5.15177e-05
5.15224e-05
5.15272e-05
5.15314e-05
5.1532e-05
5.15328e-05
5.15341e-05
5.15359e-05

