5e-05
5.02669e-05
5.04842e-05
5.06602e-05
5.08034e-05
5.09206e-05
5.10168e-05
5.10963e-05
5.11623e-05
5.12174e-05
5.12636e-05
5.13026e-05
5.13359e-05
5.13767e-05
5.14257e-05
5.14744e-05
5.15195e-05
5.15575e-05
5.15848e-05
5.16057e-05
5.16028e-05
5.15896e-05
7.8875e-05
0.000177091
0.000201963
0.000202279
0.000194786
0.000185192
0.000175416
0.000166075
0.000157341
0.000149239
0.000141747
0.000134827
0.000128436
0.000122535
0.000117087
0.000112059
0.000107416
0.000103128
9.91705e-05
9.5518e-05
9.21472e-05
8.90364e-05
8.61656e-05
8.35162e-05
8.10711e-05
7.88144e-05
7.67345e-05
7.48429e-05
7.31017e-05
7.14898e-05
7.00095e-05
6.86756e-05
6.74541e-05
6.63257e-05
6.52705e-05
6.42843e-05
6.33616e-05
6.24957e-05
6.16683e-05
6.08969e-05
6.01845e-05
5.95271e-05
5.89172e-05
5.83548e-05
5.7837e-05
5.73603e-05
5.69216e-05
5.65171e-05
5.61411e-05
5.57949e-05
5.54765e-05
5.51839e-05
5.4915e-05
5.46678e-05
5.44405e-05
5.42315e-05
5.40392e-05
5.38624e-05
5.36996e-05
5.35498e-05
5.34083e-05
5.44433e-05
0.000169536
0.000201763
0.000204432
0.000197563
0.000188013
0.000178094
0.000168562
0.000159658
0.000151404
0.000143774
0.000136728
0.000130216
0.000124201
0.000118648
0.000113515
0.000108775
0.000104398
0.000100356
9.66254e-05
9.31806e-05
8.99956e-05
8.70541e-05
8.4336e-05
8.18247e-05
7.95254e-05
7.74237e-05
7.54776e-05
7.36757e-05
7.20037e-05
7.04487e-05
6.90105e-05
6.76832e-05
6.64585e-05
6.53368e-05
6.45862e-05
6.42815e-05
6.43232e-05
6.48219e-05
0.00016847
0.000286634
0.000278746
0.000261852
0.000344704
0.000374157
0.000367336
0.000349239
0.000328454
0.00030786
0.000288366
0.000270204
0.000253382
0.000237834
0.000223476
0.000210224
0.000198012
0.00018675
0.000176354
0.000166759
0.000157904
0.000149731
0.000142183
0.000135216
0.000128807
0.000122902
0.000117463
0.000112469
0.000107859
0.00010359
9.96383e-05
9.59808e-05
9.25933e-05
8.94589e-05
8.65594e-05
8.38977e-05
8.14395e-05
7.91692e-05
7.70731e-05
7.51343e-05
0.000166677
0.000213195
0.000219858
0.00021349
0.000203301
0.000192412
0.000181848
0.000171919
0.000162693
0.000154148
0.000146248
0.000138955
0.000132223
0.000126008
0.000120283
0.000115224
0.000110737
0.000106657
0.000102873
9.93463e-05
9.60375e-05
0.000184761
0.00022473
0.000228852
0.000221296
0.000210388
0.000198953
0.00018792
0.000177564
0.00016793
0.000159007
0.000150759
0.000143136
0.000136093
0.000129589
0.000123582
0.000118034
0.000112913
0.000108184
0.000103817
9.97853e-05
9.60651e-05
9.26332e-05
8.94672e-05
8.65466e-05
8.38522e-05
8.13666e-05
7.90717e-05
7.69524e-05
7.49973e-05
7.31937e-05
7.15298e-05
6.99931e-05
6.85729e-05
6.7261e-05
6.61499e-05
6.54478e-05
0.000158725
0.000199383
0.000205244
0.000199657
0.000190629
0.000180895
0.000171382
0.000162392
0.000154004
0.000146218
0.000139002
0.000132327
0.000126154
0.000120445
0.00011517
0.000110298
0.000105798
0.000101642
9.78046e-05
9.42586e-05
9.09756e-05
8.79395e-05
8.5135e-05
8.25451e-05
8.0156e-05
7.79509e-05
7.59148e-05
7.4037e-05
7.23053e-05
7.07084e-05
6.92358e-05

