5e-05
5.02667e-05
5.04834e-05
5.06586e-05
5.08009e-05
5.09171e-05
5.10125e-05
5.10977e-05
5.12653e-05
5.14836e-05
5.16951e-05
5.1879e-05
5.20169e-05
5.20969e-05
5.21514e-05
5.22074e-05
5.22795e-05
5.23419e-05
5.24123e-05
5.24629e-05
5.24503e-05
5.24117e-05
5.23663e-05
5.23113e-05
5.22589e-05
5.2435e-05
5.29149e-05
5.35771e-05
5.46122e-05
9.8007e-05
0.00026644
0.00027361
0.000257796
0.000242069
0.000227433
0.000213889
0.000201374
0.000189815
0.000179143
0.00016929
0.000160197
0.000151805
0.00014406
0.000136915
0.000130322
0.000124254
0.000118672
0.000113527
0.00010878
0.00010441
0.000100399
9.67202e-05
0.000136508
0.000219214
0.000237099
0.000233453
0.000223143
0.000211231
0.000199406
0.000188203
0.00017774
0.000168037
0.000159069
0.000150787
0.000143141
0.000136081
0.000129563
0.000123549
0.000118
0.000112878
0.00010815
0.000103781
9.97497e-05
9.6031e-05
9.26001e-05
0.000188309
0.000228032
0.000231731
0.00022381
0.0002126
0.000200911
0.000189657
0.000179107
0.000169313
0.000160255
0.000151889
0.000144163
0.000137032
0.000130444
0.000124363
0.000118752
0.000113572
0.000108789
0.000104373
0.000100333
9.68806e-05
9.39135e-05
9.12547e-05
8.87611e-05
8.63971e-05
8.40788e-05
8.18585e-05
7.97496e-05
7.77438e-05
7.58594e-05
7.40952e-05
0.000134973
0.000202303
0.000216167
0.000212306
0.000202997
0.000192421
0.000181974
0.000172119
0.000162947
0.000154451
0.000146585
0.000139305
0.000132577
0.000126362
0.00012062
0.000115319
0.000110422
0.000105896
0.000101712
9.78497e-05
9.42855e-05
9.09966e-05
8.79586e-05
8.51526e-05
8.25639e-05
8.01762e-05
7.79817e-05
7.59829e-05
0.000133417
0.000203
0.000217421
0.000213672
0.000204353
0.000193829
0.000183525
0.000173816
0.000164726
0.000156272
0.000148466
0.000148138
0.000241494
0.000262233
0.00025831
0.000246704
0.000233205
0.000219771
0.000207032
0.000195144
0.000184124
0.000173934
0.000164519
0.000155827
0.000147829
0.000140676
0.000134245
0.000128407
0.000122965
0.00011778
0.000112922
0.000108417
0.000104276
0.000100439
9.68665e-05
9.35157e-05
9.03899e-05
8.74806e-05
8.47793e-05
8.22754e-05
7.99587e-05
7.78161e-05
7.58314e-05
7.39887e-05
7.23026e-05
7.0756e-05
6.93259e-05
6.80029e-05
6.67734e-05
6.56324e-05
6.45665e-05
6.3577e-05
6.26615e-05
6.18176e-05
6.10369e-05
6.03118e-05
5.96388e-05
5.90123e-05
5.84332e-05
5.79015e-05
5.76202e-05
5.78107e-05
0.000159447
0.000194748
0.00019928
0.000193604
0.000184879
0.000175583
0.000166514
0.000157947
0.000201848
0.000262795
0.000271673
0.000263444
0.000250173
0.000235959
0.000222162
0.000209224
0.000272938
0.000304498
0.000302184
0.000289235
0.000273496
0.000257662
0.000242533
0.000228332
0.000215068
0.00020274
0.000191306
0.000180698
0.000170865
0.000161768
0.000153358
0.000145578
0.000138381
0.000131726
0.000125577
0.000119897
0.000114654
0.000109815
0.000105346
0.00010122
9.74133e-05
9.39008e-05
9.06575e-05
8.76616e-05
8.48896e-05
8.23309e-05
7.99827e-05
7.78366e-05
7.58646e-05
7.40528e-05
7.24309e-05
7.09796e-05
6.96347e-05
6.83811e-05

