5e-05
5.02631e-05
5.04691e-05
5.06301e-05
5.07572e-05
5.08582e-05
5.09394e-05
5.10052e-05
5.10761e-05
5.1157e-05
5.12311e-05
5.12951e-05
5.13562e-05
5.14249e-05
5.15046e-05
5.16016e-05
5.16913e-05
5.17665e-05
5.18252e-05
5.18553e-05
5.18578e-05
5.18573e-05
0.000155626
0.000197682
0.000203696
0.000197936
0.000188721
0.000178874
0.000169324
0.000160343
0.000151995
0.000144271
0.000137136
0.000130545
0.000124454
0.00011883
0.000113641
0.000108852
0.00010443
0.000100349
9.65845e-05
9.3112e-05
8.99087e-05
8.69538e-05
8.42438e-05
8.17634e-05
7.94746e-05
7.73604e-05
7.54372e-05
7.36687e-05
0.000164264
0.000209863
0.00021647
0.00021027
0.000200303
0.000189638
0.000179308
0.000169617
0.000160641
0.000221217
0.000270038
0.000274585
0.000264813
0.00025098
0.00023655
0.000222654
0.000209619
0.000197536
0.000186362
0.00017604
0.000166508
0.000157705
0.000149571
0.000142059
0.000135121
0.000128715
0.0001228
0.000117335
0.000112286
0.000107624
0.000103317
9.93364e-05
9.56588e-05
9.22624e-05
8.91239e-05
8.62245e-05
8.35467e-05
8.10759e-05
7.87962e-05
7.66909e-05
7.47491e-05
7.29583e-05
7.1303e-05
6.97714e-05
6.83672e-05
6.709e-05
6.59161e-05
6.48326e-05
6.38335e-05
6.291e-05
6.20528e-05
6.126e-05
6.05255e-05
5.98394e-05
5.92027e-05
5.86125e-05
5.80647e-05
5.7559e-05
5.70914e-05
5.66587e-05
5.62605e-05
5.5894e-05
5.5556e-05
5.52451e-05
5.50036e-05
5.48169e-05
5.46546e-05
5.45042e-05
5.43593e-05
5.42169e-05
5.40763e-05
5.39385e-05
5.38389e-05
5.37997e-05
5.37615e-05
5.36899e-05
5.36058e-05
5.34972e-05
5.33851e-05
5.32889e-05
5.35005e-05
5.40196e-05
5.46708e-05
6.0961e-05
0.000167987
0.000197254
0.000199426
0.000192848
0.000183754
0.000263702
0.000293086
0.000290314
0.000277431
0.000261976
0.000246522
0.000268561
0.000426333
0.000420414
0.000392956
0.000366759
0.00043071
0.000450392
0.000436546
0.000412688
0.000386862
0.000361709
0.000338043
0.000316042
0.000295675
0.000276851
0.000259465
0.000243411
0.000228588
0.000214903
0.00020227
0.000190608
0.000179841
0.000169901
0.000160725
0.000152255
0.000144436
0.000137217
0.000130554
0.000124406
0.000118803
0.000113648
0.000108874
0.000104446
0.000100341
9.65387e-05
9.30195e-05
8.9765e-05
8.67567e-05
0.000162833
0.000221389
0.000231392
0.000225455
0.000214749
0.000203069
0.000191668
0.000254817
0.00030019
0.000302016
0.000289916
0.000274002
0.000257679
0.00024205
0.000227429
0.000213874
0.000201341
0.000189762
0.000179069
0.000169196
0.00016008
0.000151664
0.000143894
0.000136721
0.000130099
0.000123986
0.000118344
0.000113135
0.000108335
0.000103907
9.98175e-05
9.60408e-05
9.25527e-05
8.93314e-05
8.63566e-05
8.36099e-05
8.1074e-05
7.87327e-05
7.6571e-05
7.45753e-05
7.27382e-05
7.10486e-05
6.94887e-05
6.80471e-05
6.67144e-05
6.54825e-05
6.4344e-05
6.32921e-05
6.23202e-05
6.14225e-05
6.05996e-05
5.98463e-05
5.91503e-05
5.85067e-05
5.79206e-05
5.73806e-05
5.68797e-05
5.6414e-05
5.5981e-05
5.55784e-05
5.52049e-05
5.48587e-05
5.45382e-05
5.42417e-05
5.39676e-05
5.37219e-05
5.35003e-05

