5e-05
5.02631e-05
5.04691e-05
5.06301e-05
5.08524e-05
5.14809e-05
5.23566e-05
5.32916e-05
5.41437e-05
5.48064e-05
5.52308e-05
5.54351e-05
5.5471e-05
5.53696e-05
5.51985e-05
5.50378e-05
5.4878e-05
5.47104e-05
5.45373e-05
5.43545e-05
5.41642e-05
5.39769e-05
5.39769e-05
0.000169913
0.000203083
0.000205959
0.000199071
0.000189432
0.000179403
0.000169756
0.00016072
0.000152335
0.000144582
0.000137419
0.000130804
0.000124699
0.000119066
0.000113868
0.000109071
0.000104642
0.000100555
9.67845e-05
9.33051e-05
9.00924e-05
8.71259e-05
8.43887e-05
8.18631e-05
7.95298e-05
7.73755e-05
7.53879e-05
7.35542e-05
7.18606e-05
7.03031e-05
6.88782e-05
6.75687e-05
6.63622e-05
6.52442e-05
6.42101e-05
6.32544e-05
6.2369e-05
6.15336e-05
6.07582e-05
6.00414e-05
5.94001e-05
5.8824e-05
5.82973e-05
5.78122e-05
5.73632e-05
5.69465e-05
5.65591e-05
5.6198e-05
5.58542e-05
5.55324e-05
5.52329e-05
5.49512e-05
5.46872e-05
5.44826e-05
5.45911e-05
5.4923e-05
5.53375e-05
5.57294e-05
5.59856e-05
5.60893e-05
5.60312e-05
5.58814e-05
5.56842e-05
5.54693e-05
7.5435e-05
0.000177058
0.000203148
0.000203829
0.000196386
0.000186726
0.000176846
0.00016739
0.000158546
0.000150342
0.000142755
0.000135745
0.00012927
0.000123293
0.000117794
0.000112732
0.00010809
0.000103822
9.98744e-05
9.62092e-05
9.28114e-05
8.96828e-05
8.68143e-05
8.41678e-05
8.17227e-05
7.94609e-05
7.73661e-05
7.54151e-05
7.36327e-05
7.20016e-05
7.04919e-05
6.90876e-05
6.77798e-05
6.65889e-05
6.55087e-05
6.45122e-05
6.35873e-05
6.27262e-05
6.19235e-05
6.1175e-05
6.04771e-05
5.98266e-05
5.92157e-05
5.86464e-05
5.81177e-05
5.76228e-05
5.71589e-05
5.67293e-05
5.63357e-05
5.61527e-05
9.7692e-05
0.000261702
0.000262092
0.000246613
0.00023169
0.000217827
0.000204999
0.000193144
0.000182193
0.00017208
0.000162742
0.00015412
0.000146159
0.00013881
0.000132026
0.000125763
0.000119981
0.000114643
0.000109715
0.000105166
0.000100967
9.70897e-05
9.35107e-05
9.02068e-05
8.71568e-05
8.4341e-05
8.17417e-05
7.93422e-05
7.7127e-05
7.5082e-05
7.31941e-05
7.14516e-05
6.98429e-05
6.83578e-05
6.69872e-05
6.57218e-05
6.45543e-05
6.34764e-05
6.24812e-05
6.15635e-05
6.07237e-05
5.99498e-05
5.92341e-05
5.85718e-05
5.79589e-05
5.73924e-05
5.68688e-05
5.63848e-05
6.00941e-05
0.000177306
0.000209095
0.000211201
0.00020377
0.000193683
0.000183261
0.000173259
0.000163894
0.000155205
0.000203898
0.000268305
0.000277755
0.000269263
0.000255543
0.000240855
0.000226599
0.000213197
0.000241814
0.00030733
0.000315209
0.000304371
0.000288132
0.000270995
0.000254438
0.000238899
0.000224467
0.000211115
0.000198779
0.000187388
0.000176872
0.000167164
0.000158207
0.000149945
0.000142319
0.000135278
0.000128777
0.000122773
0.00011723
0.000112112
0.000107387
0.000103024
9.89969e-05
9.52789e-05
9.18467e-05
8.86782e-05
8.57535e-05
8.30538e-05
8.05616e-05
7.82612e-05
7.61377e-05
7.41776e-05
7.23683e-05
7.06983e-05
6.91568e-05
6.77341e-05
6.64209e-05
6.52088e-05
6.409e-05
6.30574e-05
6.21042e-05
6.12245e-05
6.04126e-05
5.96633e-05
5.89718e-05

