5e-05
5.02631e-05
5.04691e-05
5.06301e-05
5.07572e-05
5.08582e-05
5.09394e-05
5.10052e-05
5.10589e-05
5.11033e-05
5.11402e-05
5.11713e-05
5.11979e-05
0.000162092
0.00019939
0.000203774
0.000197482
0.000188121
0.000178278
0.00021691
0.000279876
0.000288385
0.000279161
0.000264765
0.00024945
0.000234609
0.000220667
0.000207726
0.00019577
0.000184707
0.000174484
0.000165046
0.000156332
0.000148288
0.000140861
0.000134004
0.000127673
0.000121828
0.000116431
0.000111449
0.000106849
0.000102602
9.86815e-05
9.50618e-05
9.17194e-05
8.86316e-05
8.58044e-05
8.32075e-05
8.08073e-05
7.85903e-05
7.65419e-05
7.46483e-05
7.28974e-05
7.12782e-05
6.97807e-05
6.83959e-05
6.71153e-05
6.59313e-05
6.48366e-05
6.38246e-05
6.28891e-05
6.20245e-05
6.12255e-05
6.04871e-05
5.98048e-05
5.91745e-05
5.85921e-05
5.80549e-05
5.75822e-05
5.71605e-05
5.67689e-05
5.64336e-05
5.61389e-05
5.58664e-05
5.56091e-05
5.53635e-05
5.51282e-05
5.49028e-05
5.46887e-05
5.45144e-05
5.43638e-05
5.42217e-05
5.40835e-05
5.39476e-05
5.38139e-05
5.36828e-05
5.3555e-05
5.34492e-05
5.33713e-05
5.33e-05
5.32293e-05
5.31571e-05
5.30816e-05
5.29988e-05
5.29162e-05
5.28353e-05
5.27568e-05
5.26811e-05
5.26086e-05
5.25394e-05
5.24736e-05
5.24114e-05
5.23527e-05
5.22954e-05
5.22392e-05
5.21868e-05
5.21384e-05
5.20938e-05
5.20534e-05
5.21984e-05
5.26662e-05
5.32935e-05
5.39554e-05
5.46135e-05
5.53475e-05
5.60022e-05
5.64749e-05
5.67311e-05
5.67942e-05
5.67152e-05
5.65439e-05
5.63206e-05
5.60953e-05
5.5868e-05
5.5635e-05
5.53993e-05
5.51647e-05
5.50619e-05
5.54039e-05
5.60021e-05
5.66578e-05
5.72224e-05
5.75969e-05
5.77505e-05
5.77763e-05
5.78047e-05
5.78025e-05
5.77386e-05
5.75839e-05
5.73368e-05
5.70488e-05
5.6742e-05
5.6429e-05
5.61187e-05
5.58167e-05
5.55268e-05
5.5251e-05
9.54662e-05
0.000183935
0.000205389
0.000204445
0.000196514
0.000187116
0.00025269
0.000289422
0.000289492
0.000283934
0.000353958
0.000361717
0.00034876
0.000329791
0.000309826
0.000290524
0.00027239
0.00025553
0.000239916
0.000225479
0.00021214
0.000199818
0.000188438
0.000180088
0.000271052
0.000289969
0.000283937
0.000270315
0.000254984
0.000239883
0.000287561
0.000327507
0.00032631
0.000312094
0.000294455
0.000276831
0.000260407
0.000245269
0.000231295
0.000218323
0.000206212
0.000194869
0.00018425
0.000174331
0.000165091
0.000156502
0.000148513
0.00014111
0.00013426
0.000127926
0.000122071
0.000116661
0.000111663
0.000107046
0.000102783
9.88459e-05
9.5211e-05
9.1852e-05
8.87499e-05
8.58865e-05
8.32438e-05
8.08047e-05
7.85536e-05
7.6476e-05
7.45586e-05
7.27889e-05
7.11555e-05
6.9648e-05
6.82565e-05
0.000164506
0.00020733
0.000213025
0.000206711
0.000196904
0.000186476
0.000176374
0.000166884
0.000158065
0.000149901
0.000142356
0.000135383
0.000128986
0.00012333
0.00011827
0.000113654
0.00010937
0.000105332
0.000101496
9.78859e-05
9.4499e-05
9.13299e-05
8.83719e-05
8.56168e-05
8.3055e-05
8.06762e-05
7.84698e-05
7.6425e-05
7.45312e-05
7.27783e-05
7.11564e-05
6.96563e-05
6.82693e-05
6.69872e-05

