5e-05
5.02669e-05
5.04842e-05
5.06602e-05
5.08034e-05
5.09206e-05
5.10168e-05
5.10963e-05
5.11623e-05
5.12174e-05
5.12636e-05
5.13026e-05
5.13512e-05
5.1429e-05
5.14946e-05
5.15838e-05
5.16912e-05
5.17934e-05
5.18792e-05
5.19263e-05
0.000131346
0.000191698
0.000203854
0.000200057
0.000191351
0.000181528
0.000171846
0.000162701
0.000154187
0.000146301
0.000139012
0.000132284
0.000126075
0.000120345
0.000115058
0.00011018
0.000105678
0.000101525
9.76923e-05
9.41556e-05
9.08921e-05
8.78784e-05
8.50941e-05
8.25234e-05
8.01481e-05
7.79563e-05
7.59344e-05
7.40691e-05
7.23484e-05
7.07609e-05
6.92939e-05
6.79335e-05
6.66697e-05
6.55003e-05
6.44226e-05
6.34274e-05
6.25094e-05
6.16627e-05
6.09067e-05
6.02235e-05
5.95756e-05
5.8967e-05
5.84067e-05
5.78913e-05
5.7417e-05
5.69767e-05
5.65647e-05
5.61849e-05
5.58301e-05
5.55011e-05
5.51989e-05
5.49161e-05
5.46543e-05
5.44116e-05
5.41832e-05
5.39701e-05
5.37743e-05
5.35939e-05
5.34301e-05
5.32818e-05
5.31475e-05
5.77293e-05
0.000171174
0.000201999
0.000204196
0.000197191
0.000187616
0.00024683
0.000293451
0.000296044
0.000284534
0.000269127
0.000253258
0.000238044
0.000223806
0.000210595
0.000198379
0.000187096
0.000176676
0.000167056
0.000158171
0.000149984
0.00014244
0.000135481
0.000129085
0.000123204
0.000117772
0.000186142
0.000237677
0.00024473
0.000237263
0.000225555
0.000213084
0.000200996
0.000189637
0.000179102
0.000169364
0.000160357
0.000152033
0.000144347
0.00013725
0.0001307
0.000124682
0.000119133
0.000114009
0.000109276
0.000104902
0.000100852
9.71091e-05
9.36695e-05
9.08624e-05
8.87937e-05
0.000117434
0.000292931
0.00030373
0.000285773
0.000267918
0.000251305
0.000235926
0.000221714
0.000208587
0.000196468
0.00018528
0.000174957
0.000165444
0.000156684
0.000148619
0.000141192
0.000134324
0.000127977
0.000122109
0.000116689
0.000111674
0.000107036
0.000102752
9.87942e-05
9.5136e-05
9.17586e-05
8.86406e-05
8.5762e-05
8.3105e-05
8.06538e-05
7.83944e-05
7.63102e-05
7.43829e-05
7.26044e-05
7.09823e-05
6.94948e-05
6.81245e-05
6.68611e-05
6.56963e-05
6.46183e-05
6.36156e-05
6.26862e-05
6.18258e-05
6.10294e-05
6.02931e-05
5.96073e-05
5.89723e-05
5.83877e-05
5.78453e-05
0.000172532
0.000206118
0.000208968
0.000201921
0.000192086
0.000181883
0.000172085
0.000162911
0.000154396
0.000146515
0.000139224
0.000132487
0.000126267
0.000120522
0.000115217
0.000110321
0.000105798
0.000101624
9.77712e-05
9.42131e-05
9.0928e-05
8.7893e-05
8.50907e-05
8.24963e-05
8.00974e-05
7.78815e-05
7.58355e-05
7.39473e-05
7.22059e-05
7.06008e-05
6.91216e-05
6.77583e-05
6.65019e-05
6.53438e-05
6.43895e-05
6.38085e-05
6.33752e-05
6.29944e-05
6.26301e-05
6.22443e-05
6.18126e-05
6.13091e-05
6.07563e-05
6.01902e-05
5.96382e-05
5.91066e-05
5.85934e-05
5.81018e-05
5.76387e-05
5.7204e-05
5.67971e-05
5.64171e-05
5.60605e-05
5.57253e-05
5.54141e-05
5.51257e-05
5.48586e-05
5.46116e-05
5.43795e-05
5.41636e-05
5.3961e-05
5.37742e-05
5.36025e-05
5.34449e-05
5.33003e-05
5.31676e-05
5.30459e-05
5.29341e-05
5.28278e-05

