5e-05
5.02669e-05
5.04842e-05
5.06602e-05
5.08034e-05
5.09206e-05
5.10168e-05
5.10963e-05
5.11623e-05
5.12174e-05
5.12636e-05
5.13026e-05
5.1338e-05
5.1391e-05
5.14557e-05
5.15345e-05
5.16461e-05
5.17599e-05
5.18622e-05
5.19399e-05
5.19775e-05
5.19921e-05
8.16298e-05
0.000177693
0.000201889
0.000202009
0.000194473
0.000184883
0.000175122
0.000165783
0.000157044
0.000148938
0.000141444
0.000134526
0.00012814
0.000122248
0.000116811
0.000111794
0.000107166
0.000102895
9.89541e-05
9.53178e-05
9.19626e-05
8.88651e-05
8.60034e-05
8.33705e-05
8.09629e-05
7.87488e-05
7.67077e-05
7.48402e-05
7.31162e-05
7.15175e-05
7.00252e-05
6.86378e-05
6.73509e-05
6.61617e-05
6.50598e-05
6.40397e-05
6.30936e-05
6.2215e-05
6.13968e-05
6.06371e-05
5.99348e-05
5.92864e-05
5.86883e-05
5.81341e-05
5.762e-05
5.71469e-05
5.67097e-05
5.63058e-05
5.59355e-05
5.56335e-05
5.56796e-05
0.000103195
0.000179733
0.000198078
0.000197053
0.000189818
0.000180888
0.00017193
0.000163476
0.000155468
0.000147836
0.000140677
0.000134007
0.000127814
0.00012208
0.000116799
0.000111887
0.000107337
0.000103127
9.92237e-05
9.56126e-05
9.22685e-05
8.91742e-05
8.63149e-05
8.36735e-05
8.12337e-05
7.89804e-05
7.68995e-05
7.4978e-05
7.32039e-05
0.000157451
0.000208517
0.000216846
0.00021117
0.000201326
0.000190653
0.000180257
0.000261356
0.000291462
0.000288942
0.000276175
0.000260797
0.000245366
0.000230723
0.000217077
0.000204445
0.000192795
0.000182044
0.000172123
0.000163005
0.000154599
0.00014683
0.000139623
0.000132947
0.000126764
0.000121041
0.00011575
0.000110862
0.000106364
0.000102237
9.84226e-05
9.48889e-05
9.16102e-05
8.85789e-05
8.57866e-05
8.32691e-05
8.09512e-05
7.87964e-05
7.68016e-05
7.4955e-05
7.32435e-05
7.16563e-05
7.01829e-05
6.88861e-05
0.000135418
0.000194183
0.000206336
0.000203217
0.000195496
0.000195956
0.000369748
0.000385388
0.00036187
0.000338215
0.000316194
0.000295821
0.000277
0.000259619
0.000302285
0.000357505
0.00035957
0.000344656
0.000325109
0.000305075
0.000285901
0.000267968
0.000251335
0.000235957
0.000221755
0.000208645
0.000196544
0.000185375
0.000175066
0.000165552
0.000156773
0.00014867
0.000141244
0.000134695
0.000128855
0.000123455
0.000118404
0.000113686
0.000109262
0.00010511
0.000101217
9.75748e-05
9.41599e-05
9.09754e-05
8.80071e-05
8.5252e-05
8.26985e-05
8.03308e-05
7.81301e-05
7.60902e-05
7.42049e-05
7.24601e-05
7.08594e-05
6.93974e-05
6.80456e-05
6.67945e-05
6.56346e-05
6.45589e-05
6.35646e-05
6.26464e-05
6.17947e-05
6.10039e-05
6.0271e-05
5.95938e-05
5.89684e-05
5.83895e-05
5.7856e-05
5.73647e-05
5.69101e-05
5.64866e-05
5.60966e-05
5.57339e-05
5.5398e-05
5.50894e-05
5.4806e-05
5.45585e-05
5.45651e-05
5.47338e-05
5.49601e-05
5.51757e-05
5.53361e-05
5.54094e-05
5.53846e-05
5.52858e-05
5.515e-05
5.4994e-05
5.4826e-05
5.46522e-05
5.44771e-05
5.43039e-05
5.41349e-05
5.39684e-05
5.3801e-05
5.36365e-05
5.34796e-05
5.33281e-05
5.31873e-05
5.30546e-05
5.29325e-05
5.28208e-05
5.27189e-05
5.26196e-05
5.25252e-05
5.24396e-05

