5e-05
5.02631e-05
5.04691e-05
5.06301e-05
5.07572e-05
5.08582e-05
5.09394e-05
5.10052e-05
5.10714e-05
5.11509e-05
5.12253e-05
5.12901e-05
5.13411e-05
0.000137178
0.000192937
0.000203342
0.000199034
0.000190286
0.000180564
0.000171007
0.000161954
0.000153519
0.000145705
0.000138475
0.000153335
0.000241931
0.00026048
0.000255833
0.000244052
0.000230597
0.000217284
0.000204689
0.00019296
0.000182096
0.000172055
0.000162783
0.000154224
0.000146324
0.000139033
0.000132303
0.000126092
0.000120374
0.000115111
0.000110254
0.000105771
0.000101632
9.78051e-05
9.42918e-05
9.11018e-05
8.81784e-05
8.54803e-05
8.29813e-05
8.06565e-05
7.84914e-05
7.64816e-05
7.4617e-05
7.28875e-05
7.12837e-05
6.97919e-05
6.84092e-05
6.71292e-05
6.59406e-05
6.48408e-05
6.38243e-05
6.2882e-05
6.20044e-05
6.11928e-05
6.04445e-05
5.97548e-05
5.91192e-05
5.85336e-05
5.79941e-05
5.74969e-05
5.70388e-05
5.6616e-05
5.62207e-05
5.5854e-05
5.55138e-05
5.5201e-05
5.49136e-05
5.46498e-05
5.44024e-05
5.41725e-05
5.39587e-05
5.37599e-05
5.35776e-05
5.34095e-05
5.32548e-05
5.31139e-05
5.29856e-05
5.28674e-05
5.27571e-05
5.26538e-05
5.25575e-05
5.24669e-05
5.23845e-05
5.23102e-05
5.22448e-05
5.22137e-05
5.22226e-05
5.22458e-05
5.22704e-05
5.22899e-05
0.000130389
0.000190569
0.000202732
0.000199003
0.000190406
0.00018069
0.000171105
0.000162043
0.000153603
0.000145783
0.000138549
0.000131867
0.000125696
0.000119999
0.000114739
0.000109883
0.0001054
0.000101262
9.74416e-05
9.39148e-05
9.06591e-05
8.76536e-05
8.48791e-05
8.23179e-05
7.99536e-05
7.7771e-05
7.57534e-05
7.38895e-05
7.21692e-05
7.05816e-05
6.91165e-05
6.77619e-05
6.65103e-05
6.53554e-05
6.429e-05
6.33018e-05
6.23853e-05
6.15581e-05
6.08077e-05
6.01395e-05
5.98553e-05
0.000122136
0.000275089
0.0002718
0.000255368
0.000239779
0.000225327
0.000211948
0.000199577
0.000188155
0.000177607
0.000167862
0.00015886
0.00015055
0.000142883
0.000135802
0.000129261
0.000123219
0.000117639
0.000112486
0.000107727
0.000103333
9.92758e-05
9.553e-05
9.20716e-05
8.88789e-05
8.59314e-05
8.32102e-05
8.0698e-05
7.83791e-05
7.62387e-05
7.427e-05
7.24551e-05
7.07787e-05
6.92294e-05
6.77974e-05
6.64741e-05
6.52517e-05
6.41224e-05
6.30793e-05
6.2116e-05
6.12265e-05
6.04052e-05
5.9647e-05
5.89471e-05
5.8301e-05
5.77051e-05
5.71554e-05
5.6648e-05
5.61795e-05
5.5747e-05
5.53479e-05
5.49796e-05
5.46396e-05
5.43257e-05
5.4036e-05
5.37689e-05
5.35224e-05
5.3295e-05
5.30851e-05
5.28914e-05
0.000161116
0.000203596
0.000209369
0.000203195
0.000193538
0.000183261
0.000173306
0.000163955
0.000155268
0.00014723
0.000139803
0.000132945
0.000126613
0.000120769
0.000115374
0.000110393
0.000105796
0.000101552
9.76353e-05
9.40196e-05
9.06896e-05
8.762e-05
8.4786e-05
8.21683e-05
7.975e-05
7.75161e-05
7.54526e-05
7.35468e-05
7.17868e-05
7.01616e-05
6.86664e-05
6.72934e-05
6.6026e-05
6.48601e-05
6.37907e-05
6.28009e-05
6.18829e-05
6.1032e-05
6.02436e-05
5.95134e-05
5.88377e-05
5.82128e-05
5.76349e-05
5.71008e-05
5.66074e-05
5.61516e-05

