5e-05
5.02667e-05
5.04834e-05
5.06586e-05
5.08009e-05
5.09171e-05
5.10125e-05
5.10912e-05
5.11565e-05
5.12109e-05
5.12566e-05
5.12951e-05
5.13283e-05
5.1373e-05
5.14221e-05
5.147e-05
5.1514e-05
5.15527e-05
5.1585e-05
5.16018e-05
5.15989e-05
5.15829e-05
5.1564e-05
5.15394e-05
5.15176e-05
5.15005e-05
5.14879e-05
5.14794e-05
5.14735e-05
5.14639e-05
5.14526e-05
5.14449e-05
5.14409e-05
5.14389e-05
5.14334e-05
5.14293e-05
5.14285e-05
5.14307e-05
5.14341e-05
5.14348e-05
5.14373e-05
5.14421e-05
5.14487e-05
5.14537e-05
5.14599e-05
5.14678e-05
5.1477e-05
5.14872e-05
5.14981e-05
5.15057e-05
5.15123e-05
0.000116411
0.000188124
0.000203933
0.000201271
0.000192883
0.000183093
0.000173351
0.000164116
0.000155507
0.000147517
0.000140125
0.000133302
0.000127005
0.000121194
0.00011583
0.000110882
0.000106318
0.000102104
9.82084e-05
9.4614e-05
9.12945e-05
8.82306e-05
8.54051e-05
8.2798e-05
8.03886e-05
7.81642e-05
7.61123e-05
7.42208e-05
7.24773e-05
7.08702e-05
6.93821e-05
6.8005e-05
6.67332e-05
6.55596e-05
6.44757e-05
6.34775e-05
6.25582e-05
6.17066e-05
6.09176e-05
6.01913e-05
5.95234e-05
5.89094e-05
5.83446e-05
5.78217e-05
5.73343e-05
5.6885e-05
5.64725e-05
5.60885e-05
5.57318e-05
5.54028e-05
5.51025e-05
5.4851e-05
5.46359e-05
5.4436e-05
5.42428e-05
5.40559e-05
5.38916e-05
5.37629e-05
5.36524e-05
5.355e-05
5.34474e-05
5.33498e-05
5.32559e-05
5.31577e-05
5.30595e-05
5.2966e-05
5.28699e-05
5.27796e-05
5.26965e-05
5.26202e-05
5.25504e-05
5.2485e-05
5.24433e-05
5.24548e-05
5.24675e-05
5.24905e-05
5.25382e-05
5.25842e-05
5.26044e-05
5.26132e-05
5.26141e-05
5.26068e-05
5.25846e-05
5.25556e-05
5.25555e-05
5.26305e-05
5.27383e-05
5.2816e-05
5.28553e-05
5.28591e-05
5.2852e-05
5.28331e-05
5.27995e-05
5.28017e-05
5.28439e-05
5.29012e-05
5.30036e-05
5.3087e-05
5.31178e-05
5.31128e-05
5.30886e-05
5.30639e-05
5.3021e-05
5.2961e-05
5.29038e-05
5.28599e-05
5.28163e-05
5.277e-05
5.2721e-05
5.26689e-05
5.26096e-05
5.25539e-05
5.25003e-05
5.24484e-05
5.23931e-05
5.23375e-05
5.25735e-05
0.000168192
0.000201258
0.000204198
0.000197429
0.000187916
0.000178011
0.000168484
0.000159561
0.000151281
0.000143619
0.00013654
0.000130005
0.000123976
0.000118413
0.000113276
0.00018982
0.000238703
0.000244779
0.000236961
0.00022513
0.00021262
0.000200528
0.00018918
0.000178634
0.000168874
0.00015986
0.000151535
0.000143846
0.000136747
0.000130196
0.000124151
0.000118573
0.000113422
0.000108666
0.000104278
0.000100229
9.64885e-05
9.30338e-05
8.98436e-05
8.68951e-05
8.41717e-05
8.1656e-05
7.93343e-05
7.71938e-05
7.52208e-05
7.34021e-05
7.17257e-05
7.01804e-05
6.87548e-05
6.74369e-05
6.62195e-05
6.50947e-05
6.40555e-05
6.30959e-05
6.22693e-05
6.18561e-05
6.17157e-05
6.16456e-05
0.000102681
0.000183676
0.000203145
0.000201889
0.000194107
0.000247459
0.000393767
0.000386207
0.000361821
0.000338176
0.000316188
0.000295837
0.000277048
0.000259699
0.000243677
0.000228885
0.000215245
0.000202673
0.000191098
0.000180419
0.000170559
0.000161449
0.000153034
0.000145256

