5e-05
5.02631e-05
5.04691e-05
5.06301e-05
5.07572e-05
5.08582e-05
5.09394e-05
5.10052e-05
5.10589e-05
5.11033e-05
5.11402e-05
5.11713e-05
5.11979e-05
5.12207e-05
5.12407e-05
5.12584e-05
5.12743e-05
5.12887e-05
5.13019e-05
5.13142e-05
5.13258e-05
5.13367e-05
5.13471e-05
5.13547e-05
5.13606e-05
5.13667e-05
5.13731e-05
5.13797e-05
5.13866e-05
5.13937e-05
5.14009e-05
5.14081e-05
5.14152e-05
5.14223e-05
5.14293e-05
5.14362e-05
5.14429e-05
5.14493e-05
5.14555e-05
5.14615e-05
5.14673e-05
5.14727e-05
5.14779e-05
5.14828e-05
5.14875e-05
5.14919e-05
5.1496e-05
5.14999e-05
5.15036e-05
5.1507e-05
5.15102e-05
5.15132e-05
5.15159e-05
5.15185e-05
5.15224e-05
5.15503e-05
5.15892e-05
5.16278e-05
5.16621e-05
0.000104051
0.000183988
0.000202781
0.000201131
0.000193066
0.00018337
0.000173644
0.000164399
0.000155772
0.000147777
0.000140386
0.000133559
0.000127254
0.00012143
0.000116055
0.000111093
0.000106513
0.000102286
9.8384e-05
9.47809e-05
9.14526e-05
8.83806e-05
8.55453e-05
8.29287e-05
8.05138e-05
7.82851e-05
7.62282e-05
7.43298e-05
7.25777e-05
7.09606e-05
6.94681e-05
6.80905e-05
6.68189e-05
6.56453e-05
6.4562e-05
6.3562e-05
6.2639e-05
6.1787e-05
6.10004e-05
6.02744e-05
5.96042e-05
5.89855e-05
5.84115e-05
5.78802e-05
5.739e-05
5.6938e-05
5.65211e-05
5.61366e-05
5.57821e-05
5.54551e-05
5.51535e-05
5.48754e-05
5.46188e-05
5.43821e-05
5.41638e-05
5.39623e-05
5.37764e-05
5.36049e-05
5.34466e-05
5.33005e-05
5.31631e-05
5.30347e-05
5.29165e-05
5.28078e-05
5.27079e-05
5.26161e-05
5.25317e-05
5.24541e-05
5.23828e-05
5.23171e-05
5.22568e-05
5.22012e-05
5.21501e-05
5.21036e-05
5.22399e-05
5.26876e-05
5.32797e-05
5.3891e-05
5.44283e-05
5.48247e-05
5.50177e-05
5.50831e-05
5.50592e-05
5.49729e-05
5.48458e-05
5.46935e-05
5.45274e-05
5.43552e-05
5.41823e-05
5.4012e-05
5.38429e-05
5.36796e-05
5.35249e-05
5.33795e-05
5.32434e-05
5.31164e-05
5.29982e-05
5.28855e-05
5.27798e-05
5.26825e-05
5.2593e-05
5.25109e-05
5.24356e-05
5.23666e-05
5.23035e-05
5.22456e-05
5.21927e-05
5.21441e-05
5.20997e-05
5.20589e-05
5.20215e-05
5.19871e-05
5.19556e-05
5.19265e-05
5.18998e-05
5.18751e-05
5.18524e-05
5.18314e-05
5.18119e-05
5.17939e-05
5.17772e-05
5.17617e-05
5.17472e-05
5.17337e-05
5.17178e-05
5.17021e-05
5.16879e-05
5.16751e-05
5.16636e-05
5.16533e-05
5.16441e-05
5.16357e-05
5.16282e-05
5.16215e-05
5.16153e-05
5.16098e-05
5.16047e-05
5.16e-05
5.15957e-05
5.15917e-05
5.15881e-05
5.17422e-05
5.22135e-05
5.28335e-05
5.34681e-05
5.40217e-05
5.44387e-05
5.47043e-05
5.48345e-05
5.48591e-05
5.48088e-05
5.47081e-05
5.45758e-05
5.44248e-05
5.42644e-05
5.41008e-05
5.39382e-05
5.37794e-05
5.36263e-05
5.34801e-05
5.33414e-05
5.32106e-05
5.30876e-05
5.2969e-05
5.28577e-05
5.27546e-05
5.26594e-05
5.25716e-05
5.24908e-05
8.92144e-05
0.000181017
0.000203645
0.000203158
0.000195355
0.000185622
0.000175768
0.000166372
0.000157597
0.000149461
0.000141938
0.00013499
0.000128575
0.000122653
0.000117186
0.00011214
0.000107481
0.000103181
9.92113e-05
9.55467e-05
9.21638e-05
8.9041e-05

