5e-05
5.02631e-05
5.04691e-05
5.06301e-05
5.07572e-05
5.08582e-05
5.09394e-05
5.10052e-05
5.10589e-05
5.11033e-05
5.11402e-05
5.11715e-05
5.12223e-05
5.13068e-05
5.13976e-05
5.14821e-05
5.15549e-05
5.16144e-05
5.16609e-05
5.17036e-05
5.17491e-05
5.17838e-05
5.18099e-05
5.18244e-05
5.18331e-05
5.18369e-05
5.18366e-05
5.1833e-05
5.18251e-05
0.000127589
0.000191316
0.000204503
0.000200971
0.000192308
0.000182454
0.000172719
0.000163513
0.00015494
0.000146998
0.000139658
0.000132888
0.000126882
0.000121637
0.000116961
0.000112708
0.000108822
0.000105341
0.000102085
9.89451e-05
9.5878e-05
9.28858e-05
8.99711e-05
8.71542e-05
8.44985e-05
8.20158e-05
7.97032e-05
7.75568e-05
7.5565e-05
7.37216e-05
7.20155e-05
7.04373e-05
6.89787e-05
6.76305e-05
6.63845e-05
0.000104292
0.000192031
0.000212859
0.000211324
0.000202762
0.000192428
0.000182058
0.000172201
0.000163003
0.000154474
0.000146587
0.000139301
0.00013257
0.000126354
0.000120611
0.000115324
0.000110463
0.000105975
0.000101833
9.80033e-05
9.44624e-05
9.11876e-05
8.81543e-05
8.53519e-05
8.27639e-05
8.0374e-05
7.81671e-05
7.61292e-05
7.42475e-05
7.25085e-05
7.09001e-05
6.94152e-05
6.80423e-05
6.6773e-05
6.56016e-05
6.45208e-05
6.35238e-05
6.26215e-05
6.1803e-05
6.10451e-05
6.0345e-05
5.96971e-05
5.9092e-05
5.85305e-05
5.80103e-05
5.75284e-05
5.7082e-05
5.66684e-05
5.62853e-05
5.59252e-05
5.55883e-05
5.52768e-05
5.49895e-05
5.47246e-05
5.44802e-05
9.0452e-05
0.000181883
0.000204351
0.000203692
0.000196072
0.000187006
0.000178059
0.000169765
0.00016248
0.000290181
0.000359848
0.000339607
0.000317569
0.000297086
0.00027815
0.00026066
0.00024451
0.0002296
0.000215834
0.000203127
0.000191396
0.000180566
0.000170569
0.000161341
0.000152821
0.000144957
0.000179113
0.000260692
0.000276019
0.000269533
0.000256437
0.000241897
0.000227634
0.000214228
0.000201822
0.000190325
0.00017968
0.000169828
0.000160706
0.000152267
0.000144466
0.000137258
0.000130599
0.000124449
0.000118769
0.000113526
0.000108684
0.000104214
0.000100088
9.62793e-05
9.27632e-05
8.95173e-05
8.6521e-05
8.37551e-05
8.1202e-05
7.88451e-05
7.66697e-05
7.46618e-05
7.28082e-05
7.1097e-05
6.95173e-05
6.80591e-05
6.6713e-05
6.54705e-05
6.43236e-05
6.3265e-05
6.22879e-05
6.13862e-05
6.05541e-05
5.97861e-05
5.90774e-05
5.84235e-05
5.78198e-05
5.72625e-05
5.6748e-05
5.62732e-05
5.58349e-05
5.54306e-05
5.50576e-05
5.47133e-05
5.43956e-05
5.41024e-05
5.38318e-05
5.35821e-05
5.33518e-05
5.31392e-05
0.000103776
0.000188255
0.000208147
0.000206519
0.000198108
0.000188094
0.000178076
0.000168532
0.000159599
0.000151296
0.000143601
0.000136481
0.000129899
0.000123818
0.0001182
0.000113011
0.00010822
0.000103796
9.97118e-05
9.59408e-05
9.24594e-05
8.92456e-05
8.62788e-05
8.354e-05
8.10118e-05
7.86781e-05
7.65239e-05
7.45431e-05
7.27207e-05
0.000152862
0.000209916
0.000220036
0.00021472
0.000204765
0.000193835
0.000183146
0.000173072
0.000163701
0.000155026
0.000147009
0.000139606
0.000132771
0.000126461
0.000120636
0.000115259

