5e-05
5.02631e-05
5.04691e-05
5.06301e-05
5.07572e-05
5.08582e-05
5.09394e-05
5.10052e-05
5.1059e-05
5.11231e-05
5.11962e-05
5.12637e-05
5.1322e-05
5.13611e-05
5.13897e-05
5.14127e-05
5.14312e-05
5.1446e-05
5.14579e-05
5.14666e-05
5.14641e-05
5.14595e-05
5.14537e-05
5.14395e-05
5.14224e-05
5.14083e-05
5.13976e-05
5.13902e-05
5.13851e-05
5.13778e-05
5.13727e-05
5.13702e-05
5.13703e-05
5.13724e-05
5.13745e-05
5.13766e-05
5.13803e-05
5.13831e-05
5.13859e-05
5.139e-05
5.13953e-05
5.14002e-05
5.14036e-05
5.1408e-05
5.14132e-05
5.14192e-05
5.14256e-05
5.14294e-05
5.14331e-05
5.14351e-05
5.14365e-05
5.14376e-05
0.000118194
0.000188738
0.000204209
0.000201415
0.000192962
0.000183138
0.000173375
0.000164197
0.000155943
0.000148496
0.000141646
0.000135277
0.000129297
0.000123676
0.000118414
0.000113494
0.000108902
0.000104624
0.000100645
9.69484e-05
9.3519e-05
9.03399e-05
0.00015731
0.000217772
0.000228626
0.000223161
0.000212772
0.00020134
0.000190153
0.000179608
0.000169796
0.000160711
0.000152315
0.000144563
0.000137405
0.000130797
0.000124695
0.000119064
0.000113867
0.000109072
0.000104646
0.000100563
9.68191e-05
9.33741e-05
9.01973e-05
8.72646e-05
8.45553e-05
8.20513e-05
7.97366e-05
7.75966e-05
7.56174e-05
7.3783e-05
7.20868e-05
7.05195e-05
6.9068e-05
0.000175682
0.000211097
0.000214297
0.000207103
0.000196972
0.000186419
0.000176265
0.000166744
0.000157905
0.000149729
0.000195473
0.000259033
0.000268761
0.000260889
0.000247824
0.000233771
0.000220114
0.000207269
0.000195327
0.000184275
0.000174065
0.000164638
0.000155936
0.000147904
0.000140489
0.000133638
0.000127313
0.000121477
0.000116091
0.000111121
0.000106534
0.000102301
9.8391e-05
9.47827e-05
9.14526e-05
8.83768e-05
8.5537e-05
8.29184e-05
8.05183e-05
7.83111e-05
7.63017e-05
7.44605e-05
7.2762e-05
7.11847e-05
6.97155e-05
0.000137267
0.000200483
0.000213007
0.000208892
0.000199702
0.000189359
0.000179166
0.000169528
0.000160547
0.000152223
0.000144524
0.000137405
0.00013082
0.000124743
0.000119157
0.000114001
0.000109238
0.00010483
0.000100756
0.00019875
0.000232867
0.000234573
0.000225894
0.000214349
0.000202473
0.000191106
0.000180491
0.000170648
0.000161544
0.000153132
0.000145351
0.000138159
0.000131518
0.000125385
0.000119721
0.000114486
0.000109653
0.000105189
0.000101061
9.72463e-05
9.37253e-05
9.0476e-05
8.74775e-05
8.47107e-05
8.21575e-05
7.97971e-05
7.76133e-05
7.55981e-05
7.37393e-05
7.20252e-05
7.06258e-05
6.96952e-05
6.90228e-05
6.83718e-05
6.77057e-05
6.70116e-05
6.62669e-05
6.5446e-05
6.46067e-05
6.3775e-05
6.2954e-05
6.21452e-05
6.13749e-05
6.06465e-05
5.99622e-05
5.93261e-05
5.87537e-05
5.82246e-05
5.77339e-05
5.72762e-05
5.68523e-05
5.64559e-05
5.60837e-05
5.57395e-05
5.54216e-05
5.51283e-05
5.48576e-05
5.46078e-05
5.43773e-05
5.41647e-05
5.3968e-05
5.379e-05
5.36398e-05
5.35072e-05
5.33873e-05
5.32766e-05
5.31688e-05
5.30752e-05
5.30093e-05
5.29469e-05
7.78058e-05
0.000176271
0.000201246
0.000201674
0.000194282
0.000184774
0.000175254
0.000166592

