5e-05
5.02631e-05
5.04691e-05
5.06301e-05
5.07572e-05
5.08582e-05
5.09394e-05
5.10052e-05
5.10589e-05
5.11033e-05
5.11402e-05
5.11713e-05
5.11975e-05
5.12149e-05
5.12343e-05
5.12745e-05
5.13193e-05
5.13623e-05
5.1401e-05
5.1433e-05
5.14436e-05
5.14456e-05
5.14465e-05
5.14447e-05
5.14424e-05
5.14388e-05
5.14363e-05
5.14352e-05
5.14341e-05
0.000137582
0.000193296
0.000203311
0.000199291
0.000191233
0.000182404
0.000173855
0.000165908
0.000158682
0.000152603
0.000310687
0.000351073
0.000330033
0.000308677
0.000288867
0.000270566
0.000253668
0.000238065
0.000223658
0.000210356
0.000198075
0.000186736
0.000176268
0.000166604
0.000157683
0.000149447
0.000141843
0.000134824
0.000169372
0.000253146
0.000269543
0.000263704
0.0002511
0.000236983
0.000228413
0.000319209
0.000335136
0.000325845
0.000309011
0.000290629
0.000272683
0.000255779
0.000240059
0.000225508
0.000212063
0.000199646
0.000188182
0.0001776
0.000167831
0.000158813
0.000150489
0.000142804
0.000135711
0.000129163
0.000123119
0.00011754
0.000112389
0.000107635
0.000103247
9.91963e-05
9.5457e-05
9.20051e-05
8.88186e-05
8.58772e-05
8.31622e-05
8.06559e-05
7.83424e-05
7.62068e-05
7.42355e-05
7.24158e-05
7.07362e-05
6.9186e-05
6.77552e-05
6.64345e-05
6.52155e-05
6.40903e-05
6.30517e-05
6.20933e-05
6.1209e-05
6.03929e-05
5.96397e-05
5.89443e-05
5.83026e-05
5.77104e-05
5.71639e-05
5.66596e-05
5.61942e-05
5.57646e-05
5.53682e-05
5.50026e-05
5.46651e-05
5.43537e-05
5.40664e-05
5.38013e-05
5.35567e-05
5.33311e-05
5.31229e-05
5.2931e-05
5.27539e-05
5.25907e-05
5.24401e-05
5.23014e-05
5.21735e-05
5.20557e-05
5.19471e-05
5.1847e-05
5.17549e-05
5.1675e-05
5.16098e-05
5.15496e-05
5.14926e-05
5.14378e-05
5.13855e-05
5.13358e-05
5.12889e-05
5.12555e-05
5.13531e-05
5.15395e-05
5.17019e-05
5.17943e-05
5.18339e-05
5.18327e-05
5.18041e-05
5.17593e-05
5.17061e-05
5.16632e-05
5.16219e-05
5.15784e-05
5.15322e-05
5.14841e-05
5.14369e-05
5.1391e-05
5.13469e-05
5.1305e-05
5.12652e-05
5.12274e-05
5.1192e-05
5.11591e-05
5.11286e-05
5.11005e-05
5.10745e-05
5.10506e-05
5.10284e-05
5.10076e-05
5.09884e-05
5.0971e-05
5.09548e-05
5.09399e-05
5.09262e-05
5.09137e-05
5.09025e-05
5.08923e-05
5.08832e-05
5.0875e-05
5.08678e-05
5.08613e-05
5.08554e-05
5.085e-05
5.08452e-05
5.0841e-05
5.08374e-05
5.08341e-05
5.08312e-05
5.08285e-05
5.08262e-05
5.08245e-05
5.08232e-05
5.08222e-05
5.08219e-05
5.08334e-05
5.08514e-05
5.08685e-05
5.08826e-05
5.08922e-05
5.08988e-05
5.09031e-05
5.09054e-05
0.000152843
0.000198815
0.000205967
0.000200418
0.000191114
0.000181085
0.000171332
0.000162159
0.000153632
0.000145741
0.000138449
0.000131716
0.0001255
0.000119762
0.000114465
0.000109575
0.000105062
0.000100896
9.70495e-05
9.34993e-05
9.02224e-05
8.71977e-05
8.44052e-05
8.18276e-05
7.94484e-05
7.72526e-05
7.52258e-05
0.000180473
0.000217665
0.000221068
0.000213566
0.000202981
0.000191949
0.000181332
0.0002681
0.000295927
0.000292408
0.000279109
0.000263375
0.000247663
0.00023275
0.000261702
0.000320952
0.00032615

