5e-05
5.02669e-05
5.04842e-05
5.06602e-05
5.08034e-05
5.09206e-05
5.10168e-05
5.10963e-05
5.11623e-05
5.1231e-05
5.13163e-05
5.13978e-05
5.14698e-05
5.15268e-05
5.15622e-05
5.15898e-05
5.16118e-05
5.16294e-05
5.16433e-05
5.16519e-05
5.16493e-05
5.16386e-05
5.16282e-05
5.16173e-05
5.16108e-05
5.18292e-05
5.23436e-05
5.29824e-05
7.92779e-05
0.000173133
0.000197307
0.000197838
0.000190778
0.00018163
0.000172258
0.000163272
0.000154848
0.000147018
0.000139763
0.000133051
0.000126844
0.000121103
0.000115794
0.000110888
0.000106356
0.000102168
9.82963e-05
9.47227e-05
9.14462e-05
8.84335e-05
8.56566e-05
8.30935e-05
8.07061e-05
7.84806e-05
7.64224e-05
7.4523e-05
7.27695e-05
7.11476e-05
6.96473e-05
6.82629e-05
6.69834e-05
6.58022e-05
6.47136e-05
6.37106e-05
6.27834e-05
6.19289e-05
6.11623e-05
6.04713e-05
5.98653e-05
5.93221e-05
0.000150433
0.00019836
0.000206245
0.000201002
0.000191855
0.000181946
0.000172291
0.000163197
0.000154759
0.000146966
0.000139759
0.000133084
0.000126905
0.000121179
0.000115882
0.000110977
0.000106435
0.000102239
9.83642e-05
9.47817e-05
9.14736e-05
8.84201e-05
8.56018e-05
8.29954e-05
8.05814e-05
7.83535e-05
7.62986e-05
7.44034e-05
7.26557e-05
7.10439e-05
6.95576e-05
6.81868e-05
6.69188e-05
6.57431e-05
6.46588e-05
6.36593e-05
6.2737e-05
6.18834e-05
6.10965e-05
6.03718e-05
5.97042e-05
5.90893e-05
5.85228e-05
5.80009e-05
5.75172e-05
5.70675e-05
5.667e-05
5.63234e-05
5.601e-05
5.57207e-05
5.54463e-05
5.51904e-05
5.49521e-05
5.47299e-05
5.45267e-05
5.43552e-05
5.42035e-05
5.40648e-05
5.39307e-05
5.37908e-05
5.36576e-05
5.35323e-05
5.34127e-05
5.32972e-05
5.32176e-05
5.31551e-05
5.30932e-05
5.30346e-05
5.29767e-05
5.29064e-05
5.28306e-05
5.27576e-05
5.2685e-05
5.26155e-05
5.25512e-05
5.25101e-05
5.24983e-05
5.25284e-05
5.25649e-05
5.25901e-05
5.26005e-05
5.25987e-05
5.25847e-05
5.25545e-05
5.25215e-05
5.24871e-05
5.24473e-05
5.24022e-05
5.2353e-05
5.22989e-05
5.22458e-05
5.2195e-05
5.21489e-05
5.21046e-05
5.2065e-05
5.20273e-05
5.19924e-05
5.19592e-05
5.19268e-05
5.18984e-05
5.18744e-05
5.18511e-05
5.18288e-05
5.1804e-05
5.17817e-05
5.176e-05
5.17392e-05
5.1722e-05
5.17088e-05
5.16989e-05
5.16883e-05
5.16799e-05
5.16744e-05
5.16713e-05
5.16702e-05
5.16709e-05
5.16726e-05
5.16712e-05
5.16678e-05
5.16609e-05
5.16502e-05
5.16417e-05
5.1636e-05
5.16328e-05
5.16317e-05
5.16324e-05
5.16346e-05
5.1638e-05
5.16423e-05
5.16473e-05
5.16527e-05
5.16585e-05
5.16644e-05
5.16703e-05
5.16761e-05
5.16773e-05
5.16741e-05
5.16662e-05
5.16598e-05
5.16554e-05
5.16527e-05
5.16516e-05
5.16518e-05
5.16531e-05
5.16552e-05
5.16577e-05
5.16567e-05
5.16558e-05
5.16537e-05
5.165e-05
5.1645e-05
5.16396e-05
5.16359e-05
5.16338e-05
5.16293e-05
5.16259e-05
5.16242e-05
5.16389e-05
5.16725e-05
0.000150023
0.000195606
0.000202855
0.000197552
0.000188523
0.000178761
0.000169259
0.000160318
0.000152006
0.000144313
0.000137204
0.000130629
0.000124553
0.000118945
0.000113769
0.000108991
0.000104581
0.000100505
9.67419e-05
9.32633e-05
9.00523e-05

