5e-05
5.02667e-05
5.04834e-05
5.06586e-05
5.08009e-05
5.09171e-05
5.10125e-05
5.10912e-05
5.11584e-05
5.12431e-05
5.13311e-05
5.14109e-05
0.000162707
0.000198224
0.000202152
0.00019581
0.000186558
0.000176849
0.000167482
0.000158691
0.000150512
0.00014294
0.000135941
0.000129474
0.000123494
0.000117973
0.000112875
0.000108169
0.000103826
9.98113e-05
9.61013e-05
9.26749e-05
8.95113e-05
8.65924e-05
8.38996e-05
8.14153e-05
7.91234e-05
7.70073e-05
7.50523e-05
7.32489e-05
7.15855e-05
7.00513e-05
6.86339e-05
6.73244e-05
6.61167e-05
6.50031e-05
6.39818e-05
6.30619e-05
6.22076e-05
6.14215e-05
6.06928e-05
6.00141e-05
5.93686e-05
5.87686e-05
5.82159e-05
5.77072e-05
5.72393e-05
5.68089e-05
5.64129e-05
5.60484e-05
5.57081e-05
5.53872e-05
5.50913e-05
5.48198e-05
5.45711e-05
5.43428e-05
5.41301e-05
5.39348e-05
5.37562e-05
5.35928e-05
5.34434e-05
5.33068e-05
5.31818e-05
5.30673e-05
5.29625e-05
5.28664e-05
5.27783e-05
5.26975e-05
5.26233e-05
5.25551e-05
5.24929e-05
5.246e-05
5.24479e-05
5.24412e-05
5.24345e-05
5.24235e-05
5.24028e-05
5.23795e-05
5.23546e-05
5.23286e-05
5.24623e-05
5.30427e-05
5.40097e-05
0.000104332
0.000269469
0.000274259
0.000258265
0.000242498
0.000227829
0.000214255
0.000201712
0.000190131
0.000179455
0.000169606
0.000160515
0.000152124
0.000144375
0.000137224
0.000130623
0.000124531
0.000118906
0.000113714
0.000108923
0.000104501
0.000100417
9.66457e-05
9.31666e-05
8.9957e-05
8.69948e-05
8.42598e-05
8.17367e-05
7.94081e-05
7.72574e-05
7.52733e-05
7.34433e-05
7.17553e-05
7.01951e-05
6.87519e-05
6.74186e-05
6.61882e-05
6.5054e-05
6.40112e-05
6.30727e-05
6.22381e-05
6.14857e-05
6.0973e-05
0.000111554
0.000275014
0.000375809
0.000394904
0.000383934
0.000363757
0.000341604
0.000319923
0.000299504
0.000280537
0.000263016
0.000246843
0.000231901
0.000218086
0.000205314
0.000193507
0.000182594
0.000172517
0.000163235
0.000154672
0.000146763
0.000139479
0.000132758
0.000126546
0.000120802
0.000115488
0.000110587
0.000106074
0.000101899
9.80371e-05
9.44685e-05
9.11666e-05
8.81114e-05
8.52885e-05
8.26787e-05
8.02651e-05
7.80356e-05
7.59767e-05
0.000111001
0.000200169
0.00022098
0.000219029
0.000209947
0.000199056
0.00018831
0.000178306
0.000169041
0.000160432
0.000152374
0.000144842
0.000137844
0.000131378
0.000125375
0.000119801
0.000114649
0.000109969
0.000106059
0.000155662
0.000220401
0.000232931
0.000228001
0.00021767
0.000206077
0.000194645
0.000183825
0.000173732
0.000164372
0.000155709
0.000147702
0.000140306
0.000133474
0.000127163
0.000121333
0.000115949
0.000110978
0.000106387
0.000102151
9.82384e-05
9.46257e-05
9.12891e-05
8.821e-05
8.53692e-05
8.27469e-05
8.03267e-05
7.80938e-05
7.60316e-05
7.41289e-05
7.23718e-05
7.07501e-05
6.92542e-05
6.78744e-05
6.65999e-05
6.54231e-05
6.43377e-05
6.33365e-05
6.24107e-05
6.15545e-05
6.0764e-05
6.0034e-05
5.93597e-05
5.87383e-05
5.8164e-05
5.7634e-05
5.71458e-05
5.66961e-05
5.62777e-05
5.5889e-05
5.55301e-05
5.5199e-05
5.48947e-05
5.46152e-05
5.43569e-05
5.41186e-05
5.38998e-05

