5e-05
5.02631e-05
5.04691e-05
5.06301e-05
5.07572e-05
5.08582e-05
5.09394e-05
5.10052e-05
5.10761e-05
5.1157e-05
5.12311e-05
5.12951e-05
5.13562e-05
5.14249e-05
5.15046e-05
5.16016e-05
5.16913e-05
5.17665e-05
5.18252e-05
7.56237e-05
0.000175897
0.000201499
0.000202095
0.000194706
0.000185139
0.000175361
0.000166008
0.000157263
0.000149152
0.000141646
0.000134709
0.000128305
0.000122394
0.000116936
0.00011189
0.000107232
0.000102935
9.89692e-05
9.53065e-05
9.19272e-05
8.88103e-05
8.59355e-05
8.3284e-05
8.08384e-05
7.85985e-05
7.65522e-05
7.46641e-05
7.29197e-05
7.1338e-05
0.0001721
0.000210179
0.000214342
0.000207492
0.00019746
0.000186921
0.000176749
0.000167226
0.000240578
0.000278403
0.000279029
0.000267811
0.000253371
0.000238633
0.000224541
0.000211362
0.000199132
0.000187813
0.000177375
0.00016774
0.000158846
0.000150635
0.000143052
0.000136044
0.000129571
0.000123594
0.000118074
0.000112977
0.000108267
0.000103916
9.98973e-05
9.61846e-05
9.27519e-05
8.95806e-05
0.000101056
0.000201251
0.000225673
0.000224647
0.000215584
0.000204427
0.000193166
0.000182443
0.000172432
0.000163149
0.000154563
0.000146642
0.000139348
0.000132619
0.000126407
0.000120674
0.00011538
0.000110489
0.000105972
0.0001018
9.79406e-05
9.43746e-05
9.10802e-05
8.80362e-05
8.52262e-05
8.26314e-05
8.02351e-05
7.80242e-05
7.59845e-05
7.41019e-05
7.23651e-05
7.08074e-05
6.94056e-05
6.81216e-05
6.69359e-05
6.58351e-05
6.48105e-05
6.38553e-05
6.29657e-05
6.21721e-05
6.15225e-05
0.00017195
0.000203681
0.000206173
0.000199216
0.000189584
0.000179594
0.000170286
0.000161891
0.000154271
0.000147122
0.000140307
0.000133847
0.000127815
0.00012224
0.00012102
0.000221154
0.000245452
0.000243459
0.000233183
0.000220789
0.000208384
0.000233321
0.000393793
0.000390371
0.000365221
0.000341156
0.000318865
0.000298263
0.000279236
0.000261675
0.000245461
0.000230491
0.000216677
0.000203926
0.000192151
0.000181277
0.000171235
0.000161963
0.000153402
0.000145498
0.000138201
0.000131464
0.000125244
0.000119502
0.000114201
0.000109308
0.000104791
0.00010062
9.67706e-05
9.32201e-05
9.00148e-05
8.70733e-05
8.43423e-05
8.18007e-05
7.94367e-05
7.72413e-05
7.52059e-05
7.33209e-05
7.15769e-05
6.99645e-05
6.84746e-05
6.70981e-05
6.58269e-05
6.4653e-05
6.3569e-05
6.25682e-05
6.16444e-05
6.0792e-05
6.00051e-05
5.92787e-05
5.86081e-05
5.79892e-05
5.74181e-05
5.68915e-05
5.64131e-05
5.59739e-05
5.55675e-05
5.51907e-05
5.48411e-05
5.45171e-05
5.4217e-05
5.39391e-05
5.36819e-05
5.34445e-05
5.32255e-05
5.30232e-05
5.28367e-05
5.26728e-05
5.25238e-05
5.2385e-05
5.22551e-05
5.21334e-05
5.20196e-05
5.19136e-05
5.1815e-05
5.17236e-05
5.16388e-05
5.15602e-05
5.14874e-05
5.14254e-05
5.13744e-05
5.13272e-05
5.12819e-05
5.12381e-05
5.11961e-05
5.1156e-05
5.1118e-05
5.10821e-05
5.10485e-05
5.10231e-05
5.10061e-05
5.09898e-05
5.09736e-05
5.09666e-05
5.09613e-05
5.09539e-05
5.09439e-05
5.09314e-05
5.09171e-05
5.09019e-05
5.08866e-05
5.08715e-05
5.08569e-05
5.0843e-05
5.08375e-05
5.08377e-05

