5e-05
5.02669e-05
5.04842e-05
5.06602e-05
5.08034e-05
5.09206e-05
5.10168e-05
5.10963e-05
5.11623e-05
5.12174e-05
5.12636e-05
5.13049e-05
5.13677e-05
5.14272e-05
5.14686e-05
5.1505e-05
5.1537e-05
5.15614e-05
5.15757e-05
5.15818e-05
0.000152738
0.000197346
0.000204163
0.000198632
0.000189449
0.000179571
0.000169973
0.000160949
0.000152563
0.000144802
0.000137629
0.000131007
0.000124894
0.00011925
0.000114036
0.000109224
0.000104781
0.000100682
9.69006e-05
9.34124e-05
9.01946e-05
8.72262e-05
8.44878e-05
8.20647e-05
8.02014e-05
7.87716e-05
7.76814e-05
7.69285e-05
7.72323e-05
0.000253274
0.000289046
0.000272952
0.000256113
0.000240403
0.000225864
0.000212429
0.000200021
0.000188563
0.000177985
0.000168221
0.000159208
0.000150886
0.000143206
0.000156272
0.000253603
0.0002743
0.000269607
0.000257098
0.00024274
0.000228522
0.000215067
0.000202531
0.000190921
0.000180194
0.000170289
0.000161146
0.000152708
0.00014492
0.000137732
0.000131096
0.000124969
0.000119312
0.000114091
0.000109272
0.000104826
0.000100722
9.69324e-05
9.34337e-05
9.02047e-05
8.7222e-05
8.44692e-05
8.19286e-05
7.95817e-05
7.7416e-05
7.54178e-05
7.35743e-05
7.18707e-05
7.02956e-05
6.88418e-05
6.75009e-05
6.62644e-05
6.51199e-05
6.40615e-05
6.30833e-05
6.218e-05
6.13462e-05
6.05782e-05
5.9871e-05
5.92198e-05
5.862e-05
0.000162715
0.000203402
0.000208654
0.00020239
0.000192786
0.000182605
0.000172755
0.000163508
0.000154913
0.000146962
0.000139618
0.000132837
0.000224339
0.000257642
0.000257826
0.000247477
0.000234298
0.000220885
0.000208074
0.000196103
0.000185003
0.000174741
0.000165263
0.00015651
0.000148427
0.000140967
0.00013409
0.000127766
0.000121936
0.00011655
0.000111585
0.000107027
0.000102825
9.89438e-05
9.53569e-05
9.20343e-05
8.89535e-05
8.76843e-05
0.000195518
0.000223958
0.000224304
0.000215705
0.000204697
0.000193474
0.000182748
0.000172723
0.000163426
0.00015483
0.000146885
0.000139544
0.000132769
0.000126515
0.00012074
0.000115408
0.000110487
0.000105944
0.000101751
9.78805e-05
0.000198185
0.000231871
0.000233471
0.000224793
0.000213288
0.000201464
0.000190136
0.00017954
0.000169712
0.000160625
0.000152232
0.000144482
0.00013733
0.000130728
0.000124637
0.000119015
0.000113826
0.000109037
0.000104614
0.000100532
9.67638e-05
9.32837e-05
9.00718e-05
8.7108e-05
8.43731e-05
0.000136677
0.000208965
0.000224013
0.000220092
0.000210339
0.000199228
0.000188246
0.000177858
0.000168182
0.000159219
0.000150933
0.000143283
0.000136221
0.000129704
0.00012369
0.00011814
0.000113016
0.000108285
0.000103919
9.98856e-05
9.61578e-05
9.27142e-05
8.95348e-05
8.66019e-05
8.38943e-05
8.13959e-05
7.9089e-05
7.6961e-05
7.49963e-05
7.31818e-05
7.15075e-05
6.9964e-05
6.85399e-05
6.7225e-05
6.60239e-05
6.49291e-05
6.39211e-05
6.29937e-05
6.21387e-05
6.1345e-05
6.06097e-05
5.9928e-05
5.9295e-05
5.87098e-05
5.81653e-05
0.000133626
0.000195311
0.000207649
0.000203695
0.000194765
0.000184702
0.00023834
0.000289334
0.000293525
0.000282646
0.000267532
0.000251838

