5e-05
5.02631e-05
5.04691e-05
5.06301e-05
5.07572e-05
5.08582e-05
5.09394e-05
5.10109e-05
5.10995e-05
5.12161e-05
5.13358e-05
5.14416e-05
5.15322e-05
5.16065e-05
5.16632e-05
5.17435e-05
5.18235e-05
5.18886e-05
5.19283e-05
5.19477e-05
5.19589e-05
5.19557e-05
0.00015657
0.000198543
0.000204462
0.000198618
0.000189336
0.000179432
0.000169828
0.0001608
0.000152407
0.00014464
0.000235306
0.000267398
0.000266685
0.000255593
0.000241768
0.000227776
0.000214437
0.000301824
0.000319769
0.000311934
0.000296305
0.000278993
0.000262039
0.000246058
0.000231193
0.000217426
0.000204697
0.000192958
0.000182121
0.000172106
0.000162845
0.000154286
0.000146386
0.000139089
0.000132353
0.000126136
0.000120396
0.000115096
0.000110196
0.000105672
0.000101586
9.80789e-05
9.49543e-05
9.20344e-05
8.92621e-05
8.6631e-05
8.41384e-05
8.1792e-05
7.95879e-05
7.75141e-05
0.000105788
0.000195779
0.000217261
0.000215755
0.000206997
0.000196374
0.000185693
0.000175535
0.000166055
0.00015727
0.000149146
0.000141643
0.000134717
0.000128325
0.000122422
0.000116967
0.000111928
0.000107288
0.000103027
9.90906e-05
9.54531e-05
9.2087e-05
8.89741e-05
8.61011e-05
8.34503e-05
8.10044e-05
7.87473e-05
7.66644e-05
7.47401e-05
7.29597e-05
7.13104e-05
6.97844e-05
6.83769e-05
6.70792e-05
6.58825e-05
6.47962e-05
6.38024e-05
6.28828e-05
6.20336e-05
6.12501e-05
6.05233e-05
5.98642e-05
5.9273e-05
5.87224e-05
5.8213e-05
5.77402e-05
5.7295e-05
5.68804e-05
5.64948e-05
5.61265e-05
5.5787e-05
5.54894e-05
5.5241e-05
5.50097e-05
5.47857e-05
5.45701e-05
5.43679e-05
5.41796e-05
5.40036e-05
5.38389e-05
5.36848e-05
5.35376e-05
5.33967e-05
5.32613e-05
5.3132e-05
5.30285e-05
5.31937e-05
5.36749e-05
5.43421e-05
5.49726e-05
5.55253e-05
5.6066e-05
5.64921e-05
5.66875e-05
5.66556e-05
5.64791e-05
5.62158e-05
5.59243e-05
5.56204e-05
5.53168e-05
5.50278e-05
5.48289e-05
5.49147e-05
0.000128663
0.000188357
0.000200752
0.000197314
0.000188946
0.000179431
0.00017002
0.000161103
0.000152898
0.000145711
0.000139105
0.00013297
0.00012722
0.000121753
0.000116609
0.000111777
0.000107258
0.000103049
0.000159479
0.000224567
0.000236575
0.000231076
0.000220284
0.000208353
0.000196821
0.000186135
0.000176167
0.000166906
0.000158297
0.000150308
0.000142884
0.000135976
0.000129573
0.000123643
0.000118146
0.000113056
0.00010835
0.000103997
9.99692e-05
9.62388e-05
9.27894e-05
8.96046e-05
8.66663e-05
8.39499e-05
8.14416e-05
7.91284e-05
7.69936e-05
7.51939e-05
7.37621e-05
7.25378e-05
7.13487e-05
7.01301e-05
6.89087e-05
6.7728e-05
6.65949e-05
6.55196e-05
6.45098e-05
6.35644e-05
6.26803e-05
6.1849e-05
6.10661e-05
6.03314e-05
5.96488e-05
5.90179e-05
5.84338e-05
5.78956e-05
5.73994e-05
5.69401e-05
5.65126e-05
5.61174e-05
5.57524e-05
5.54158e-05
5.51078e-05
5.48242e-05
5.45605e-05
5.43196e-05
5.40996e-05
5.38953e-05
5.37057e-05
5.35328e-05
5.33754e-05
5.32323e-05
5.31163e-05
5.30176e-05
5.29238e-05
5.2831e-05
5.2742e-05
5.26575e-05
5.25798e-05
5.25083e-05
8.62828e-05
0.000179704
0.000202974
0.000202736
0.000195031

