5e-05
5.02631e-05
5.04691e-05
5.06301e-05
5.07572e-05
5.08582e-05
5.09394e-05
5.10052e-05
5.10589e-05
5.11033e-05
5.11402e-05
5.11713e-05
5.11975e-05
5.12168e-05
5.12333e-05
5.12481e-05
5.12618e-05
5.12746e-05
5.12867e-05
5.12984e-05
5.13096e-05
5.13178e-05
5.13244e-05
5.1326e-05
5.13246e-05
5.13248e-05
5.13267e-05
5.13387e-05
5.13683e-05
5.13791e-05
5.14259e-05
5.17395e-05
5.22307e-05
5.27728e-05
5.32199e-05
5.35722e-05
5.38229e-05
5.39758e-05
5.40372e-05
5.4021e-05
5.39644e-05
5.38815e-05
5.3782e-05
5.36659e-05
5.35369e-05
5.34092e-05
5.32835e-05
5.31605e-05
5.30408e-05
5.29276e-05
5.28225e-05
0.000132255
0.00019319
0.000205423
0.000201534
0.000192722
0.000182793
0.000173031
0.000163815
0.000155235
0.000147288
0.000139941
0.000133157
0.000126893
0.000121107
0.000115764
0.000110827
0.000106265
0.000102054
9.81646e-05
9.45728e-05
9.1258e-05
8.81999e-05
8.53786e-05
8.27744e-05
8.03671e-05
7.81446e-05
7.60916e-05
7.41975e-05
7.24508e-05
7.08544e-05
6.93983e-05
6.80595e-05
6.68257e-05
6.5686e-05
6.46321e-05
6.36565e-05
6.2753e-05
6.19161e-05
6.114e-05
6.04167e-05
5.97466e-05
5.91266e-05
5.85509e-05
5.80162e-05
5.75188e-05
5.70589e-05
5.66335e-05
5.62382e-05
5.58737e-05
5.55353e-05
5.52217e-05
5.49303e-05
5.46623e-05
5.44133e-05
5.4184e-05
5.39711e-05
5.37711e-05
5.35844e-05
5.34122e-05
5.32554e-05
5.31127e-05
5.29829e-05
5.28645e-05
5.27626e-05
5.26881e-05
5.26256e-05
5.25694e-05
5.25131e-05
5.24599e-05
5.24094e-05
5.23611e-05
5.2314e-05
5.22649e-05
5.22168e-05
5.21683e-05
5.21199e-05
5.20735e-05
5.20309e-05
5.1992e-05
5.19564e-05
5.19241e-05
5.18925e-05
5.18616e-05
5.18335e-05
5.18083e-05
5.17856e-05
5.17675e-05
5.17668e-05
0.00014654
0.000195137
0.000203361
0.000198331
0.000189342
0.000179547
0.000169989
0.000160984
0.000152607
0.000144853
0.000137687
0.000131069
0.000124959
0.000119339
0.000114154
0.000109367
0.000105129
0.000101582
9.84617e-05
9.54972e-05
9.27006e-05
8.99982e-05
8.73866e-05
8.48962e-05
8.25313e-05
8.02741e-05
7.81511e-05
7.61624e-05
7.43092e-05
7.25815e-05
7.09725e-05
6.94817e-05
6.81007e-05
6.68249e-05
6.56468e-05
6.45552e-05
6.35432e-05
6.26087e-05
6.17452e-05
6.09496e-05
6.02171e-05
5.95427e-05
5.8919e-05
5.8344e-05
5.78092e-05
5.73138e-05
5.68576e-05
5.64373e-05
5.60492e-05
5.56903e-05
5.53604e-05
5.50581e-05
5.47809e-05
5.45268e-05
5.42939e-05
5.40773e-05
5.38744e-05
5.3688e-05
5.35178e-05
5.33828e-05
5.32753e-05
5.31758e-05
5.30821e-05
5.29888e-05
5.28988e-05
5.28094e-05
5.27249e-05
5.26449e-05
5.25663e-05
5.24889e-05
5.24163e-05
5.23493e-05
5.22875e-05
5.2229e-05
5.21721e-05
5.21169e-05
5.20646e-05
5.20167e-05
5.19898e-05
5.19742e-05
5.1964e-05
5.19559e-05
5.19477e-05
5.19381e-05
5.19226e-05
5.19058e-05
5.18888e-05
5.18686e-05
5.18452e-05
5.18172e-05
5.17874e-05
5.17599e-05
5.17592e-05
5.20152e-05
5.2425e-05
5.28816e-05
5.33047e-05
5.36439e-05
5.38808e-05
5.40202e-05
5.40751e-05
5.40322e-05
5.3939e-05
5.38269e-05
5.37e-05
5.37748e-05
5.4208e-05
5.47483e-05
5.51544e-05
5.5422e-05
5.55509e-05

