5e-05
5.02631e-05
5.04691e-05
5.06301e-05
5.07572e-05
5.08582e-05
5.09394e-05
5.10052e-05
5.10686e-05
5.11471e-05
5.12216e-05
5.12868e-05
5.13417e-05
5.13866e-05
5.14228e-05
5.14513e-05
5.14736e-05
5.14907e-05
5.15036e-05
5.1509e-05
5.15076e-05
5.15049e-05
5.14979e-05
5.14849e-05
5.14694e-05
5.14564e-05
5.14463e-05
5.14389e-05
5.14329e-05
5.14252e-05
5.1432e-05
5.14586e-05
5.14893e-05
5.15153e-05
5.1539e-05
5.156e-05
5.1578e-05
5.1593e-05
5.16051e-05
5.16145e-05
5.16177e-05
5.16183e-05
5.16181e-05
5.17184e-05
5.21623e-05
5.28057e-05
5.35133e-05
5.41801e-05
5.47271e-05
5.51097e-05
5.53246e-05
5.53968e-05
5.53394e-05
5.52044e-05
5.50139e-05
5.48049e-05
5.45954e-05
5.43909e-05
5.4194e-05
5.40064e-05
0.000164083
0.000201464
0.000205772
0.000199355
0.000189856
0.000179859
0.000170208
0.000161155
0.000152749
0.00014497
0.000137782
0.000131141
0.00012501
0.000119347
0.000114118
0.000109292
0.00010484
0.000100732
9.69425e-05
9.34465e-05
9.02211e-05
8.72405e-05
8.44879e-05
0.000181018
0.000221158
0.000225343
0.000217903
0.000207148
0.00027408
0.000309973
0.000308345
0.000294871
0.000278315
0.000261617
0.000245718
0.000230871
0.000217109
0.000204386
0.000192636
0.000181788
0.000171772
0.000162525
0.000153989
0.00014611
0.000138838
0.000132125
0.000125925
0.000120201
0.000114916
0.000110038
0.000105536
0.000101382
9.75603e-05
9.42999e-05
9.15738e-05
8.92023e-05
8.7048e-05
8.49653e-05
8.28981e-05
8.08824e-05
7.89284e-05
7.70497e-05
7.52582e-05
7.35617e-05
7.19616e-05
7.04541e-05
6.90463e-05
6.77354e-05
6.65168e-05
6.53856e-05
6.43366e-05
6.33647e-05
6.24649e-05
6.16317e-05
6.08569e-05
6.01371e-05
5.94723e-05
5.88589e-05
5.82933e-05
5.77719e-05
5.72912e-05
5.68482e-05
5.64398e-05
5.60604e-05
5.57095e-05
5.53827e-05
5.50766e-05
5.47911e-05
5.45244e-05
5.42764e-05
5.40493e-05
5.38421e-05
5.36532e-05
5.34795e-05
5.33186e-05
5.31665e-05
5.30222e-05
5.28893e-05
5.27659e-05
5.26532e-05
5.25517e-05
5.24605e-05
5.23787e-05
5.23047e-05
5.22342e-05
5.21698e-05
5.21122e-05
5.20593e-05
5.201e-05
5.19659e-05
6.98943e-05
0.000174986
0.000202201
0.000203239
0.000195915
0.000186305
0.000176455
0.000167023
0.000158196
0.000150009
0.000142436
0.000135441
0.000128983
0.000123021
0.000117517
0.000112436
0.000107748
0.00010342
9.94268e-05
9.57409e-05
9.23391e-05
8.91977e-05
8.62964e-05
8.36168e-05
8.11422e-05
7.88556e-05
7.6742e-05
7.479e-05
7.29888e-05
7.13276e-05
6.97949e-05
6.83796e-05
6.7072e-05
6.5865e-05
6.47497e-05
6.37213e-05
6.2771e-05
6.19228e-05
6.13954e-05
6.10394e-05
6.07742e-05
6.05142e-05
6.01974e-05
5.98353e-05
5.94219e-05
5.89922e-05
5.85577e-05
5.81171e-05
5.76848e-05
5.72695e-05
5.68738e-05
5.64989e-05
5.61454e-05
5.58131e-05
5.5498e-05
5.52007e-05
5.49216e-05
5.46626e-05
5.4423e-05
5.42007e-05
5.39923e-05
5.37998e-05
5.36226e-05
5.34596e-05
5.33099e-05
5.31722e-05
5.30456e-05
5.29293e-05
5.28224e-05
5.2724e-05
5.26318e-05
5.25446e-05
5.24635e-05
5.23865e-05
5.23139e-05
5.22461e-05
5.21846e-05
5.22464e-05
5.26241e-05
5.30932e-05

