5e-05
5.02631e-05
5.04691e-05
5.06301e-05
5.07572e-05
5.08582e-05
5.09394e-05
5.10052e-05
5.1059e-05
5.11231e-05
5.11962e-05
5.12637e-05
5.1322e-05
5.13611e-05
5.13897e-05
5.14127e-05
5.14312e-05
5.1446e-05
5.14579e-05
5.14666e-05
5.14641e-05
5.14595e-05
5.14537e-05
5.14395e-05
5.14224e-05
5.14083e-05
5.13976e-05
5.13902e-05
5.13851e-05
5.13778e-05
5.13727e-05
5.13702e-05
5.13703e-05
5.13724e-05
5.13745e-05
5.13766e-05
5.13803e-05
5.13831e-05
5.13859e-05
5.139e-05
5.13953e-05
5.14002e-05
5.14036e-05
5.1408e-05
5.14132e-05
5.14192e-05
5.14256e-05
5.14294e-05
5.14331e-05
5.14351e-05
5.14365e-05
0.000141488
0.000194663
0.000204351
0.000199711
0.000190758
0.000180885
0.00017122
0.000162109
0.000153706
0.000146229
0.000141675
0.000236252
0.000258471
0.000255439
0.000244418
0.00023136
0.000218271
0.000205802
0.000194135
0.000183295
0.000173252
0.000163959
0.000155365
0.000147417
0.000140063
0.00013327
0.000126993
0.000121191
0.000115834
0.000110889
0.000106323
0.000102106
9.82118e-05
9.46164e-05
9.12989e-05
8.82353e-05
8.54073e-05
8.27958e-05
8.03858e-05
7.81626e-05
7.61121e-05
7.42204e-05
7.24766e-05
7.08923e-05
6.94407e-05
6.8104e-05
6.68698e-05
6.57285e-05
6.46721e-05
6.36935e-05
6.2787e-05
6.19464e-05
6.1163e-05
6.04372e-05
5.97655e-05
5.91408e-05
5.8555e-05
5.80118e-05
5.75108e-05
5.7049e-05
5.66235e-05
5.62314e-05
0.000117858
0.000190319
0.000206331
0.000203609
0.000195071
0.000185114
0.000175208
0.000165818
0.000157068
0.000148962
0.00014147
0.00013455
0.000128157
0.000122255
0.000116807
0.000111781
0.000107142
0.000102862
9.89097e-05
9.52553e-05
9.18819e-05
8.87696e-05
8.58983e-05
8.32493e-05
8.08055e-05
0.000149021
0.000211002
0.000222639
0.000217703
0.000207752
0.000196708
0.000185878
0.000175676
0.000166192
0.00015744
0.000149365
0.000141909
0.000139651
0.000237344
0.000259687
0.000256312
0.00024495
0.000231643
0.000218385
0.000205807
0.000194073
0.000183194
0.00017313
0.000163828
0.000155232
0.000147289
0.000139944
0.000133165
0.000126931
0.000121178
0.000115863
0.000110945
0.000106401
0.000102201
9.83196e-05
9.47346e-05
9.14238e-05
8.83629e-05
8.55358e-05
8.29406e-05
8.05664e-05
7.838e-05
7.63615e-05
7.44953e-05
7.27587e-05
7.11482e-05
6.96588e-05
6.82818e-05
6.70076e-05
6.58258e-05
6.47335e-05
6.37239e-05
6.27835e-05
6.19117e-05
6.11074e-05
6.03659e-05
5.96824e-05
5.90525e-05
6.80097e-05
0.000177042
0.000205756
0.00020709
0.000199662
0.000189827
0.00017989
0.000170733
0.000162352
0.000154546
0.000147261
0.000140453
0.000134063
0.00012803
0.000122379
0.000117106
0.000112184
0.000107591
0.000103326
9.93725e-05
9.57108e-05
9.23263e-05
8.92167e-05
8.63455e-05
8.36927e-05
8.12392e-05
7.89729e-05
7.68758e-05
7.49337e-05
7.31402e-05
7.14845e-05
6.99562e-05
6.85454e-05
6.72433e-05
6.60413e-05
6.49319e-05
6.39075e-05
6.29653e-05
6.21096e-05
6.13258e-05
6.06048e-05
5.99392e-05
5.93192e-05
5.87527e-05
5.82503e-05
5.77849e-05
5.73516e-05
5.69596e-05
5.66091e-05
5.62869e-05
5.59859e-05
5.57023e-05
5.56348e-05
5.60113e-05

