5e-05
5.02631e-05
5.04691e-05
5.06301e-05
5.07572e-05
5.08582e-05
5.09394e-05
5.10052e-05
5.10589e-05
5.11033e-05
5.11437e-05
5.12034e-05
5.12661e-05
5.13388e-05
5.14302e-05
5.15165e-05
5.15904e-05
5.16502e-05
5.16962e-05
5.17208e-05
5.17153e-05
5.17017e-05
5.16851e-05
5.16649e-05
5.16456e-05
5.16284e-05
5.16134e-05
5.16004e-05
5.15894e-05
5.15802e-05
5.15727e-05
5.15665e-05
5.15616e-05
5.15529e-05
5.15412e-05
5.15305e-05
5.15221e-05
5.15158e-05
5.15103e-05
5.15045e-05
5.15005e-05
5.14966e-05
5.14921e-05
5.14892e-05
5.14879e-05
5.14879e-05
5.1489e-05
5.1491e-05
5.14939e-05
5.15183e-05
5.1558e-05
5.15962e-05
5.16206e-05
5.16402e-05
5.16565e-05
5.16686e-05
5.16734e-05
5.16755e-05
5.16761e-05
7.51452e-05
0.000176377
0.000202267
0.000202893
0.000195454
0.000185829
0.000175997
0.000166595
0.000157805
0.000149652
0.000142114
0.000135152
0.000128719
0.000122778
0.000117295
0.000112234
0.00010756
0.000103244
9.92601e-05
9.55842e-05
9.21923e-05
8.9062e-05
8.61676e-05
8.34957e-05
8.1029e-05
7.87516e-05
7.66506e-05
7.47086e-05
0.000157162
0.000210344
0.000219228
0.000213583
0.000203608
0.000192764
0.000182191
0.000172237
0.000162984
0.00015442
0.000146508
0.000139204
0.000132461
0.000126237
0.000120492
0.000115186
0.000110288
0.000105768
0.000101597
9.7745e-05
9.41877e-05
9.09044e-05
8.78744e-05
8.50782e-05
8.24964e-05
8.01114e-05
7.791e-05
7.58755e-05
7.39979e-05
7.22656e-05
7.06676e-05
6.91932e-05
6.7833e-05
6.65781e-05
6.54202e-05
6.43519e-05
6.33661e-05
6.24565e-05
6.16171e-05
6.08424e-05
6.01275e-05
5.94675e-05
5.88549e-05
5.82891e-05
5.77672e-05
5.72865e-05
5.70198e-05
5.70468e-05
5.71579e-05
5.72503e-05
5.73001e-05
5.72716e-05
5.7135e-05
5.69088e-05
5.66411e-05
5.63549e-05
5.60604e-05
5.57713e-05
5.54916e-05
5.52238e-05
5.49737e-05
5.47646e-05
5.459e-05
5.44405e-05
5.42788e-05
5.41157e-05
5.39588e-05
5.38058e-05
5.36664e-05
5.37732e-05
5.44583e-05
0.000122522
0.000267847
0.000261872
0.000246027
0.000231076
0.000217228
0.000204429
0.000192607
0.000181691
0.000171611
0.000162306
0.000153715
0.000145784
0.000138462
0.000131703
0.000125464
0.000119704
0.000114387
0.000109478
0.000104947
0.000100764
9.69019e-05
9.3337e-05
9.00461e-05
8.70082e-05
8.42036e-05
8.16147e-05
7.92251e-05
7.70189e-05
7.49822e-05
7.31021e-05
7.13668e-05
6.9765e-05
6.82862e-05
6.69213e-05
6.56611e-05
0.000162044
0.000211765
0.000218916
0.000212762
0.000202685
0.000191849
0.000181303
0.000171373
0.000244473
0.000287047
0.00028869
0.000277216
0.000262146
0.00024669
0.000231891
0.000218047
0.000205203
0.000193326
0.000182354
0.000172223
0.00016287
0.000154236
0.000146266
0.000138909
0.000132117
0.000125884
0.000120215
0.000114985
0.000110127
0.000105616
0.000101431
9.75532e-05
9.39638e-05
9.06435e-05
8.7574e-05
8.47375e-05
8.21171e-05
7.96969e-05
7.74642e-05
7.54228e-05
7.35435e-05
7.18058e-05
7.01971e-05
6.87075e-05
6.73287e-05
6.60531e-05
6.48734e-05
6.37845e-05
6.27885e-05
6.18698e-05
6.10198e-05
6.02328e-05
5.95041e-05
5.88294e-05
5.82051e-05
5.76276e-05

