5e-05
5.02669e-05
5.04842e-05
5.06602e-05
5.08034e-05
5.09206e-05
5.10168e-05
5.10963e-05
5.11623e-05
5.12174e-05
5.12636e-05
5.13026e-05
5.1338e-05
5.1391e-05
5.14557e-05
5.15345e-05
5.16461e-05
5.17599e-05
5.18622e-05
5.19399e-05
5.19775e-05
5.19921e-05
5.19993e-05
5.19914e-05
5.19784e-05
5.19645e-05
5.19505e-05
5.19368e-05
7.32558e-05
0.000176021
0.000202487
0.000203275
0.000195863
0.000186225
0.000176368
0.000166941
0.000158128
0.000149955
0.000142399
0.000135422
0.000128981
0.000123037
0.00011755
0.000112486
0.000107808
0.000103499
9.95434e-05
9.59008e-05
9.2541e-05
8.94562e-05
8.66085e-05
8.39725e-05
8.15225e-05
7.92512e-05
7.71483e-05
7.52059e-05
7.34086e-05
7.17466e-05
7.0208e-05
6.87823e-05
6.74593e-05
6.62335e-05
6.51009e-05
6.40553e-05
0.00016354
0.00020599
0.000211692
0.000205421
0.000195665
0.000185294
0.000175253
0.000165861
0.00015746
0.000149986
0.000143183
0.000136967
0.000131204
0.000125769
0.000120634
0.000115921
0.000111641
0.000107572
0.000103607
9.98426e-05
9.63102e-05
9.30143e-05
8.99561e-05
8.71444e-05
8.45122e-05
8.20671e-05
7.97997e-05
7.76902e-05
7.57346e-05
7.39189e-05
7.22354e-05
7.06784e-05
6.92392e-05
6.79091e-05
6.66802e-05
6.5545e-05
6.44965e-05
6.35282e-05
6.26322e-05
6.18005e-05
6.10304e-05
6.03161e-05
5.96529e-05
5.90412e-05
5.84779e-05
5.79573e-05
5.74748e-05
5.70266e-05
5.66139e-05
5.62317e-05
5.58802e-05
5.55838e-05
5.53271e-05
5.51052e-05
5.49286e-05
5.47734e-05
5.46369e-05
5.45509e-05
5.4483e-05
5.44115e-05
5.43101e-05
5.41927e-05
5.40651e-05
5.3931e-05
5.38005e-05
5.36753e-05
5.35734e-05
5.35051e-05
5.34377e-05
5.33626e-05
5.32766e-05
5.31925e-05
5.31209e-05
5.31148e-05
5.31153e-05
5.31006e-05
5.30814e-05
5.30585e-05
5.30305e-05
5.29973e-05
5.29585e-05
5.2986e-05
5.34863e-05
5.42619e-05
5.51754e-05
5.61278e-05
5.71278e-05
6.73909e-05
0.000250871
0.000275554
0.000260444
0.000244573
0.000229747
0.000216019
0.000203332
0.000191616
0.000180798
0.000170812
0.000161595
0.000153089
0.000145237
0.00013799
0.000131304
0.000125133
0.00011944
0.000114187
0.000109342
0.000104873
0.000100751
9.69459e-05
9.34359e-05
9.01984e-05
8.7212e-05
8.44574e-05
8.19682e-05
7.99762e-05
7.83432e-05
7.68269e-05
7.53614e-05
7.3952e-05
7.25827e-05
7.12508e-05
6.99617e-05
6.87222e-05
6.75256e-05
6.63889e-05
6.53109e-05
6.43008e-05
6.3358e-05
6.24773e-05
6.16493e-05
6.08764e-05
6.01608e-05
5.94959e-05
5.88918e-05
5.835e-05
0.000158804
0.000202376
0.000208639
0.000202717
0.000193217
0.000183059
0.000173201
0.000163931
0.000155314
0.00014734
0.000139972
0.000133166
0.000126884
0.000121086
0.000115732
0.000110786
0.000106222
0.000102005
9.81117e-05
9.45192e-05
9.12042e-05
8.81583e-05
8.55816e-05
8.33657e-05
8.13906e-05
7.95742e-05
7.78587e-05
7.62004e-05
7.45771e-05
7.30027e-05
7.15048e-05
7.00913e-05
6.87627e-05
6.75174e-05
6.63531e-05
6.52668e-05
6.4255e-05
6.33104e-05
6.24248e-05
6.15972e-05
6.08283e-05
6.01117e-05
5.94494e-05
5.88353e-05
5.82687e-05
5.77467e-05
5.72661e-05
5.68173e-05
5.64001e-05
5.60165e-05

