5e-05
5.02631e-05
5.04691e-05
5.06301e-05
5.07572e-05
5.08582e-05
5.09394e-05
5.10052e-05
5.10589e-05
5.11153e-05
5.11865e-05
5.12544e-05
5.13135e-05
5.13525e-05
5.13775e-05
5.13974e-05
5.14137e-05
5.14395e-05
5.14872e-05
7.30454e-05
0.000174459
0.000200567
0.000201371
0.000194091
0.000184776
0.000175554
0.000166902
0.000158873
0.000151397
0.000144298
0.000137498
0.000131116
0.000125168
0.000119636
0.000216686
0.000246932
0.000246753
0.000236884
0.000224423
0.000211761
0.000199671
0.000188382
0.000177937
0.000168311
0.000159443
0.000151273
0.000143818
0.000137034
0.000130797
0.000125019
0.000119645
0.000114632
0.000109904
0.000105504
0.000101425
9.76464e-05
9.41483e-05
9.09096e-05
8.79092e-05
8.51348e-05
8.25697e-05
8.01952e-05
7.7998e-05
7.59679e-05
7.40922e-05
7.23532e-05
7.07429e-05
6.92575e-05
6.78883e-05
6.66265e-05
6.54636e-05
6.43907e-05
6.33993e-05
6.24857e-05
6.16439e-05
6.08684e-05
6.01537e-05
5.94952e-05
5.88882e-05
5.83287e-05
5.78129e-05
5.73372e-05
5.68985e-05
5.64937e-05
5.61202e-05
5.57755e-05
5.54574e-05
5.51636e-05
5.48924e-05
5.46418e-05
5.44104e-05
5.41965e-05
5.39989e-05
5.38141e-05
5.36408e-05
5.34816e-05
5.33665e-05
5.3301e-05
5.32531e-05
5.32095e-05
5.31577e-05
5.30972e-05
5.30328e-05
5.29592e-05
5.28845e-05
5.28362e-05
0.00016615
0.00019932
0.000202444
0.000195856
0.00018651
0.000176755
0.000167359
0.000158548
0.000150361
0.000142779
0.000135772
0.000129297
0.000123319
0.000117799
0.0001127
0.000107995
0.000103651
9.96423e-05
9.59399e-05
9.25216e-05
8.9367e-05
8.64558e-05
8.39036e-05
0.00016705
0.000211607
0.000218101
0.000212254
0.000202714
0.000192342
0.000182131
0.000172446
0.00018689
0.000264825
0.000279048
0.000272211
0.000258984
0.000244373
0.000230045
0.000232049
0.000307945
0.000319147
0.000309249
0.000293159
0.000275898
0.000259129
0.000243355
0.000228711
0.00021516
0.000202623
0.000191033
0.000180351
0.000170498
0.000161404
0.000153201
0.000256352
0.000356324
0.00034024
0.000318434
0.00029794
0.000278966
0.000261431
0.000245233
0.000230276
0.000216464
0.000203713
0.000191947
0.000181164
0.000171237
0.000162053
0.000153546
0.000145669
0.000138383
0.000131647
0.000125422
0.000119671
0.00011436
0.000109455
0.000104926
0.000100744
9.68828e-05
9.33185e-05
9.00283e-05
8.69909e-05
8.4187e-05
8.15987e-05
7.92098e-05
7.70046e-05
7.49688e-05
7.30896e-05
7.13551e-05
6.97539e-05
6.82761e-05
6.69122e-05
6.5653e-05
6.44907e-05
6.34179e-05
6.24276e-05
6.15136e-05
6.067e-05
5.98913e-05
5.91726e-05
5.85093e-05
5.78969e-05
5.73315e-05
5.68095e-05
5.63277e-05
5.58829e-05
5.54727e-05
5.5094e-05
5.47445e-05
5.44223e-05
5.41321e-05
5.38673e-05
5.3622e-05
5.33939e-05
5.31816e-05
5.29844e-05
5.28015e-05
5.26322e-05
5.24757e-05
5.23305e-05
5.21963e-05
5.20721e-05
5.19573e-05
5.18527e-05
5.17644e-05
5.16841e-05
5.16087e-05
5.15401e-05
5.14838e-05
5.14311e-05
5.13824e-05
5.13444e-05
5.1307e-05
5.12687e-05
5.12294e-05
5.11902e-05
5.1153e-05
5.12014e-05
5.13072e-05
5.13919e-05
5.14377e-05
5.14497e-05
5.1438e-05

