5e-05
5.02667e-05
5.04834e-05
5.06586e-05
5.08009e-05
5.09171e-05
5.10125e-05
5.10912e-05
5.11565e-05
5.12109e-05
5.12566e-05
5.12951e-05
5.13283e-05
5.1373e-05
5.14221e-05
5.147e-05
5.1514e-05
5.15527e-05
5.1585e-05
5.16018e-05
5.15989e-05
5.15829e-05
5.1564e-05
5.15394e-05
5.15176e-05
5.15005e-05
5.14879e-05
5.14794e-05
7.16314e-05
0.000175641
0.000202462
0.000203351
0.000195968
0.000186334
0.000176466
0.000167025
0.000158197
0.000150011
0.000142442
0.000135448
0.000128992
0.000123035
0.000167929
0.000238074
0.000250936
0.000244963
0.000233313
0.00022045
0.000207851
0.000195969
0.000184914
0.00017467
0.000165203
0.000156473
0.000148419
0.00014098
0.000134107
0.000127762
0.000121905
0.000116498
0.000111491
0.000106865
0.000102597
9.86602e-05
9.50278e-05
9.1676e-05
8.8585e-05
8.57346e-05
8.31031e-05
8.06687e-05
7.84228e-05
7.63482e-05
7.44334e-05
7.26686e-05
7.10408e-05
6.95354e-05
6.81453e-05
6.68637e-05
6.56833e-05
6.45962e-05
6.3595e-05
6.26663e-05
6.18055e-05
6.10104e-05
6.02767e-05
5.9599e-05
5.89758e-05
5.84026e-05
5.78705e-05
5.73764e-05
5.69223e-05
5.65058e-05
5.61238e-05
5.57731e-05
5.54479e-05
5.51431e-05
5.48622e-05
5.46052e-05
5.43649e-05
5.41407e-05
5.3934e-05
5.37466e-05
5.35994e-05
5.34805e-05
5.33694e-05
5.32583e-05
5.3147e-05
5.30526e-05
5.29884e-05
5.29375e-05
5.289e-05
5.28382e-05
5.27874e-05
5.27367e-05
5.26785e-05
5.26171e-05
5.25577e-05
5.24929e-05
5.24316e-05
5.23752e-05
5.23237e-05
5.22767e-05
5.22323e-05
5.221e-05
5.22394e-05
5.22687e-05
5.2307e-05
5.23688e-05
5.24279e-05
5.24601e-05
5.248e-05
5.24911e-05
5.24932e-05
5.24798e-05
5.24589e-05
5.24661e-05
5.25481e-05
5.26622e-05
5.27457e-05
5.27904e-05
5.27993e-05
5.27967e-05
5.27821e-05
5.27524e-05
5.27582e-05
5.28038e-05
5.28642e-05
5.29694e-05
5.30554e-05
5.30886e-05
5.30858e-05
5.30638e-05
5.3041e-05
5.29998e-05
5.29415e-05
5.28858e-05
5.28432e-05
5.28009e-05
5.27558e-05
5.27079e-05
5.26568e-05
5.25985e-05
5.25436e-05
5.24908e-05
5.24396e-05
5.2385e-05
5.233e-05
5.22729e-05
5.22134e-05
5.21519e-05
5.20964e-05
5.20445e-05
5.19973e-05
5.1953e-05
5.19151e-05
5.18841e-05
5.1859e-05
5.18331e-05
5.18075e-05
5.17864e-05
5.17704e-05
5.17587e-05
5.17463e-05
5.17315e-05
5.17141e-05
5.17001e-05
5.16902e-05
5.16813e-05
5.16739e-05
5.16697e-05
5.16681e-05
5.166e-05
5.1651e-05
5.16452e-05
5.1639e-05
5.16295e-05
5.162e-05
5.16139e-05
5.1611e-05
5.16099e-05
5.16072e-05
5.16037e-05
5.16026e-05
5.16039e-05
5.16019e-05
5.15983e-05
5.15937e-05
5.15861e-05
5.15773e-05
5.15676e-05
5.15592e-05
5.15542e-05
5.15524e-05
5.15535e-05
5.15569e-05
5.15622e-05
5.1568e-05
5.15715e-05
5.15739e-05
5.15752e-05
5.15754e-05
5.15752e-05
5.16344e-05
5.20389e-05
5.26532e-05
5.32799e-05
5.37754e-05
5.40717e-05
5.42222e-05
5.42913e-05
5.43897e-05
0.000117517
0.000273521
0.000275078
0.000259188
0.000243416
0.000228708
0.000215081
0.0002025
0.000190882
0.000180151
0.000170243
0.000161112
0.000152701
0.000144969
0.000137836
0.00013125
0.000125162
0.000119537
0.000114335

