5e-05
5.02631e-05
5.04691e-05
5.06301e-05
5.07572e-05
5.08582e-05
5.09394e-05
5.10052e-05
5.10589e-05
5.11153e-05
5.11865e-05
5.12544e-05
5.13135e-05
5.13525e-05
5.13775e-05
5.13974e-05
5.14137e-05
5.14395e-05
5.14872e-05
5.15655e-05
5.16138e-05
5.16444e-05
5.16711e-05
5.16922e-05
5.19229e-05
5.24417e-05
5.30931e-05
5.37584e-05
5.69369e-05
0.000165969
0.000196587
0.000199214
0.00019272
0.000183616
0.000174114
0.000164949
0.000156346
0.00014835
0.000140945
0.000134099
0.000127772
0.000121939
0.000116579
0.000111662
0.000107147
0.000102996
9.92523e-05
9.58942e-05
9.28208e-05
8.99622e-05
8.72832e-05
8.47591e-05
8.23275e-05
8.00474e-05
7.79255e-05
7.59538e-05
7.41236e-05
7.24244e-05
7.08452e-05
6.93827e-05
6.80288e-05
6.67722e-05
6.5607e-05
6.45296e-05
0.000160001
0.000205388
0.00021206
0.000206077
0.000196378
0.00018599
0.000175909
0.000166434
0.000157628
0.00014948
0.000141954
0.000135005
0.000128591
0.000122671
0.000117207
0.000112163
0.000107509
0.000103212
9.92463e-05
9.55857e-05
9.22067e-05
8.90875e-05
8.62082e-05
8.35502e-05
8.10965e-05
7.88313e-05
7.674e-05
7.48094e-05
7.3027e-05
7.13793e-05
6.98555e-05
6.84496e-05
6.71837e-05
6.60559e-05
6.50273e-05
6.40785e-05
6.31911e-05
6.23591e-05
6.15827e-05
6.08517e-05
6.01702e-05
5.95617e-05
5.90056e-05
5.84812e-05
5.79932e-05
5.75384e-05
5.71137e-05
5.6717e-05
5.63465e-05
5.60006e-05
5.56738e-05
5.53634e-05
5.50742e-05
5.4803e-05
5.45519e-05
0.000150143
0.000197966
0.000205769
0.000200467
0.000191271
0.000181301
0.000171587
0.000162446
0.000153947
0.000146217
0.000139385
0.000133216
0.000127635
0.000122521
0.000117731
0.000113146
0.000108765
0.000104631
0.000100791
9.72129e-05
9.38679e-05
9.07468e-05
8.78379e-05
8.51302e-05
8.2613e-05
8.02766e-05
0.000173271
0.000215468
0.000220628
0.000213801
0.000203485
0.000192574
0.000182018
0.000172124
0.000162935
0.000154417
0.000146535
0.000139275
0.00013258
0.000126401
0.000120889
0.000226525
0.00032879
0.000314823
0.000294971
0.000276281
0.000258972
0.000242974
0.000228196
0.000214548
0.000201946
0.00019031
0.000179575
0.000169743
0.000160694
0.000152321
0.000144562
0.000137376
0.000130728
0.00012458
0.000118898
0.000113649
0.000108801
0.000104323
0.000100188
9.63708e-05
9.28461e-05
8.95921e-05
8.65884e-05
8.38156e-05
8.12557e-05
7.88928e-05
7.6712e-05
7.46988e-05
7.28403e-05
7.11247e-05
6.95413e-05
6.80796e-05
6.67305e-05
6.54854e-05
6.43359e-05
6.32749e-05
6.22955e-05
6.13916e-05
6.05572e-05
5.97871e-05
0.000165434
0.000208696
0.00021446
0.000208026
0.000198041
0.000187431
0.000177158
0.00016751
0.000158547
0.000150254
0.000142592
0.000135517
0.000128992
0.000122972
0.000117414
0.000112281
0.000107541
0.000103165
9.91238e-05
9.53931e-05
9.19489e-05
8.87689e-05
8.58332e-05
8.31229e-05
8.06208e-05
7.83125e-05
7.61898e-05
7.42316e-05
8.41173e-05
0.000191807
0.000219033
0.000219207
0.000210769
0.000200023
0.000189088
0.00017864
0.000168871
0.000159809
0.000151428
0.00014377
0.000136759
0.000130275
0.000124256
0.000118669
0.000113489

