5e-05
5.02631e-05
5.04691e-05
5.06301e-05
5.07572e-05
5.08582e-05
5.09394e-05
5.10052e-05
5.10589e-05
5.11033e-05
5.11402e-05
5.11713e-05
5.11979e-05
5.12167e-05
5.12297e-05
5.12414e-05
5.12526e-05
5.12746e-05
5.13165e-05
5.1361e-05
5.13985e-05
5.14315e-05
5.14601e-05
5.14844e-05
5.1504e-05
5.15159e-05
5.15248e-05
5.15441e-05
0.00014207
0.000193856
0.000203156
0.000198473
0.000189585
0.000179808
0.000170242
0.000161223
0.000152833
0.000145065
0.000137886
0.000131256
0.000125134
0.000119481
0.000114263
0.000109445
0.000104997
0.000100888
9.71188e-05
9.3652e-05
9.04488e-05
8.74906e-05
8.47579e-05
8.22326e-05
7.98986e-05
7.77411e-05
7.57467e-05
7.39032e-05
7.21993e-05
7.06243e-05
6.91688e-05
6.78237e-05
6.65808e-05
6.54324e-05
6.43713e-05
6.33911e-05
6.24855e-05
6.16491e-05
6.08765e-05
6.01637e-05
5.95288e-05
9.10678e-05
0.000183329
0.000205859
0.000205273
0.000197389
0.000187578
0.000177644
0.000168165
0.000159303
0.000151081
0.000143502
0.000136512
0.000130055
0.000124086
0.000118569
0.000113467
0.000108749
0.000104388
0.000100374
9.6688e-05
9.32864e-05
9.01414e-05
8.72313e-05
8.4536e-05
8.20349e-05
7.97199e-05
7.75782e-05
7.55974e-05
7.37657e-05
7.2072e-05
7.05064e-05
6.90593e-05
6.77219e-05
6.64861e-05
6.53422e-05
6.42828e-05
6.33045e-05
6.24014e-05
6.15677e-05
6.07989e-05
6.02715e-05
6.01186e-05
6.0173e-05
6.03059e-05
6.04758e-05
6.07591e-05
6.09977e-05
6.10864e-05
6.0988e-05
6.07238e-05
6.03427e-05
5.98925e-05
5.94117e-05
5.89488e-05
5.85021e-05
5.80666e-05
5.76439e-05
5.72368e-05
5.69746e-05
5.71696e-05
5.7632e-05
5.81624e-05
5.86113e-05
5.8879e-05
5.89341e-05
5.88689e-05
5.88133e-05
5.87335e-05
5.8598e-05
5.83773e-05
5.80691e-05
5.77249e-05
5.73661e-05
5.70051e-05
5.66505e-05
5.63077e-05
5.598e-05
5.56693e-05
5.53763e-05
5.5093e-05
5.48267e-05
5.45809e-05
5.45534e-05
5.48507e-05
5.52579e-05
5.55896e-05
5.58293e-05
5.60435e-05
5.61633e-05
5.6167e-05
5.60872e-05
5.59457e-05
5.57629e-05
5.55552e-05
5.53347e-05
5.51101e-05
5.48871e-05
5.46697e-05
5.44605e-05
5.42609e-05
5.4072e-05
5.38941e-05
5.37243e-05
5.35643e-05
5.34255e-05
5.33174e-05
5.32221e-05
5.31353e-05
5.30525e-05
5.29686e-05
5.28878e-05
5.28105e-05
5.27391e-05
5.29124e-05
5.34393e-05
5.41227e-05
5.48134e-05
5.53996e-05
5.58108e-05
5.60302e-05
5.60851e-05
5.60201e-05
5.58764e-05
5.56836e-05
5.54465e-05
5.51987e-05
5.4954e-05
5.47172e-05
5.44909e-05
5.42764e-05
5.40746e-05
5.38855e-05
5.37092e-05
5.35453e-05
5.33933e-05
5.32494e-05
5.31152e-05
5.29916e-05
5.28779e-05
5.27734e-05
5.26775e-05
5.25894e-05
5.25084e-05
5.2434e-05
5.23656e-05
5.23027e-05
5.22448e-05
5.21897e-05
5.21499e-05
5.21341e-05
5.21251e-05
5.21145e-05
5.20984e-05
5.20806e-05
5.20612e-05
5.20403e-05
5.20182e-05
5.19952e-05
5.19686e-05
9.24574e-05
0.00017709
0.000197725
0.000197242
0.000190062
0.000181042
0.000171809
0.00016294
0.000154602
0.00014683
0.000139611
0.000132918
0.00012672
0.000120985
0.000115679
0.000110774
0.000106239
0.000102048
9.81761e-05
9.45986e-05
9.1294e-05
8.82416e-05

