5e-05
5.02669e-05
5.04842e-05
5.06602e-05
5.08034e-05
5.09206e-05
5.10168e-05
5.10963e-05
5.11623e-05
5.12176e-05
5.12869e-05
5.13667e-05
5.145e-05
5.15795e-05
5.17152e-05
5.18422e-05
5.19518e-05
5.20405e-05
5.21036e-05
5.21321e-05
5.21392e-05
5.21334e-05
5.21062e-05
5.20584e-05
5.20096e-05
5.19646e-05
5.19248e-05
5.18901e-05
5.18601e-05
5.18323e-05
5.1807e-05
5.17857e-05
5.17666e-05
5.17455e-05
5.17271e-05
5.17123e-05
5.17008e-05
5.16922e-05
5.16818e-05
5.16705e-05
5.16618e-05
5.17241e-05
5.21378e-05
5.28088e-05
5.35304e-05
5.42706e-05
5.49984e-05
5.56676e-05
5.62303e-05
5.66457e-05
5.69114e-05
0.000117949
0.000227909
0.000397127
0.000398595
0.000376237
0.000352509
0.000329774
0.000308506
0.000288771
0.000270508
0.000253635
0.000238053
0.000223669
0.000210393
0.00019814
0.000186832
0.000176395
0.000166763
0.000157875
0.000149673
0.000142103
0.000135119
0.000128673
0.000122726
0.000117236
0.000112168
0.000107489
0.000103171
9.91853e-05
9.55086e-05
9.21143e-05
8.89754e-05
8.60766e-05
8.34034e-05
8.09383e-05
7.86631e-05
7.65637e-05
7.46236e-05
7.28346e-05
7.11852e-05
6.96623e-05
6.82582e-05
6.69641e-05
6.57715e-05
6.48276e-05
6.4271e-05
6.39272e-05
6.36685e-05
6.34069e-05
6.30896e-05
6.26961e-05
6.22312e-05
6.17133e-05
6.11637e-05
6.06014e-05
6.00409e-05
5.94923e-05
5.89626e-05
5.8456e-05
5.79749e-05
5.75206e-05
5.70934e-05
0.000121844
0.000192019
0.000207269
0.000204265
0.00019561
0.000185595
0.000175654
0.000166238
0.000157463
0.000149335
0.000141823
0.000134883
0.00012849
0.000122602
0.000117171
0.000112153
0.00010752
0.000103241
9.92853e-05
9.56298e-05
9.22538e-05
8.91351e-05
8.62513e-05
8.35884e-05
8.11451e-05
7.89621e-05
7.69675e-05
7.51129e-05
7.33979e-05
7.18094e-05
7.03269e-05
6.89462e-05
6.7658e-05
6.64605e-05
6.53448e-05
6.43093e-05
6.3343e-05
6.2439e-05
6.15976e-05
6.08206e-05
6.01042e-05
5.94439e-05
5.88303e-05
5.82548e-05
5.77217e-05
5.72301e-05
5.67766e-05
5.63604e-05
5.59775e-05
5.56234e-05
5.52973e-05
5.49968e-05
5.47174e-05
5.44615e-05
5.42277e-05
5.40141e-05
5.38191e-05
5.36408e-05
5.3478e-05
5.3329e-05
5.31928e-05
5.3068e-05
5.29538e-05
5.2849e-05
5.27529e-05
5.26647e-05
5.25837e-05
5.25091e-05
5.24369e-05
5.23695e-05
5.23079e-05
5.22486e-05
5.21928e-05
5.21387e-05
5.2089e-05
5.2042e-05
5.19979e-05
5.19584e-05
5.19208e-05
5.18854e-05
5.18491e-05
5.18125e-05
5.1779e-05
5.17479e-05
5.17185e-05
5.16928e-05
5.16707e-05
5.16496e-05
5.16318e-05
5.16174e-05
5.16049e-05
5.15891e-05
5.15706e-05
5.15525e-05
5.15373e-05
5.15256e-05
5.15171e-05
5.15114e-05
5.15051e-05
5.15003e-05
5.14967e-05
5.14911e-05
5.14855e-05
5.14789e-05
5.14701e-05
5.14619e-05
5.14564e-05
5.14518e-05
5.1448e-05
5.14466e-05
5.14473e-05
5.14499e-05
5.14539e-05
5.14568e-05
5.14586e-05
5.14585e-05
5.14595e-05
5.14606e-05
5.14609e-05
5.14626e-05
5.14656e-05
5.14699e-05
5.14751e-05
5.1481e-05
5.14841e-05
5.14835e-05
5.14835e-05
5.14832e-05
5.14821e-05
5.14824e-05
5.14815e-05
5.14811e-05
5.14821e-05
5.14835e-05
5.14787e-05
5.14704e-05
5.14641e-05

