5e-05
5.02667e-05
5.04834e-05
5.06586e-05
5.08009e-05
5.09171e-05
5.10125e-05
5.10912e-05
5.11565e-05
5.12109e-05
5.12566e-05
5.12951e-05
5.13277e-05
5.13491e-05
5.13984e-05
5.14767e-05
5.15596e-05
5.16373e-05
5.17055e-05
5.17605e-05
5.179e-05
5.18027e-05
5.18087e-05
5.18064e-05
5.17982e-05
5.17893e-05
5.17809e-05
5.17731e-05
5.17639e-05
5.17417e-05
5.17116e-05
5.16845e-05
5.16621e-05
5.16441e-05
5.16302e-05
5.16199e-05
5.16128e-05
5.16085e-05
5.16064e-05
5.16064e-05
5.16157e-05
5.1892e-05
5.24823e-05
5.31118e-05
5.37023e-05
5.42067e-05
5.457e-05
5.48269e-05
5.49824e-05
5.50231e-05
5.49588e-05
8.96512e-05
0.000180372
0.000202848
0.000202427
0.000194716
0.000185067
0.000175282
0.000165945
0.000157215
0.000149115
0.000141623
0.000227517
0.000263178
0.000263838
0.000253345
0.000239835
0.000226046
0.000268201
0.000318177
0.000320589
0.000307784
0.000290796
0.000273338
0.000256611
0.000240983
0.000226501
0.000213132
0.000200803
0.000189414
0.000178897
0.000169174
0.000160185
0.000151873
0.00014419
0.000137093
0.000130536
0.000124483
0.000118891
0.000113728
0.000108961
0.000104558
0.000100495
9.67385e-05
9.32628e-05
9.00541e-05
8.70942e-05
8.43642e-05
8.18464e-05
7.95242e-05
7.73825e-05
7.54071e-05
7.3585e-05
7.19043e-05
7.0354e-05
6.89234e-05
6.7599e-05
6.63765e-05
6.52468e-05
6.42022e-05
6.32389e-05
6.23509e-05
6.15322e-05
6.07759e-05
6.00753e-05
5.94294e-05
5.88342e-05
5.82858e-05
5.77804e-05
5.73146e-05
5.68853e-05
5.65074e-05
5.61796e-05
5.58669e-05
5.55734e-05
5.53021e-05
5.50508e-05
5.48174e-05
5.45987e-05
5.43983e-05
5.42411e-05
5.41049e-05
5.39798e-05
5.3856e-05
5.37329e-05
5.36151e-05
5.35024e-05
5.3393e-05
5.32798e-05
5.31656e-05
5.30563e-05
5.29549e-05
5.2854e-05
5.27632e-05
5.27069e-05
5.2671e-05
5.26689e-05
5.26776e-05
5.26839e-05
5.26718e-05
5.26462e-05
5.2612e-05
5.2562e-05
5.25072e-05
5.24931e-05
5.28099e-05
5.33946e-05
5.40456e-05
5.45901e-05
5.5048e-05
5.5352e-05
5.55325e-05
5.56143e-05
5.56142e-05
0.000135759
0.000192148
0.000203089
0.000199036
0.000190396
0.00018072
0.00017119
0.000162167
0.000153774
0.000146375
0.000145041
0.000325393
0.000350835
0.000330131
0.000308918
0.000289161
0.000270882
0.000253992
0.000238392
0.000223989
0.000210692
0.000198418
0.000187088
0.000176632
0.000166981
0.000158075
0.000149855
0.000142271
0.000135272
0.000128814
0.000122856
0.00011736
0.00011229
0.000107612
0.000103294
0.000167952
0.000230927
0.000241278
0.000235253
0.000224408
0.00021252
0.000211226
0.000294336
0.000309025
0.00030084
0.000285747
0.000269195
0.000253003
0.000237733
0.00022352
0.000210349
0.00019817
0.000186944
0.00017659
0.000167033
0.000158206
0.000150047
0.000142511
0.000135551
0.000129123
0.000123181
0.000117692
0.000112623
0.000107943
0.000103621
9.96309e-05
9.59467e-05
9.25428e-05
8.93967e-05
8.64888e-05
8.38044e-05
8.13268e-05
7.90404e-05
7.69302e-05
7.49795e-05
7.31779e-05
7.15142e-05
6.99763e-05
6.85573e-05
6.72484e-05
6.60411e-05
6.49275e-05
6.39002e-05
6.29526e-05
6.20784e-05
6.12719e-05

