5e-05
5.02669e-05
5.04842e-05
5.06602e-05
5.08034e-05
5.09206e-05
5.10168e-05
5.10963e-05
5.11623e-05
5.12174e-05
5.12636e-05
5.13026e-05
5.13525e-05
5.14192e-05
5.14844e-05
5.15431e-05
5.15936e-05
5.16358e-05
5.167e-05
5.16973e-05
0.000158239
0.000197826
0.000203049
0.000197085
0.000187856
0.000178054
0.000168565
0.000159655
0.000151377
0.000143719
0.000136643
0.00013011
0.000124079
0.00017474
0.000240211
0.000251495
0.000244999
0.000233185
0.000220278
0.000207675
0.000195805
0.000184767
0.00017455
0.000165109
0.000156391
0.000148343
0.000140913
0.000134055
0.000127724
0.00012188
0.000116486
0.000111507
0.00010691
0.000102667
9.87504e-05
9.51349e-05
9.17975e-05
8.87167e-05
8.58728e-05
8.32475e-05
8.08161e-05
7.85656e-05
7.64885e-05
7.45724e-05
7.28049e-05
7.11748e-05
6.96712e-05
6.82843e-05
6.70051e-05
6.58251e-05
6.47367e-05
6.37327e-05
6.28066e-05
6.19522e-05
6.11639e-05
6.04367e-05
5.97657e-05
5.91466e-05
5.85754e-05
5.80482e-05
5.75618e-05
5.71129e-05
5.66973e-05
5.63099e-05
5.59524e-05
5.56228e-05
5.53192e-05
5.5038e-05
5.47755e-05
5.45336e-05
5.43112e-05
5.41067e-05
5.39187e-05
5.37458e-05
5.35869e-05
5.34407e-05
5.33063e-05
5.31826e-05
5.30689e-05
5.29642e-05
5.28678e-05
5.27756e-05
5.27049e-05
5.26625e-05
5.26299e-05
5.2601e-05
5.25728e-05
5.25438e-05
5.25135e-05
5.24819e-05
5.24493e-05
5.24159e-05
5.23822e-05
5.23484e-05
5.23128e-05
5.22738e-05
5.22362e-05
5.22006e-05
5.21671e-05
5.21357e-05
5.21063e-05
5.20788e-05
5.20532e-05
5.20293e-05
5.20072e-05
5.19866e-05
5.19675e-05
5.19498e-05
5.19335e-05
5.19183e-05
5.19043e-05
5.18914e-05
5.18801e-05
5.207e-05
5.26348e-05
5.34477e-05
5.44728e-05
5.59798e-05
0.000207088
0.000279672
0.000267082
0.000250845
0.000235573
0.000221435
0.000208363
0.000283591
0.000328296
0.00032854
0.00031463
0.000296922
0.000278903
0.000261692
0.000245605
0.000230688
0.000216896
0.000204159
0.000192401
0.000181548
0.000171532
0.000162288
0.000153754
0.000145878
0.000138609
0.000131901
0.000232925
0.000262301
0.00026099
0.000250003
0.000236498
0.000222875
0.0002099
0.000197786
0.000186557
0.000176176
0.000166589
0.000157737
0.000149566
0.000142024
0.000135062
0.000128635
0.000122703
0.000117227
0.000112173
0.000107508
0.000103392
9.98953e-05
9.68247e-05
9.40361e-05
9.14283e-05
8.8938e-05
8.6497e-05
8.41318e-05
8.18739e-05
7.97319e-05
7.77047e-05
7.57896e-05
7.39906e-05
7.23137e-05
7.07546e-05
6.93069e-05
6.79641e-05
6.67195e-05
6.55652e-05
6.44935e-05
6.3502e-05
6.25855e-05
6.17386e-05
6.09562e-05
6.02335e-05
5.95662e-05
5.89501e-05
5.83813e-05
5.78563e-05
5.73717e-05
5.69244e-05
5.65117e-05
5.61308e-05
5.57793e-05
5.54549e-05
5.51556e-05
5.48794e-05
5.46244e-05
5.43856e-05
5.41646e-05
5.39609e-05
5.37734e-05
5.36008e-05
5.34419e-05
5.32957e-05
5.3161e-05
5.30369e-05
5.29227e-05
5.28175e-05
5.27205e-05
0.000101736
0.000184336
0.000203875
0.000202397
0.00019432
0.00018455
0.000174737
0.000165405
0.000156697
0.000148627
0.000141167
0.000134277
0.000127916
0.000122044
0.000116624
0.000111621

