5e-05
5.02631e-05
5.04691e-05
5.06301e-05
5.07572e-05
5.08582e-05
5.09394e-05
5.10052e-05
5.10686e-05
5.11471e-05
5.12216e-05
5.12868e-05
5.13417e-05
5.13866e-05
5.14228e-05
5.14513e-05
5.14736e-05
5.14907e-05
5.15036e-05
5.1509e-05
5.15076e-05
5.15049e-05
5.14979e-05
5.14849e-05
5.14694e-05
5.14564e-05
5.14463e-05
5.14389e-05
5.14329e-05
5.14252e-05
5.1432e-05
5.14586e-05
5.14893e-05
5.15153e-05
5.1539e-05
5.156e-05
5.1578e-05
5.1593e-05
5.16051e-05
5.16145e-05
5.16177e-05
5.16183e-05
5.16181e-05
5.17184e-05
5.21623e-05
5.28057e-05
5.35133e-05
5.41801e-05
5.47271e-05
5.51097e-05
5.53246e-05
9.7423e-05
0.000181276
0.000201694
0.000200733
0.00019295
0.000183371
0.000173698
0.000164477
0.000155862
0.000147862
0.000140453
0.000133607
0.000127287
0.000121454
0.000116071
0.000111102
0.000106518
0.000102286
9.8378e-05
9.47682e-05
9.14341e-05
8.83547e-05
8.55099e-05
0.000181841
0.000222073
0.000226234
0.000218736
0.000207918
0.000196592
0.000185679
0.000175442
0.000165937
0.000157144
0.00014902
0.00014152
0.000134598
0.000128209
0.000122312
0.000116863
0.000111832
0.000107188
0.000102903
9.89489e-05
9.53002e-05
9.19303e-05
8.88201e-05
8.59502e-05
8.33022e-05
8.08587e-05
7.86027e-05
7.65183e-05
7.45948e-05
7.28201e-05
7.11826e-05
0.000133191
0.000201627
0.000215801
0.000212018
0.00020272
0.00019214
0.000181688
0.000171815
0.000162887
0.000154901
0.000147666
0.000141018
0.000134787
0.000128889
0.000123338
0.000118119
0.000113228
0.000108655
0.000104391
0.00010042
9.67247e-05
9.32971e-05
9.01217e-05
8.7182e-05
8.4462e-05
8.19463e-05
7.96205e-05
7.74709e-05
0.000135243
0.000205353
0.000219893
0.000216019
0.000206492
0.00019565
0.000184938
0.000174807
0.000165373
0.000156636
0.000148558
0.000148165
0.000244485
0.000265856
0.000261838
0.000249949
0.000236155
0.000222453
0.000209473
0.000197379
0.000186176
0.00017582
0.000166252
0.000157414
0.000149255
0.000141723
0.000134771
0.000128356
0.000122437
0.000116975
0.000111934
0.000107279
0.000102983
9.90186e-05
9.53594e-05
9.1981e-05
8.88638e-05
8.59877e-05
8.33312e-05
8.08791e-05
7.86168e-05
7.65296e-05
7.4604e-05
7.28273e-05
7.11859e-05
6.96667e-05
6.82648e-05
6.69692e-05
6.57738e-05
6.46715e-05
6.36541e-05
6.27138e-05
6.18468e-05
6.10475e-05
6.03108e-05
5.96315e-05
5.90052e-05
5.84278e-05
5.78937e-05
5.73992e-05
5.69413e-05
5.65175e-05
0.0001652
0.00020247
0.000206693
0.0002002
0.000190632
0.000180572
0.000170862
0.000161751
0.000206663
0.000268839
0.000277615
0.000268996
0.000255286
0.000240885
0.000227069
0.000214155
0.000277957
0.000309602
0.000306906
0.000293331
0.000276935
0.000260441
0.00024472
0.000230024
0.000216388
0.000203768
0.000192103
0.000181325
0.000171369
0.00016217
0.000153671
0.000145821
0.000138574
0.000131883
0.000125705
0.000119999
0.000114732
0.00010987
0.000105382
0.000101241
9.74178e-05
9.38895e-05
9.06329e-05
8.76272e-05
8.48529e-05
8.22905e-05
7.99231e-05
7.7737e-05
7.57168e-05
7.38505e-05
7.2127e-05
7.0537e-05
6.91877e-05
6.82629e-05
6.75296e-05

