5e-05
5.02669e-05
5.04842e-05
5.06602e-05
5.08034e-05
5.09206e-05
5.10168e-05
5.10963e-05
5.11623e-05
5.12174e-05
5.12636e-05
5.13049e-05
5.13677e-05
5.14272e-05
5.14686e-05
5.1505e-05
5.1537e-05
5.15614e-05
5.15757e-05
5.15818e-05
5.1578e-05
5.15692e-05
5.15604e-05
5.15471e-05
5.1534e-05
5.1524e-05
5.15173e-05
5.15135e-05
5.15121e-05
5.15095e-05
5.15057e-05
5.15036e-05
5.15034e-05
5.15014e-05
5.14964e-05
5.1492e-05
5.14878e-05
5.14862e-05
5.14873e-05
5.14906e-05
5.14959e-05
5.15028e-05
5.1511e-05
5.16233e-05
5.21004e-05
5.28311e-05
5.37353e-05
5.48235e-05
5.68268e-05
0.000234437
0.000271658
0.00028363
0.000364082
0.000374496
0.00036159
0.000341848
0.000320912
0.00030065
0.000281623
0.00026395
0.000247596
0.000232485
0.000218534
0.000205655
0.000193768
0.000182798
0.000172674
0.000163331
0.000154708
0.000146752
0.000139409
0.00013263
0.000126375
0.000120603
0.000115277
0.000110363
0.000105829
0.000101645
9.77841e-05
9.42196e-05
9.09275e-05
8.78875e-05
8.50824e-05
8.24943e-05
8.01065e-05
7.79033e-05
7.58681e-05
7.39889e-05
7.22548e-05
7.06522e-05
6.91733e-05
6.78088e-05
6.65475e-05
6.53838e-05
6.43108e-05
6.33212e-05
6.24058e-05
6.15585e-05
6.07764e-05
6.00556e-05
5.93915e-05
5.87755e-05
5.82048e-05
5.76769e-05
5.71893e-05
5.67392e-05
5.63254e-05
5.59452e-05
5.55958e-05
5.52746e-05
5.49771e-05
5.46994e-05
5.44441e-05
8.36678e-05
0.000180453
0.000204679
0.000204641
0.000196902
0.000187104
0.000177148
0.000167644
0.000158764
0.000150529
0.000142915
0.00013588
0.000129381
0.00012338
0.00011784
0.000112727
0.000108009
0.000103655
9.96382e-05
9.59314e-05
9.25079e-05
8.93455e-05
8.64274e-05
8.37438e-05
8.12908e-05
7.90334e-05
7.69457e-05
7.50264e-05
7.32788e-05
7.16711e-05
7.01855e-05
6.88097e-05
6.75282e-05
6.63315e-05
6.5221e-05
6.4184e-05
6.32181e-05
6.23251e-05
6.15001e-05
6.07368e-05
6.00262e-05
5.93699e-05
5.87647e-05
5.82068e-05
5.76925e-05
5.72124e-05
5.67655e-05
5.6354e-05
5.59755e-05
5.56238e-05
5.52982e-05
5.49987e-05
5.47216e-05
5.44672e-05
5.42316e-05
5.40109e-05
5.38033e-05
5.36104e-05
5.34319e-05
5.32686e-05
5.3117e-05
5.29778e-05
5.2852e-05
5.27384e-05
5.26361e-05
5.25424e-05
5.24562e-05
5.23785e-05
5.23087e-05
5.2246e-05
5.21896e-05
5.21389e-05
5.20926e-05
5.20476e-05
5.20067e-05
5.19696e-05
5.19335e-05
5.19007e-05
5.18717e-05
5.18459e-05
5.18226e-05
5.17962e-05
5.17675e-05
5.17387e-05
5.17138e-05
5.16925e-05
5.16721e-05
5.16532e-05
5.16354e-05
5.16176e-05
5.15992e-05
5.15841e-05
5.15722e-05
5.15632e-05
5.15567e-05
5.15524e-05
5.15474e-05
5.1543e-05
5.15389e-05
5.15331e-05
5.15227e-05
5.15108e-05
5.14993e-05
5.14907e-05
5.14826e-05
5.14762e-05
5.14696e-05
5.14651e-05
5.14606e-05
5.14556e-05
5.14517e-05
5.14502e-05
5.14495e-05
5.14485e-05
5.14603e-05
5.14852e-05
5.15109e-05
5.15376e-05
5.15634e-05
5.15828e-05
5.15981e-05
5.16092e-05
5.16157e-05
5.16209e-05
5.16215e-05
5.1619e-05
5.16111e-05
5.16042e-05
5.15989e-05
5.15908e-05
5.15809e-05
5.15705e-05
5.15583e-05
5.15487e-05
5.15419e-05
5.15376e-05
5.15355e-05

