5e-05
5.02669e-05
5.04842e-05
5.06602e-05
5.08034e-05
5.09206e-05
5.10168e-05
5.10963e-05
5.11818e-05
5.12786e-05
5.13907e-05
5.15194e-05
0.000107363
0.00018359
0.000201272
0.000199377
0.000191348
0.000181766
0.00017217
0.000163047
0.000154513
0.000146599
0.000139279
0.000138648
0.000238313
0.000261075
0.00025771
0.000246229
0.000232752
0.000219315
0.000206567
0.000194684
0.000183677
0.000173505
0.000164108
0.000155432
0.000147425
0.000140038
0.000214022
0.000258373
0.000262009
0.000252542
0.000239398
0.000225751
0.000212634
0.000200346
0.000188939
0.000178392
0.000168672
0.000159703
0.000151416
0.000143764
0.000136688
0.000130144
0.000124096
0.000118515
0.000113365
0.00010861
0.000104223
0.000100175
9.6434e-05
0.000172193
0.000224252
0.000232067
0.000225442
0.00021457
0.00020289
0.000191541
0.000180868
0.000170947
0.000161769
0.000153292
0.000145466
0.000138238
0.000131561
0.000125399
0.000119712
0.000114461
0.000109613
0.000105141
0.000101015
9.72064e-05
9.36889e-05
9.04415e-05
8.74458e-05
8.46832e-05
8.21356e-05
7.97862e-05
7.76197e-05
7.56204e-05
7.37731e-05
7.20683e-05
7.04923e-05
6.9032e-05
6.76846e-05
6.64429e-05
6.52967e-05
6.42369e-05
6.32581e-05
6.23566e-05
6.15259e-05
6.07577e-05
6.005e-05
5.94072e-05
5.88415e-05
5.83246e-05
5.78428e-05
5.73955e-05
5.69821e-05
5.65994e-05
5.62448e-05
5.59158e-05
5.5609e-05
5.53193e-05
5.50504e-05
5.48013e-05
5.45666e-05
5.43482e-05
5.41467e-05
5.39608e-05
5.37882e-05
5.36253e-05
5.34722e-05
5.33284e-05
5.31937e-05
5.30705e-05
5.29765e-05
5.29026e-05
5.28246e-05
5.27504e-05
5.26792e-05
5.26141e-05
5.25515e-05
5.25057e-05
5.25023e-05
5.2528e-05
5.26326e-05
5.27663e-05
5.28773e-05
5.29827e-05
5.31038e-05
5.31909e-05
5.32304e-05
5.36546e-05
0.000164806
0.000271647
0.000262493
0.000246811
0.0002319
0.000218036
0.00020521
0.000193363
0.000182438
0.000172355
0.000163048
0.000154457
0.000147302
0.000255807
0.000281775
0.000278402
0.000265883
0.000251092
0.000236322
0.000222302
0.000209225
0.000197108
0.000185928
0.000175614
0.000166086
0.000157286
0.000149157
0.000141651
0.000134721
0.000128321
0.000122412
0.000116952
0.000111908
0.000107252
0.000102958
9.89959e-05
9.53411e-05
9.19694e-05
8.88588e-05
8.5989e-05
8.33395e-05
8.08923e-05
7.86355e-05
7.65771e-05
7.46883e-05
7.29427e-05
7.1325e-05
6.98262e-05
6.84367e-05
6.71495e-05
6.5955e-05
6.48463e-05
6.38227e-05
6.28783e-05
6.20069e-05
6.11981e-05
6.04421e-05
5.97421e-05
5.90964e-05
5.85023e-05
5.79561e-05
5.74538e-05
5.69908e-05
5.65631e-05
5.61682e-05
5.58036e-05
8.79827e-05
0.000181549
0.000204709
0.000204354
0.000196544
0.000186754
0.000176828
0.000167358
0.000158508
0.000150301
0.000142712
0.000135701
0.000129226
0.000123244
0.000117722
0.000112639
0.000107962
0.000103646
9.96566e-05
9.59669e-05
9.25583e-05
8.9412e-05
8.65078e-05
8.3827e-05
8.13522e-05
7.90677e-05
7.69586e-05
7.50131e-05
7.32409e-05
7.16271e-05
7.01494e-05
6.87704e-05
6.74858e-05
6.62855e-05
6.51748e-05
6.41696e-05
6.32608e-05
6.2415e-05
6.16256e-05
6.08937e-05

