5e-05
5.02667e-05
5.04834e-05
5.06586e-05
5.08009e-05
5.09171e-05
5.10125e-05
5.10912e-05
5.11565e-05
5.12109e-05
5.12566e-05
5.12951e-05
5.13279e-05
0.000108161
0.000185458
0.000203263
0.000201267
0.000193083
0.000183346
0.000173607
0.000164356
0.000155727
0.000147733
0.000140344
0.00013352
0.000127221
0.000121406
0.00011604
0.000111086
0.000106515
0.000102348
9.88514e-05
9.59237e-05
9.34349e-05
9.13176e-05
8.95876e-05
8.95929e-05
0.00026789
0.000304149
0.000287395
0.000269465
0.000252732
0.000237244
0.000222934
0.000209733
0.000197548
0.000186299
0.000175914
0.000166326
0.000157475
0.000149305
0.000141765
0.000134806
0.000128382
0.000122453
0.000116981
0.000111931
0.00010727
0.00010297
9.9002e-05
9.53413e-05
0.000161241
0.000225914
0.000237647
0.00023198
0.000221075
0.000209058
0.000197295
0.000186206
0.000175891
0.000166342
0.000157519
0.000149371
0.00014185
0.000134906
0.000128501
0.000122613
0.000117189
0.000112184
0.000107562
0.000103293
9.93475e-05
9.57017e-05
9.23324e-05
8.92187e-05
8.63413e-05
8.36824e-05
8.12244e-05
7.89494e-05
7.68476e-05
7.49065e-05
7.31139e-05
7.14585e-05
6.99299e-05
6.85185e-05
6.72154e-05
6.60315e-05
6.49568e-05
6.39687e-05
6.30559e-05
6.22105e-05
0.000100574
0.00018778
0.00020865
0.000207375
0.000199124
0.000189069
0.000178948
0.000169315
0.000160322
0.000151982
0.000144268
0.000137143
0.000130564
0.00012449
0.000118907
0.000113763
0.000109018
0.000104638
0.000100591
9.68528e-05
9.33984e-05
9.02063e-05
8.72567e-05
8.45311e-05
8.20126e-05
7.96857e-05
7.75358e-05
7.55496e-05
7.37148e-05
7.20199e-05
7.04543e-05
6.90082e-05
6.76688e-05
6.64311e-05
6.52884e-05
6.42337e-05
6.32603e-05
6.23618e-05
6.15326e-05
6.07673e-05
6.00611e-05
5.94093e-05
5.88077e-05
5.82526e-05
5.77403e-05
5.72675e-05
5.68312e-05
5.64285e-05
5.60569e-05
5.57168e-05
5.56255e-05
5.58721e-05
5.63012e-05
5.68052e-05
5.73019e-05
5.77255e-05
5.8024e-05
5.81696e-05
5.81665e-05
5.80419e-05
5.783e-05
5.75616e-05
5.72605e-05
5.69435e-05
5.66223e-05
5.63046e-05
5.59953e-05
5.56916e-05
5.54014e-05
5.51276e-05
5.48705e-05
5.463e-05
5.44057e-05
5.41968e-05
5.40028e-05
5.38228e-05
5.36561e-05
5.35018e-05
5.33591e-05
5.32274e-05
5.31058e-05
5.29936e-05
5.28901e-05
5.27948e-05
5.27069e-05
5.2626e-05
5.25515e-05
5.24828e-05
5.24196e-05
5.23613e-05
5.23077e-05
5.2258e-05
5.22083e-05
5.21618e-05
5.21193e-05
5.20806e-05
5.20454e-05
5.20134e-05
5.19842e-05
5.19577e-05
5.19335e-05
5.19115e-05
5.18913e-05
5.1873e-05
5.18562e-05
0.000131727
0.000191987
0.000204048
0.00020019
0.000191473
0.000181651
0.000171974
0.000162832
0.00015432
0.000146438
0.000139154
0.000132428
0.000126217
0.000120484
0.00011519
0.0001103
0.000105786
0.00010162
9.77748e-05
9.42257e-05
9.09499e-05
8.79263e-05
8.51356e-05
8.25597e-05
8.03341e-05
7.8597e-05
7.71591e-05
7.59202e-05
7.47899e-05
7.37004e-05
7.26086e-05
7.1497e-05
7.03691e-05
6.9239e-05
6.81243e-05
6.70399e-05
0.000109942
0.0001916
0.000210619
0.000208701
0.000200204
0.000190035
0.000179842
0.000170152

