5e-05
5.02669e-05
5.04842e-05
5.06602e-05
5.08034e-05
5.09206e-05
5.10168e-05
5.10963e-05
5.11623e-05
5.12174e-05
5.12636e-05
5.13026e-05
5.13512e-05
5.1429e-05
5.14946e-05
5.15838e-05
5.16912e-05
5.17934e-05
5.18792e-05
5.19263e-05
5.19266e-05
5.19097e-05
5.18857e-05
5.18471e-05
5.18088e-05
5.17755e-05
5.17475e-05
5.17244e-05
5.1705e-05
5.16846e-05
5.16662e-05
5.16518e-05
5.16412e-05
5.16341e-05
5.16298e-05
5.16281e-05
5.16284e-05
5.16305e-05
5.16339e-05
5.16384e-05
5.16438e-05
5.16476e-05
5.16489e-05
5.16496e-05
5.16479e-05
5.16474e-05
5.16482e-05
5.16501e-05
5.1653e-05
5.16566e-05
5.16585e-05
5.16539e-05
5.16418e-05
5.16277e-05
5.16167e-05
5.16061e-05
5.15969e-05
5.15892e-05
5.16076e-05
0.000101171
0.000183172
0.000202635
0.000201202
0.000193206
0.000183532
0.00017381
0.000164558
0.000155925
0.000147919
0.000140515
0.000133679
0.000127363
0.000121531
0.000116147
0.000111172
0.000106578
0.000102337
9.84231e-05
9.48126e-05
9.14827e-05
8.84114e-05
8.55774e-05
8.29547e-05
8.05318e-05
7.82957e-05
7.62335e-05
7.43266e-05
7.25674e-05
7.09437e-05
6.94473e-05
6.80669e-05
6.67932e-05
6.56173e-05
6.45326e-05
6.35323e-05
6.26087e-05
6.17583e-05
6.09751e-05
6.02505e-05
0.000160906
0.000203312
0.000209063
0.000202952
0.000193394
0.000183248
0.000173444
0.000164232
0.000155671
0.000147737
0.000140395
0.000133612
0.000127346
0.000121556
0.000116204
0.000111262
0.000106717
0.000147455
0.000222546
0.000237831
0.00023332
0.000222746
0.000210779
0.000199
0.000187873
0.000177511
0.000167912
0.000159035
0.000150825
0.000143241
0.000136255
0.000130174
0.000125083
0.000150933
0.000323854
0.000332276
0.000312124
0.000292243
0.00027376
0.000256654
0.000240849
0.000226251
0.000212774
0.000200332
0.000188852
0.00017827
0.000168524
0.000159549
0.000151281
0.000143638
0.000136574
0.000130046
0.000156918
0.000243669
0.000261603
0.000256699
0.000244786
0.000231241
0.000217859
0.000205205
0.000193419
0.000182503
0.000172417
0.000163104
0.000154508
0.000146569
0.000139241
0.000132495
0.000126278
0.000120542
0.000115249
0.000110364
0.000105852
0.000101679
9.7823e-05
9.42611e-05
9.0971e-05
8.79326e-05
8.51219e-05
8.25252e-05
8.01298e-05
7.79157e-05
7.58672e-05
7.39736e-05
7.22275e-05
7.0616e-05
6.91316e-05
6.77855e-05
6.65552e-05
6.54244e-05
6.43806e-05
6.34119e-05
6.25074e-05
6.16675e-05
6.08919e-05
6.01727e-05
5.95083e-05
5.88944e-05
5.83258e-05
5.78014e-05
5.7318e-05
5.68701e-05
5.6456e-05
5.60714e-05
5.57156e-05
5.53798e-05
5.50656e-05
5.47743e-05
5.45048e-05
5.42567e-05
5.40291e-05
5.38215e-05
5.36323e-05
5.34599e-05
5.33028e-05
5.31596e-05
5.3142e-05
5.34258e-05
5.37907e-05
5.41468e-05
5.44628e-05
5.47049e-05
5.48528e-05
5.48844e-05
5.48256e-05
5.47155e-05
5.45844e-05
5.44414e-05
0.000161353
0.000199398
0.000204079
0.000197901
0.000188577
0.00017872
0.000169186
0.000160231
0.000151912
0.000144213
0.0001371
0.000130531
0.000124462
0.000118858
0.000113682
0.000108904
0.000104493
0.000100423
9.66666e-05
9.31998e-05
9.00002e-05
8.70472e-05
8.43183e-05

