5e-05
5.02669e-05
5.04842e-05
5.06602e-05
5.08034e-05
5.09206e-05
5.10168e-05
5.10963e-05
5.11623e-05
5.12174e-05
5.12636e-05
5.13049e-05
5.13677e-05
0.000136645
0.000192209
0.000202791
0.000198547
0.000189803
0.000180062
0.000170491
0.000161449
0.000153029
0.000145231
0.000138021
0.000131361
0.000125214
0.000119542
0.000114308
0.000109479
0.000105019
0.000100902
9.71018e-05
9.35958e-05
9.03576e-05
8.73652e-05
0.000166383
0.000219084
0.000227358
0.000221115
0.000210579
0.000199214
0.000188159
0.000177763
0.000168203
0.000159728
0.000152188
0.000145454
0.000139491
0.000134985
0.000306586
0.00033826
0.000318383
0.000298051
0.000279116
0.000261601
0.000245418
0.000230473
0.000216674
0.000203935
0.000192176
0.000181321
0.000171299
0.000162049
0.000153513
0.000145634
0.000138365
0.000131657
0.000125467
0.000119756
0.000114487
0.000109625
0.000105136
0.000100994
9.71732e-05
9.36488e-05
9.03976e-05
8.73984e-05
8.46315e-05
8.20789e-05
7.97218e-05
7.75444e-05
7.55333e-05
7.3678e-05
7.19668e-05
7.03884e-05
6.89324e-05
6.75869e-05
6.63443e-05
6.5198e-05
6.41379e-05
6.31599e-05
6.22577e-05
6.14232e-05
6.06535e-05
5.99442e-05
5.92903e-05
5.86848e-05
5.81235e-05
5.76055e-05
5.71286e-05
5.66895e-05
5.62812e-05
5.59023e-05
5.55515e-05
0.000163939
0.000202513
0.000207136
0.000200748
0.000191187
0.000181102
0.000171358
0.000162211
0.000153717
0.000145859
0.000138598
0.000131894
0.000125707
0.000119994
0.000114718
0.000109847
0.000105353
0.000101205
9.73768e-05
9.3842e-05
9.05781e-05
8.75612e-05
8.47754e-05
8.22036e-05
7.98301e-05
7.76411e-05
7.56223e-05
7.37604e-05
7.20433e-05
7.04563e-05
6.89893e-05
6.76363e-05
6.63975e-05
6.52781e-05
6.42518e-05
6.33006e-05
6.24303e-05
6.16512e-05
6.09374e-05
6.02771e-05
5.96631e-05
5.90848e-05
5.85372e-05
5.8026e-05
5.75421e-05
5.7087e-05
5.66653e-05
5.62755e-05
5.59139e-05
5.55741e-05
5.52601e-05
5.49709e-05
5.47047e-05
5.44596e-05
5.42281e-05
5.40106e-05
5.38109e-05
5.36279e-05
5.34567e-05
5.32977e-05
5.31521e-05
5.30169e-05
5.28936e-05
5.2779e-05
5.26699e-05
5.25655e-05
5.24678e-05
5.23771e-05
5.22948e-05
5.22182e-05
5.21481e-05
5.2086e-05
5.20313e-05
5.19834e-05
5.19399e-05
5.19e-05
5.18651e-05
5.18348e-05
5.18085e-05
5.17857e-05
5.1766e-05
5.17484e-05
5.17299e-05
5.17134e-05
5.16989e-05
5.16835e-05
5.167e-05
5.16587e-05
5.16493e-05
5.16412e-05
5.16286e-05
5.16128e-05
5.1596e-05
5.1582e-05
5.15708e-05
5.15598e-05
5.15495e-05
5.15398e-05
5.15292e-05
5.15177e-05
5.15088e-05
5.15027e-05
5.1499e-05
5.14975e-05
5.14977e-05
5.14969e-05
5.14965e-05
5.14959e-05
0.000130591
0.000191935
0.000204343
0.000200571
0.000191849
0.000181995
0.00017228
0.000163098
0.000154549
0.000146632
0.000139315
0.000132558
0.000126321
0.000120564
0.000115249
0.000119078
0.000219296
0.000243037
0.000240931
0.000230728
0.000218465
0.000206164
0.000194468
0.000183552
0.000173435
0.000164077
0.000155431
0.000147442
0.000140068
0.000133261
0.000126975
0.000121169
0.000115808
0.000110857
0.000106289
0.000102073
9.8184e-05
9.45955e-05

