5e-05
5.02631e-05
5.04691e-05
5.06301e-05
5.07572e-05
5.08582e-05
5.09394e-05
5.10052e-05
5.10589e-05
5.11033e-05
5.11402e-05
5.11728e-05
5.13086e-05
5.15961e-05
5.18625e-05
5.21283e-05
6.36137e-05
0.000169449
0.000197645
0.000203846
0.000291512
0.000308132
0.0003005
0.000285528
0.000268958
0.000252718
0.000237404
0.000223157
0.000209967
0.000261873
0.000307659
0.000309274
0.000296774
0.000327311
0.000371011
0.000368672
0.000351871
0.000331722
0.000311574
0.00029238
0.000274386
0.000257653
0.000242115
0.000227688
0.000214322
0.000201947
0.000190495
0.00017989
0.000170075
0.000232916
0.000276906
0.000279542
0.000268885
0.000254532
0.000239727
0.000225525
0.000225736
0.000304177
0.000316445
0.000306977
0.000291081
0.000273937
0.000257264
0.000241594
0.000227049
0.000213598
0.000201173
0.0001897
0.000179102
0.00016931
0.000160268
0.000151916
0.000144202
0.000137079
0.0001305
0.000124426
0.000118813
0.00011363
0.000108846
0.00010443
0.000100355
9.6594e-05
9.31165e-05
8.99049e-05
8.69414e-05
8.42036e-05
8.16782e-05
7.93485e-05
7.71974e-05
7.52125e-05
7.33828e-05
7.16961e-05
7.01414e-05
6.87045e-05
6.73759e-05
6.61581e-05
6.50598e-05
6.40558e-05
6.31322e-05
6.22793e-05
6.14957e-05
6.08136e-05
6.02305e-05
5.97016e-05
5.92069e-05
5.87577e-05
5.83598e-05
5.79659e-05
5.75786e-05
5.7206e-05
5.68481e-05
5.65051e-05
5.61777e-05
5.586e-05
5.55517e-05
5.52574e-05
5.49815e-05
5.4719e-05
5.44725e-05
5.42448e-05
5.40334e-05
5.38335e-05
5.36495e-05
8.4732e-05
0.000179254
0.000202776
0.000202609
0.000194971
0.000185339
0.000175588
0.000166292
0.000157597
0.00020275
0.000264491
0.00027328
0.000264936
0.000251561
0.000237257
0.000223376
0.000210337
0.000198238
0.000187044
0.000176699
0.000167134
0.000206105
0.000269185
0.00027829
0.000269783
0.000256091
0.000241424
0.000227183
0.000213794
0.000201367
0.000189876
0.00017926
0.000169448
0.000160385
0.00020772
0.000266446
0.000274257
0.000265509
0.000251938
0.000237514
0.000223545
0.000210424
0.000198235
0.000186958
0.000176542
0.000166925
0.000183336
0.000262911
0.000277515
0.000270752
0.000257547
0.000242965
0.000228676
0.0002152
0.000202664
0.00019106
0.000180337
0.000170435
0.000161285
0.000152832
0.000145027
0.000137821
0.000131172
0.000125036
0.000119376
0.000114175
0.000109389
0.000104966
0.000100874
9.709e-05
9.35942e-05
0.000133778
0.000212235
0.000229046
0.000225429
0.000215508
0.000204102
0.000290191
0.000309481
0.000302643
0.000287839
0.000271238
0.000254899
0.000239463
0.00022509
0.00025526
0.000312579
0.000317638
0.000305823
0.000289241
0.000271977
0.000255368
0.000239804
0.000225359
0.000211997
0.00019965
0.00018825
0.000177723
0.000168006
0.000159038
0.000150898
0.000143616
0.000136976
0.000130883
0.000141365
0.000228361
0.000247504
0.000243874
0.000233133
0.000220643
0.000208208
0.000196391
0.000185356
0.000175127
0.000165691
0.000156975
0.000148914
0.000141464
0.000134572
0.000128198
0.000122308
0.00011687
0.00011185
0.000107225
0.000102981
9.90668e-05
9.54442e-05

