5e-05
5.02631e-05
5.04691e-05
5.06301e-05
5.07572e-05
5.08582e-05
5.09394e-05
5.10109e-05
5.10995e-05
5.12161e-05
5.13358e-05
5.14416e-05
5.15322e-05
5.16065e-05
5.16632e-05
5.17435e-05
5.18235e-05
5.18886e-05
5.25107e-05
0.000166849
0.00019935
0.000202269
0.000195621
0.000186236
0.000176451
0.000167035
0.000158211
0.000150023
0.000142447
0.000135443
0.000128973
0.000122998
0.000117482
0.000112389
0.000107689
0.000103353
9.93534e-05
9.56645e-05
9.22604e-05
8.91166e-05
0.000126743
0.000209496
0.000227802
0.000224699
0.00021498
0.000203669
0.000192425
0.000181763
0.000171819
0.000162622
0.000154122
0.000146262
0.000138988
0.000132264
0.000126057
0.000120324
0.00011503
0.000110145
0.000105634
0.000101469
9.7617e-05
9.40603e-05
9.08666e-05
8.81838e-05
8.58199e-05
8.36023e-05
8.14783e-05
7.94456e-05
7.75055e-05
7.5669e-05
7.39358e-05
7.22965e-05
7.07646e-05
6.93268e-05
0.000161587
0.000207872
0.000214704
0.000208649
0.0001988
0.000188245
0.000177998
0.000168367
0.000159414
0.000151131
0.000143479
0.000136414
0.000129889
0.00012386
0.000118291
0.000113162
0.000108449
0.000104096
0.000100074
9.63525e-05
9.29115e-05
8.97359e-05
8.68056e-05
8.41017e-05
8.16065e-05
7.93038e-05
7.71765e-05
7.52089e-05
7.33866e-05
7.17009e-05
7.01461e-05
6.87124e-05
6.73901e-05
6.61879e-05
6.50871e-05
6.40687e-05
6.31284e-05
6.22607e-05
6.14562e-05
6.07254e-05
6.0068e-05
5.94562e-05
5.88905e-05
5.83655e-05
5.78723e-05
5.74132e-05
5.69867e-05
5.65806e-05
5.62062e-05
5.58764e-05
5.55982e-05
5.53394e-05
5.50901e-05
5.4851e-05
5.46273e-05
5.4419e-05
5.42246e-05
5.4043e-05
5.38731e-05
5.37115e-05
5.35572e-05
5.34094e-05
5.32688e-05
5.31547e-05
5.33103e-05
5.37825e-05
5.44414e-05
5.50643e-05
5.56099e-05
5.61441e-05
5.65642e-05
5.67541e-05
5.67171e-05
5.65359e-05
5.62682e-05
5.59727e-05
5.56651e-05
5.5358e-05
5.50658e-05
5.4864e-05
5.49471e-05
5.51087e-05
5.52019e-05
5.51818e-05
5.50712e-05
5.49186e-05
5.47719e-05
5.46217e-05
5.44653e-05
5.44218e-05
5.47934e-05
5.51727e-05
5.54895e-05
5.56955e-05
5.57278e-05
5.56597e-05
5.55135e-05
5.53203e-05
5.51049e-05
6.48389e-05
0.00017423
0.000203221
0.000204804
0.000197588
0.000187937
0.000178153
0.000168964
0.000160337
0.0001523
0.000144817
0.000137865
0.000131398
0.000125372
0.000119785
0.000129026
0.000224349
0.00024614
0.000243279
0.000232718
0.00022023
0.000207749
0.000195897
0.000184844
0.000174604
0.000165133
0.000156386
0.000148311
0.000140858
0.000134148
0.000128184
0.000122775
0.000148153
0.000227814
0.000244564
0.000240295
0.000229498
0.000217144
0.000204906
0.000193315
0.000182506
0.00017248
0.000163197
0.000154612
0.000146682
0.00013936
0.000132599
0.000126359
0.000120599
0.00011528
0.000110367
0.000105832
0.000101644
9.77795e-05
9.42145e-05
9.09242e-05
8.7885e-05
8.5082e-05
8.24969e-05
8.01093e-05
7.79043e-05
7.58709e-05
7.3996e-05
7.22675e-05
7.06881e-05
6.92383e-05
6.78975e-05
6.66534e-05
6.55017e-05
6.44362e-05
6.34529e-05
6.25455e-05
6.17077e-05
6.09293e-05
6.02036e-05
5.95289e-05
5.89015e-05

