5e-05
5.02669e-05
5.04842e-05
5.06602e-05
5.08034e-05
5.09206e-05
5.10168e-05
5.10963e-05
5.11623e-05
5.12174e-05
5.12636e-05
5.13026e-05
5.13359e-05
5.13767e-05
5.14257e-05
5.14744e-05
5.15195e-05
0.000133066
0.000191491
0.000203029
0.000264764
0.000308438
0.000309262
0.000296538
0.000280148
0.000263421
0.000247433
0.000232487
0.000218626
0.000206471
0.000294661
0.000311999
0.000304379
0.000289217
0.000358114
0.000372313
0.000360653
0.000341368
0.000320634
0.000300483
0.000281534
0.000263923
0.000247627
0.000232569
0.000218666
0.00020583
0.000193981
0.000183044
0.00017295
0.000173157
0.000260793
0.000278398
0.000272567
0.000259614
0.000245072
0.000230756
0.00021722
0.000275573
0.000311601
0.00031001
0.000296508
0.000279872
0.000263077
0.00024708
0.00023214
0.00021829
0.000205486
0.000193662
0.000182745
0.000172667
0.000163361
0.000154771
0.000146843
0.000139526
0.000132773
0.00012654
0.000120787
0.000115477
0.000110576
0.000106052
0.000101877
9.80229e-05
9.44621e-05
9.11662e-05
8.81156e-05
8.52981e-05
8.26939e-05
8.02911e-05
7.80746e-05
7.60287e-05
7.41452e-05
7.24319e-05
7.08606e-05
6.94156e-05
6.80836e-05
6.68483e-05
6.57052e-05
6.4649e-05
6.36682e-05
6.27598e-05
6.19205e-05
6.11451e-05
6.04288e-05
5.9767e-05
5.91509e-05
5.85809e-05
5.80519e-05
5.75615e-05
5.71276e-05
5.67479e-05
5.63914e-05
5.6057e-05
5.57396e-05
5.5435e-05
5.51511e-05
5.48894e-05
5.46483e-05
5.44346e-05
5.45222e-05
5.49912e-05
5.57472e-05
5.69052e-05
0.000161162
0.000279888
0.000357732
0.000389646
0.000383162
0.000364442
0.000342708
0.000321097
0.000300612
0.000281517
0.000263828
0.000348149
0.000369241
0.000359894
0.000341346
0.000320816
0.000300711
0.000281762
0.000264133
0.000247814
0.000232736
0.000218812
0.000205954
0.000289174
0.000315015
0.000309937
0.000295315
0.000278425
0.00026167
0.000245786
0.000230975
0.000217245
0.000204543
0.000192804
0.00018196
0.000171964
0.000261219
0.000286307
0.000282458
0.00026961
0.000254543
0.000239527
0.000225278
0.00021199
0.000199679
0.000188299
0.000177786
0.000168078
0.000241345
0.000279442
0.000280055
0.000268715
0.000254154
0.000239303
0.000225121
0.000212085
0.00020018
0.000189233
0.000179103
0.000169717
0.000160998
0.00015287
0.000145256
0.000138176
0.000131614
0.000125539
0.000119917
0.000114715
0.000109902
0.000105441
0.000101313
9.74967e-05
9.39681e-05
0.000187139
0.000226415
0.000230081
0.00022224
0.000211135
0.000258358
0.000307456
0.000310141
0.000297943
0.000281636
0.000264849
0.000248757
0.000233699
0.00021973
0.000295719
0.000319713
0.000313806
0.000298703
0.000281442
0.000264366
0.000248208
0.000233156
0.000219314
0.000206844
0.000195494
0.000185031
0.000175343
0.00016629
0.000157829
0.000149924
0.000142553
0.000135696
0.000129332
0.000201596
0.000246808
0.000251388
0.000242801
0.000230448
0.000217516
0.000205051
0.000193361
0.000182505
0.000172462
0.00016318
0.000154599
0.000146672
0.000139352
0.000132594
0.000126357
0.0001206
0.000115285
0.00011038
0.000105854
0.000101678
9.78241e-05

