5e-05
5.02667e-05
5.04834e-05
5.06586e-05
5.08009e-05
5.09171e-05
5.10125e-05
5.10912e-05
5.11565e-05
5.12109e-05
5.12566e-05
5.12951e-05
5.13283e-05
5.1373e-05
5.14221e-05
5.147e-05
5.1514e-05
5.15527e-05
5.1585e-05
5.16018e-05
5.15989e-05
5.15829e-05
5.1564e-05
5.15394e-05
5.15176e-05
5.15005e-05
5.14879e-05
5.14794e-05
5.14735e-05
5.14639e-05
5.14526e-05
5.14449e-05
5.14409e-05
5.14389e-05
5.14334e-05
5.14293e-05
5.14285e-05
5.14307e-05
5.14341e-05
5.14348e-05
5.14373e-05
5.14421e-05
5.14487e-05
5.14537e-05
5.14599e-05
5.14678e-05
5.1477e-05
5.14872e-05
5.14981e-05
5.15057e-05
5.15123e-05
5.15094e-05
5.15057e-05
5.15159e-05
5.15303e-05
5.15404e-05
5.1544e-05
5.15466e-05
5.15496e-05
7.63757e-05
0.000177056
0.00020272
0.00020323
0.000195732
0.000186073
0.000176215
0.000166794
0.000157989
0.000149823
0.000142265
0.000135286
0.00012884
0.00012289
0.0001174
0.000112333
0.000107653
0.000103332
9.93454e-05
9.56677e-05
9.22753e-05
8.9146e-05
8.62528e-05
8.9908e-05
0.000196698
0.000223883
0.000223825
0.000215114
0.000204097
0.000289095
0.000311425
0.000305401
0.000290682
0.000273947
0.000257417
0.000241784
0.00022722
0.000213733
0.000201269
0.000189755
0.000179123
0.000169307
0.00016025
0.000151914
0.000144237
0.000137148
0.000130595
0.000124538
0.000118955
0.000113824
0.000109096
0.000104731
0.000100693
9.69631e-05
9.35161e-05
9.03225e-05
8.7367e-05
8.46358e-05
8.21048e-05
7.97668e-05
7.76088e-05
7.56172e-05
7.37793e-05
7.20818e-05
7.05334e-05
6.9154e-05
6.78829e-05
6.67206e-05
6.56743e-05
6.47104e-05
6.37983e-05
6.29464e-05
6.21529e-05
6.14122e-05
6.0713e-05
6.00591e-05
5.9482e-05
5.90245e-05
5.86407e-05
5.82646e-05
5.7885e-05
5.75021e-05
5.7138e-05
5.67896e-05
5.64518e-05
5.61732e-05
5.59562e-05
5.57742e-05
5.56557e-05
5.55352e-05
5.53778e-05
5.5199e-05
5.50145e-05
5.48417e-05
5.46621e-05
5.44759e-05
5.43022e-05
5.41508e-05
5.40079e-05
5.38701e-05
5.37365e-05
5.36063e-05
5.3475e-05
5.33527e-05
5.32377e-05
5.31291e-05
5.30214e-05
5.29175e-05
5.28153e-05
5.27141e-05
5.26141e-05
0.000109426
0.000186714
0.000204436
0.000202351
0.000194078
0.00018426
0.000174451
0.000165135
0.000156445
0.000148395
0.000140957
0.00013409
0.000127749
0.000121891
0.000116479
0.000111486
0.000106879
0.000102627
9.87031e-05
9.50832e-05
9.17438e-05
8.86545e-05
8.58013e-05
8.31698e-05
8.07399e-05
7.8493e-05
7.64182e-05
7.45055e-05
7.27425e-05
7.11169e-05
6.96143e-05
6.82264e-05
6.69473e-05
6.57688e-05
6.46778e-05
6.36688e-05
6.27363e-05
6.18719e-05
6.10723e-05
6.03326e-05
5.96503e-05
5.90232e-05
5.84472e-05
5.79182e-05
5.74322e-05
5.69858e-05
5.65747e-05
5.61932e-05
5.58403e-05
5.55135e-05
5.52109e-05
5.49313e-05
5.47324e-05
5.48987e-05
5.52932e-05
5.57169e-05
5.6025e-05
5.61484e-05
5.61392e-05
5.60609e-05
5.60233e-05
0.000119025
0.000274913
0.000276363
0.000260374
0.000244511
0.000229719
0.000216014
0.000203362
0.000191678
0.000180885
0.000170921
0.000161737
0.000153279
0.000145502
0.000138328
0.000131704
0.000125582
0.000119924
0.000114692

