5e-05
5.02631e-05
5.04691e-05
5.06301e-05
5.07572e-05
5.08582e-05
5.09394e-05
5.10109e-05
5.10995e-05
5.12161e-05
5.13358e-05
5.14416e-05
8.00688e-05
0.000175967
0.000200238
0.00020046
0.000193085
0.00018366
0.000174042
0.000164837
0.000156225
0.000148225
0.000140805
0.000133931
0.000127581
0.000121719
0.000116311
0.00011132
0.000106712
0.000102452
9.85172e-05
9.48833e-05
9.15296e-05
8.84318e-05
8.55738e-05
8.29378e-05
8.05077e-05
7.82677e-05
7.62011e-05
7.42921e-05
7.25289e-05
7.09012e-05
6.93994e-05
6.8021e-05
6.67698e-05
6.56242e-05
6.45709e-05
6.3593e-05
6.26842e-05
6.18608e-05
6.1102e-05
6.03914e-05
5.97192e-05
5.90896e-05
5.85077e-05
5.7968e-05
5.74688e-05
5.70087e-05
5.65831e-05
5.61894e-05
5.58188e-05
5.54757e-05
5.52485e-05
5.53041e-05
5.54682e-05
5.55841e-05
5.56143e-05
5.55701e-05
5.54656e-05
5.53237e-05
5.51546e-05
5.49593e-05
5.47604e-05
5.45531e-05
5.43362e-05
5.41246e-05
5.39258e-05
5.37391e-05
5.35667e-05
5.34087e-05
5.32644e-05
5.31322e-05
5.30081e-05
5.28946e-05
5.27915e-05
5.26976e-05
5.26088e-05
5.25213e-05
5.24368e-05
5.23712e-05
5.23321e-05
5.22936e-05
5.2254e-05
5.22092e-05
5.21622e-05
5.21195e-05
5.20813e-05
5.20471e-05
5.20164e-05
5.19887e-05
5.19615e-05
5.19325e-05
5.18998e-05
5.18661e-05
5.18362e-05
5.18103e-05
5.17875e-05
5.17848e-05
5.17914e-05
5.17952e-05
5.17985e-05
5.18019e-05
5.18016e-05
5.1813e-05
5.18408e-05
5.18616e-05
5.18798e-05
5.18938e-05
5.18982e-05
5.18984e-05
5.18959e-05
5.18812e-05
5.18681e-05
5.18718e-05
5.19015e-05
5.19269e-05
5.194e-05
5.19431e-05
5.1943e-05
5.1941e-05
5.19372e-05
5.19314e-05
5.19239e-05
5.19121e-05
5.18961e-05
5.18761e-05
5.18533e-05
5.18481e-05
0.000147768
0.000190706
0.000197816
0.000193261
0.000185196
0.000176458
0.000167867
0.000159583
0.000151669
0.000144198
0.000137194
0.000130678
0.000124627
0.000119018
0.000113831
0.000109111
0.000105024
0.000101335
9.78744e-05
0.000149006
0.000216988
0.000230445
0.000225773
0.000215569
0.000204106
0.000192919
0.000182764
0.000173346
0.000164591
0.000156414
0.000148705
0.000141489
0.000134744
0.000128459
0.000122621
0.00011721
0.000112192
0.000107548
0.000103257
9.92923e-05
9.56306e-05
9.24206e-05
8.96444e-05
8.70546e-05
8.46307e-05
8.23427e-05
8.01918e-05
0.000165988
0.000212307
0.000219028
0.000212775
0.000202691
0.000191882
0.000181386
0.00017151
0.000162324
0.00015381
0.000145938
0.000138669
0.000131959
0.00012576
0.000120037
0.000114757
0.000109883
0.000105554
0.000101788
9.84094e-05
9.52311e-05
9.21763e-05
8.92599e-05
8.65146e-05
8.39371e-05
8.15285e-05
7.92878e-05
7.72062e-05
7.52733e-05
7.34738e-05
7.17972e-05
7.02374e-05
6.87932e-05
6.74593e-05
6.62261e-05
6.50889e-05
6.40396e-05
6.30698e-05
6.2171e-05
6.13408e-05
6.05741e-05
5.98669e-05
5.92167e-05
5.86171e-05
5.80619e-05
5.75517e-05
0.000109439
0.000188701
0.000206962
0.000204915
0.000196526
0.000186549
0.000176585
0.000167131
0.000158311
0.000150132
0.000142568
0.00013558
0.000129127
0.000123171
0.000117672
0.000112591
0.000107893
0.000103552
9.95399e-05

