5e-05
5.02631e-05
5.04691e-05
5.06301e-05
5.07572e-05
5.08582e-05
5.09394e-05
5.10052e-05
5.10589e-05
5.11033e-05
5.11402e-05
5.11715e-05
0.000107472
0.000183793
0.000201371
0.000199449
0.000191426
0.000181862
0.000172284
0.000163187
0.000154707
0.000146842
0.000139565
0.000132835
0.000126616
0.00012087
0.000115562
0.000110659
0.000106129
0.000101931
9.80479e-05
9.44628e-05
9.11542e-05
8.8101e-05
8.52837e-05
8.26842e-05
8.02856e-05
7.80712e-05
7.60254e-05
7.41379e-05
7.24039e-05
7.10477e-05
7.00947e-05
6.93819e-05
6.87871e-05
6.82778e-05
6.79133e-05
6.75353e-05
6.70516e-05
6.64366e-05
6.5708e-05
6.48828e-05
6.39947e-05
6.31197e-05
6.22806e-05
6.14854e-05
6.07396e-05
6.00407e-05
5.93909e-05
5.87866e-05
5.82255e-05
5.77058e-05
5.72243e-05
5.67784e-05
5.63658e-05
5.5981e-05
5.56204e-05
5.52874e-05
5.49943e-05
5.4744e-05
5.45211e-05
5.4319e-05
5.4132e-05
5.39552e-05
5.3791e-05
5.36372e-05
5.34912e-05
5.3355e-05
5.32246e-05
5.3118e-05
5.30398e-05
5.29672e-05
5.29001e-05
5.28326e-05
5.27647e-05
5.26957e-05
5.26218e-05
5.25513e-05
5.24851e-05
5.24231e-05
5.23652e-05
5.2311e-05
5.22605e-05
5.2212e-05
5.21641e-05
5.21197e-05
5.20765e-05
5.20347e-05
5.19964e-05
5.19617e-05
5.19302e-05
5.19193e-05
5.19237e-05
5.19253e-05
5.19263e-05
5.19258e-05
5.19181e-05
5.19082e-05
5.18971e-05
5.18853e-05
5.18727e-05
5.18596e-05
5.18462e-05
5.18275e-05
5.18055e-05
5.17849e-05
5.17661e-05
5.17489e-05
5.17334e-05
5.17192e-05
5.17029e-05
5.16875e-05
5.17284e-05
5.21496e-05
5.29139e-05
5.38549e-05
5.49664e-05
5.64587e-05
0.000192299
0.000269486
0.00025619
0.000240565
0.000226003
0.000212532
0.000200087
0.000188594
0.000177982
0.000211312
0.00029318
0.000306963
0.000298415
0.0002832
0.000266634
0.000250475
0.000235259
0.000221112
0.000208025
0.000195931
0.000184762
0.000174448
0.000164925
0.00015614
0.000148082
0.000140711
0.000133895
0.000127583
0.000121734
0.000182198
0.000244932
0.000255186
0.000248161
0.000235976
0.000222758
0.000266732
0.000320788
0.000324346
0.000311672
0.000294479
0.000276716
0.000259669
0.000243708
0.000228898
0.000215199
0.000202545
0.00019086
0.000180073
0.000170116
0.000160923
0.000152437
0.000144604
0.000137373
0.000130698
0.000124536
0.000118848
0.000113597
0.00010875
0.000104276
0.000100147
9.63348e-05
9.28161e-05
8.95682e-05
8.657e-05
8.38022e-05
8.12473e-05
7.88889e-05
7.67119e-05
7.47024e-05
7.28478e-05
7.11357e-05
6.95554e-05
6.80966e-05
6.67501e-05
6.55072e-05
6.436e-05
6.33011e-05
6.23239e-05
6.14223e-05
0.000103733
0.000191726
0.00021192
0.00021009
0.000201564
0.000191317
0.000181014
0.000171196
0.000162017
0.000153497
0.000145612
0.000138325
0.000131592
0.000125374
0.000119633
0.000114331
0.000109437
0.000104918
0.000100747
9.68955e-05
9.33405e-05
9.00588e-05
8.70295e-05
8.42331e-05
8.16518e-05
7.92767e-05
7.70904e-05
7.50721e-05
7.32071e-05
7.14836e-05
6.98909e-05
6.84192e-05
6.70593e-05
6.5803e-05
6.46427e-05
6.3571e-05
6.25814e-05
6.16677e-05
6.08242e-05
6.00455e-05
5.93267e-05
5.86632e-05
5.80508e-05

