5e-05
5.02669e-05
5.04842e-05
5.06602e-05
5.08034e-05
5.09206e-05
5.10168e-05
5.10963e-05
5.11623e-05
5.12174e-05
5.12636e-05
5.13049e-05
5.13677e-05
5.14272e-05
5.14686e-05
5.1505e-05
5.1537e-05
5.15614e-05
5.15757e-05
5.15818e-05
5.1578e-05
5.15692e-05
5.15604e-05
5.15471e-05
5.1534e-05
5.1524e-05
5.15173e-05
5.15135e-05
5.15121e-05
5.15095e-05
5.15057e-05
5.15036e-05
5.15034e-05
5.15014e-05
5.14964e-05
5.1492e-05
5.14878e-05
5.14862e-05
5.14873e-05
5.14906e-05
5.14959e-05
5.15028e-05
5.1511e-05
5.16233e-05
5.21004e-05
5.28311e-05
5.37353e-05
5.48235e-05
5.68268e-05
0.000234437
0.000271658
0.000256901
0.000241296
0.000226725
0.000213238
0.000200773
0.000189261
0.000178631
0.000168816
0.000159758
0.000195349
0.000275923
0.000290145
0.000282596
0.000268519
0.000253083
0.000237995
0.000223781
0.000210563
0.00019833
0.000187028
0.00017659
0.000166955
0.000158064
0.000149858
0.000142285
0.000135297
0.000128847
0.000122895
0.000224519
0.000254347
0.00025359
0.000243152
0.000230168
0.000217031
0.000204508
0.000192811
0.000181965
0.000171938
0.000162674
0.000154121
0.000146226
0.000138936
0.000132207
0.000125996
0.000120264
0.000114971
0.000110082
0.000105569
0.000101405
9.75615e-05
9.40107e-05
9.07311e-05
8.77025e-05
8.49063e-05
8.23253e-05
7.99443e-05
7.77482e-05
7.57225e-05
7.38539e-05
7.2128e-05
7.05317e-05
6.90591e-05
6.77012e-05
6.64464e-05
6.52886e-05
6.42213e-05
6.32362e-05
6.23231e-05
6.14809e-05
6.07051e-05
5.99904e-05
5.93305e-05
5.87209e-05
5.81572e-05
5.7633e-05
5.71482e-05
5.67004e-05
5.62877e-05
5.59087e-05
5.55608e-05
5.52413e-05
5.4948e-05
5.46754e-05
5.44216e-05
5.41887e-05
5.39837e-05
5.38188e-05
5.36735e-05
5.35356e-05
5.34161e-05
5.333e-05
5.3256e-05
5.31863e-05
5.31174e-05
5.30424e-05
5.29594e-05
5.2877e-05
5.2789e-05
5.26993e-05
5.2615e-05
5.25365e-05
5.24624e-05
5.2388e-05
5.23189e-05
5.22558e-05
5.21984e-05
5.2146e-05
5.20923e-05
5.20391e-05
5.19909e-05
5.19479e-05
5.19059e-05
5.18661e-05
5.18305e-05
5.1797e-05
5.17675e-05
5.17394e-05
5.17103e-05
5.16796e-05
5.165e-05
5.16222e-05
5.1598e-05
5.15749e-05
5.15543e-05
5.15378e-05
5.15253e-05
5.15163e-05
5.15087e-05
5.1502e-05
5.14977e-05
5.14956e-05
5.14953e-05
5.14967e-05
5.14992e-05
5.15021e-05
5.15025e-05
5.15036e-05
5.15051e-05
5.15047e-05
5.15049e-05
5.15063e-05
5.15086e-05
5.15113e-05
5.15088e-05
5.15021e-05
5.14938e-05
5.14877e-05
5.14838e-05
5.14794e-05
5.14753e-05
5.14713e-05
5.1466e-05
5.14593e-05
5.14549e-05
5.1453e-05
5.14531e-05
5.14551e-05
5.14586e-05
5.14608e-05
5.14631e-05
5.14652e-05
5.1465e-05
5.14599e-05
5.14528e-05
5.14458e-05
5.14413e-05
5.1437e-05
5.1434e-05
5.14307e-05
5.14292e-05
5.14274e-05
5.1425e-05
5.14234e-05
5.14241e-05
5.14254e-05
5.14263e-05
5.14398e-05
5.14663e-05
5.14934e-05
5.15215e-05
5.15485e-05
5.1569e-05
5.15854e-05
5.15975e-05
5.16049e-05
5.1611e-05
5.16123e-05
5.16105e-05
5.16033e-05
5.1597e-05
5.15922e-05
5.15847e-05
5.15752e-05
5.15652e-05
5.15535e-05
5.15442e-05
5.15378e-05
5.15338e-05
5.1532e-05

