5e-05
5.02669e-05
5.04842e-05
5.06602e-05
5.08034e-05
5.09206e-05
5.10168e-05
5.10963e-05
5.11623e-05
5.12174e-05
5.12636e-05
5.13049e-05
5.13677e-05
5.14272e-05
5.14686e-05
5.1505e-05
5.1537e-05
5.15614e-05
5.15757e-05
0.000164154
0.000199619
0.000203429
0.000196976
0.000187586
0.000177734
0.000168235
0.000159328
0.000151061
0.000143414
0.000136349
0.000129823
0.0001238
0.000118242
0.00018832
0.000241103
0.000248301
0.000240661
0.000228692
0.000215955
0.000203619
0.000192033
0.000181271
0.000171314
0.00016222
0.000154195
0.000147077
0.000140735
0.000135135
0.000130963
0.000302874
0.000334833
0.000315219
0.00029513
0.00027642
0.000259112
0.000243121
0.000228353
0.000214717
0.000202128
0.000190508
0.000179781
0.000169877
0.000160737
0.000152301
0.000144516
0.000137332
0.000130704
0.000124587
0.000118944
0.000113737
0.000108933
0.000104497
0.000100404
9.66289e-05
9.31463e-05
8.99338e-05
8.69702e-05
8.42362e-05
8.1714e-05
7.9385e-05
0.000169904
0.000217971
0.000224832
0.000218265
0.000207766
0.000196548
0.000185667
0.000175441
0.000165939
0.000157145
0.00014902
0.000141518
0.00013459
0.000128195
0.000122293
0.000116846
0.000111815
0.000107169
0.00010288
9.89225e-05
9.52701e-05
9.18956e-05
8.87785e-05
8.59e-05
8.32425e-05
8.07893e-05
7.85265e-05
7.64394e-05
7.45143e-05
7.27386e-05
7.10984e-05
6.95812e-05
6.81818e-05
6.68913e-05
6.56987e-05
6.45985e-05
6.35842e-05
6.26481e-05
6.17802e-05
6.09798e-05
6.02425e-05
5.95634e-05
5.89363e-05
5.8357e-05
5.78212e-05
5.73229e-05
5.68619e-05
5.64361e-05
5.60438e-05
5.56835e-05
5.53529e-05
5.50494e-05
5.47708e-05
0.000130836
0.000193448
0.000206165
0.000202383
0.000193582
0.000183645
0.000234957
0.000287159
0.000291802
0.000281199
0.000266291
0.000250764
0.000235812
0.000221787
0.000222788
0.000302525
0.000315343
0.000306118
0.000290353
0.000273304
0.000256702
0.00024108
0.000226557
0.000213117
0.000200699
0.000189226
0.000178631
0.00016885
0.000159822
0.000151487
0.000143791
0.000199719
0.000255773
0.000263263
0.000254961
0.000242058
0.000228341
0.000215055
0.000202576
0.000190985
0.000180258
0.000170349
0.0001612
0.000152757
0.000144965
0.000137773
0.000131134
0.000125007
0.000119354
0.000114136
0.000109321
0.000104878
0.000100777
9.69891e-05
9.3493e-05
9.02663e-05
8.72857e-05
8.4535e-05
8.19969e-05
7.96549e-05
7.74936e-05
7.54935e-05
7.36428e-05
7.19323e-05
7.03547e-05
6.89003e-05
6.75569e-05
6.63167e-05
6.51716e-05
6.4113e-05
6.3134e-05
6.2232e-05
6.14014e-05
6.06367e-05
5.99326e-05
5.92843e-05
5.86849e-05
5.81318e-05
5.76211e-05
5.71476e-05
0.000156023
0.000200623
0.000207265
0.000201511
0.000192113
0.000182032
0.000172242
0.000163039
0.000154487
0.000146571
0.000139258
0.000132507
0.000126274
0.000169732
0.000239722
0.000252406
0.000246315
0.000234573
0.00022163
0.000208955
0.000197002
0.000185879
0.000175578
0.000166058
0.000157262
0.000149138
0.000141633
0.000134705
0.00012831
0.000122404
0.00011695
0.000111914
0.000107262
0.00010297
9.90096e-05
9.53558e-05
9.19848e-05

