5e-05
5.02631e-05
5.04691e-05
5.06301e-05
5.07572e-05
5.08582e-05
5.09394e-05
5.10052e-05
5.10589e-05
5.11033e-05
5.11402e-05
5.11728e-05
5.13086e-05
5.15961e-05
5.18625e-05
5.21283e-05
5.23666e-05
5.25368e-05
5.26485e-05
5.26847e-05
0.000133963
0.000192714
0.000204309
0.000200315
0.000191531
0.000181668
0.000171962
0.000162798
0.000154266
0.000146362
0.000139054
0.000132306
0.000126076
0.000120327
0.000115017
0.000110129
0.000105854
0.000102122
9.87708e-05
9.56431e-05
9.26726e-05
8.98749e-05
8.72242e-05
8.47015e-05
8.23273e-05
8.01003e-05
7.80164e-05
7.60589e-05
7.42263e-05
7.25161e-05
7.0907e-05
6.94135e-05
6.80285e-05
6.67472e-05
6.5564e-05
6.44724e-05
6.34654e-05
6.25351e-05
6.16763e-05
6.08826e-05
6.01452e-05
5.94619e-05
5.88329e-05
5.82669e-05
5.77647e-05
5.73101e-05
5.68952e-05
5.6513e-05
5.61542e-05
5.58146e-05
5.54984e-05
5.52016e-05
5.49235e-05
5.46645e-05
5.44216e-05
5.41972e-05
5.39837e-05
5.37842e-05
5.36018e-05
5.34329e-05
5.32789e-05
5.31373e-05
5.30009e-05
5.28735e-05
5.27572e-05
5.26475e-05
5.25483e-05
5.24582e-05
5.23745e-05
5.22981e-05
5.22301e-05
5.21698e-05
5.21163e-05
5.20652e-05
5.2016e-05
5.1979e-05
5.19709e-05
5.19733e-05
5.19786e-05
5.19832e-05
5.19912e-05
5.20399e-05
5.21313e-05
5.22251e-05
5.23053e-05
5.23866e-05
5.24786e-05
5.25368e-05
5.25669e-05
5.25796e-05
5.25774e-05
5.25628e-05
5.25385e-05
5.25005e-05
5.24506e-05
5.23947e-05
5.23389e-05
5.22796e-05
5.22207e-05
5.2166e-05
5.21145e-05
5.20621e-05
5.20143e-05
5.19907e-05
5.19731e-05
5.19654e-05
5.19823e-05
5.19895e-05
5.19979e-05
5.20357e-05
5.20793e-05
5.21109e-05
5.21153e-05
5.21077e-05
5.21256e-05
5.21454e-05
5.21511e-05
5.21526e-05
5.21498e-05
5.21536e-05
5.21749e-05
5.21968e-05
5.22139e-05
5.22183e-05
5.22033e-05
5.21943e-05
0.000147346
0.000195383
0.000216626
0.000298529
0.000312198
0.0003034
0.000287894
0.000358446
0.000372487
0.000360797
0.000341492
0.000320738
0.000300568
0.000281603
0.000263974
0.000247653
0.000248725
0.000322321
0.000332076
0.000321017
0.000303906
0.000285738
0.000268153
0.000251641
0.000236301
0.000222109
0.000208998
0.000196893
0.000185718
0.000175398
0.00016587
0.000157075
0.000148958
0.000141467
0.00013455
0.000128159
0.000122253
0.000116798
0.000111763
0.000107117
0.000102831
9.88776e-05
9.52533e-05
9.19217e-05
8.88413e-05
8.5989e-05
8.33497e-05
8.09103e-05
7.86516e-05
7.6562e-05
7.46332e-05
7.2854e-05
7.12234e-05
6.97291e-05
6.83578e-05
6.7114e-05
6.59644e-05
6.48879e-05
6.38896e-05
6.29621e-05
6.20997e-05
6.13008e-05
6.05552e-05
5.98575e-05
5.92095e-05
5.86097e-05
5.80552e-05
5.75404e-05
5.70647e-05
5.6626e-05
5.62227e-05
5.58498e-05
5.55032e-05
5.51836e-05
5.48864e-05
5.46133e-05
5.43637e-05
5.42718e-05
5.44187e-05
5.46366e-05
5.48733e-05
5.50727e-05
5.51637e-05
5.51475e-05
5.50782e-05
5.49715e-05
5.48385e-05
5.46881e-05
5.45141e-05
5.43317e-05
5.41572e-05
5.40147e-05
5.38826e-05
5.37475e-05
5.36134e-05
5.34755e-05
5.33364e-05
5.32024e-05
5.30777e-05
5.29624e-05
5.28649e-05
5.28004e-05
5.27439e-05
5.26828e-05

