5e-05
5.02631e-05
5.04691e-05
5.06301e-05
5.07572e-05
5.08582e-05
5.09394e-05
5.10052e-05
5.10589e-05
5.11033e-05
5.11402e-05
5.11713e-05
5.11979e-05
0.000108293
0.000185989
0.000203879
0.000201865
0.000193634
0.000183844
0.000174054
0.000164759
0.00015609
0.000148058
0.000140634
0.000133777
0.000127445
0.000121601
0.000116206
0.000111226
0.000106625
0.000102424
9.88382e-05
9.57471e-05
9.29959e-05
9.04672e-05
8.80767e-05
8.57759e-05
8.35484e-05
8.1398e-05
7.93365e-05
7.73746e-05
7.55197e-05
7.49087e-05
0.000184726
0.000214607
0.000215926
0.000208079
0.000197705
0.00018704
0.00017682
0.000167256
0.000158379
0.000252723
0.000277883
0.000274448
0.000262107
0.000247561
0.000233048
0.000219277
0.000206436
0.000194539
0.000183544
0.000173391
0.000164034
0.000155668
0.000148229
0.000141504
0.000135332
0.000129586
0.000124181
0.000119071
0.000114259
0.000149986
0.000314113
0.000314113
0.000294632
0.000275983
0.000258694
0.000242713
0.000227951
0.000214318
0.000201776
0.000190278
0.000179661
0.000169831
0.000160726
0.000152299
0.000144505
0.000137299
0.000130641
0.00012449
0.000118809
0.000113563
0.000108718
0.000104245
0.000100116
9.63034e-05
9.27839e-05
8.95352e-05
8.65362e-05
8.85873e-05
0.000202246
0.000231534
0.000231711
0.00022263
0.000211068
0.000199299
0.00018806
0.000177554
0.000167812
0.000158804
0.000150484
0.000142801
0.000135709
0.000129162
0.000123118
0.000117539
0.000112389
0.000107635
0.000103246
9.91953e-05
0.000138382
0.000221156
0.000238843
0.000234967
0.000224437
0.000212325
0.000250525
0.000309962
0.000315761
0.000304231
0.000287761
0.000270647
0.000254193
0.000238755
0.000224398
0.000211123
0.000198867
0.000187543
0.00017707
0.000167386
0.000158434
0.000150163
0.000142522
0.000135465
0.000128948
0.00012293
0.000117374
0.000112244
0.000107508
0.000103136
9.90998e-05
9.53739e-05
9.19344e-05
8.87594e-05
8.58286e-05
8.31232e-05
8.0626e-05
7.83208e-05
7.61939e-05
7.42405e-05
7.24402e-05
7.07775e-05
6.92406e-05
6.78198e-05
0.000133344
0.000202223
0.000216476
0.000212647
0.000203264
0.00019259
0.000182043
0.000172068
0.000162778
0.000154175
0.000146223
0.000138879
0.000132098
0.000125839
0.000120061
0.000114727
0.000109803
0.000105258
0.000101063
9.71903e-05
9.36155e-05
9.03157e-05
8.72698e-05
8.44582e-05
8.18629e-05
7.94673e-05
7.7256e-05
7.52149e-05
7.33306e-05
7.15914e-05
6.99861e-05
6.85044e-05
6.71367e-05
6.58745e-05
6.47095e-05
6.36342e-05
6.26418e-05
6.17259e-05
6.08806e-05
6.01004e-05
5.93804e-05
5.87158e-05
5.81025e-05
5.75365e-05
5.70142e-05
5.65321e-05
5.60873e-05
5.56768e-05
5.52981e-05
5.49488e-05
5.46265e-05
5.43292e-05
5.4055e-05
5.3802e-05
5.35687e-05
5.3353e-05
5.31536e-05
5.29698e-05
5.28004e-05
5.26444e-05
5.25007e-05
5.23683e-05
5.22461e-05
5.21335e-05
5.20296e-05
5.1934e-05
5.1846e-05
5.17648e-05
5.169e-05
5.16212e-05
5.15577e-05
5.14994e-05
5.14459e-05
5.13968e-05
5.13518e-05
5.13105e-05
5.12726e-05
5.12379e-05
5.1206e-05
5.11769e-05
5.11502e-05
5.11258e-05
5.11034e-05
5.1083e-05
5.10643e-05

