5e-05
5.02669e-05
5.04842e-05
5.06602e-05
5.08034e-05
5.09206e-05
5.10168e-05
5.10963e-05
5.11623e-05
5.12174e-05
5.12636e-05
5.13049e-05
5.13677e-05
5.14272e-05
5.14686e-05
5.1505e-05
5.1537e-05
5.15614e-05
0.000159679
0.00019842
0.000203357
0.00019727
0.000187984
0.000178145
0.000168627
0.000159693
0.000151397
0.000143723
0.000136635
0.000130089
0.000124044
0.000118465
0.000113317
0.000108562
0.00010417
0.000100116
9.63736e-05
9.2921e-05
8.97365e-05
8.67991e-05
8.40898e-05
8.15907e-05
7.92856e-05
7.72625e-05
7.57684e-05
7.46794e-05
7.39038e-05
7.34414e-05
7.40133e-05
0.000250302
0.000306381
0.000384211
0.000393075
0.000378855
0.000357841
0.000335701
0.000314311
0.000294238
0.000275594
0.000258346
0.000242411
0.000227694
0.00024828
0.000322172
0.000331952
0.000320883
0.000303761
0.000285583
0.000267989
0.00025147
0.000314108
0.000347344
0.000342956
0.000326851
0.000307841
0.000288869
0.000270867
0.000254083
0.000238533
0.000224157
0.000210879
0.000198618
0.0001873
0.000176853
0.000167211
0.000158311
0.000150093
0.000142507
0.000135505
0.00012904
0.000123072
0.0001764
0.000239778
0.000250404
0.000243744
0.00023193
0.000219075
0.000206535
0.000194727
0.00018375
0.00017359
0.000164199
0.000155524
0.000147515
0.00014012
0.000133294
0.000126995
0.000121181
0.000115816
0.000110865
0.000106294
0.00010207
9.81731e-05
9.45768e-05
9.12557e-05
8.81905e-05
8.53624e-05
8.27519e-05
8.03383e-05
7.81111e-05
7.60567e-05
7.41617e-05
7.24123e-05
7.07968e-05
6.93047e-05
6.79235e-05
6.66475e-05
6.54694e-05
6.43825e-05
6.33811e-05
6.24587e-05
6.16089e-05
6.0826e-05
6.01015e-05
5.94306e-05
5.88125e-05
5.82521e-05
5.77589e-05
5.73107e-05
5.68932e-05
5.65156e-05
5.61912e-05
5.58972e-05
5.56244e-05
5.53681e-05
5.512e-05
5.48773e-05
5.46474e-05
5.44233e-05
5.42079e-05
5.40076e-05
5.38221e-05
5.36492e-05
5.34835e-05
5.33302e-05
5.31894e-05
5.30601e-05
5.29415e-05
0.0001187
0.000189296
0.000204759
0.000201937
0.00019345
0.000183591
0.000173793
0.000164509
0.000155857
0.000147841
0.000140428
0.000216094
0.00026028
0.000263779
0.000254173
0.000240892
0.000227113
0.000213872
0.000201473
0.000189968
0.000271417
0.000299194
0.000295516
0.00028204
0.000266133
0.000250257
0.000235193
0.000221147
0.00020813
0.000196098
0.000239148
0.000293506
0.000298564
0.000287711
0.000272353
0.00025634
0.000240922
0.000226467
0.000213046
0.000200633
0.000189166
0.000178578
0.000168803
0.000159778
0.000151446
0.000143753
0.000136652
0.0001301
0.000124054
0.000118474
0.000113325
0.00010857
0.000104182
0.000100131
9.6389e-05
9.29299e-05
8.97345e-05
8.67842e-05
8.40628e-05
8.15504e-05
7.92323e-05
7.70917e-05
7.51173e-05
7.32943e-05
7.16107e-05
7.00571e-05
6.86252e-05
6.7304e-05
6.60841e-05
6.49707e-05
6.39569e-05
6.30236e-05
6.21652e-05
6.1374e-05
6.0639e-05
5.9958e-05
5.93264e-05
5.87396e-05
5.81971e-05
5.76921e-05
5.72229e-05
5.67841e-05
5.63795e-05
5.6007e-05
5.56601e-05
5.53373e-05
5.5038e-05
5.47593e-05
5.45036e-05
5.42696e-05
5.40556e-05
5.38599e-05

