5e-05
5.02667e-05
5.04834e-05
5.06586e-05
5.08009e-05
5.09171e-05
5.10125e-05
5.10912e-05
5.11565e-05
5.12109e-05
5.12566e-05
5.12951e-05
8.27835e-05
0.000178176
0.000201859
0.000201793
0.000194244
0.000184702
0.000175005
0.00016574
0.000157062
0.000149
0.00014154
0.000134641
0.000128265
0.000122377
0.000116942
0.000111924
0.00010729
0.000102999
9.90282e-05
9.53633e-05
9.19827e-05
8.88647e-05
8.59892e-05
8.33372e-05
8.08916e-05
7.86362e-05
7.65561e-05
7.46378e-05
7.28765e-05
7.15181e-05
7.05995e-05
6.98361e-05
6.91407e-05
6.84582e-05
6.77258e-05
6.69713e-05
6.6193e-05
0.000114943
0.000191386
0.000208867
0.000206591
0.000198103
0.000188049
0.000177994
0.000168442
0.000159525
0.000151258
0.000143609
0.000136538
0.000130007
0.000123978
0.00011841
0.000113271
0.000108522
0.00010414
0.000100093
9.63561e-05
9.2906e-05
8.97237e-05
8.67889e-05
8.40826e-05
8.15862e-05
7.92811e-05
7.71774e-05
7.5251e-05
7.34978e-05
7.18998e-05
7.04205e-05
6.90512e-05
6.77738e-05
6.65806e-05
6.54654e-05
6.44256e-05
6.3461e-05
6.25653e-05
6.17377e-05
6.09701e-05
6.02604e-05
5.96045e-05
5.89962e-05
5.84354e-05
5.79129e-05
5.74223e-05
5.69691e-05
5.65529e-05
5.61711e-05
5.58208e-05
5.54996e-05
5.5205e-05
5.49346e-05
5.46866e-05
5.44589e-05
5.42498e-05
5.40573e-05
5.38759e-05
5.37085e-05
5.35527e-05
5.34072e-05
5.32739e-05
5.3152e-05
5.30406e-05
5.29371e-05
5.28392e-05
5.27497e-05
5.2668e-05
5.25937e-05
5.25259e-05
5.24641e-05
5.24078e-05
5.23741e-05
5.23641e-05
0.000149646
0.000195733
0.000203128
0.000197859
0.000188831
0.000179061
0.00016955
0.000160628
0.000152343
0.000144675
0.000137582
0.000131023
0.000124963
0.000119365
0.000114192
0.000109405
0.000104975
0.000100883
9.71042e-05
9.36089e-05
9.03848e-05
8.7436e-05
8.473e-05
8.2263e-05
7.99964e-05
7.79024e-05
7.59514e-05
7.4136e-05
7.24496e-05
7.08744e-05
6.94116e-05
6.80979e-05
6.7215e-05
6.66921e-05
6.63208e-05
6.59215e-05
6.55082e-05
6.5008e-05
6.44461e-05
6.38425e-05
6.32098e-05
6.2556e-05
6.18906e-05
6.12717e-05
6.06726e-05
6.01015e-05
5.95577e-05
5.90374e-05
5.85316e-05
5.80703e-05
5.8017e-05
6.34722e-05
0.000250095
0.000281325
0.000265966
0.000249685
0.000234483
0.000220408
0.000207398
0.000195381
0.000184285
0.00017404
0.000164584
0.000155856
0.0001478
0.000140367
0.000133506
0.000127176
0.000121335
0.000115945
0.000110974
0.000106388
0.000102158
9.82561e-05
0.000103107
0.000211244
0.000237981
0.000236997
0.000227427
0.000215836
0.000204208
0.000193087
0.000182621
0.00017283
0.000163701
0.000155231
0.000147368
0.000140087
0.000133349
0.000127116
0.000121351
0.000116016
0.000111083
0.00010655
0.000102377
9.85248e-05
9.49652e-05
9.16686e-05
8.86207e-05
8.58037e-05
8.32001e-05
8.07892e-05
7.85593e-05
7.64992e-05
7.45961e-05
7.28384e-05
7.12148e-05
6.97154e-05
6.83282e-05
6.70438e-05
6.58545e-05
6.47565e-05
6.37435e-05
6.28088e-05
6.19466e-05
6.11479e-05
6.04097e-05
5.97277e-05
5.9096e-05
5.85135e-05
5.79768e-05
5.74823e-05
5.70267e-05
5.66069e-05
5.62201e-05
5.58635e-05
5.55348e-05

