5e-05
5.02669e-05
5.04842e-05
5.06602e-05
5.09083e-05
5.16585e-05
5.3162e-05
0.000220147
0.000275599
0.000262127
0.000246234
0.000231327
0.000217556
0.000204875
0.000193159
0.000182361
0.000172388
0.000163167
0.00015464
0.000146755
0.000139452
0.000132696
0.000126451
0.000120672
0.000115335
0.00011041
0.000105866
0.000101673
9.78048e-05
9.42339e-05
9.09383e-05
8.78982e-05
8.50938e-05
8.25042e-05
8.01148e-05
7.79109e-05
7.58781e-05
7.40032e-05
7.22738e-05
7.06785e-05
6.92069e-05
6.78493e-05
6.65968e-05
6.54408e-05
6.43709e-05
6.33833e-05
6.24722e-05
6.16318e-05
6.08565e-05
6.01402e-05
5.94683e-05
5.8843e-05
5.82671e-05
5.77372e-05
5.72479e-05
5.67971e-05
5.63827e-05
5.60018e-05
5.56492e-05
5.53216e-05
0.000170996
0.000204526
0.000207434
0.000200476
0.000190741
0.000180615
0.000170879
0.000161756
0.000153288
0.000145458
0.000138225
0.000131547
0.000125384
0.000119696
0.000114447
0.000109601
0.000105171
0.000101357
9.8025e-05
9.49825e-05
9.21599e-05
8.94919e-05
8.68665e-05
8.43508e-05
8.19678e-05
7.97301e-05
7.76358e-05
7.56876e-05
7.38792e-05
7.2202e-05
7.0644e-05
6.919e-05
6.79516e-05
6.71146e-05
6.64201e-05
6.57585e-05
6.50884e-05
6.44078e-05
6.36692e-05
6.29273e-05
0.000150341
0.000199737
0.00020806
0.000202906
0.00019371
0.000183679
0.00017387
0.00016462
0.000156007
0.000148024
0.000140634
0.000133802
0.000127491
0.000121662
0.000116279
0.000111304
0.000106709
0.000201174
0.000237592
0.000239766
0.00023096
0.000219115
0.0002069
0.000195179
0.000184206
0.000174021
0.000164611
0.000155941
0.000147939
0.00014055
0.000133731
0.000127438
0.000121625
0.000116256
0.000111295
0.000106709
0.000102472
9.85616e-05
9.49699e-05
9.16725e-05
8.86479e-05
8.58666e-05
8.32961e-05
8.09193e-05
7.87221e-05
7.67172e-05
7.48711e-05
7.31571e-05
7.15636e-05
7.007e-05
6.86754e-05
6.7369e-05
6.61586e-05
6.50303e-05
6.39864e-05
6.30227e-05
6.21283e-05
6.13016e-05
6.05402e-05
5.98367e-05
5.91869e-05
5.85891e-05
5.80397e-05
5.75316e-05
5.70592e-05
5.66237e-05
5.62245e-05
5.58567e-05
5.55165e-05
5.52027e-05
5.49128e-05
5.46472e-05
9.10519e-05
0.000182345
0.000204732
0.000204105
0.000196205
0.000186399
0.000176482
0.000167033
0.000158205
0.000150019
0.000142453
0.000135465
0.000129011
0.000123054
0.000117557
0.000112482
0.000107797
0.000103472
9.94806e-05
9.57912e-05
9.23857e-05
0.000163221
0.000220852
0.000230608
0.000224672
0.000214049
0.000285455
0.000316499
0.00031298
0.000298669
0.000281653
0.000264638
0.000248484
0.000233418
0.000219458
0.000206547
0.000194621
0.000183612
0.00017345
0.000164072
0.000221402
0.000272121
0.000277113
0.000267321
0.000253324
0.000238697
0.000224609
0.000211405
0.000199148
0.000187806
0.000177324
0.000167645
0.000198606
0.000267768
0.000278808
0.000270844
0.00025725
0.000242553
0.000228252
0.000214981
0.000202873
0.000191859
0.000181822
0.000172616
0.000164066
0.000155991
0.000148399
0.000141241
0.00013455
0.000128324
0.000122545
0.000117186
0.000112211
0.000107598
0.000103353
9.94968e-05
9.59539e-05
9.26688e-05

