5e-05
5.02669e-05
5.04842e-05
5.06602e-05
5.08034e-05
5.09206e-05
5.10168e-05
5.10963e-05
5.11623e-05
5.12174e-05
5.12636e-05
5.13095e-05
5.14275e-05
5.16623e-05
5.19402e-05
5.22773e-05
5.26037e-05
5.28783e-05
5.30878e-05
5.31765e-05
5.31486e-05
5.30867e-05
5.3044e-05
0.000167924
0.000201201
0.000204228
0.000197492
0.000187994
0.000178099
0.000168574
0.000159648
0.000151364
0.000143703
0.000136624
0.000130088
0.000124055
0.000118488
0.000113351
0.000108605
0.000104221
0.000100176
9.64414e-05
9.29896e-05
8.9804e-05
8.68655e-05
8.4155e-05
8.16548e-05
7.93486e-05
7.72213e-05
7.52589e-05
7.34449e-05
7.17698e-05
7.0221e-05
6.88084e-05
6.75274e-05
6.63505e-05
6.52536e-05
6.42391e-05
6.33019e-05
6.24328e-05
6.16143e-05
6.08503e-05
6.0145e-05
5.94947e-05
5.88914e-05
5.83345e-05
5.78216e-05
5.73494e-05
5.69146e-05
5.65142e-05
5.61453e-05
5.57977e-05
5.54723e-05
5.51731e-05
0.000100192
0.000184969
0.000205178
0.000203843
0.000195738
0.000185891
0.000175989
0.000166568
0.000157775
0.000149624
0.000142089
0.000135127
0.000128698
0.000122761
0.000117282
0.000112226
0.000107562
0.000103259
9.92872e-05
9.56195e-05
9.2235e-05
8.91124e-05
8.62315e-05
8.35736e-05
8.11212e-05
7.88584e-05
7.67667e-05
7.48355e-05
7.30538e-05
7.14092e-05
6.98882e-05
6.84846e-05
6.71863e-05
6.59818e-05
6.48692e-05
6.3844e-05
6.28996e-05
6.20288e-05
6.12223e-05
6.0475e-05
5.97843e-05
5.91486e-05
5.8564e-05
5.80264e-05
5.7532e-05
5.70772e-05
5.6659e-05
5.62742e-05
5.59202e-05
5.55944e-05
5.52946e-05
5.50185e-05
5.47643e-05
5.45301e-05
5.43144e-05
5.41156e-05
5.39316e-05
5.37577e-05
5.35955e-05
5.34657e-05
5.33623e-05
5.32655e-05
5.31766e-05
5.30939e-05
5.30158e-05
5.2962e-05
5.2936e-05
5.29157e-05
5.28886e-05
5.28504e-05
5.2803e-05
5.27565e-05
5.27174e-05
5.26734e-05
5.26198e-05
5.27424e-05
5.31891e-05
5.37175e-05
5.42299e-05
5.46724e-05
5.50372e-05
5.53299e-05
5.55454e-05
5.56411e-05
5.56355e-05
5.55707e-05
5.54548e-05
5.53602e-05
5.52319e-05
5.50679e-05
5.48877e-05
5.47078e-05
5.45332e-05
5.4365e-05
5.42039e-05
5.40502e-05
5.38963e-05
5.37426e-05
5.35958e-05
5.34585e-05
5.33232e-05
5.31945e-05
5.30771e-05
5.29661e-05
5.28616e-05
5.27653e-05
5.26734e-05
5.25846e-05
0.000125628
0.00019108
0.000204826
0.000201457
0.000192827
0.000182966
0.000173214
0.000163988
0.000155388
0.000147418
0.000140053
0.000133254
0.000127007
0.00012166
0.000130505
0.000311267
0.000329536
0.000310572
0.000290933
0.000272619
0.000255655
0.000239968
0.00022562
0.000212561
0.000200492
0.000189285
0.000178874
0.000169221
0.000160278
0.000151997
0.000144332
0.000137242
0.000130685
0.000124619
0.000119014
0.000113835
0.000109048
0.000104627
0.000100545
9.67773e-05
9.32956e-05
9.00801e-05
8.71076e-05
8.43641e-05
8.18302e-05
7.94922e-05
7.73359e-05
7.53474e-05
7.35136e-05
7.18223e-05
7.02625e-05
6.88216e-05
6.74903e-05
6.62623e-05
6.51299e-05
6.40854e-05
6.31214e-05
6.22287e-05
6.1411e-05
6.06766e-05
6.00068e-05
5.95416e-05
5.95567e-05
5.99126e-05
6.09054e-05
0.000229657
0.000279026
0.000327811

