5e-05
5.02667e-05
5.04834e-05
5.06586e-05
5.08009e-05
5.09171e-05
5.10125e-05
5.10912e-05
5.11565e-05
5.12109e-05
5.12566e-05
5.12951e-05
5.13277e-05
5.13491e-05
5.13984e-05
5.14767e-05
5.15596e-05
5.16373e-05
5.17055e-05
5.17605e-05
0.000159973
0.00019797
0.000202691
0.000196587
0.000187342
0.000177564
0.00016811
0.000159236
0.000150991
0.000143349
0.000136279
0.000129751
0.000123727
0.000118169
0.00011304
0.000108309
0.000103943
9.99153e-05
9.61993e-05
9.27707e-05
8.96153e-05
8.69699e-05
8.48634e-05
8.30033e-05
8.12956e-05
7.96785e-05
7.80835e-05
7.65326e-05
7.50193e-05
7.35195e-05
7.20331e-05
7.05996e-05
6.92355e-05
6.79517e-05
6.67453e-05
6.56165e-05
6.45665e-05
6.35882e-05
6.26813e-05
6.18364e-05
6.10507e-05
6.03231e-05
5.96506e-05
5.90289e-05
5.84546e-05
5.79202e-05
5.74285e-05
5.69733e-05
5.65515e-05
5.61617e-05
5.58045e-05
5.54775e-05
5.51785e-05
5.49043e-05
5.46507e-05
5.44406e-05
5.42624e-05
5.41228e-05
5.40145e-05
5.39102e-05
5.38103e-05
5.37047e-05
5.35931e-05
5.74641e-05
0.000170341
0.000201161
0.000203434
0.00019651
0.000187011
0.000177172
0.000167721
0.000158867
0.00015065
0.000239593
0.000270815
0.000269672
0.000258308
0.000244273
0.0002301
0.0002166
0.000203995
0.000192311
0.00018151
0.000171535
0.000162325
0.000153824
0.000145972
0.000138724
0.000132032
0.000125853
0.00012015
0.000114886
0.000110028
0.000105543
0.000101401
9.75778e-05
9.40496e-05
9.07937e-05
8.7789e-05
8.5016e-05
8.2457e-05
8.0113e-05
7.79703e-05
7.59822e-05
7.41422e-05
7.24433e-05
7.08741e-05
6.94241e-05
6.80824e-05
6.68453e-05
6.57312e-05
6.47115e-05
6.3771e-05
6.28944e-05
6.20764e-05
6.13171e-05
6.06122e-05
5.99563e-05
0.000164018
0.000202989
0.000207751
0.000201397
0.000191828
0.000181721
0.000171979
0.000162851
0.000154405
0.000146601
0.000139389
0.000132712
0.000126533
0.000128304
0.00022699
0.000249998
0.000247247
0.000236719
0.000224566
0.00024476
0.000305719
0.00031275
0.000302201
0.000286502
0.000269898
0.000253793
0.000238615
0.000239895
0.000312628
0.000322798
0.000312452
0.000296086
0.000278616
0.000261655
0.000245723
0.000231291
0.00022344
0.000397767
0.000417646
0.000391806
0.000365851
0.000341717
0.000319397
0.000298777
0.000279734
0.000262153
0.000245922
0.000230939
0.000217109
0.000204344
0.000192563
0.00018169
0.000171655
0.000162394
0.000153848
0.000145962
0.000138686
0.000131973
0.000125779
0.000120064
0.000114789
0.000109919
0.000105448
0.000101564
9.81411e-05
9.50437e-05
9.21373e-05
8.937e-05
8.67271e-05
8.42112e-05
8.18494e-05
7.96279e-05
7.75542e-05
7.56238e-05
7.38291e-05
7.21614e-05
7.0608e-05
6.91659e-05
6.7856e-05
6.66574e-05
6.55517e-05
0.000127548
0.00019706
0.000211847
0.000208487
0.000199527
0.000189233
0.00017903
0.000169371
0.000160371
0.000152034
0.000144326
0.000137208
0.000130632
0.000124558
0.000118946
0.000113767
0.000108985
0.000104573
0.000100499
9.67366e-05
9.32622e-05
9.00544e-05
8.7091e-05
8.43561e-05
8.18326e-05
7.9504e-05
7.73553e-05
7.53726e-05
7.35429e-05
7.18545e-05
7.02964e-05

