5e-05
5.02631e-05
5.04691e-05
5.06301e-05
5.07572e-05
5.08582e-05
5.09394e-05
5.10052e-05
5.10589e-05
5.11033e-05
5.11402e-05
5.11715e-05
5.12223e-05
5.13068e-05
5.13976e-05
5.14821e-05
5.15549e-05
5.16144e-05
5.16609e-05
5.17036e-05
5.17491e-05
5.17838e-05
5.18099e-05
5.18244e-05
5.18331e-05
5.18369e-05
5.18366e-05
5.1833e-05
5.4004e-05
0.000169099
0.000201088
0.000203701
0.000196852
0.000187343
0.000177471
0.000167981
0.000159093
0.000150843
0.00014321
0.00013616
0.000129658
0.000123901
0.000118884
0.00011442
0.000110363
0.000106657
0.000103342
0.00010024
9.72417e-05
9.43056e-05
9.14343e-05
8.86312e-05
8.59172e-05
8.33567e-05
8.09618e-05
7.87302e-05
7.66586e-05
7.47358e-05
7.29562e-05
7.13089e-05
6.97851e-05
6.83766e-05
6.70747e-05
6.58715e-05
0.000148478
0.000203717
0.000213613
0.00020857
0.000199038
0.000188585
0.000178372
0.00016875
0.000159801
0.000151512
0.000143852
0.000136775
0.000130238
0.000124201
0.000118624
0.000113489
0.000108769
0.000104412
0.00010039
9.66711e-05
9.32326e-05
9.00523e-05
8.71063e-05
8.43845e-05
8.18709e-05
7.95496e-05
7.74061e-05
7.54267e-05
7.3599e-05
7.19099e-05
7.03476e-05
6.89051e-05
6.75714e-05
6.63383e-05
6.52003e-05
6.41504e-05
6.31818e-05
6.23059e-05
6.15116e-05
6.07762e-05
6.00967e-05
5.94679e-05
5.88804e-05
5.83352e-05
5.783e-05
5.7362e-05
5.69284e-05
5.65266e-05
5.61544e-05
5.58044e-05
5.54767e-05
5.51739e-05
5.48945e-05
5.46368e-05
5.43992e-05
5.41801e-05
5.39746e-05
5.37845e-05
5.36641e-05
5.39365e-05
5.45635e-05
5.53776e-05
5.63721e-05
5.77563e-05
0.000193497
0.000270592
0.000257211
0.000241508
0.000226872
0.000213335
0.000200828
0.000189278
0.000178614
0.000168769
0.00015968
0.000151289
0.000143543
0.000136393
0.000129792
0.000123698
0.000118072
0.000112882
0.000108097
0.00010368
9.96012e-05
9.5834e-05
9.23548e-05
8.91487e-05
8.62414e-05
8.36248e-05
8.11977e-05
7.89371e-05
7.68284e-05
7.48562e-05
7.30176e-05
7.13095e-05
6.97254e-05
6.82586e-05
6.69014e-05
6.56466e-05
6.44871e-05
6.34159e-05
6.24265e-05
6.1513e-05
6.067e-05
5.98916e-05
5.9173e-05
5.85097e-05
5.78975e-05
5.73323e-05
5.68106e-05
5.63294e-05
5.58853e-05
5.54753e-05
5.50967e-05
5.47472e-05
5.44245e-05
5.41268e-05
5.38519e-05
5.35983e-05
5.33643e-05
5.31484e-05
5.29494e-05
5.27659e-05
5.25967e-05
5.24408e-05
5.22971e-05
5.21644e-05
5.20419e-05
5.19288e-05
5.18245e-05
5.17283e-05
5.16397e-05
5.15582e-05
5.14829e-05
5.14136e-05
5.13496e-05
5.12907e-05
5.12364e-05
5.11864e-05
5.11403e-05
5.10981e-05
5.10596e-05
5.10241e-05
5.09916e-05
5.10084e-05
5.11151e-05
5.12192e-05
5.12878e-05
5.13198e-05
5.13243e-05
5.13093e-05
5.12833e-05
5.12514e-05
5.12162e-05
5.11801e-05
5.11444e-05
5.11098e-05
5.10767e-05
5.9316e-05
0.000173897
0.000204579
0.000206564
0.000199333
0.000189539
0.000179424
0.000169718
0.000258951
0.000288986
0.00028648
0.000273802
0.000258532
0.000243205
0.000228632
0.000215032
0.000202426
0.000190772
0.000180006
0.000170066
0.000160889
0.000152417
0.000144597
0.000137377
0.000130713
0.000124561
0.000118882

