5e-05
5.02667e-05
5.04834e-05
5.06586e-05
5.08009e-05
5.09171e-05
5.10125e-05
5.10912e-05
5.11565e-05
5.12109e-05
5.12566e-05
5.12951e-05
5.13298e-05
5.13804e-05
5.14578e-05
5.15578e-05
5.16553e-05
5.17419e-05
5.18144e-05
5.18709e-05
5.18891e-05
5.18913e-05
5.18857e-05
5.18583e-05
5.1821e-05
5.17873e-05
5.17581e-05
5.17334e-05
5.17128e-05
5.1696e-05
5.16826e-05
5.16723e-05
5.16645e-05
5.16555e-05
5.16429e-05
5.16304e-05
5.16207e-05
5.16139e-05
5.16098e-05
5.16078e-05
5.16078e-05
5.16094e-05
5.16123e-05
5.16161e-05
5.16185e-05
5.16193e-05
5.1621e-05
5.16247e-05
5.1654e-05
5.16981e-05
5.17437e-05
5.17797e-05
5.18004e-05
5.18169e-05
5.18302e-05
5.18386e-05
5.18406e-05
5.18409e-05
5.18401e-05
6.02652e-05
0.000171588
0.000201407
0.000203324
0.000196275
0.000186735
0.000176887
0.000167434
0.000158584
0.000150373
0.000142778
0.000135764
0.00012929
0.000123316
0.000117799
0.000112704
0.000107998
0.000103655
9.96473e-05
0.000185619
0.000230347
0.000235531
0.000227902
0.00021658
0.00020466
0.000193153
0.000182358
0.000172332
0.000163053
0.000154483
0.000146571
0.000139268
0.000132527
0.000126303
0.000120558
0.000115254
0.000110355
0.000105834
0.000101663
9.78133e-05
9.42616e-05
9.09844e-05
8.79792e-05
8.52495e-05
8.27388e-05
8.04235e-05
7.82857e-05
7.63052e-05
7.44647e-05
7.27582e-05
7.11723e-05
6.97039e-05
6.8345e-05
6.70878e-05
6.59195e-05
6.48282e-05
6.38168e-05
6.28798e-05
6.20151e-05
6.12178e-05
6.04827e-05
5.98051e-05
5.91805e-05
5.86048e-05
5.8074e-05
5.75848e-05
5.71328e-05
5.67125e-05
5.63224e-05
5.59562e-05
5.56154e-05
5.53019e-05
5.50142e-05
5.47512e-05
5.46982e-05
5.50125e-05
5.55612e-05
5.62706e-05
5.71381e-05
0.000116574
0.000183446
0.000199076
0.000334406
0.000407597
0.000385803
0.000360787
0.00033733
0.000315677
0.000295587
0.000289441
0.00037052
0.000380623
0.000367301
0.000347155
0.000325844
0.00030523
0.00028588
0.000268043
0.000251894
0.000237185
0.000223669
0.00021108
0.000199286
0.000188287
0.000178032
0.00016847
0.000159589
0.000151363
0.000143747
0.000136698
0.000130181
0.000124158
0.000118594
0.000113453
0.000108701
0.000104312
0.000100283
9.65669e-05
9.31345e-05
8.99662e-05
8.70411e-05
8.43395e-05
8.18395e-05
7.9523e-05
7.73798e-05
7.53989e-05
7.35693e-05
7.1881e-05
7.0319e-05
6.88732e-05
6.75367e-05
6.63046e-05
6.51668e-05
6.41133e-05
6.31397e-05
6.22404e-05
6.14099e-05
6.06452e-05
5.99388e-05
5.92874e-05
5.86881e-05
5.81364e-05
5.76258e-05
5.71556e-05
5.67231e-05
5.63236e-05
5.59536e-05
5.56133e-05
5.52995e-05
5.50079e-05
5.47391e-05
5.44884e-05
5.42552e-05
5.40413e-05
5.38453e-05
5.36659e-05
5.35015e-05
5.33501e-05
5.32082e-05
5.30778e-05
5.29585e-05
5.28461e-05
5.27422e-05
5.26419e-05
5.25453e-05
5.24575e-05
5.23782e-05
5.23068e-05
5.22425e-05
5.21831e-05
5.21245e-05
5.20683e-05
5.20142e-05
5.19659e-05
5.19232e-05
5.18827e-05
5.18467e-05
5.18145e-05
5.17839e-05
5.17572e-05
5.17342e-05
5.17215e-05
5.17357e-05
5.17574e-05
5.17696e-05
5.17783e-05
5.17852e-05
5.179e-05
5.17927e-05
5.17933e-05
5.17901e-05

