5e-05
5.02667e-05
5.04834e-05
5.06586e-05
5.08009e-05
5.09171e-05
5.10125e-05
5.10912e-05
5.11565e-05
5.12109e-05
5.12566e-05
5.12951e-05
5.13277e-05
5.13491e-05
5.13984e-05
5.14767e-05
5.15596e-05
5.16373e-05
5.17055e-05
5.17605e-05
5.179e-05
5.18027e-05
5.18087e-05
0.000123457
0.000189576
0.000203629
0.000200431
0.000191915
0.000182136
0.000172438
0.000163248
0.000154687
0.000146759
0.000139435
0.000132673
0.000126432
0.000120673
0.00011536
0.000110456
0.000105931
0.000101764
9.81848e-05
0.000163552
0.000217943
0.000227289
0.000221841
0.000211872
0.000200918
0.000190147
0.000179901
0.000170273
0.000161299
0.000152966
0.000145246
0.000138098
0.000131483
0.000125369
0.000119716
0.000114494
0.000109666
0.000105203
0.00010108
9.72743e-05
9.376e-05
9.05154e-05
8.7516e-05
8.4749e-05
8.21932e-05
7.98324e-05
7.76528e-05
7.56432e-05
7.3791e-05
7.20839e-05
7.051e-05
6.90566e-05
6.77389e-05
6.65382e-05
6.54549e-05
0.000131005
0.000196204
0.00020969
0.000206058
0.000197151
0.000187004
0.000176967
0.000167469
0.000158618
0.00015042
0.000142839
0.000135837
0.000208322
0.000254389
0.000258797
0.000249759
0.000236894
0.00022346
0.000210524
0.000198401
0.000187149
0.000176742
0.00016713
0.000158256
0.000150065
0.000142504
0.000135526
0.000129084
0.000123135
0.000117642
0.000112571
0.000107888
0.000103566
9.95776e-05
9.58968e-05
9.24984e-05
8.93589e-05
8.64616e-05
8.3788e-05
8.13211e-05
7.90446e-05
7.6944e-05
7.50055e-05
7.32344e-05
0.00013416
0.000201495
0.000215364
0.000211535
0.000202275
0.000191757
0.000181365
0.000171541
0.00016242
0.000153981
0.000146182
0.000138971
0.000132304
0.000126146
0.000120457
0.0001152
0.000110335
0.000105834
0.000101675
9.78357e-05
9.42842e-05
9.10081e-05
8.80115e-05
8.52613e-05
8.27534e-05
8.04491e-05
7.83202e-05
0.00018455
0.00021627
0.000218095
0.000210311
0.000199846
0.000189455
0.000276443
0.000294534
0.000288555
0.000275178
0.00028864
0.000344234
0.000347535
0.000333929
0.000315562
0.000296556
0.000278263
0.000261134
0.000245212
0.000230467
0.00021683
0.000276381
0.000311255
0.000309244
0.0002958
0.00028488
0.000454907
0.000470605
0.000440775
0.000474691
0.000499019
0.000484334
0.000457853
0.000428932
0.00040069
0.000374087
0.000349346
0.000326446
0.000305286
0.000285748
0.000267712
0.000251063
0.000235698
0.000221516
0.000208427
0.000196349
0.000185202
0.000174916
0.000165423
0.00015666
0.000148571
0.000141129
0.000134502
0.000128546
0.000123111
0.000118047
0.000113288
0.000108806
0.000104592
0.000100664
9.69957e-05
9.35866e-05
9.04235e-05
8.7491e-05
8.47729e-05
8.225e-05
7.99127e-05
7.77766e-05
7.58153e-05
7.40055e-05
7.23311e-05
7.07746e-05
6.93332e-05
6.79991e-05
6.67643e-05
6.56171e-05
6.45537e-05
6.35704e-05
6.26613e-05
6.18211e-05
6.10447e-05
6.03271e-05
5.96617e-05
5.90437e-05
5.84694e-05
5.79392e-05
5.74503e-05
5.69996e-05
5.6584e-05
5.61976e-05
5.584e-05
5.55093e-05
5.52019e-05
5.49188e-05
5.46585e-05
5.44191e-05
5.41991e-05
5.39967e-05
5.38105e-05
5.36392e-05
5.34815e-05

