5e-05
5.02669e-05
5.04842e-05
5.06602e-05
5.08034e-05
5.09206e-05
5.10168e-05
5.10963e-05
5.11623e-05
5.12174e-05
5.12636e-05
5.13049e-05
5.13677e-05
0.000136645
0.000192209
0.000202791
0.000198547
0.000189803
0.000180062
0.000170491
0.000161449
0.000153029
0.000145231
0.000138021
0.000131361
0.000125214
0.000119542
0.000114308
0.000109479
0.000105019
0.000100902
9.71018e-05
9.35958e-05
9.03576e-05
8.73652e-05
8.46031e-05
8.20532e-05
7.97016e-05
7.75334e-05
7.55342e-05
7.3691e-05
7.19914e-05
7.04243e-05
6.90825e-05
6.82173e-05
6.77089e-05
6.74692e-05
6.75015e-05
6.85301e-05
0.000245377
0.000378112
0.000393997
0.000381811
0.000361335
0.000339198
0.000317636
0.000297342
0.000278471
0.000261005
0.000244867
0.000229963
0.000216202
0.000203501
0.000191777
0.000180957
0.000170972
0.000161757
0.000153253
0.000145405
0.000138164
0.000131482
0.000125312
0.000119619
0.000114367
0.00010952
0.000105049
0.000100923
9.71164e-05
9.3604e-05
9.03608e-05
8.73654e-05
8.45992e-05
8.2047e-05
7.96923e-05
7.75199e-05
7.55156e-05
7.36639e-05
7.19542e-05
7.03766e-05
6.89183e-05
6.75728e-05
6.63313e-05
6.51836e-05
6.41248e-05
6.31485e-05
6.22483e-05
6.14154e-05
6.06442e-05
5.99324e-05
5.92766e-05
5.86724e-05
5.81116e-05
5.7592e-05
5.71112e-05
5.6667e-05
5.62571e-05
5.58804e-05
5.55344e-05
5.52165e-05
5.49246e-05
5.4654e-05
5.44011e-05
5.41687e-05
5.39556e-05
5.37576e-05
5.35754e-05
5.34087e-05
5.32549e-05
5.31092e-05
5.29754e-05
5.28535e-05
5.27425e-05
5.26398e-05
5.25446e-05
5.24558e-05
5.23699e-05
5.22897e-05
5.22155e-05
5.21477e-05
5.20869e-05
5.20328e-05
5.19846e-05
5.19417e-05
5.19002e-05
5.18598e-05
5.18238e-05
5.18007e-05
5.18036e-05
5.18132e-05
5.18183e-05
5.18309e-05
5.18667e-05
5.19052e-05
5.19393e-05
5.19663e-05
5.19798e-05
5.19785e-05
5.19715e-05
5.19532e-05
5.19277e-05
5.19027e-05
5.1879e-05
5.18554e-05
5.18277e-05
5.18017e-05
5.17784e-05
5.17576e-05
5.17392e-05
5.17168e-05
5.16924e-05
5.16709e-05
5.16524e-05
5.16332e-05
5.16144e-05
5.15981e-05
5.15824e-05
5.15694e-05
5.15566e-05
5.15415e-05
5.15238e-05
5.15062e-05
5.14895e-05
5.14754e-05
5.14618e-05
5.14498e-05
5.14414e-05
5.14363e-05
5.14341e-05
5.14329e-05
5.1432e-05
5.1433e-05
5.14359e-05
5.14403e-05
5.14458e-05
5.14523e-05
5.14588e-05
5.14626e-05
5.14667e-05
5.14711e-05
5.14732e-05
5.14759e-05
5.14795e-05
5.14839e-05
5.14884e-05
5.14877e-05
5.14827e-05
5.14759e-05
5.14711e-05
5.14685e-05
5.14653e-05
5.14623e-05
5.14592e-05
5.14549e-05
5.14491e-05
5.14455e-05
5.14442e-05
5.14451e-05
5.14477e-05
5.14517e-05
5.14545e-05
5.14573e-05
5.14598e-05
5.146e-05
5.14553e-05
5.14486e-05
5.14418e-05
5.14376e-05
5.14336e-05
5.1431e-05
5.14279e-05
5.14266e-05
5.1425e-05
5.14228e-05
5.14214e-05
5.14222e-05
5.14236e-05
5.14247e-05
5.14383e-05
5.14649e-05
5.14921e-05
5.15203e-05
5.15475e-05
5.1568e-05
5.15844e-05
5.15966e-05
5.16041e-05
0.000100364
0.000183329
0.000203061
0.000201699
0.000193693
0.000183981
0.000174215
0.000164922
0.000156247
0.000148204
0.00014077
0.000133905
0.000127569
0.000121722

