5e-05
5.02667e-05
5.04834e-05
5.06586e-05
5.08009e-05
5.09171e-05
5.10125e-05
5.10912e-05
5.11565e-05
5.12109e-05
5.12566e-05
5.12951e-05
5.13298e-05
5.13804e-05
5.14578e-05
5.15578e-05
5.16553e-05
5.17419e-05
5.18144e-05
5.18709e-05
5.18891e-05
5.18913e-05
5.18857e-05
0.000135277
0.000193468
0.00020478
0.000200635
0.000191794
0.000181909
0.000172194
0.000163023
0.000154489
0.000146589
0.000139286
0.000132538
0.000126306
0.000120555
0.000115249
0.000110352
0.000105834
0.000101665
9.78178e-05
9.4268e-05
9.09923e-05
8.79673e-05
8.51735e-05
8.25955e-05
8.02177e-05
7.80486e-05
7.60634e-05
7.42357e-05
7.25425e-05
7.09669e-05
6.95098e-05
6.81628e-05
6.69154e-05
6.57583e-05
6.46885e-05
6.37e-05
6.2785e-05
6.19251e-05
6.11232e-05
6.03813e-05
5.96969e-05
5.90671e-05
5.84872e-05
5.79493e-05
5.74521e-05
5.69935e-05
5.65704e-05
5.6182e-05
5.58257e-05
5.54989e-05
5.5196e-05
5.49144e-05
5.46509e-05
5.44095e-05
5.41883e-05
5.39815e-05
5.37897e-05
5.36141e-05
5.34481e-05
5.32961e-05
5.31584e-05
5.30336e-05
5.29206e-05
0.000129124
0.000191863
0.000204705
0.000201057
0.00019236
0.000182499
0.000172764
0.000163561
0.00015499
0.00014705
0.000139712
0.000132937
0.000126684
0.000120913
0.000115587
0.00011069
0.000106214
0.000102092
9.82883e-05
9.4777e-05
0.000177035
0.000223956
0.000230226
0.000223247
0.000212398
0.000200865
0.00019993
0.00028543
0.00030113
0.000293544
0.000278937
0.000262835
0.000247071
0.000232209
0.000218385
0.000205587
0.000193762
0.000182842
0.000172761
0.000163454
0.000154859
0.000146923
0.000139591
0.00013282
0.000126571
0.000120804
0.000115483
0.000110761
0.000106765
0.000103334
0.000100371
9.78478e-05
9.5858e-05
9.39158e-05
9.24621e-05
0.000230405
0.000309103
0.000293891
0.000275584
0.000258554
0.000267777
0.000346602
0.000357056
0.000345096
0.000326535
0.00030678
0.000287631
0.000335148
0.000376766
0.000373566
0.00035623
0.000335718
0.000315389
0.000296143
0.000278081
0.00026117
0.000245425
0.000230781
0.000217164
0.00020454
0.000192858
0.000182052
0.000172058
0.000162822
0.00015429
0.000146409
0.00013913
0.000144082
0.000239487
0.000260357
0.000256476
0.000244929
0.000231528
0.000218214
0.000243115
0.000306794
0.000314213
0.000303336
0.000287188
0.000270179
0.000253754
0.00023834
0.000224021
0.000210772
0.000198532
0.00018723
0.000176793
0.000167156
0.00015826
0.000150047
0.000142468
0.00013547
0.000129012
0.000123052
0.000117552
0.000112473
0.000107786
0.000103461
9.94679e-05
9.57809e-05
9.23785e-05
8.9238e-05
8.63371e-05
8.36596e-05
8.11854e-05
7.88997e-05
7.6791e-05
7.48459e-05
7.30518e-05
7.1397e-05
6.98698e-05
6.84577e-05
6.71549e-05
6.59533e-05
6.48419e-05
6.38157e-05
0.000159627
0.00020461
0.000211165
0.000205189
0.000195538
0.000185208
0.000175182
0.000165755
0.000156993
0.000148883
0.00014139
0.000134473
0.000128087
0.000122192
0.000116751
0.000111728
0.000107093
0.000102815
9.88754e-05
9.52642e-05
9.19393e-05
8.88622e-05
8.6019e-05
8.33934e-05
8.09681e-05
7.87274e-05
7.66572e-05
7.47424e-05

