5e-05
5.02631e-05
5.04691e-05
5.06301e-05
5.07572e-05
5.08582e-05
5.09394e-05
5.10052e-05
5.10671e-05
5.11772e-05
5.12985e-05
5.14354e-05
5.15737e-05
5.16556e-05
5.17059e-05
5.17625e-05
5.18271e-05
5.19048e-05
5.1998e-05
5.20712e-05
5.21074e-05
5.212e-05
5.21198e-05
5.20919e-05
5.20495e-05
5.20052e-05
5.19637e-05
5.19255e-05
5.18907e-05
5.1856e-05
5.18211e-05
5.17895e-05
5.17619e-05
5.17354e-05
5.17114e-05
5.16909e-05
5.16735e-05
5.1659e-05
5.16469e-05
5.1634e-05
5.16196e-05
5.16062e-05
5.15926e-05
5.15813e-05
5.15726e-05
5.15659e-05
5.15612e-05
5.15581e-05
5.15575e-05
5.15754e-05
5.16006e-05
5.16276e-05
5.1651e-05
5.16671e-05
5.16801e-05
5.16903e-05
5.16968e-05
5.16948e-05
5.16859e-05
5.16751e-05
6.5059e-05
0.0001739
0.000202497
0.00020395
0.000196712
0.00018708
0.000177174
0.000167682
0.0001588
0.000150562
0.000142943
0.000189259
0.000254635
0.000265151
0.000257716
0.000244948
0.000231132
0.000217682
0.000205024
0.000193259
0.000182371
0.00017231
0.000163016
0.000154437
0.000146519
0.000139207
0.000132459
0.000126231
0.000120481
0.000115173
0.000110272
0.000105749
0.000101575
9.7724e-05
9.417e-05
9.09359e-05
8.82329e-05
8.59425e-05
8.39247e-05
8.20701e-05
8.03018e-05
7.8578e-05
7.68647e-05
7.51784e-05
7.35577e-05
7.2036e-05
7.0635e-05
6.93181e-05
6.80757e-05
6.68969e-05
6.57844e-05
6.47365e-05
6.37585e-05
6.28478e-05
6.19923e-05
6.11967e-05
6.04601e-05
5.97789e-05
5.91631e-05
0.00013003
0.000193982
0.000207144
0.000203509
0.000194707
0.000184708
0.000174858
0.000165544
0.000156863
0.000148817
0.000141373
0.000134495
0.000128142
0.000122275
0.000116857
0.000111853
0.000107223
0.000102946
9.89995e-05
9.53799e-05
9.20536e-05
8.89864e-05
8.6154e-05
8.35363e-05
8.11159e-05
7.88774e-05
7.68048e-05
7.48816e-05
7.31e-05
7.1447e-05
6.99167e-05
6.84978e-05
6.7184e-05
6.5968e-05
6.48447e-05
6.38078e-05
6.28504e-05
6.19649e-05
6.11454e-05
6.03867e-05
5.96867e-05
5.90418e-05
5.84474e-05
5.78995e-05
5.73931e-05
5.69276e-05
5.65121e-05
5.63787e-05
5.6525e-05
5.67981e-05
5.69502e-05
5.69532e-05
5.68863e-05
5.67328e-05
5.651e-05
5.62594e-05
5.59904e-05
5.57164e-05
5.54404e-05
5.51666e-05
5.49071e-05
5.46634e-05
5.44352e-05
5.42186e-05
0.000143932
0.000196639
0.000206061
0.00020125
0.000192165
0.000182183
0.00017242
0.00016322
0.000154664
0.000146742
0.000139422
0.000132664
0.000126424
0.000120663
0.000115344
0.00011043
0.000105894
0.000101709
9.78473e-05
9.42829e-05
9.09908e-05
8.79528e-05
8.51463e-05
8.25531e-05
8.01601e-05
7.79509e-05
7.5911e-05
7.40296e-05
7.22929e-05
7.06888e-05
6.92093e-05
6.78449e-05
6.65844e-05
6.54206e-05
6.43474e-05
6.3358e-05
6.24454e-05
6.16007e-05
6.08184e-05
6.00964e-05
5.94299e-05
5.88135e-05
5.82455e-05
5.77225e-05
5.72402e-05
5.67932e-05
5.63814e-05
5.60025e-05
5.56573e-05
5.53608e-05
5.50908e-05
5.48384e-05
5.46046e-05
5.43879e-05
5.41864e-05
5.39986e-05
5.3823e-05
5.36554e-05
5.34986e-05
5.33529e-05
5.32172e-05
5.30879e-05
5.29676e-05
5.28558e-05
5.27479e-05
5.26465e-05
5.25536e-05

