5e-05
5.02631e-05
5.04691e-05
5.06301e-05
5.07572e-05
5.08582e-05
5.09394e-05
5.10093e-05
5.10945e-05
5.12192e-05
5.13914e-05
5.15577e-05
5.1698e-05
5.18291e-05
5.19884e-05
5.21653e-05
5.23197e-05
5.24384e-05
5.25182e-05
0.000101509
0.000183407
0.000202859
0.000201448
0.000193441
0.000183839
0.000174393
0.000165511
0.000157248
0.000149519
0.000142249
0.000135555
0.000129381
0.000123654
0.00011831
0.000113338
0.000108718
0.000104429
0.00010045
9.67613e-05
9.33436e-05
9.01788e-05
8.72493e-05
8.45332e-05
8.20195e-05
7.96876e-05
7.75414e-05
7.55856e-05
7.37899e-05
7.24099e-05
7.16626e-05
7.12418e-05
7.08086e-05
7.00569e-05
6.91079e-05
6.81152e-05
6.71036e-05
6.60836e-05
6.50953e-05
6.41512e-05
0.000143206
0.000200685
0.000211506
0.000206877
0.000197568
0.000193067
0.000283641
0.000301236
0.000294232
0.000279759
0.00026364
0.000247812
0.000232878
0.000218984
0.00020612
0.000194234
0.000183258
0.000173127
0.000163775
0.000155138
0.000147162
0.000139798
0.000132999
0.000126719
0.000120921
0.000115569
0.00011063
0.000106073
0.000206953
0.000238018
0.000238475
0.000229185
0.000217263
0.000205106
0.000193487
0.000182625
0.000172554
0.000163263
0.000154698
0.000146797
0.000139505
0.000132774
0.000126558
0.00012081
0.000115499
0.000110595
0.000106067
0.000101906
9.80679e-05
9.45166e-05
9.12301e-05
8.81956e-05
8.53937e-05
8.28051e-05
8.04078e-05
7.81922e-05
7.61438e-05
7.42501e-05
7.24949e-05
7.08735e-05
6.93781e-05
6.79993e-05
6.67258e-05
6.55467e-05
6.44521e-05
6.34421e-05
6.25103e-05
6.16514e-05
6.0861e-05
6.0131e-05
5.94585e-05
5.88398e-05
5.82684e-05
5.77412e-05
5.72566e-05
5.68309e-05
5.64658e-05
5.61571e-05
5.58799e-05
5.56103e-05
5.5376e-05
5.51589e-05
5.4962e-05
5.4807e-05
5.46663e-05
5.45275e-05
5.43847e-05
5.42157e-05
5.40944e-05
5.39963e-05
5.38676e-05
5.3726e-05
5.35842e-05
5.3454e-05
5.33417e-05
5.32344e-05
5.31263e-05
5.30121e-05
5.2905e-05
5.2799e-05
5.26929e-05
5.25917e-05
5.24972e-05
5.24104e-05
5.23315e-05
5.2268e-05
5.22149e-05
5.21686e-05
5.21286e-05
5.20867e-05
5.20441e-05
5.20032e-05
5.19635e-05
5.19272e-05
5.1903e-05
5.1901e-05
5.18992e-05
5.18962e-05
5.18937e-05
5.18826e-05
5.18695e-05
5.18513e-05
5.18295e-05
5.18067e-05
5.17849e-05
5.17597e-05
5.17339e-05
5.17113e-05
5.1692e-05
5.16756e-05
5.1662e-05
5.16506e-05
5.16411e-05
5.16325e-05
0.000128557
0.000191472
0.000204386
0.000200773
0.000192096
0.000182246
0.000172521
0.000163325
0.000154761
0.000146829
0.000139499
0.000132726
0.000126472
0.000120695
0.000115362
0.000110439
0.000105894
0.000101699
9.78262e-05
9.42533e-05
9.09567e-05
8.79128e-05
8.51045e-05
0.000189398
0.000223086
0.000225135
0.000217043
0.000206136
0.000194879
0.000184072
0.000173952
0.000164563
0.000155879
0.000147855
0.000140443
0.0001336
0.000127283
0.000121448
0.000116059
0.000111085
0.00010649
0.000102247
9.83316e-05
9.47181e-05
0.00017076
0.000224143
0.000232348
0.000225795
0.000214935
0.000203259
0.000191934
0.000181291
0.0001714
0.000255115
0.00028407
0.00028157
0.000333254

