5e-05
5.02631e-05
5.04691e-05
5.06301e-05
5.07572e-05
5.08582e-05
5.09394e-05
5.10109e-05
5.10995e-05
5.12161e-05
5.13358e-05
5.14416e-05
6.919e-05
0.000172766
0.000199709
0.000200802
0.000193686
0.000184314
0.000174679
0.000165436
0.000156783
0.000148741
0.000141282
0.000134371
0.000127987
0.000122095
0.000116657
0.00011164
0.000107007
0.000102725
9.87689e-05
9.51157e-05
9.17441e-05
8.86298e-05
8.57566e-05
8.31065e-05
8.06635e-05
7.84115e-05
7.63338e-05
7.44146e-05
7.2642e-05
7.10056e-05
0.000166338
0.000210426
0.000216338
0.000209914
0.000199906
0.00018926
0.000178944
0.000169269
0.000160282
0.000235951
0.000274556
0.000275606
0.00026464
0.000250409
0.000235856
0.000221936
0.000208919
0.000196843
0.000185669
0.000175346
0.000165904
0.000157452
0.000149763
0.000142629
0.000135967
0.000129745
0.000123938
0.000118531
0.000113503
0.000108821
0.000104481
0.000100451
9.67057e-05
9.32365e-05
9.00306e-05
8.70681e-05
8.43332e-05
8.18098e-05
7.94819e-05
7.7334e-05
7.53492e-05
7.35181e-05
7.18293e-05
7.02717e-05
6.88318e-05
6.7497e-05
6.62611e-05
6.51327e-05
6.41124e-05
6.31682e-05
6.22925e-05
6.14759e-05
6.07164e-05
6.00161e-05
5.93707e-05
5.87761e-05
5.82281e-05
5.77228e-05
0.000157109
0.000200725
0.000207083
0.000201258
0.000191854
0.00018179
0.000172024
0.000162862
0.000154358
0.000146486
0.000139213
0.000132497
0.000126293
0.000120577
0.000115318
0.000110459
0.000105972
0.000101827
9.79923e-05
9.44486e-05
9.41039e-05
0.000200897
0.000228298
0.000228065
0.000219109
0.00020785
0.000210567
0.000292146
0.000306053
0.000297659
0.0002826
0.000266181
0.000250156
0.00023506
0.000221017
0.000208013
0.000195992
0.000184907
0.000174934
0.000166056
0.000158083
0.000150737
0.000143927
0.000137671
0.000131823
0.000126227
0.000120849
0.000115737
0.000110917
0.00010642
0.000102234
9.83467e-05
9.47493e-05
9.14965e-05
8.87631e-05
8.63248e-05
8.40181e-05
8.17825e-05
7.96267e-05
7.75861e-05
7.56967e-05
7.39377e-05
7.22962e-05
7.08818e-05
9.85876e-05
0.000185991
0.000207396
0.000206697
0.000198866
0.000189091
0.000179136
0.000169595
0.000160647
0.000152332
0.00014462
0.000137485
0.000130893
0.000124804
0.000119181
0.00011416
0.000109713
0.00010558
0.000101732
9.8129e-05
9.47643e-05
9.16103e-05
8.86435e-05
8.58793e-05
8.33094e-05
8.0913e-05
7.86854e-05
7.66224e-05
7.47086e-05
7.29326e-05
7.12808e-05
6.97503e-05
6.83368e-05
6.70336e-05
6.58267e-05
6.47118e-05
6.36849e-05
6.27374e-05
6.20338e-05
6.16137e-05
6.13235e-05
6.09966e-05
6.05739e-05
6.00872e-05
5.95847e-05
5.90777e-05
5.85804e-05
5.81041e-05
5.76511e-05
5.72217e-05
5.681e-05
5.64146e-05
5.60375e-05
5.5685e-05
5.53589e-05
5.50561e-05
5.47776e-05
5.45212e-05
5.42831e-05
5.40599e-05
5.38533e-05
5.36623e-05
5.34865e-05
5.33268e-05
5.31801e-05
5.30428e-05
5.29186e-05
5.28064e-05
5.27014e-05
5.26037e-05
5.25155e-05
5.24363e-05
5.23654e-05
5.23161e-05
5.22788e-05
5.22419e-05
5.22015e-05
5.21609e-05
5.21211e-05
5.20846e-05
5.20512e-05
5.20203e-05
5.19867e-05
5.19485e-05
5.19085e-05
5.1867e-05

