5e-05
5.02669e-05
5.04842e-05
5.06602e-05
5.08034e-05
5.09206e-05
5.10168e-05
5.10963e-05
5.12001e-05
5.13961e-05
5.16103e-05
5.18076e-05
5.1974e-05
5.21083e-05
5.22106e-05
5.23306e-05
5.24618e-05
5.2574e-05
5.26589e-05
5.27008e-05
5.26726e-05
5.26146e-05
5.25476e-05
5.24685e-05
5.23939e-05
5.2326e-05
5.22648e-05
5.22099e-05
0.000119146
0.000189396
0.000204595
0.00020167
0.00019322
0.000183445
0.00017374
0.000164537
0.000155956
0.000148002
0.000140644
0.00013384
0.000127555
0.00012175
0.000116389
0.000111439
0.000106865
0.000102636
9.87321e-05
9.51303e-05
9.1844e-05
0.00010264
0.000201851
0.000226052
0.000224962
0.00021593
0.000204866
0.000193701
0.000183054
0.000173101
0.00016386
0.000155304
0.000147368
0.000140026
0.000133247
0.000126986
0.000121202
0.00011586
0.000110923
0.000106365
0.000102152
9.82607e-05
9.46702e-05
9.1355e-05
8.82961e-05
8.54718e-05
8.28667e-05
8.04602e-05
7.82349e-05
7.61828e-05
9.42339e-05
0.000192905
0.000217133
0.000216486
0.000207965
0.000197365
0.000186638
0.000176414
0.000166867
0.000158013
0.000149822
0.000142259
0.000135277
0.00012883
0.000122877
0.000117382
0.00011231
0.000107629
0.00010331
9.93261e-05
9.5649e-05
9.22564e-05
8.91274e-05
8.62417e-05
8.35802e-05
8.11344e-05
7.89056e-05
7.6859e-05
7.49731e-05
7.32257e-05
7.16003e-05
7.00912e-05
6.86902e-05
6.73952e-05
6.61962e-05
6.50904e-05
6.40984e-05
6.31906e-05
6.23512e-05
6.1576e-05
6.08584e-05
6.01931e-05
0.000125885
0.000193296
0.00020762
0.00020431
0.000195584
0.000185574
0.00017566
0.000166266
0.000157508
0.000149413
0.000142253
0.000136035
0.000130661
0.000131044
0.000307028
0.000322307
0.000302975
0.000283782
0.000265934
0.000249423
0.00023417
0.000220084
0.00020708
0.000195076
0.000183995
0.000173768
0.000164329
0.000184065
0.000271259
0.000287833
0.000281167
0.00035649
0.00037593
0.000365728
0.000346627
0.000325663
0.000305162
0.000285842
0.000267874
0.000251246
0.0002359
0.000221734
0.000208655
0.000243545
0.000303009
0.00030917
0.000298148
0.000282225
0.000265541
0.000249454
0.000234363
0.000220349
0.000207382
0.000195403
0.00018434
0.000174127
0.000164699
0.000155997
0.000147965
0.000140551
0.000133706
0.000127385
0.000121547
0.00011616
0.000111187
0.000106594
0.000102348
9.84258e-05
9.48261e-05
9.15128e-05
8.86e-05
8.63062e-05
8.43778e-05
8.26366e-05
8.0901e-05
7.91721e-05
7.74484e-05
7.57746e-05
7.41392e-05
7.25748e-05
7.10874e-05
6.96653e-05
6.83283e-05
6.7079e-05
6.59038e-05
6.48108e-05
6.37959e-05
6.28544e-05
6.19835e-05
6.11797e-05
6.04353e-05
5.97445e-05
5.91076e-05
5.85221e-05
5.79993e-05
5.75265e-05
5.70944e-05
5.6689e-05
5.63119e-05
5.59636e-05
5.56414e-05
5.53391e-05
5.50547e-05
5.47872e-05
5.45403e-05
5.43131e-05
5.41041e-05
5.39119e-05
5.37314e-05
5.35574e-05
5.33968e-05
5.32486e-05
5.31211e-05
5.30234e-05
5.2939e-05
5.28611e-05
5.27817e-05
5.2698e-05
5.26116e-05
5.25293e-05
5.24515e-05
5.23802e-05
5.23377e-05
5.23122e-05
5.22872e-05
5.22915e-05
5.23102e-05
5.23213e-05
5.23151e-05
5.25437e-05

