5e-05
5.02669e-05
5.04842e-05
5.06602e-05
5.08034e-05
5.09206e-05
5.10168e-05
5.10963e-05
5.11623e-05
5.12174e-05
5.12636e-05
5.13095e-05
5.14275e-05
5.16623e-05
5.19402e-05
5.22773e-05
5.26037e-05
5.28783e-05
5.30878e-05
5.31765e-05
5.31486e-05
5.30867e-05
5.30126e-05
5.29166e-05
5.28147e-05
5.27193e-05
5.26314e-05
5.2551e-05
5.2477e-05
5.24063e-05
5.23419e-05
5.22842e-05
5.22324e-05
5.2183e-05
5.2138e-05
5.20982e-05
5.20632e-05
5.20324e-05
5.20013e-05
5.19694e-05
5.19414e-05
5.19153e-05
5.18868e-05
5.18614e-05
5.18401e-05
5.18224e-05
5.18081e-05
5.17966e-05
5.17876e-05
5.17806e-05
5.17717e-05
5.1763e-05
5.17524e-05
5.17597e-05
5.17895e-05
5.18226e-05
5.18426e-05
5.18592e-05
5.18738e-05
5.18833e-05
0.000151963
0.000196849
0.000203785
0.000198318
0.000189186
0.000179349
0.000169786
0.000160793
0.000152435
0.000144701
0.000137556
0.00013095
0.000124847
0.000119214
0.000114016
0.000109211
0.000104773
0.000100678
9.68967e-05
9.34077e-05
9.01893e-05
8.72187e-05
8.44759e-05
8.19429e-05
7.96049e-05
7.74454e-05
7.54506e-05
7.3607e-05
7.1907e-05
7.03401e-05
6.8896e-05
6.75652e-05
6.63382e-05
6.52037e-05
6.41577e-05
6.31938e-05
6.23056e-05
6.14872e-05
6.07329e-05
6.00377e-05
5.93929e-05
5.87975e-05
5.82488e-05
5.77425e-05
5.72722e-05
5.68387e-05
5.64357e-05
5.60577e-05
5.57082e-05
5.53873e-05
5.50931e-05
5.48225e-05
5.457e-05
5.43342e-05
5.41156e-05
5.39157e-05
5.37334e-05
5.35672e-05
5.34156e-05
5.32774e-05
5.31513e-05
5.30362e-05
5.29312e-05
5.28352e-05
5.27474e-05
5.26672e-05
5.25937e-05
5.25265e-05
5.24648e-05
5.24082e-05
5.23555e-05
5.23028e-05
5.22524e-05
5.22259e-05
5.22178e-05
5.2209e-05
5.22013e-05
5.21936e-05
5.21848e-05
5.21948e-05
5.22278e-05
5.22619e-05
5.22851e-05
5.22933e-05
5.22888e-05
5.22818e-05
5.22792e-05
5.22688e-05
5.22464e-05
5.23977e-05
5.28709e-05
5.34237e-05
5.39588e-05
5.44221e-05
5.48061e-05
5.51166e-05
5.53485e-05
5.54593e-05
5.54678e-05
5.54158e-05
5.53118e-05
5.52282e-05
5.51101e-05
5.49554e-05
5.47839e-05
5.4612e-05
5.44447e-05
5.42833e-05
5.41285e-05
5.39806e-05
5.3832e-05
0.000158406
0.000199273
0.000204826
0.000198877
0.000189563
0.000179651
0.000170046
0.000161022
0.000152638
0.000144877
0.000137703
0.000131077
0.000124959
0.000119311
0.000114101
0.000109295
0.000104862
0.000100772
9.69978e-05
9.35077e-05
9.02811e-05
8.73044e-05
8.45594e-05
8.20557e-05
8.01642e-05
9.21999e-05
0.000275906
0.000296894
0.00028044
0.000263117
0.000246942
0.000231952
0.000218088
0.000205422
0.000193916
0.00018328
0.000173396
0.000164207
0.000155682
0.00014778
0.00014046
0.000133682
0.000127411
0.00012161
0.000116241
0.00011128
0.000106695
0.000102457
9.85433e-05
9.49296e-05
9.15932e-05
8.85101e-05
8.56625e-05
8.30297e-05
8.05997e-05
7.83552e-05
7.62844e-05
7.43747e-05
7.26139e-05
7.09902e-05
6.9493e-05
6.81122e-05
6.68366e-05
6.5658e-05
6.45709e-05
6.35685e-05
6.2644e-05
6.17908e-05
6.10005e-05
6.02771e-05
5.96299e-05
5.90406e-05
5.86497e-05
5.87334e-05
5.91526e-05
6.02038e-05
0.000229009
0.000278428
0.000264046

