5e-05
5.02631e-05
5.04691e-05
5.06301e-05
5.07572e-05
5.08582e-05
5.09394e-05
5.10052e-05
5.10671e-05
5.11772e-05
5.12985e-05
5.14354e-05
5.15737e-05
5.16556e-05
5.17059e-05
5.17625e-05
5.18271e-05
5.19048e-05
5.1998e-05
5.20712e-05
5.21074e-05
5.212e-05
5.21198e-05
5.20919e-05
5.20495e-05
5.20052e-05
5.19637e-05
5.19255e-05
6.94548e-05
0.000174993
0.000202388
0.000203473
0.00019615
0.000186525
0.000176655
0.000167206
0.000158369
0.000150172
0.000142593
0.00013559
0.000129122
0.00012315
0.000117636
0.000112547
0.000107851
0.000103518
9.95188e-05
9.58285e-05
9.24243e-05
8.93002e-05
8.64249e-05
8.37745e-05
8.13263e-05
7.90609e-05
7.69678e-05
7.50338e-05
7.32455e-05
0.000167744
0.000211575
0.000217437
0.000210944
0.000200832
0.000190077
0.00024962
0.000295116
0.000297262
0.00028554
0.000270006
0.000254044
0.000238755
0.000224448
0.000211177
0.000198904
0.000187566
0.000177095
0.000167429
0.000158509
0.000150276
0.000142675
0.00013566
0.000129186
0.000123208
0.000117688
0.000112594
0.000107892
0.00010355
9.95436e-05
9.58459e-05
9.24316e-05
8.92801e-05
8.63699e-05
8.36848e-05
8.12076e-05
7.89222e-05
7.68137e-05
7.49141e-05
7.34428e-05
7.22895e-05
7.13214e-05
7.04359e-05
6.9562e-05
6.86639e-05
6.77129e-05
6.67302e-05
6.5759e-05
6.48369e-05
6.39894e-05
6.31834e-05
6.24127e-05
6.16693e-05
6.09587e-05
6.02818e-05
5.96463e-05
5.90518e-05
5.84882e-05
5.7962e-05
5.74741e-05
5.70224e-05
5.66185e-05
5.62665e-05
5.5941e-05
5.56394e-05
5.53537e-05
5.50819e-05
5.48344e-05
5.46327e-05
5.4447e-05
5.42672e-05
5.40955e-05
5.39292e-05
5.37727e-05
5.36257e-05
5.34875e-05
5.33579e-05
5.32353e-05
5.31122e-05
5.29961e-05
5.28895e-05
5.2815e-05
5.27613e-05
5.2715e-05
5.26713e-05
5.26279e-05
5.25838e-05
5.25389e-05
5.24913e-05
5.24375e-05
5.23814e-05
5.23214e-05
5.22615e-05
5.22e-05
5.21393e-05
5.20799e-05
5.20244e-05
5.19732e-05
5.19256e-05
5.18801e-05
5.18359e-05
5.1793e-05
5.17537e-05
5.17188e-05
5.16874e-05
5.16592e-05
5.16326e-05
5.161e-05
5.16033e-05
5.18473e-05
5.2342e-05
5.29367e-05
5.33857e-05
5.36627e-05
5.38488e-05
5.39288e-05
5.39216e-05
5.387e-05
5.37847e-05
5.36803e-05
5.35609e-05
5.34316e-05
5.33055e-05
5.31848e-05
5.30704e-05
5.29587e-05
5.28504e-05
5.27379e-05
5.26319e-05
5.25355e-05
5.24484e-05
5.23699e-05
5.22994e-05
5.2236e-05
5.21783e-05
5.2124e-05
5.20751e-05
5.20314e-05
5.19901e-05
5.19514e-05
5.19155e-05
5.18779e-05
5.1844e-05
5.18144e-05
5.17885e-05
5.17653e-05
5.17421e-05
5.17217e-05
9.55095e-05
0.000182503
0.000203517
0.000202524
0.000194589
0.000184849
0.000175028
0.000165676
0.000156945
0.000148853
0.00014137
0.000134459
0.000128078
0.000122189
0.000116754
0.000111733
0.000107097
0.000102817
9.88658e-05
9.52173e-05
9.18506e-05
8.87439e-05
8.58765e-05
8.32279e-05
8.07837e-05
7.85286e-05
7.64515e-05
0.000130676
0.000203186
0.000218606
0.000215092
0.000205742
0.000195007
0.000184372
0.000222961
0.000284205
0.000291939
0.000282279
0.000267577
0.000252013
0.000236958
0.000222825
0.000298339
0.000322996
0.000317132

