5e-05
5.02631e-05
5.04691e-05
5.06301e-05
5.07572e-05
5.08582e-05
5.09394e-05
5.10052e-05
5.10589e-05
5.11033e-05
5.11402e-05
5.11715e-05
0.000153406
0.000196468
0.000202788
0.000197204
0.000188125
0.000178388
0.000168926
0.000160013
0.000151728
0.000144052
0.000136952
0.000130383
0.000124315
0.000118713
0.000113544
0.000108773
0.000104369
0.000100302
9.65435e-05
9.30729e-05
8.98704e-05
8.69126e-05
8.41803e-05
8.16576e-05
7.93308e-05
7.71843e-05
7.52011e-05
7.33704e-05
7.16823e-05
7.0126e-05
6.86913e-05
6.73685e-05
6.61489e-05
6.5035e-05
6.40381e-05
6.31588e-05
0.000156882
0.000201235
0.00020789
0.000202189
0.000192824
0.000182747
0.000172952
0.000163737
0.000155163
0.000181562
0.000257662
0.000271467
0.000264773
0.000251892
0.000237696
0.000223797
0.000210692
0.000198501
0.000187216
0.000176788
0.000167157
0.000158262
0.000150051
0.000142466
0.000135465
0.000129005
0.00012304
0.000117531
0.000112444
0.000107758
0.000103457
9.94973e-05
0.000144295
0.00021767
0.000232666
0.000228316
0.000218028
0.000206369
0.000194859
0.000277515
0.000302868
0.00029825
0.000284333
0.000268165
0.000252097
0.000236874
0.000222687
0.000209547
0.000197403
0.000186188
0.000175859
0.000166374
0.000157638
0.000149576
0.000142129
0.000135246
0.00012888
0.000122981
0.000117522
0.000112476
0.000107831
0.000103544
9.95865e-05
9.59306e-05
9.25488e-05
8.94208e-05
8.65286e-05
8.38477e-05
8.13705e-05
7.90806e-05
7.69642e-05
7.50105e-05
7.32071e-05
7.15427e-05
7.00066e-05
6.85857e-05
6.72674e-05
6.60479e-05
6.49202e-05
6.38764e-05
6.29144e-05
6.20279e-05
6.12091e-05
6.04549e-05
5.97758e-05
5.91645e-05
5.86087e-05
5.81216e-05
5.76758e-05
5.72633e-05
5.68944e-05
5.66068e-05
5.6352e-05
5.61039e-05
5.58631e-05
5.56186e-05
5.53731e-05
5.51298e-05
5.4921e-05
5.47402e-05
5.45822e-05
5.46889e-05
6.39832e-05
0.000249336
0.000269104
0.000253619
0.000238159
0.000223787
0.000210494
0.000198212
0.000186869
0.000176395
0.000166724
0.000157796
0.000149553
0.000141943
0.000134918
0.000128433
0.000122446
0.000116918
0.000111816
0.000107105
0.000102757
9.87422e-05
9.5036e-05
9.16145e-05
8.84558e-05
8.55401e-05
8.28484e-05
8.03635e-05
7.80694e-05
7.59519e-05
7.39975e-05
7.21935e-05
7.05282e-05
6.89908e-05
6.75715e-05
6.62615e-05
6.50528e-05
6.39372e-05
6.29073e-05
6.19566e-05
6.10789e-05
6.02687e-05
5.95206e-05
5.883e-05
5.81924e-05
5.76082e-05
5.70748e-05
5.65821e-05
5.6126e-05
5.57032e-05
5.53114e-05
5.49488e-05
5.46131e-05
5.4303e-05
5.40162e-05
5.37512e-05
5.35065e-05
6.65901e-05
0.000178184
0.000207422
0.000208801
0.000201261
0.000191266
0.000180997
0.000171158
0.000161951
0.000153411
0.000145512
0.000138216
0.000131479
0.00012526
0.000119519
0.000114219
0.000109327
0.000104812
0.000100644
9.67962e-05
9.32444e-05
8.99658e-05
8.69392e-05
8.41454e-05
8.15939e-05
7.93351e-05
7.72681e-05
7.53378e-05
7.35218e-05
7.18205e-05
7.023e-05
6.87503e-05
6.73972e-05
6.62695e-05
6.52492e-05
6.42575e-05
6.33017e-05
6.23933e-05
6.15434e-05
6.07548e-05
6.00165e-05
5.93257e-05
5.87853e-05

