5e-05
5.02669e-05
5.04842e-05
5.06602e-05
5.08034e-05
5.09206e-05
5.10168e-05
5.10963e-05
5.11818e-05
5.12786e-05
5.13907e-05
5.15194e-05
5.16366e-05
5.1708e-05
5.17481e-05
5.17782e-05
5.17988e-05
5.1808e-05
5.18126e-05
9.28111e-05
0.00018171
0.00020341
0.000202643
0.000194772
0.000185029
0.000175186
0.00016581
0.000157056
0.000148943
0.000141435
0.000134497
0.000128094
0.000122186
0.000116735
0.0001117
0.000107052
0.000102765
9.88114e-05
9.51648e-05
9.18001e-05
8.86974e-05
8.58366e-05
8.31988e-05
8.07665e-05
7.85238e-05
7.64525e-05
7.45382e-05
7.27754e-05
7.11724e-05
6.9698e-05
6.83307e-05
6.70656e-05
6.58865e-05
6.47861e-05
6.37636e-05
6.2821e-05
6.19523e-05
6.11502e-05
6.04119e-05
5.97327e-05
5.91011e-05
5.8517e-05
5.79772e-05
5.74811e-05
6.73849e-05
0.000176205
0.000204873
0.000206249
0.000198879
0.0001891
0.000179051
0.000169425
0.000160421
0.000152065
0.000144332
0.000137191
0.000130598
0.00012451
0.00011889
0.000113704
0.000108921
0.000104504
0.000100425
9.66599e-05
9.31861e-05
8.99821e-05
8.70271e-05
8.43017e-05
8.1788e-05
7.94683e-05
7.73251e-05
0.000146411
0.000208276
0.000220055
0.000215294
0.000205523
0.000194654
0.000183983
0.000173913
0.000164543
0.00015587
0.000147853
0.00014045
0.000133627
0.000127355
0.00012157
0.000116226
0.00011129
0.000106733
0.000102525
9.86398e-05
9.50513e-05
9.17356e-05
8.86684e-05
8.58355e-05
8.32196e-05
8.07999e-05
7.85647e-05
7.65013e-05
7.45967e-05
7.28375e-05
7.12101e-05
6.97049e-05
6.83131e-05
6.70263e-05
6.58396e-05
6.47639e-05
6.37838e-05
6.28692e-05
6.20227e-05
6.12386e-05
6.05155e-05
5.98454e-05
5.92387e-05
5.87177e-05
5.82655e-05
5.7929e-05
5.76555e-05
5.73906e-05
5.7149e-05
5.69498e-05
5.67412e-05
5.65077e-05
5.668e-05
0.000167599
0.000275053
0.000369644
0.000385291
0.000373708
0.000416746
0.000451823
0.000442805
0.000420167
0.000394375
0.000368882
0.000395125
0.000435265
0.000428675
0.000407555
0.000382887
0.000358338
0.000335062
0.000313361
0.00033126
0.000383957
0.000383915
0.000367094
0.000345846
0.000324262
0.000303655
0.000284396
0.000266535
0.000250017
0.000234758
0.000220668
0.000207654
0.000195636
0.000184544
0.000174307
0.000164859
0.000156141
0.000148094
0.000140669
0.000133816
0.000127489
0.000121647
0.000116257
0.000111306
0.000106747
0.000102537
9.86439e-05
9.50448e-05
9.17164e-05
8.86393e-05
8.57927e-05
8.31587e-05
8.07272e-05
7.84831e-05
7.6412e-05
7.44957e-05
7.27173e-05
7.10735e-05
6.95566e-05
6.81583e-05
6.68697e-05
6.56821e-05
6.45865e-05
6.35748e-05
6.26408e-05
6.17785e-05
6.09865e-05
6.02715e-05
5.96146e-05
5.90078e-05
5.84381e-05
5.7912e-05
5.74265e-05
5.69758e-05
5.65571e-05
5.61698e-05
5.58113e-05
5.54791e-05
0.000167083
0.00020217
0.000205712
0.000199047
0.000189505
0.000179531
0.000169918
0.000160899
0.000152524
0.000144775
0.000137618
0.000131008
0.000124906
0.000119273
0.000114073
0.000109274
0.000104868
0.000100822
9.71001e-05
9.36491e-05
9.04517e-05
8.74857e-05
8.47451e-05
8.22352e-05
7.99375e-05
7.78095e-05
7.58366e-05
7.40121e-05

