5e-05
5.02669e-05
5.04842e-05
5.06602e-05
5.08034e-05
5.09206e-05
5.10168e-05
5.10963e-05
5.11623e-05
5.12174e-05
5.12636e-05
5.13026e-05
5.13525e-05
5.14192e-05
5.14844e-05
5.15431e-05
5.15936e-05
5.16358e-05
5.167e-05
5.16973e-05
5.1715e-05
5.17247e-05
0.000123358
0.00018953
0.000203609
0.000200417
0.0001919
0.000182121
0.000172435
0.000163267
0.000154727
0.000146816
0.000139505
0.000132753
0.000126516
0.000120758
0.000115443
0.000110537
0.00010601
0.000101831
9.79747e-05
9.44152e-05
9.11299e-05
8.80976e-05
8.52989e-05
8.27158e-05
8.03316e-05
7.8131e-05
7.60999e-05
7.42251e-05
7.24947e-05
7.08975e-05
6.94232e-05
6.80623e-05
6.68062e-05
6.56467e-05
6.45764e-05
6.35885e-05
6.26765e-05
6.18346e-05
6.10495e-05
6.03188e-05
5.96445e-05
5.90234e-05
5.84515e-05
5.79248e-05
5.74399e-05
5.69935e-05
5.65823e-05
5.62037e-05
5.58551e-05
5.55339e-05
5.52381e-05
5.49656e-05
5.47145e-05
5.44831e-05
5.42699e-05
5.40733e-05
5.38921e-05
5.37251e-05
5.3571e-05
5.34289e-05
0.000134419
0.000193141
0.000204659
0.000200601
0.000191802
0.00018194
0.000172235
0.000163071
0.000154541
0.000146643
0.000139345
0.000132606
0.000126384
0.000120641
0.00011534
0.000110447
0.000105931
0.000101762
9.79138e-05
9.43583e-05
9.10906e-05
8.80969e-05
8.534e-05
8.27962e-05
8.04465e-05
7.82745e-05
7.62659e-05
7.44082e-05
7.26898e-05
7.11002e-05
6.963e-05
6.82701e-05
6.70104e-05
6.58414e-05
6.47607e-05
6.37622e-05
6.28398e-05
6.19878e-05
6.12009e-05
6.04742e-05
5.98031e-05
5.91834e-05
5.86112e-05
5.80829e-05
5.75951e-05
5.71448e-05
5.6729e-05
5.63451e-05
5.59908e-05
5.56637e-05
5.53623e-05
5.52846e-05
5.56022e-05
5.61869e-05
5.70014e-05
5.8314e-05
0.000209243
0.000281661
0.000268918
0.00025254
0.000261719
0.000347194
0.000359595
0.000348023
0.000329385
0.000309433
0.000290068
0.000271867
0.00028958
0.000358016
0.000364281
0.000350477
0.000330996
0.000310697
0.000291164
0.000272861
0.000255874
0.000240161
0.000225646
0.000212245
0.000199874
0.000188456
0.000177915
0.000168185
0.000159204
0.000150915
0.000143265
0.000136203
0.000129683
0.000123664
0.00011811
0.000112983
0.000108251
0.000103884
9.9853e-05
9.61326e-05
9.26987e-05
8.95292e-05
8.66037e-05
8.39033e-05
8.14108e-05
7.91113e-05
7.71781e-05
7.56971e-05
7.44869e-05
7.34157e-05
7.23932e-05
7.99686e-05
0.000182645
0.000209443
0.000210205
0.000202575
0.000192619
0.000182393
0.000172579
0.000163385
0.000154846
0.00014694
0.000139631
0.000132878
0.000126637
0.00012087
0.000115544
0.000110626
0.000106086
0.000101894
9.80239e-05
9.44511e-05
9.11529e-05
8.81083e-05
8.52977e-05
8.27033e-05
8.03085e-05
7.80979e-05
7.60574e-05
7.41739e-05
7.24353e-05
7.08304e-05
6.93491e-05
6.79816e-05
6.67159e-05
6.55468e-05
6.44681e-05
6.34727e-05
6.25544e-05
6.17072e-05
6.09254e-05
6.02041e-05
5.95386e-05
5.89245e-05
5.83578e-05
5.78349e-05
5.7352e-05
5.6903e-05
5.64881e-05
5.61056e-05
0.000166147
0.000202339
0.000206226
0.000199657
0.000190099
0.000180074
0.000170408
0.000161342
0.000152926
0.000145139
0.000137947
0.000131305

