5e-05
5.02631e-05
5.04691e-05
5.06301e-05
5.07572e-05
5.08582e-05
5.09394e-05
5.10052e-05
5.10589e-05
5.11033e-05
5.11402e-05
5.11713e-05
5.11977e-05
5.12132e-05
5.12233e-05
5.12328e-05
5.12421e-05
5.12517e-05
5.12614e-05
5.12679e-05
0.000140223
0.000194663
0.000204745
0.000200222
0.000191264
0.00018135
0.000171635
0.000162475
0.000153957
0.00014607
0.000138782
0.000132053
0.000125843
0.00012011
0.000114819
0.000109938
0.000105434
0.000101278
9.74449e-05
9.39054e-05
9.06392e-05
8.76889e-05
8.52817e-05
8.32858e-05
8.15526e-05
7.99676e-05
7.83934e-05
7.681e-05
7.52459e-05
7.37129e-05
7.22258e-05
7.07748e-05
6.93661e-05
6.80237e-05
6.67695e-05
6.56061e-05
6.4527e-05
6.35241e-05
6.25953e-05
6.17335e-05
6.09338e-05
6.01945e-05
5.9514e-05
5.88882e-05
5.83128e-05
5.77816e-05
5.72919e-05
5.68416e-05
5.64251e-05
5.60424e-05
5.56911e-05
5.53687e-05
5.5072e-05
5.47965e-05
5.45427e-05
5.43068e-05
5.40897e-05
5.39078e-05
5.37567e-05
5.36226e-05
5.34987e-05
5.33768e-05
5.3257e-05
5.31442e-05
0.000153103
0.000197657
0.000204067
0.000198719
0.000189996
0.000180588
0.000171405
0.000162699
0.000154528
0.000220445
0.000265553
0.000269265
0.000259554
0.000246036
0.000231974
0.000218439
0.000205747
0.000193955
0.000183039
0.00017295
0.000163629
0.000155018
0.000147076
0.000139976
0.000133624
0.000127828
0.000122477
0.000117483
0.000112795
0.000108388
0.000104251
0.000100377
9.6758e-05
9.33843e-05
9.02639e-05
8.73774e-05
8.46933e-05
8.21979e-05
7.9879e-05
7.77288e-05
7.57394e-05
7.38996e-05
7.21986e-05
7.06161e-05
6.91501e-05
6.7797e-05
6.65487e-05
6.53973e-05
6.43354e-05
6.33535e-05
6.2445e-05
6.16061e-05
6.08571e-05
6.01799e-05
0.000142242
0.00019649
0.000206477
0.000201918
0.000192952
0.000183024
0.000173282
0.000164094
0.000155562
0.000147657
0.000140328
0.000133545
0.000127277
0.000121482
0.000212029
0.000247269
0.00024861
0.000239119
0.000226659
0.000214537
0.000301747
0.000318409
0.000310249
0.000294617
0.000277397
0.000260531
0.000244624
0.000229824
0.000307643
0.000328396
0.000321026
0.000305085
0.000287226
0.000269659
0.000253071
0.000237633
0.000223335
0.000210119
0.000197917
0.000186653
0.000176257
0.000166662
0.000157803
0.000149627
0.000142081
0.000135116
0.000128683
0.000122743
0.000117259
0.000112196
0.000107522
0.000103208
9.92275e-05
9.55494e-05
9.21545e-05
8.90205e-05
8.61275e-05
8.34576e-05
8.09924e-05
7.87183e-05
7.66205e-05
7.46856e-05
7.29006e-05
7.1254e-05
6.9735e-05
6.83327e-05
6.70346e-05
6.58317e-05
6.47214e-05
6.36953e-05
6.27492e-05
6.19558e-05
6.15338e-05
6.13169e-05
6.10849e-05
6.08009e-05
6.04448e-05
6.00509e-05
5.96258e-05
5.91605e-05
5.86823e-05
8.53635e-05
0.000181184
0.000205184
0.000205089
0.000197329
0.000187519
0.000177542
0.000168015
0.000159112
0.000150856
0.000143222
0.000136168
0.000129654
0.000123639
0.000118088
0.000112964
0.000108233
0.000103867
9.98511e-05
9.61615e-05
9.27616e-05
8.96216e-05
8.67185e-05
8.40311e-05
8.15398e-05
7.92376e-05
7.71121e-05
7.51497e-05
7.33347e-05
7.16584e-05
7.01112e-05

