5e-05
5.02631e-05
5.04691e-05
5.06301e-05
5.07572e-05
5.08582e-05
5.09394e-05
5.10052e-05
5.10589e-05
5.11033e-05
5.11402e-05
5.11713e-05
5.11975e-05
5.12149e-05
5.12284e-05
5.1267e-05
5.13462e-05
5.14338e-05
5.15162e-05
5.15703e-05
5.1592e-05
5.16021e-05
5.16083e-05
5.16056e-05
5.15995e-05
5.15917e-05
5.15827e-05
5.15746e-05
5.15667e-05
0.000162987
0.000199598
0.000203748
0.000197403
0.000188044
0.000178198
0.000168689
0.000159768
0.000151483
0.000143818
0.000136736
0.000130195
0.000124156
0.000118577
0.000113422
0.000108663
0.000104271
0.000100214
9.64676e-05
9.30071e-05
8.98135e-05
8.68655e-05
8.41411e-05
8.16155e-05
7.92839e-05
7.7134e-05
7.51704e-05
7.33981e-05
7.17902e-05
7.03137e-05
6.8944e-05
6.76599e-05
6.64609e-05
6.53489e-05
6.43174e-05
6.33568e-05
6.24664e-05
6.16378e-05
6.08697e-05
6.01563e-05
5.9497e-05
5.88882e-05
5.83241e-05
5.77979e-05
5.73095e-05
5.68596e-05
5.64474e-05
5.60896e-05
5.57712e-05
5.54811e-05
5.52135e-05
5.49648e-05
5.47245e-05
5.44898e-05
5.42681e-05
5.40629e-05
5.38723e-05
5.3693e-05
5.35276e-05
5.33753e-05
5.32349e-05
5.32268e-05
5.35375e-05
5.39593e-05
5.42517e-05
5.44785e-05
5.46342e-05
5.47139e-05
5.47254e-05
5.46821e-05
5.45978e-05
5.44749e-05
5.43322e-05
5.41748e-05
5.40165e-05
5.38612e-05
5.37109e-05
5.3567e-05
5.34301e-05
5.33007e-05
5.31789e-05
5.30647e-05
5.2958e-05
5.28584e-05
5.2765e-05
5.26721e-05
5.2584e-05
5.25031e-05
5.24261e-05
5.23549e-05
5.22902e-05
5.22317e-05
5.21787e-05
5.21308e-05
5.20874e-05
5.20479e-05
5.20086e-05
0.000126299
0.000190998
0.000204524
0.000201098
0.000192463
0.000182837
0.000173607
0.000165017
0.000157008
0.000149478
0.000142425
0.000135816
0.000129684
0.000123964
0.000118623
0.000113644
0.000109001
0.000104679
0.000100667
9.69819e-05
9.36377e-05
9.05665e-05
8.77405e-05
8.51048e-05
8.26391e-05
8.03613e-05
7.83006e-05
7.64592e-05
7.47669e-05
7.31512e-05
7.16351e-05
7.0224e-05
6.88939e-05
6.7636e-05
6.64464e-05
6.53333e-05
6.42924e-05
6.33268e-05
6.24252e-05
6.15813e-05
6.08019e-05
6.00825e-05
5.94189e-05
5.88087e-05
8.79336e-05
0.00018351
0.000207191
0.000206853
0.000198908
0.000188972
0.000178923
0.000169375
0.000160467
0.00015219
0.000144518
0.000137426
0.000130873
0.000124824
0.000119268
0.000114147
0.000109417
0.000105043
0.000100998
9.72478e-05
9.37704e-05
9.05517e-05
8.75732e-05
8.48208e-05
8.22779e-05
0.00018814
0.000220871
0.000222741
0.000214706
0.000203927
0.00027214
0.000307516
0.000305839
0.000292481
0.000276083
0.000259545
0.000243795
0.000324687
0.000340314
0.000330707
0.000313572
0.000294909
0.000276702
0.000259559
0.00024362
0.000228865
0.000215231
0.000202641
0.000191016
0.000180286
0.000170383
0.000161242
0.000152804
0.000145012
0.000137817
0.000131175
0.000125046
0.000119387
0.000114159
0.000109332
0.000105042
0.000101322
9.80521e-05
9.53713e-05
9.31882e-05
9.12543e-05
8.96145e-05
8.83615e-05
0.000144194
0.000295898
0.000291131
0.000273069
0.000256022
0.000240246
0.000225669
0.000212208
0.000199779
0.000304216
0.000327701
0.000321189

