5e-05
5.02669e-05
5.04842e-05
5.06602e-05
5.08034e-05
5.09206e-05
5.10168e-05
5.10963e-05
5.11623e-05
5.12174e-05
5.12636e-05
5.13026e-05
5.13525e-05
5.14192e-05
5.14844e-05
5.15431e-05
5.15936e-05
5.16358e-05
5.167e-05
5.16973e-05
5.1715e-05
5.17247e-05
5.17301e-05
5.17257e-05
5.17183e-05
5.17111e-05
5.17047e-05
5.16991e-05
5.16943e-05
5.16904e-05
5.16873e-05
5.16849e-05
5.16831e-05
5.16815e-05
5.16766e-05
5.16722e-05
5.16689e-05
5.16666e-05
5.16654e-05
5.1665e-05
5.16653e-05
5.16661e-05
5.16675e-05
5.16693e-05
5.16713e-05
5.16736e-05
5.16761e-05
5.16786e-05
5.16813e-05
5.16839e-05
5.16865e-05
5.16891e-05
5.16916e-05
5.1694e-05
5.16963e-05
5.16986e-05
5.17007e-05
5.17026e-05
5.17045e-05
5.17062e-05
0.000108873
0.000185917
0.000203608
0.000201558
0.000193343
0.000183586
0.000173832
0.000164572
0.000155936
0.000147935
0.000140539
0.000133709
0.000127404
0.000121583
0.00011621
0.000111251
0.000106673
0.000102448
9.85471e-05
9.49468e-05
9.16235e-05
8.85558e-05
8.57228e-05
8.31038e-05
8.06862e-05
7.84551e-05
7.6396e-05
7.44943e-05
7.2736e-05
7.11132e-05
6.96161e-05
6.82349e-05
6.69606e-05
6.57851e-05
6.47005e-05
6.36999e-05
6.27767e-05
6.19249e-05
6.1139e-05
6.04139e-05
5.97447e-05
5.91238e-05
5.85651e-05
5.8072e-05
5.76236e-05
5.72107e-05
5.68281e-05
5.6472e-05
5.61397e-05
5.58293e-05
5.55393e-05
5.52684e-05
5.50153e-05
5.47791e-05
0.000144877
0.000196138
0.000205148
0.000200277
0.00019124
0.000181336
0.000171655
0.000162533
0.000154049
0.000146195
0.000138937
0.000132234
0.000126046
0.000120333
0.000115059
0.000110191
0.000105696
0.000101548
9.77187e-05
9.43845e-05
9.16959e-05
8.95057e-05
8.77585e-05
8.67064e-05
0.000235452
0.000305855
0.000291253
0.000273157
0.00025617
0.000240448
0.000225915
0.000212487
0.000200084
0.000188632
0.000178058
0.000168298
0.000159289
0.000150972
0.000194143
0.00026835
0.000280946
0.000273353
0.000259736
0.000244897
0.00023042
0.000216788
0.000204112
0.000192381
0.000181543
0.000171536
0.000162297
0.000153768
0.000145895
0.00013863
0.000131924
0.000191348
0.00025082
0.00025965
0.000251952
0.000239395
0.000225928
0.000212851
0.000200559
0.000189136
0.000178566
0.000168799
0.000159781
0.000151455
0.000143769
0.000136675
0.000130316
0.00012475
0.000119768
0.000115216
0.000110979
0.000106986
0.000103157
9.95113e-05
9.60709e-05
9.28374e-05
8.98026e-05
0.000148632
0.000213952
0.000226605
0.000221836
0.000211755
0.000200488
0.000189408
0.000178943
0.000169196
0.000160169
0.000151826
0.000144119
0.000137004
0.000130435
0.00012437
0.000118772
0.000113604
0.000108833
0.000104429
0.000100364
9.66113e-05
9.31474e-05
8.99499e-05
8.69984e-05
8.42739e-05
8.1759e-05
7.94374e-05
7.72909e-05
7.53088e-05
7.34795e-05
7.17913e-05
7.02335e-05
6.87958e-05
6.74691e-05
6.62447e-05
6.51147e-05
6.40719e-05
6.31095e-05
6.22212e-05
6.14011e-05
6.06407e-05
5.99385e-05
5.92907e-05
5.86909e-05
5.8136e-05
5.76245e-05
5.71531e-05
5.67187e-05
5.63184e-05
5.59495e-05
5.56095e-05
5.52961e-05
5.50073e-05
5.4741e-05
5.44956e-05

