5e-05
5.02631e-05
5.04691e-05
5.06301e-05
5.07572e-05
5.08582e-05
5.09394e-05
5.10052e-05
5.10589e-05
5.11033e-05
5.11402e-05
5.11728e-05
5.13086e-05
5.15961e-05
5.18625e-05
5.21283e-05
5.23666e-05
5.25368e-05
5.26485e-05
5.26847e-05
5.2652e-05
5.25807e-05
5.25046e-05
0.000144186
0.000196387
0.000205642
0.000200794
0.000191717
0.000181755
0.000172011
0.000162826
0.000154282
0.000146374
0.000139068
0.000132319
0.000126101
0.000120598
0.000115732
0.000111335
0.000107241
0.000103379
9.97581e-05
9.63475e-05
9.31234e-05
9.01016e-05
8.72769e-05
8.46413e-05
8.21744e-05
7.98717e-05
7.77274e-05
7.57177e-05
7.38543e-05
7.21279e-05
7.05313e-05
6.90572e-05
6.7697e-05
6.64422e-05
6.5283e-05
6.4213e-05
6.32242e-05
6.23067e-05
6.14573e-05
6.06748e-05
5.99673e-05
5.93343e-05
5.87591e-05
5.82327e-05
5.77477e-05
5.72939e-05
5.68667e-05
5.64697e-05
5.60982e-05
5.57511e-05
5.54285e-05
5.51268e-05
5.48483e-05
5.45847e-05
5.4339e-05
5.41139e-05
5.39056e-05
5.37153e-05
5.35402e-05
5.33728e-05
5.32168e-05
0.000127095
0.000191897
0.000205378
0.000201892
0.000193194
0.00018328
0.000173482
0.000164216
0.000155588
0.000147596
0.000140207
0.000133391
0.000127124
0.000121349
0.00011602
0.000111101
0.000106564
0.000102417
9.86351e-05
9.51535e-05
9.19331e-05
8.89678e-05
8.62472e-05
8.37092e-05
8.13427e-05
7.9143e-05
7.70985e-05
7.51986e-05
7.3434e-05
7.17895e-05
7.02565e-05
6.88317e-05
6.75121e-05
6.62862e-05
6.51504e-05
6.41017e-05
6.31325e-05
6.2233e-05
6.14033e-05
6.06578e-05
5.99738e-05
5.9351e-05
0.000102715
0.000186564
0.000206388
0.000204877
0.000196718
0.000186852
0.00017692
0.000167463
0.000158662
0.000150508
0.000142957
0.000135979
0.000129532
0.000123587
0.000118116
0.000113068
0.000108405
0.000104089
0.000100086
9.6396e-05
9.29879e-05
8.98335e-05
8.69008e-05
8.41785e-05
8.16619e-05
7.93347e-05
7.72028e-05
7.5243e-05
7.34357e-05
7.17573e-05
7.0205e-05
6.87699e-05
6.74429e-05
6.62187e-05
6.50864e-05
6.40356e-05
9.70198e-05
0.000188539
0.000210695
0.000209696
0.000201394
0.000191193
0.000180906
0.000171113
0.000161968
0.000153492
0.000145657
0.000138422
0.000131742
0.000125572
0.000119875
0.000114616
0.000109764
0.000105286
0.000101151
9.73276e-05
9.37917e-05
0.000130873
0.000212906
0.000230796
0.000227424
0.000217474
0.000205955
0.000194533
0.000183708
0.000173612
0.000164253
0.0001556
0.0001476
0.000140211
0.000133389
0.000127092
0.000121291
0.000115948
0.000111023
0.000106499
0.000102321
9.84495e-05
9.48708e-05
9.15614e-05
8.85002e-05
8.56716e-05
8.30522e-05
8.06249e-05
7.83802e-05
7.63065e-05
7.43914e-05
7.26206e-05
7.09855e-05
6.94765e-05
6.80852e-05
6.68003e-05
6.56117e-05
0.000109458
0.000192761
0.000212074
0.000210096
0.000201499
0.000191496
0.000181575
0.00017219
0.000163417
0.000155195
0.000147493
0.000140326
0.000133666
0.000127483
0.000121747
0.000116418
0.000111476
0.000106908
0.00010271
9.88338e-05
9.52427e-05
9.19183e-05
8.88354e-05
8.59777e-05
8.33341e-05
8.08928e-05
7.86389e-05
7.65674e-05
7.46805e-05
7.29418e-05
7.13278e-05

