5e-05
5.02669e-05
5.04842e-05
5.06602e-05
5.08034e-05
5.09206e-05
5.10168e-05
5.10963e-05
5.11623e-05
5.12174e-05
5.12636e-05
5.13049e-05
5.13677e-05
5.14272e-05
5.14686e-05
5.1505e-05
5.1537e-05
0.0001556
0.000197287
0.000203212
0.000283002
0.000311184
0.000307042
0.000292841
0.000276154
0.00025952
0.000243743
0.000229037
0.000215413
0.000237526
0.000303776
0.000312084
0.00030158
0.000301893
0.00036702
0.000371812
0.000357179
0.000337113
0.000316336
0.000296383
0.0002777
0.000260364
0.000244331
0.000229624
0.000216417
0.000204515
0.000193758
0.000184081
0.000176146
0.000376795
0.000466785
0.000461405
0.000438842
0.000412158
0.000385481
0.000360143
0.000336505
0.000406249
0.000420745
0.000406698
0.0003843
0.000360376
0.000337175
0.000315376
0.000295122
0.000276383
0.000259072
0.000243089
0.000228336
0.000214719
0.000202151
0.000190548
0.000179839
0.000169957
0.000160837
0.00015242
0.000144652
0.000137483
0.000130867
0.000124759
0.000119119
0.000113912
0.000109106
0.000104671
0.000100578
9.68007e-05
9.33126e-05
9.00922e-05
8.712e-05
8.43745e-05
8.18406e-05
7.95022e-05
7.73418e-05
7.53483e-05
7.35091e-05
7.18124e-05
7.02441e-05
6.87941e-05
6.74557e-05
6.62215e-05
6.50833e-05
6.40296e-05
6.3055e-05
6.21543e-05
6.13223e-05
6.05545e-05
5.98474e-05
5.91964e-05
5.8597e-05
5.80451e-05
5.75346e-05
5.70603e-05
5.66235e-05
5.62216e-05
5.58494e-05
5.55064e-05
5.51912e-05
5.49003e-05
5.46281e-05
5.43776e-05
5.41479e-05
5.39373e-05
5.37428e-05
5.35628e-05
0.000166213
0.00020136
0.00020496
0.000198357
0.000188845
0.000178891
0.0001693
0.000160308
0.000170442
0.000258051
0.000275505
0.000269743
0.000256899
0.000242479
0.000228291
0.000214888
0.000202418
0.000190894
0.00018025
0.000170419
0.000173596
0.000261597
0.000279226
0.000273372
0.000260344
0.000245679
0.000231234
0.000217587
0.000204879
0.000193106
0.000182225
0.000172176
0.0001629
0.00017631
0.000259208
0.000275086
0.000268847
0.000255901
0.000241476
0.000227308
0.000213938
0.000201493
0.000189973
0.000179325
0.000169489
0.000160404
0.00025253
0.000277523
0.000274048
0.000261713
0.000247184
0.000232694
0.000218948
0.000206134
0.000194262
0.000183288
0.000173154
0.000163799
0.000155165
0.000147196
0.000139841
0.000133052
0.000126782
0.000120996
0.000115654
0.000110722
0.000106169
0.000101968
9.80905e-05
9.45118e-05
9.60332e-05
0.000201291
0.00022792
0.000227473
0.000218452
0.000207164
0.000277302
0.000309689
0.000306963
0.00029321
0.000276647
0.000260029
0.000244233
0.000229496
0.000225102
0.000306257
0.000319443
0.000310121
0.000294117
0.000276795
0.000259924
0.000244047
0.000229289
0.00021563
0.00020301
0.000191355
0.000180597
0.000170664
0.000161495
0.00015303
0.000145219
0.000138009
0.000131353
0.000125222
0.000218146
0.000249099
0.000248977
0.000238998
0.000226389
0.000213579
0.000201348
0.000189914
0.000179312
0.000169504
0.000160441
0.000152067
0.000144337
0.000137203
0.000130613
0.000124528
0.000118909
0.000113719
0.000108931
0.000104512
0.000100435
9.66737e-05

