5e-05
5.02631e-05
5.04691e-05
5.06301e-05
5.07572e-05
5.08582e-05
5.09394e-05
5.10052e-05
5.10589e-05
5.11033e-05
5.11402e-05
5.11715e-05
5.12223e-05
5.13068e-05
5.13976e-05
5.14821e-05
5.15549e-05
5.16144e-05
5.16609e-05
5.17036e-05
0.000139123
0.000192664
0.000202608
0.000198182
0.000189402
0.000179678
0.000170141
0.000161142
0.000152765
0.000144994
0.000137804
0.000131164
0.000125034
0.000119376
0.000114154
0.000109335
0.000104888
0.000100782
9.69898e-05
9.34905e-05
9.02686e-05
8.75389e-05
8.53179e-05
8.34347e-05
8.17595e-05
8.02529e-05
7.89677e-05
7.77398e-05
7.64715e-05
7.51323e-05
7.37351e-05
7.22928e-05
7.0835e-05
6.9434e-05
6.81095e-05
6.68661e-05
6.57067e-05
6.46259e-05
6.36236e-05
6.26938e-05
6.18323e-05
6.10353e-05
6.02978e-05
5.96156e-05
5.89849e-05
0.000108138
0.000189704
0.000208626
0.000206667
0.000198223
0.00018816
0.000178093
0.00016853
0.000159607
0.000151336
0.000143689
0.000136621
0.000130094
0.000124064
0.000118511
0.000113405
0.000108692
0.00010434
0.000100318
9.65991e-05
9.316e-05
8.99751e-05
8.70327e-05
8.43154e-05
8.18062e-05
7.94892e-05
7.73497e-05
7.53741e-05
7.35486e-05
7.18602e-05
7.03014e-05
6.88604e-05
6.75282e-05
6.62987e-05
6.51644e-05
6.41179e-05
6.31699e-05
6.23093e-05
6.15125e-05
6.07763e-05
6.00954e-05
5.94596e-05
5.88698e-05
5.83236e-05
5.78176e-05
5.73489e-05
5.69149e-05
5.65128e-05
5.61352e-05
5.57821e-05
5.54558e-05
5.51547e-05
5.4877e-05
5.4621e-05
5.43848e-05
5.41636e-05
5.3959e-05
5.38252e-05
5.40852e-05
5.47007e-05
5.55043e-05
5.6489e-05
5.78642e-05
0.000193597
0.000270684
0.000257296
0.000241586
0.000226945
0.000213402
0.00020089
0.000304499
0.000330822
0.000325063
0.000309392
0.000291362
0.00027349
0.000256571
0.000240806
0.000226204
0.000212706
0.000200243
0.000188742
0.000178125
0.00027808
0.000302514
0.000297585
0.000286694
0.000365975
0.00037568
0.000362481
0.00040577
0.000428555
0.000416889
0.000394763
0.000370395
0.000346534
0.000324033
0.000303096
0.000283711
0.000265796
0.000249251
0.000233975
0.000219873
0.000206855
0.000194837
0.000183743
0.000173503
0.000259793
0.00028914
0.000286431
0.000273675
0.000258371
0.00024303
0.000228451
0.000214849
0.000202243
0.000190589
0.000179826
0.000169888
0.000160713
0.000152244
0.000144426
0.00013721
0.000130548
0.000124399
0.000118723
0.000113483
0.000108646
0.000104181
0.00010006
9.6255e-05
9.2743e-05
8.95013e-05
8.65089e-05
8.37466e-05
8.11967e-05
7.8843e-05
7.66704e-05
7.46649e-05
7.28138e-05
7.11052e-05
6.95285e-05
6.8073e-05
6.67298e-05
6.55366e-05
6.45262e-05
6.35993e-05
6.2716e-05
6.18694e-05
6.10628e-05
6.02991e-05
5.95819e-05
5.89119e-05
5.82878e-05
5.77081e-05
5.71704e-05
5.66725e-05
5.62117e-05
5.57856e-05
5.53918e-05
5.50281e-05
5.46921e-05
5.43819e-05
5.40954e-05
5.38311e-05
5.35871e-05
5.3362e-05
5.31619e-05
5.29834e-05
5.28185e-05
5.26645e-05
5.25204e-05
5.23857e-05
5.22598e-05
5.21423e-05
5.20329e-05
5.19312e-05
5.18368e-05
5.17494e-05
5.16685e-05
5.15938e-05
5.15248e-05
5.1461e-05
5.14023e-05
5.13481e-05

