5e-05
5.02631e-05
5.04691e-05
5.06301e-05
5.07572e-05
5.08582e-05
5.09394e-05
5.10052e-05
5.10761e-05
5.1157e-05
5.12311e-05
5.12951e-05
5.13562e-05
5.14249e-05
5.15046e-05
5.16016e-05
5.16913e-05
5.17665e-05
5.18252e-05
0.000157094
0.000197393
0.000202856
0.000196979
0.000187785
0.000188867
0.000277588
0.000294592
0.000287733
0.000273642
0.00025796
0.000242562
0.000228031
0.000280496
0.000322342
0.000322007
0.000308248
0.000290921
0.000273337
0.000256555
0.000240878
0.000226343
0.000212906
0.000200496
0.00018904
0.000178482
0.000208861
0.000275113
0.000284906
0.000276244
0.000262207
0.000247164
0.000319773
0.000339272
0.000330989
0.000314274
0.00029572
0.000277533
0.000260392
0.000244472
0.00022974
0.000216102
0.000203498
0.000191858
0.000181108
0.000171181
0.00016201
0.000153535
0.000145729
0.000138525
0.000131877
0.000125739
0.000176255
0.000238664
0.000249083
0.000242449
0.000230728
0.000217981
0.000205547
0.000193836
0.000182945
0.000198479
0.000275006
0.000288063
0.000280284
0.000266275
0.00025099
0.00023607
0.000222019
0.000208953
0.000196858
0.000185683
0.000175366
0.00023411
0.000280809
0.000284015
0.000273295
0.00025872
0.000243658
0.0002292
0.000277779
0.00031972
0.000319534
0.000305974
0.000288841
0.000271433
0.000254813
0.00023928
0.000224875
0.000211556
0.000199251
0.000187891
0.000177405
0.000167725
0.00015879
0.000150588
0.000143052
0.000136106
0.000129693
0.000123768
0.000118289
0.000113222
0.000108537
0.00010424
0.000100326
9.67103e-05
9.33366e-05
9.02043e-05
8.72819e-05
8.45723e-05
8.20783e-05
8.00765e-05
7.85523e-05
7.73173e-05
7.60773e-05
7.47221e-05
7.33036e-05
7.1926e-05
7.06471e-05
6.9386e-05
6.81359e-05
6.6935e-05
6.58098e-05
6.47592e-05
6.37884e-05
6.2934e-05
9.89004e-05
0.000269666
0.000275769
0.000259423
0.000243489
0.000228706
0.000215035
0.000202407
0.000190753
0.000179992
0.000170055
0.000160888
0.000152426
0.00014461
0.000137391
0.000130724
0.000124567
0.000118881
0.000113631
0.000108784
0.000104309
0.000100177
9.63618e-05
9.28402e-05
8.95893e-05
8.65878e-05
8.3817e-05
8.12591e-05
7.89012e-05
7.67968e-05
7.48715e-05
7.30786e-05
7.14031e-05
6.98385e-05
6.83811e-05
6.70268e-05
6.57707e-05
6.46071e-05
6.35306e-05
6.25354e-05
6.16156e-05
6.07658e-05
5.9981e-05
5.92563e-05
5.8587e-05
5.79693e-05
5.73995e-05
5.68734e-05
5.63877e-05
5.59394e-05
5.55257e-05
5.5144e-05
5.47922e-05
5.44753e-05
5.41851e-05
5.39162e-05
5.36663e-05
5.34339e-05
5.32181e-05
5.30179e-05
5.28322e-05
5.26601e-05
5.25012e-05
5.23548e-05
5.22194e-05
5.20947e-05
5.19878e-05
5.18916e-05
5.18014e-05
5.17163e-05
5.1636e-05
5.15605e-05
5.14897e-05
5.14237e-05
5.13624e-05
5.13054e-05
5.12524e-05
5.12033e-05
5.11631e-05
5.11323e-05
5.11037e-05
5.10756e-05
5.10477e-05
5.10203e-05
5.09937e-05
5.09682e-05
5.09438e-05
5.09208e-05
5.09053e-05
5.08973e-05
5.08894e-05
5.08809e-05
5.08811e-05
5.08823e-05
5.0881e-05
5.08766e-05
5.08693e-05
5.08597e-05
5.08489e-05
5.08377e-05
5.08263e-05
5.08152e-05
5.08045e-05
5.0802e-05
5.08049e-05

