5e-05
5.02631e-05
5.04691e-05
5.06301e-05
5.07572e-05
5.08582e-05
5.09394e-05
5.10052e-05
5.10589e-05
5.11033e-05
5.11402e-05
5.11713e-05
5.11977e-05
5.12132e-05
5.12233e-05
5.12328e-05
5.12421e-05
5.12517e-05
5.12614e-05
5.12679e-05
5.12689e-05
5.12683e-05
0.000102719
0.000185144
0.000204584
0.000203011
0.000194848
0.00018501
0.000175139
0.000165755
0.000156998
0.000148884
0.000141386
0.00013446
0.000128066
0.000122166
0.000116722
0.000111699
0.000107064
0.000102785
9.88364e-05
9.52559e-05
9.22669e-05
8.97339e-05
8.7505e-05
8.54623e-05
8.34657e-05
8.14923e-05
7.95682e-05
7.77029e-05
0.000109305
0.000196246
0.000216909
0.000215215
0.000206437
0.000195843
0.000185201
0.000175075
0.000165624
0.000160543
0.000256804
0.000277861
0.000273119
0.000260429
0.000245857
0.000231423
0.00021776
0.000205033
0.000193245
0.00018235
0.00017229
0.000163004
0.000154432
0.000146518
0.000139212
0.000132466
0.00012624
0.000120511
0.000115239
0.000110378
0.000105891
0.000101741
9.79024e-05
9.43572e-05
9.10804e-05
8.80476e-05
8.54235e-05
8.3326e-05
8.14557e-05
7.96968e-05
7.80308e-05
7.64213e-05
7.48549e-05
7.33278e-05
7.18395e-05
7.04208e-05
6.90788e-05
6.78157e-05
6.66314e-05
6.55241e-05
6.44913e-05
6.35256e-05
6.26253e-05
6.179e-05
6.10138e-05
6.02923e-05
5.96325e-05
5.92556e-05
5.911e-05
5.9043e-05
5.89801e-05
5.88679e-05
5.86864e-05
5.84396e-05
5.81429e-05
5.78137e-05
5.74672e-05
5.71144e-05
5.67826e-05
5.64702e-05
5.61624e-05
5.58605e-05
5.55665e-05
5.52856e-05
5.50217e-05
5.47747e-05
5.45441e-05
5.43189e-05
5.41059e-05
5.39095e-05
5.37289e-05
5.35632e-05
5.34111e-05
5.32691e-05
0.000131392
0.000192666
0.000204885
0.000201045
0.000192317
0.000223615
0.00028772
0.000296286
0.000286738
0.000271903
0.000256122
0.000240837
0.000226499
0.000213172
0.000200818
0.000189388
0.000214293
0.000283188
0.000293428
0.00028449
0.000269923
0.000254303
0.000239126
0.000224853
0.000211585
0.000199304
0.000187957
0.000177478
0.000167801
0.000158856
0.000150592
0.000142962
0.000135919
0.000129418
0.000123416
0.000117875
0.000112761
0.00010804
0.000103683
9.96623e-05
9.59489e-05
9.25193e-05
8.93555e-05
8.64375e-05
8.37461e-05
8.12636e-05
7.89707e-05
7.68551e-05
7.49037e-05
7.98092e-05
0.000187446
0.000215345
0.000215946
0.000207839
0.000197375
0.000186691
0.00018439
0.000274341
0.000292043
0.000285532
0.000271656
0.000256142
0.000240888
0.000226489
0.000213088
0.000200681
0.000189216
0.000178629
0.000168855
0.000159832
0.000151499
0.000143803
0.000136698
0.000130138
0.000124083
0.000118574
0.000113799
0.000109564
0.000105623
0.000101914
9.83973e-05
9.50855e-05
9.19668e-05
8.90151e-05
8.62415e-05
8.36474e-05
8.12231e-05
7.89699e-05
7.68827e-05
7.49507e-05
7.31599e-05
7.14964e-05
6.99575e-05
6.85367e-05
6.72254e-05
6.60138e-05
6.48938e-05
6.38587e-05
6.29026e-05
6.20212e-05
6.12073e-05
6.04553e-05
5.97625e-05
5.91378e-05
5.85784e-05
5.8068e-05
5.75954e-05
5.71546e-05
5.67402e-05
5.63471e-05
5.59818e-05
5.56443e-05
5.53324e-05
5.5041e-05
5.47712e-05
5.45224e-05

