5e-05
5.02631e-05
5.04691e-05
5.06301e-05
5.08524e-05
5.14809e-05
5.23566e-05
5.32916e-05
5.41437e-05
5.48064e-05
5.52308e-05
5.54351e-05
0.000110279
0.000185222
0.000202558
0.000200522
0.000192437
0.000182819
0.000173184
0.000164014
0.000155439
0.000147481
0.000140117
0.000133292
0.000126986
0.000121166
0.000115794
0.000110836
0.000106257
0.00010203
9.81304e-05
9.45335e-05
9.1216e-05
8.81538e-05
8.53256e-05
8.27168e-05
8.0311e-05
7.80925e-05
7.60462e-05
7.41564e-05
7.24135e-05
7.08062e-05
6.93241e-05
6.79552e-05
6.66907e-05
6.55246e-05
6.44494e-05
6.34549e-05
6.25365e-05
6.16898e-05
6.09092e-05
6.01878e-05
5.95278e-05
5.89313e-05
5.83866e-05
5.7886e-05
5.74197e-05
5.69872e-05
5.65868e-05
5.6214e-05
5.58518e-05
5.55132e-05
5.51997e-05
5.49307e-05
5.46982e-05
5.44887e-05
5.42964e-05
5.41177e-05
5.39505e-05
5.37935e-05
5.3645e-05
5.34975e-05
5.33569e-05
5.32247e-05
5.30974e-05
5.29759e-05
5.29029e-05
5.31328e-05
5.35769e-05
5.40949e-05
5.45823e-05
5.49267e-05
5.51118e-05
5.51288e-05
5.50484e-05
5.49152e-05
5.47595e-05
5.45918e-05
5.44121e-05
5.42313e-05
5.40555e-05
5.38825e-05
5.37162e-05
5.35585e-05
5.34077e-05
5.32671e-05
5.3137e-05
5.30167e-05
5.29029e-05
5.27969e-05
5.26987e-05
5.26273e-05
5.25758e-05
5.2559e-05
5.25601e-05
5.25537e-05
5.25267e-05
5.24873e-05
5.2459e-05
5.24524e-05
5.24478e-05
5.24414e-05
5.24309e-05
5.24142e-05
5.23817e-05
5.23701e-05
5.23738e-05
5.23731e-05
5.23619e-05
5.23401e-05
5.23362e-05
5.23518e-05
5.23668e-05
5.23757e-05
5.23766e-05
5.23696e-05
5.23556e-05
5.23358e-05
5.23112e-05
5.22782e-05
5.22422e-05
5.22059e-05
5.21655e-05
5.21212e-05
5.20789e-05
5.20429e-05
5.21899e-05
0.000114948
0.000338422
0.000360842
0.000348129
0.000329084
0.000309019
0.000289628
0.000271421
0.000254505
0.000238851
0.000224386
0.000211026
0.000198692
0.000187304
0.000176791
0.000167086
0.000158127
0.000149857
0.000142221
0.000135173
0.00019588
0.000258705
0.000268171
0.000260203
0.000247099
0.000233025
0.000276327
0.000329766
0.000332665
0.000319359
0.000301576
0.000283267
0.000265715
0.000249288
0.000234048
0.000219952
0.000206931
0.000194909
0.000183809
0.000173563
0.000164113
0.00015539
0.000147336
0.000139901
0.000133035
0.000126696
0.000120844
0.000115442
0.000110454
0.000105849
0.000101598
9.7674e-05
9.40513e-05
9.0707e-05
8.76201e-05
8.47705e-05
8.21403e-05
7.97125e-05
7.74713e-05
7.54027e-05
7.34944e-05
7.1741e-05
7.01237e-05
6.86296e-05
6.72487e-05
6.59724e-05
6.4793e-05
6.37034e-05
6.26967e-05
6.17669e-05
0.000104056
0.000192044
0.000212864
0.000211295
0.000202693
0.00019229
0.000181841
0.000171903
0.000162629
0.000154034
0.000146092
0.000138765
0.000131999
0.000125752
0.000119983
0.000114655
0.000109736
0.000105195
0.000101001
9.71295e-05
9.35553e-05
9.02557e-05
8.72096e-05
8.43977e-05
8.18021e-05
7.94062e-05
7.71945e-05
7.51529e-05
7.32684e-05
7.15289e-05
6.99233e-05
6.84412e-05
6.70733e-05
6.58107e-05
6.46455e-05
6.35699e-05
6.25771e-05
6.16607e-05
6.0815e-05
6.00344e-05
5.9314e-05
5.86492e-05
5.80356e-05

