5e-05
5.02631e-05
5.04691e-05
5.06301e-05
5.07572e-05
5.08582e-05
5.09394e-05
5.10052e-05
5.10589e-05
5.11033e-05
5.11402e-05
5.11713e-05
5.11975e-05
5.12168e-05
5.12333e-05
5.12481e-05
5.12618e-05
5.12746e-05
5.12867e-05
5.12984e-05
5.13096e-05
5.13178e-05
5.13244e-05
5.1326e-05
5.13246e-05
5.13248e-05
5.13267e-05
5.13387e-05
5.13683e-05
5.13791e-05
5.14259e-05
5.17395e-05
5.22307e-05
5.27728e-05
5.32199e-05
5.35722e-05
5.38229e-05
5.39758e-05
5.40372e-05
5.4021e-05
5.39644e-05
5.38815e-05
5.3782e-05
5.36659e-05
5.35369e-05
5.34092e-05
5.32835e-05
7.19351e-05
0.000176166
0.000203061
0.000203967
0.000196569
0.000186899
0.000176986
0.000167499
0.000158625
0.000150396
0.00014281
0.00013581
0.000129346
0.000123376
0.000117864
0.000112775
0.00017166
0.000233477
0.000243956
0.00023759
0.000226185
0.000213753
0.00020162
0.000190192
0.000179567
0.000169733
0.000160648
0.000152259
0.00014451
0.000137356
0.00013075
0.000124654
0.000119028
0.000113851
0.000109089
0.000104699
0.000100648
9.69077e-05
9.34533e-05
9.02618e-05
8.73128e-05
8.45877e-05
8.20685e-05
7.97361e-05
7.75807e-05
7.55896e-05
7.37482e-05
7.2045e-05
7.0469e-05
6.90134e-05
6.76689e-05
6.64252e-05
6.52775e-05
6.42161e-05
6.3235e-05
6.23276e-05
6.14909e-05
6.07168e-05
6.00029e-05
9.69406e-05
0.000186453
0.000208089
0.000207056
0.000198876
0.00018884
0.000178723
0.000169092
0.000160107
0.000151797
0.000144121
0.000137033
0.000130483
0.000124436
0.000118852
0.000113695
0.000108932
0.00010453
0.000100464
9.67058e-05
9.32332e-05
9.00259e-05
8.70654e-05
8.43328e-05
8.18108e-05
7.94831e-05
7.73327e-05
7.53459e-05
7.35122e-05
7.18203e-05
7.0259e-05
6.88206e-05
6.75088e-05
6.63047e-05
6.51926e-05
6.4163e-05
6.32094e-05
6.2328e-05
6.15132e-05
6.07596e-05
6.00595e-05
5.94104e-05
5.88104e-05
5.82559e-05
5.77437e-05
5.72711e-05
5.68546e-05
5.64733e-05
5.61211e-05
5.59767e-05
5.62093e-05
5.65771e-05
5.68329e-05
5.70089e-05
5.70506e-05
5.69721e-05
5.68201e-05
5.66138e-05
5.63492e-05
5.60656e-05
5.5775e-05
5.54892e-05
5.52085e-05
5.49352e-05
5.46774e-05
5.44346e-05
5.42095e-05
5.40013e-05
5.38051e-05
5.36196e-05
5.34481e-05
5.32888e-05
5.31434e-05
5.30111e-05
5.28907e-05
5.27784e-05
9.10659e-05
0.000181775
0.000204026
0.000203391
0.000195524
0.000185757
0.000175878
0.000166463
0.000157673
0.000149524
0.000141992
0.000135037
0.000128613
0.00012268
0.000117204
0.00011215
0.000107507
0.000103239
9.92977e-05
9.5658e-05
9.22913e-05
8.91796e-05
8.63008e-05
8.36414e-05
8.11844e-05
7.89116e-05
7.68086e-05
7.48662e-05
7.30732e-05
7.14181e-05
6.98887e-05
6.84741e-05
6.71655e-05
6.59563e-05
6.48403e-05
6.38275e-05
6.29017e-05
6.20514e-05
6.12677e-05
6.05436e-05
5.98731e-05
5.92476e-05
5.86676e-05
5.81307e-05
5.76307e-05
5.71642e-05
5.67273e-05
5.632e-05
5.5944e-05
5.56216e-05
5.55806e-05
5.57163e-05
5.59199e-05
5.61094e-05
5.62329e-05
5.62708e-05
5.62264e-05
0.000100167
0.00018301
0.000202933
0.000201705
0.000193781
0.00018428
0.000175082
0.000166467
0.000158331
0.000150682
0.000143493

