5e-05
5.02631e-05
5.04691e-05
5.06301e-05
5.07572e-05
5.08582e-05
5.09394e-05
5.10052e-05
5.1059e-05
5.11231e-05
5.11962e-05
5.12637e-05
5.1322e-05
5.13611e-05
5.13897e-05
5.14127e-05
5.14312e-05
5.1446e-05
5.14579e-05
5.14666e-05
5.14641e-05
5.14595e-05
0.000123381
0.000190339
0.000204615
0.000201411
0.00019282
0.000182955
0.000173184
0.000163933
0.000155315
0.000147336
0.000139962
0.000133155
0.00012687
0.000121068
0.000115713
0.00011077
0.000106207
0.000101996
9.81108e-05
9.4524e-05
9.1212e-05
8.81557e-05
8.53356e-05
8.27335e-05
8.03323e-05
7.81137e-05
7.60659e-05
7.4174e-05
7.24271e-05
7.08144e-05
6.9323e-05
6.79421e-05
6.66685e-05
6.54943e-05
6.44094e-05
6.3409e-05
6.24867e-05
6.171e-05
6.12949e-05
6.11103e-05
6.09747e-05
6.0806e-05
6.05516e-05
6.02156e-05
5.98322e-05
5.94162e-05
5.89819e-05
5.85419e-05
5.81056e-05
5.768e-05
5.72696e-05
5.68775e-05
0.000156534
0.000200152
0.000206538
0.000200764
0.000191405
0.000181377
0.000171644
0.000162493
0.000153988
0.000146114
0.00013884
0.000132123
0.000125921
0.000120196
0.00011491
0.000110031
0.000105528
0.000101374
9.75399e-05
9.40033e-05
9.07639e-05
8.77845e-05
8.50375e-05
8.25014e-05
8.01583e-05
7.79924e-05
7.59898e-05
7.41379e-05
7.24245e-05
7.08356e-05
6.93661e-05
6.80079e-05
6.67495e-05
6.55787e-05
6.44955e-05
6.3496e-05
6.25741e-05
6.17238e-05
6.09396e-05
6.02158e-05
5.95422e-05
5.89201e-05
5.83448e-05
5.78131e-05
5.73209e-05
5.68654e-05
5.64452e-05
5.6059e-05
5.57041e-05
5.53773e-05
5.50744e-05
5.4791e-05
5.4529e-05
5.42888e-05
5.40689e-05
5.38675e-05
5.36831e-05
5.35118e-05
5.33478e-05
5.31964e-05
5.30583e-05
5.29326e-05
5.28182e-05
5.27141e-05
5.26186e-05
5.25286e-05
5.24464e-05
5.23713e-05
5.23001e-05
5.2234e-05
5.21759e-05
5.21394e-05
5.21141e-05
5.21188e-05
5.21368e-05
5.21547e-05
5.21618e-05
5.21551e-05
5.21519e-05
5.21556e-05
5.21794e-05
5.22113e-05
5.22383e-05
5.22586e-05
5.22702e-05
5.22727e-05
5.22671e-05
5.22546e-05
5.22365e-05
5.22115e-05
5.21759e-05
5.21449e-05
5.21402e-05
5.21373e-05
5.21308e-05
5.21128e-05
5.2092e-05
5.20677e-05
5.20403e-05
5.20134e-05
5.19872e-05
5.19584e-05
5.19301e-05
5.19186e-05
5.19296e-05
5.19449e-05
5.19588e-05
5.25524e-05
0.000167399
0.000200006
0.000202896
0.000196194
0.000186779
0.000176972
0.000167536
0.000158691
0.000150473
0.000142868
0.000135842
0.000129356
0.000123368
0.000117842
0.000112742
0.00010803
0.000103676
9.96566e-05
9.59481e-05
9.25265e-05
8.95508e-05
8.71653e-05
8.51497e-05
8.32588e-05
8.14481e-05
7.96975e-05
7.79775e-05
7.62562e-05
7.45857e-05
7.29868e-05
7.14575e-05
6.9995e-05
6.86212e-05
6.73357e-05
6.6137e-05
6.50263e-05
6.40156e-05
6.3082e-05
6.22178e-05
6.14154e-05
6.06732e-05
5.9983e-05
5.93397e-05
5.87451e-05
5.81962e-05
5.76895e-05
5.72219e-05
5.67903e-05
5.6392e-05
5.60245e-05
5.56849e-05
5.53749e-05
5.51028e-05
5.48577e-05
5.4634e-05
5.44274e-05
5.42312e-05
5.40558e-05
5.39146e-05
5.37825e-05
5.3657e-05
5.3549e-05
5.34607e-05
5.33806e-05
5.3303e-05
5.32257e-05
5.33486e-05
0.000159141

