5e-05
5.02631e-05
5.04691e-05
5.06301e-05
5.07572e-05
5.08582e-05
5.09394e-05
5.10052e-05
5.10589e-05
5.11033e-05
5.11402e-05
5.11715e-05
5.12137e-05
5.12647e-05
5.13384e-05
5.1414e-05
5.14831e-05
5.15422e-05
5.15887e-05
5.16122e-05
5.16321e-05
5.16417e-05
0.00015196
0.000197031
0.000204018
0.000198543
0.000189387
0.000179525
0.000169936
0.000160915
0.000152527
0.000144763
0.00013759
0.000130964
0.000124846
0.000119197
0.000113984
0.000109173
0.00010473
0.000100629
9.68455e-05
9.33546e-05
9.01339e-05
8.71626e-05
8.44211e-05
8.19024e-05
7.96087e-05
7.75323e-05
7.56549e-05
7.39286e-05
7.23145e-05
7.08064e-05
6.93875e-05
6.80577e-05
6.68242e-05
6.568e-05
6.46152e-05
6.36268e-05
6.27051e-05
6.18505e-05
6.10567e-05
6.03213e-05
5.96429e-05
5.90176e-05
5.84383e-05
5.79036e-05
5.74111e-05
5.69576e-05
5.65372e-05
5.61466e-05
5.57859e-05
5.54488e-05
5.51381e-05
5.48531e-05
9.04797e-05
0.00018238
0.00020497
0.000204377
0.00019648
0.000186684
0.000176781
0.000167337
0.000158509
0.000150317
0.000142738
0.000135735
0.000129266
0.000123286
0.000117759
0.000112654
0.000107943
0.000103594
9.95802e-05
9.58767e-05
9.24599e-05
8.93077e-05
8.63996e-05
8.37165e-05
8.12646e-05
7.90523e-05
7.70292e-05
7.51646e-05
7.34386e-05
7.18368e-05
7.03463e-05
6.89472e-05
6.76427e-05
6.64321e-05
6.53265e-05
6.43076e-05
6.33667e-05
6.24955e-05
6.16844e-05
6.09293e-05
6.02276e-05
5.95689e-05
5.89583e-05
5.83915e-05
5.78658e-05
5.73804e-05
5.69325e-05
5.65194e-05
5.61383e-05
5.57837e-05
5.54496e-05
5.51388e-05
5.48498e-05
5.45802e-05
5.43329e-05
5.41062e-05
5.38964e-05
5.37045e-05
5.35444e-05
5.34122e-05
5.32986e-05
5.32198e-05
5.31509e-05
5.30863e-05
5.30385e-05
5.30473e-05
5.30662e-05
5.30708e-05
5.30632e-05
5.30339e-05
5.29871e-05
5.29273e-05
5.28878e-05
5.28633e-05
5.28496e-05
5.30896e-05
6.25068e-05
0.000247973
0.000267846
0.000252458
0.000237087
0.000222797
0.00020958
0.000197369
0.000186091
0.000175676
0.000166061
0.000157184
0.000148988
0.000141421
0.000134436
0.000127988
0.000122035
0.00011654
0.000111466
0.000106782
0.000102459
9.8467e-05
9.4782e-05
9.138e-05
8.82394e-05
8.53403e-05
8.2664e-05
8.01932e-05
7.79123e-05
7.58068e-05
7.38635e-05
7.20698e-05
7.04141e-05
6.88855e-05
6.74742e-05
6.61717e-05
6.497e-05
6.38607e-05
0.000177367
0.000214507
0.000218036
0.000210711
0.000200307
0.00018945
0.000178996
0.000169202
0.000160115
0.00015171
0.000143943
0.000136769
0.000130145
0.000124029
0.000118383
0.00011317
0.000108357
0.000103914
9.98127e-05
9.60266e-05
9.25321e-05
8.93061e-05
8.6328e-05
8.35787e-05
8.10408e-05
7.86982e-05
7.65358e-05
7.45397e-05
7.26971e-05
7.09963e-05
6.94267e-05
6.79779e-05
6.66406e-05
6.54061e-05
6.42667e-05
6.32154e-05
6.22454e-05
6.13499e-05
0.000174522
0.000210314
0.00021363
0.000206462
0.000196326
0.000185776
0.000175717
0.000166312
0.00015756
0.000149431
0.000141897
0.00013492
0.000128467
0.000122523
0.000117157
0.000112224
0.000107621
0.000103331
9.93449e-05
9.56541e-05
9.22429e-05
8.90837e-05
8.61581e-05
8.35547e-05

