5e-05
5.02669e-05
5.04842e-05
5.06602e-05
5.08034e-05
5.09206e-05
5.10168e-05
5.10963e-05
5.11623e-05
5.12174e-05
5.12636e-05
5.13026e-05
5.13359e-05
5.13767e-05
5.14257e-05
5.14744e-05
5.15195e-05
5.15575e-05
5.15848e-05
5.16057e-05
6.33047e-05
0.000172836
0.000201594
0.000203176
0.000196038
0.000186492
0.000176664
0.000167243
0.000158427
0.000150248
0.00014268
0.000135688
0.000129232
0.000123273
0.000117769
0.000112688
0.000107997
0.000103668
0.000187691
0.000232676
0.000237833
0.000230082
0.000218623
0.000206565
0.000194926
0.000184006
0.000173867
0.000164487
0.000155824
0.000147853
0.000140499
0.000133705
0.000127442
0.000121692
0.000116394
0.000128513
0.000221044
0.000242049
0.000239172
0.000228832
0.000216615
0.000204413
0.000192833
0.000182034
0.000172025
0.000162773
0.000154229
0.000146343
0.000139063
0.000132343
0.000126137
0.00012041
0.000115123
0.000110245
0.000105743
0.000101588
9.7753e-05
9.4214e-05
9.09478e-05
8.79333e-05
8.5151e-05
8.25831e-05
8.02094e-05
7.80093e-05
7.59702e-05
7.40865e-05
7.23443e-05
7.07372e-05
6.92552e-05
6.78874e-05
6.66299e-05
6.54943e-05
6.44564e-05
6.35038e-05
6.26264e-05
6.18106e-05
6.10548e-05
6.03561e-05
5.97054e-05
5.91017e-05
5.85436e-05
5.80278e-05
5.75512e-05
9.2175e-05
0.000183102
0.000205366
0.000204697
0.000196768
0.000186945
0.000177035
0.000167585
0.000158755
0.000150561
0.000142972
0.00013596
0.000129486
0.00012351
0.000118002
0.000113203
0.00010916
0.000105751
0.000103065
0.000203773
0.000319223
0.000308829
0.000289622
0.000271398
0.000254495
0.000238866
0.000224429
0.000211097
0.000198788
0.000187426
0.000176938
0.000167256
0.000158319
0.000150071
0.000142462
0.00013546
0.000129006
0.000123049
0.000117553
0.000112482
0.0001078
0.000103476
9.94852e-05
9.58237e-05
9.24539e-05
8.93564e-05
8.65225e-05
8.39081e-05
8.14803e-05
7.92285e-05
7.71402e-05
7.52012e-05
7.3404e-05
7.17388e-05
7.02166e-05
6.88103e-05
6.75109e-05
6.63111e-05
6.51998e-05
6.41668e-05
6.32076e-05
6.23146e-05
6.14875e-05
6.0724e-05
6.00193e-05
5.93658e-05
5.87618e-05
5.82035e-05
5.76808e-05
5.71947e-05
5.67472e-05
5.63351e-05
5.59539e-05
5.56152e-05
5.5528e-05
5.56305e-05
5.57873e-05
5.59143e-05
5.5998e-05
5.6022e-05
5.59645e-05
5.58011e-05
5.55981e-05
5.53857e-05
5.51714e-05
5.4959e-05
5.47515e-05
5.45489e-05
5.43438e-05
5.41436e-05
5.39542e-05
5.37734e-05
5.36004e-05
5.34382e-05
5.32859e-05
5.31425e-05
5.30107e-05
5.28876e-05
5.2772e-05
5.26645e-05
5.25671e-05
5.24795e-05
5.24007e-05
5.23298e-05
5.22662e-05
5.2209e-05
5.21558e-05
5.2106e-05
5.20611e-05
5.20209e-05
5.19849e-05
5.19509e-05
5.19179e-05
5.18865e-05
5.19573e-05
5.23465e-05
5.28718e-05
5.33726e-05
5.38072e-05
5.40978e-05
5.42624e-05
5.43205e-05
5.43305e-05
0.000166893
0.000199566
0.000202577
0.000195966
0.000186614
0.000176855
0.00016745
0.000158631
0.000150441
0.000142863
0.00013586
0.000129393
0.000123419
0.000117894
0.000112788
0.000108073
0.00010372
9.97027e-05
9.59948e-05
9.25715e-05
8.9413e-05
8.64991e-05
8.38109e-05
8.13309e-05

