5e-05
5.02631e-05
5.04691e-05
5.06301e-05
5.07572e-05
5.08582e-05
5.09394e-05
5.10093e-05
5.10945e-05
5.12192e-05
5.13914e-05
5.15577e-05
5.1698e-05
5.18291e-05
5.19884e-05
5.21653e-05
5.23197e-05
5.24384e-05
5.25182e-05
5.25351e-05
5.24965e-05
5.24447e-05
5.23819e-05
5.23021e-05
5.2373e-05
5.26361e-05
5.29786e-05
5.33204e-05
9.5881e-05
0.000179467
0.000199646
0.000198779
0.000191247
0.000181929
0.000172488
0.000163466
0.000155018
0.000147167
0.000139893
0.000133161
0.000126936
0.00012118
0.000115856
0.00016642
0.000233463
0.000245543
0.000239586
0.000228243
0.000216005
0.000204559
0.000194038
0.000184204
0.000174748
0.000165755
0.000157333
0.000149463
0.000142111
0.000135278
0.000128938
0.00012305
0.000117569
0.000112489
0.000107796
0.000103461
9.94582e-05
9.57599e-05
9.23462e-05
8.91931e-05
8.62801e-05
8.3589e-05
8.11067e-05
7.8819e-05
7.67107e-05
7.47651e-05
7.29707e-05
7.13154e-05
6.97903e-05
6.8383e-05
6.708e-05
6.58739e-05
6.47594e-05
6.37295e-05
6.27755e-05
6.18942e-05
6.10801e-05
6.03308e-05
5.96403e-05
5.90032e-05
5.84145e-05
5.78701e-05
5.73659e-05
5.68977e-05
5.64655e-05
5.60669e-05
5.56993e-05
5.53615e-05
5.50727e-05
5.48231e-05
5.45997e-05
5.43961e-05
5.42084e-05
5.40321e-05
5.38607e-05
5.36972e-05
5.35441e-05
5.34027e-05
5.3291e-05
5.31903e-05
5.30893e-05
5.29879e-05
5.28936e-05
5.28059e-05
5.27227e-05
5.26382e-05
5.25577e-05
5.24802e-05
5.24058e-05
5.23301e-05
5.2259e-05
5.21948e-05
5.21371e-05
5.20831e-05
5.20299e-05
5.19745e-05
5.19238e-05
5.18775e-05
5.18362e-05
5.18003e-05
5.1767e-05
5.17375e-05
5.17124e-05
5.1689e-05
5.16677e-05
5.16501e-05
5.16554e-05
5.16882e-05
5.17468e-05
5.61123e-05
0.000168493
0.00019908
0.000201413
0.000194648
0.000185355
0.000175729
0.000166472
0.000157788
0.000149692
0.000142238
0.000135366
0.000128982
0.000123066
0.000117593
0.000112541
0.000107886
0.000103585
9.96062e-05
9.59184e-05
9.25125e-05
8.93614e-05
8.64442e-05
8.37481e-05
8.12582e-05
7.89601e-05
7.684e-05
7.48922e-05
7.30996e-05
7.14477e-05
6.99254e-05
6.85152e-05
6.72096e-05
6.60027e-05
6.48866e-05
6.38567e-05
6.29154e-05
6.20667e-05
6.12834e-05
6.05588e-05
5.98903e-05
5.92644e-05
5.86837e-05
5.81417e-05
5.76363e-05
5.7167e-05
5.6733e-05
5.63274e-05
5.59505e-05
5.56037e-05
5.52851e-05
5.49925e-05
5.47238e-05
5.4477e-05
5.42503e-05
5.4041e-05
5.38422e-05
5.36553e-05
5.34838e-05
5.33269e-05
5.31828e-05
5.30483e-05
5.29247e-05
5.28091e-05
7.79217e-05
0.000177802
0.000203148
0.000203558
0.000196014
0.000186322
0.000176436
0.000166986
0.000158152
0.00014996
0.000142383
0.000135387
0.000128929
0.000122966
0.000117463
0.000112386
0.000107719
0.000103416
9.94461e-05
9.57767e-05
9.23833e-05
8.92417e-05
8.63392e-05
8.36604e-05
8.11882e-05
7.89033e-05
7.67912e-05
7.48418e-05
7.30422e-05
7.13775e-05
6.98379e-05
6.84173e-05
6.71034e-05
6.58883e-05
6.47683e-05
6.37353e-05
6.27767e-05
6.18891e-05
6.1074e-05
7.84557e-05
0.000180965
0.000207015
0.000207423
0.000199723
0.000189837
0.000179751
0.000170098
0.000161069
0.00015269

