5e-05
5.02669e-05
5.04842e-05
5.06602e-05
5.08034e-05
5.09206e-05
5.10168e-05
5.10963e-05
5.11623e-05
5.12174e-05
5.12636e-05
5.13026e-05
5.13512e-05
5.1429e-05
5.14946e-05
5.15838e-05
5.16912e-05
5.17934e-05
5.18792e-05
5.19263e-05
5.19266e-05
5.19097e-05
5.18857e-05
5.18471e-05
5.18088e-05
5.17755e-05
5.17475e-05
5.17244e-05
5.1705e-05
5.16846e-05
5.16662e-05
5.16518e-05
5.16412e-05
5.16341e-05
5.16298e-05
5.16281e-05
5.16284e-05
5.16305e-05
5.16339e-05
5.16384e-05
5.16438e-05
5.16476e-05
5.16489e-05
5.16496e-05
5.16479e-05
5.16474e-05
5.16482e-05
5.16501e-05
5.1653e-05
5.16566e-05
5.16585e-05
5.16539e-05
5.16418e-05
5.16277e-05
5.16167e-05
5.16061e-05
5.15969e-05
5.15892e-05
5.16076e-05
6.00305e-05
0.000171012
0.000200761
0.000202687
0.000195684
0.000186199
0.000176403
0.000166997
0.000158192
0.000150017
0.000142454
0.000135469
0.000129016
0.000123057
0.000117556
0.000112472
0.000107778
0.000103445
9.94458e-05
9.57568e-05
9.23542e-05
8.92159e-05
8.632e-05
8.36403e-05
8.11647e-05
7.88799e-05
7.67728e-05
7.48245e-05
7.3027e-05
7.13679e-05
6.98389e-05
6.84284e-05
6.71269e-05
6.59253e-05
6.4817e-05
6.37948e-05
6.28511e-05
6.1982e-05
6.11816e-05
6.04411e-05
5.97568e-05
5.91216e-05
5.85501e-05
5.80351e-05
5.75661e-05
5.716e-05
5.6809e-05
5.64821e-05
5.61764e-05
5.58818e-05
5.55992e-05
5.53343e-05
5.50865e-05
5.48515e-05
5.46284e-05
5.44198e-05
5.42452e-05
0.000162566
0.000199323
0.000203589
0.000197303
0.000187981
0.000178166
0.000168716
0.000159856
0.000151626
0.000144011
0.000136968
0.000130455
0.000124436
0.000118896
0.000114149
0.00011029
0.000137278
0.000311249
0.00032064
0.000301382
0.000282327
0.000264607
0.000248205
0.000233049
0.000219051
0.000206127
0.000194196
0.000183188
0.000173042
0.000163698
0.000155094
0.000147168
0.000139842
0.00013307
0.000126811
0.000121029
0.00011568
0.000110734
0.000106166
0.000101946
9.80452e-05
9.44441e-05
9.11196e-05
8.80505e-05
8.52175e-05
8.26039e-05
8.01945e-05
7.7972e-05
7.59169e-05
7.40205e-05
7.22895e-05
7.07015e-05
6.92384e-05
6.78893e-05
6.66456e-05
6.54946e-05
6.44244e-05
6.34329e-05
6.25151e-05
6.16656e-05
6.08804e-05
6.01495e-05
5.94728e-05
5.88498e-05
5.82718e-05
5.77336e-05
5.72341e-05
5.6775e-05
5.63516e-05
5.59639e-05
5.56302e-05
5.53344e-05
5.50663e-05
5.48189e-05
5.45854e-05
5.43594e-05
5.4146e-05
5.39487e-05
5.37633e-05
5.35916e-05
5.34327e-05
5.3284e-05
5.31472e-05
5.30216e-05
5.29041e-05
5.27949e-05
5.26918e-05
5.25958e-05
5.24998e-05
5.24071e-05
5.23201e-05
5.22394e-05
5.21654e-05
5.20986e-05
5.20395e-05
5.19873e-05
5.19414e-05
5.1901e-05
5.18655e-05
5.19475e-05
5.23231e-05
5.27728e-05
5.32071e-05
5.35954e-05
5.39042e-05
5.41137e-05
5.42021e-05
5.41957e-05
5.4134e-05
5.40476e-05
5.39459e-05
5.38294e-05
5.37042e-05
5.35791e-05
5.34565e-05
5.33378e-05
5.32238e-05
5.31126e-05
5.30041e-05
5.29021e-05
5.28068e-05
5.27181e-05
5.26356e-05
5.25554e-05
5.24797e-05
5.24066e-05
5.23393e-05
5.22779e-05
5.22222e-05
5.21716e-05
5.21257e-05
5.2084e-05
5.20462e-05
5.20082e-05

