5e-05
5.02667e-05
5.04834e-05
5.06586e-05
5.08009e-05
5.09171e-05
5.10125e-05
5.10977e-05
5.12653e-05
5.14836e-05
5.16951e-05
5.1879e-05
5.20169e-05
5.20969e-05
5.21514e-05
5.22074e-05
5.22795e-05
5.23419e-05
5.24123e-05
5.24629e-05
5.24503e-05
5.24117e-05
5.23663e-05
5.23113e-05
5.22589e-05
5.2435e-05
5.29149e-05
5.35771e-05
5.46122e-05
9.8007e-05
0.00026644
0.00027361
0.000257796
0.000242069
0.000227433
0.000213889
0.000201374
0.000189815
0.000179143
0.00016929
0.000160197
0.000151805
0.00014406
0.000136915
0.000130322
0.000124254
0.000118672
0.000113527
0.00010878
0.00010441
0.000100399
9.67202e-05
0.00017363
0.000229227
0.000237984
0.000231391
0.000220247
0.000208216
0.000196506
0.000185485
0.000175217
0.000165703
0.000156913
0.000148796
0.000141303
0.000134384
0.000127997
0.000122103
0.000116665
0.000111646
0.000107013
0.000102731
9.87805e-05
9.51364e-05
9.17743e-05
8.86683e-05
8.57994e-05
8.31533e-05
8.0713e-05
7.84599e-05
7.63806e-05
7.44582e-05
7.26819e-05
7.10417e-05
6.95289e-05
6.81345e-05
6.6847e-05
6.56596e-05
6.45595e-05
6.35439e-05
6.26087e-05
6.17453e-05
6.09469e-05
6.02093e-05
5.95648e-05
5.92466e-05
5.91729e-05
5.91851e-05
5.91571e-05
5.90692e-05
5.88519e-05
5.85712e-05
5.82527e-05
5.78997e-05
5.7541e-05
5.71852e-05
5.68358e-05
5.64898e-05
5.61584e-05
5.58442e-05
5.55477e-05
5.52689e-05
5.5009e-05
5.47932e-05
5.45992e-05
5.4419e-05
5.42386e-05
5.4057e-05
5.38823e-05
5.37171e-05
5.35604e-05
5.34151e-05
5.32778e-05
5.31455e-05
5.30173e-05
5.28984e-05
5.27903e-05
5.26916e-05
5.25987e-05
5.25113e-05
5.24322e-05
5.23611e-05
5.23052e-05
5.22804e-05
5.22664e-05
5.22512e-05
5.22534e-05
5.22621e-05
5.22852e-05
9.19363e-05
0.0001773
0.000198231
0.000197693
0.000190302
0.000181116
0.000171867
0.000162953
0.000154589
0.000146806
0.000139575
0.000132859
0.000126637
0.000120886
0.000115562
0.00011064
0.000106092
0.000101891
9.80125e-05
9.44599e-05
9.14101e-05
8.87663e-05
8.64254e-05
8.4211e-05
8.2005e-05
7.98975e-05
7.79314e-05
7.61344e-05
7.44617e-05
7.2886e-05
7.1379e-05
6.99551e-05
6.86168e-05
6.73659e-05
6.62008e-05
6.51199e-05
6.41182e-05
6.31867e-05
6.23161e-05
6.15274e-05
0.00010894
0.000189314
0.000207942
0.00020601
0.000197629
0.000187611
0.000177573
0.000168035
0.000159138
0.000150892
0.000143265
0.000136216
0.000129702
0.000123689
0.00011814
0.000113227
0.000109143
0.000105623
0.000102419
9.92236e-05
9.60994e-05
9.30909e-05
9.02361e-05
8.75149e-05
8.49476e-05
8.25379e-05
8.02621e-05
7.81221e-05
7.61293e-05
7.42784e-05
7.25609e-05
7.09724e-05
6.9538e-05
6.8544e-05
6.78193e-05
6.72475e-05
6.66817e-05
6.6095e-05
6.55313e-05
6.49409e-05
6.43136e-05
6.36313e-05
6.29373e-05
6.22482e-05
6.15613e-05
6.0888e-05
6.02464e-05
5.9641e-05
5.90667e-05
5.85211e-05
5.80063e-05
5.75242e-05
5.70765e-05
5.66636e-05
5.62834e-05
5.59299e-05
5.56034e-05
5.53037e-05
5.50287e-05
5.47741e-05
8.67021e-05
0.00018092
0.000204318
0.00020402
0.000196253
0.000186522
0.000176664
0.000167311
0.000158619
0.000150554
0.000143086

