5e-05
5.02669e-05
5.04842e-05
5.06602e-05
5.09083e-05
5.16585e-05
5.3162e-05
0.000220147
0.000275599
0.000262127
0.000246234
0.000231327
0.000217556
0.000204875
0.000193159
0.000182361
0.000172388
0.000163167
0.00015464
0.00015214
0.000257681
0.000281653
0.000277692
0.00026503
0.000250228
0.000235494
0.000221526
0.000208507
0.000196448
0.000185301
0.000175007
0.000165504
0.000156733
0.000148636
0.000141162
0.000134265
0.000127899
0.000122025
0.000116603
0.0001116
0.000106982
0.00010272
9.87866e-05
9.51557e-05
9.18012e-05
8.87046e-05
8.58468e-05
8.32092e-05
8.0775e-05
7.85273e-05
7.64417e-05
7.45115e-05
7.27308e-05
7.1089e-05
6.95732e-05
6.81747e-05
6.68856e-05
6.56972e-05
6.45991e-05
6.35834e-05
6.26358e-05
6.17538e-05
6.09413e-05
6.01943e-05
5.95058e-05
5.88725e-05
5.82907e-05
5.77532e-05
5.72572e-05
5.68018e-05
5.63819e-05
5.59954e-05
5.56408e-05
5.53155e-05
5.50159e-05
5.4739e-05
5.45267e-05
5.46071e-05
5.48691e-05
5.51446e-05
5.53848e-05
9.02765e-05
0.000178582
0.000200572
0.000200183
0.000192635
0.000183167
0.000173555
0.000164378
0.000155796
0.000148713
0.000247311
0.000269689
0.000265822
0.000254135
0.000240518
0.000226922
0.000213975
0.000201799
0.000190458
0.000179933
0.00017021
0.000161234
0.000152932
0.000145251
0.000138142
0.000131557
0.000125465
0.000119829
0.000114616
0.000109791
0.000105329
0.000101207
9.73981e-05
9.38808e-05
9.06278e-05
8.76222e-05
8.48441e-05
8.22767e-05
7.99087e-05
7.77251e-05
7.57116e-05
7.3851e-05
7.2128e-05
7.05357e-05
6.90628e-05
6.77129e-05
6.64896e-05
6.53637e-05
6.43234e-05
6.33651e-05
6.24816e-05
6.16625e-05
6.09036e-05
9.36127e-05
0.000185266
0.000207658
0.000206899
0.000198826
0.000188863
0.000178819
0.00016926
0.000160332
0.00015205
0.000144391
0.000137339
0.000130833
0.000124817
0.000119252
0.000114092
0.000109312
0.000104882
0.000100787
9.69965e-05
9.3495e-05
9.02625e-05
8.72738e-05
8.45138e-05
8.19678e-05
7.96168e-05
7.74463e-05
7.54446e-05
7.35994e-05
0.000113931
0.000197861
0.000217125
0.000214882
0.000205927
0.000195292
0.000184659
0.000174563
0.000165149
0.000156424
0.000148354
0.000140901
0.000134022
0.000127674
0.000121817
0.000116412
0.000111425
0.000106819
0.000102565
9.86407e-05
9.50188e-05
9.1674e-05
8.85878e-05
8.57406e-05
8.31118e-05
8.0684e-05
7.84443e-05
7.63768e-05
7.44638e-05
7.26979e-05
7.10653e-05
6.95541e-05
6.816e-05
6.68725e-05
6.56858e-05
6.4587e-05
6.35688e-05
6.26302e-05
6.17664e-05
6.09688e-05
6.02345e-05
5.95592e-05
5.89382e-05
5.8364e-05
5.7829e-05
5.73341e-05
5.68785e-05
5.64603e-05
5.60767e-05
5.57241e-05
5.53971e-05
5.50937e-05
5.48122e-05
5.45516e-05
5.43117e-05
5.40925e-05
5.38923e-05
5.37094e-05
5.35367e-05
5.33737e-05
5.32221e-05
5.30804e-05
5.29492e-05
5.28301e-05
5.27226e-05
5.26253e-05
5.25347e-05
5.24561e-05
5.25717e-05
5.29075e-05
5.34077e-05
5.40107e-05
5.46296e-05
5.51498e-05
5.54486e-05
5.55867e-05
5.55647e-05
5.54604e-05
5.53148e-05
5.51494e-05
5.49721e-05
5.47802e-05
5.45824e-05
5.44134e-05
5.43202e-05
5.42507e-05
5.41719e-05

