5e-05
5.02669e-05
5.04842e-05
5.06602e-05
5.08034e-05
5.09206e-05
5.10168e-05
5.10963e-05
5.11623e-05
5.1231e-05
5.13163e-05
5.13978e-05
5.14698e-05
0.000123928
0.000188933
0.000202693
0.000199464
0.000190994
0.000181285
0.000171668
0.000162556
0.000154059
0.000146188
0.000138912
0.000132195
0.000126219
0.000121014
0.000116373
0.000112107
0.000107982
0.000103968
0.000100207
9.66915e-05
9.34093e-05
9.03479e-05
8.74958e-05
8.48417e-05
8.23746e-05
8.00833e-05
7.7957e-05
7.59852e-05
7.41545e-05
7.24541e-05
7.08802e-05
6.94245e-05
6.80755e-05
6.68254e-05
6.56714e-05
6.46285e-05
6.36776e-05
6.2804e-05
6.19979e-05
6.12324e-05
6.05041e-05
5.9828e-05
5.92044e-05
0.000134446
0.000195939
0.000208213
0.000204214
0.00019525
0.00018516
0.000175222
0.000165835
0.000157095
0.000149003
0.000141546
0.000134677
0.000128366
0.000122556
0.000117193
0.000112231
0.000107645
0.000103407
9.95058e-05
9.59217e-05
9.26132e-05
8.95537e-05
8.67463e-05
8.41712e-05
8.17882e-05
7.95691e-05
7.75045e-05
7.5576e-05
7.37848e-05
7.2117e-05
7.05626e-05
6.91245e-05
6.77956e-05
6.65634e-05
6.54248e-05
6.4374e-05
6.34044e-05
6.25047e-05
6.16661e-05
6.08925e-05
6.018e-05
5.95241e-05
5.89204e-05
5.83646e-05
5.78531e-05
5.73822e-05
5.69449e-05
5.65361e-05
5.61596e-05
5.58136e-05
5.54945e-05
5.51977e-05
5.49249e-05
5.46746e-05
5.4445e-05
5.42345e-05
5.40413e-05
5.38639e-05
5.36983e-05
5.35421e-05
5.34157e-05
5.33193e-05
5.32369e-05
5.31608e-05
5.30832e-05
5.3009e-05
5.29384e-05
5.2871e-05
5.28108e-05
5.27712e-05
5.27413e-05
5.2715e-05
5.26847e-05
5.26405e-05
5.25958e-05
5.25522e-05
5.25079e-05
5.2462e-05
5.24466e-05
5.24433e-05
5.24362e-05
5.24281e-05
5.24168e-05
5.23895e-05
5.23535e-05
5.23172e-05
5.22784e-05
5.22402e-05
5.22048e-05
5.21903e-05
5.22031e-05
5.22559e-05
5.23133e-05
5.23579e-05
5.23861e-05
5.24008e-05
5.2402e-05
5.23859e-05
5.23659e-05
5.23434e-05
5.23147e-05
5.22798e-05
5.224e-05
5.21945e-05
5.21495e-05
5.21061e-05
5.20669e-05
5.20289e-05
5.1995e-05
5.19628e-05
5.19328e-05
5.19041e-05
5.1876e-05
5.18515e-05
5.18311e-05
5.18111e-05
5.17919e-05
5.177e-05
5.17503e-05
5.1731e-05
5.17124e-05
5.16973e-05
5.1686e-05
5.16778e-05
5.16688e-05
5.1662e-05
5.16578e-05
5.1656e-05
5.16561e-05
5.16578e-05
5.16606e-05
5.16601e-05
5.16575e-05
5.16515e-05
5.16414e-05
5.16337e-05
5.16286e-05
5.16259e-05
5.16254e-05
5.16266e-05
5.16292e-05
5.1633e-05
5.16377e-05
5.1643e-05
5.16488e-05
5.16548e-05
5.1661e-05
5.16672e-05
8.79227e-05
0.000179707
0.000202438
0.000202061
0.000194353
0.000184705
0.00017493
0.000165608
0.000156901
0.000148829
0.000141366
0.000134474
0.000128106
0.000122228
0.0001168
0.000111788
0.000107159
0.000102886
9.89419e-05
9.53027e-05
9.19408e-05
8.88381e-05
8.59754e-05
8.33491e-05
8.09446e-05
7.87255e-05
7.66746e-05
7.4779e-05
7.30235e-05
7.13983e-05
6.9894e-05
6.85045e-05
6.72215e-05
6.60366e-05
6.49424e-05
6.39318e-05
6.29894e-05
6.21135e-05
6.13056e-05
6.05608e-05
5.98746e-05
5.92404e-05
5.86508e-05
5.81052e-05
5.75971e-05
5.71282e-05

