5e-05
5.02631e-05
5.04691e-05
5.06301e-05
5.07572e-05
5.08582e-05
5.09394e-05
5.10093e-05
5.10945e-05
5.12192e-05
5.13914e-05
5.15577e-05
5.1698e-05
5.18291e-05
5.19884e-05
5.21653e-05
5.23197e-05
5.24384e-05
5.25182e-05
0.000148169
0.000195384
0.000203187
0.000198044
0.000189017
0.000179328
0.000170084
0.000161483
0.000153513
0.000146065
0.000139059
0.000132609
0.000126661
0.000121143
0.000115993
0.000111198
0.000106743
0.000102606
9.87672e-05
9.52078e-05
9.19096e-05
8.88551e-05
8.60273e-05
8.34052e-05
8.09782e-05
7.87263e-05
7.6654e-05
7.47665e-05
7.30338e-05
7.17118e-05
7.10182e-05
7.0647e-05
7.02595e-05
6.95501e-05
6.864e-05
6.76833e-05
6.67049e-05
6.57155e-05
6.47555e-05
6.38375e-05
6.29553e-05
6.20944e-05
6.12797e-05
6.05235e-05
5.98234e-05
5.91753e-05
5.85742e-05
5.80194e-05
5.75055e-05
5.70288e-05
5.65867e-05
5.61804e-05
5.58091e-05
5.54699e-05
5.51574e-05
5.48705e-05
5.46068e-05
5.43663e-05
5.41449e-05
5.39365e-05
5.37409e-05
5.35593e-05
0.000162356
0.000200795
0.00020547
0.000199182
0.000189728
0.000179747
0.000170102
0.00016105
0.000166484
0.00025753
0.000276209
0.000270797
0.000258009
0.000243522
0.000229227
0.000215736
0.000203191
0.00019158
0.000180851
0.000170944
0.000161793
0.000153337
0.000145525
0.000138312
0.000131654
0.000125526
0.000119871
0.000114644
0.00010981
0.000105347
0.000101226
9.74204e-05
9.38994e-05
9.06466e-05
8.76406e-05
8.4863e-05
0.000187206
0.000222159
0.000224646
0.0002167
0.000205843
0.000194605
0.000183807
0.000173696
0.000164314
0.000155637
0.000147623
0.000140224
0.000133394
0.000127091
0.000121272
0.000115901
0.000110945
0.000106391
0.000102216
9.83897e-05
9.48656e-05
9.15986e-05
8.85974e-05
8.58261e-05
8.32714e-05
8.09399e-05
7.879e-05
7.67964e-05
7.49416e-05
7.31921e-05
7.16118e-05
0.000122559
0.000197425
0.000213975
0.000211075
0.000202125
0.000191712
0.000181356
0.000223208
0.000282492
0.000289686
0.000360062
0.000374232
0.000362461
0.000343035
0.000322156
0.000308479
0.000376521
0.000382064
0.000367156
0.000346509
0.000325078
0.000304475
0.000285174
0.000267258
0.000250687
0.000235387
0.00022128
0.000208257
0.000196233
0.000185133
0.000174878
0.000200031
0.00027006
0.000281318
0.000273312
0.000259585
0.000244729
0.000230262
0.000216649
0.000203995
0.000192285
0.000181467
0.000171477
0.000162256
0.000153743
0.000145879
0.000138616
0.000131912
0.000125726
0.000120015
0.000114742
0.000109875
0.000105381
0.000101234
9.74035e-05
9.38683e-05
9.0602e-05
0.000120042
0.000206901
0.000226645
0.000224076
0.000214549
0.000203292
0.000192053
0.000181389
0.000171445
0.000162231
0.000153715
0.000145854
0.000138614
0.000131936
0.000125774
0.00012008
0.000114818
0.000109952
0.000105457
0.000101308
9.74792e-05
9.39419e-05
9.06735e-05
8.76568e-05
8.48719e-05
8.22978e-05
7.99186e-05
7.77229e-05
7.56936e-05
7.3818e-05
7.20884e-05
7.04925e-05
6.90144e-05
6.76472e-05
6.63895e-05
6.52525e-05
6.42116e-05
6.32569e-05
6.23992e-05
6.16131e-05
6.08887e-05
6.02142e-05
5.95787e-05
5.8987e-05
5.84359e-05

