5e-05
5.02669e-05
5.04842e-05
5.06602e-05
5.08034e-05
5.09206e-05
5.10168e-05
5.10963e-05
5.11623e-05
5.12174e-05
5.12636e-05
5.13095e-05
5.14275e-05
5.16623e-05
5.19402e-05
5.22773e-05
5.26037e-05
5.28783e-05
5.30878e-05
5.31765e-05
5.31486e-05
5.30867e-05
6.62448e-05
0.000173995
0.000202331
0.000203732
0.000196504
0.0001869
0.000177026
0.000167562
0.000158706
0.000150493
0.000142898
0.00013588
0.000129401
0.000123421
0.000117903
0.00011281
0.000108106
0.000103761
9.97507e-05
9.60489e-05
9.26273e-05
8.94696e-05
8.65568e-05
8.387e-05
8.13918e-05
7.91058e-05
7.69971e-05
7.5052e-05
7.32538e-05
7.15935e-05
7.00582e-05
6.86582e-05
6.73887e-05
6.62225e-05
6.51354e-05
6.413e-05
6.32012e-05
6.23398e-05
6.15284e-05
6.0771e-05
6.00719e-05
5.94271e-05
5.8829e-05
5.8277e-05
5.77685e-05
5.73004e-05
5.68693e-05
5.64724e-05
5.61067e-05
5.57621e-05
5.54394e-05
5.51427e-05
5.48702e-05
5.46124e-05
5.43721e-05
5.41522e-05
5.39481e-05
5.37612e-05
5.3591e-05
5.34341e-05
5.32889e-05
5.31536e-05
5.30291e-05
5.66044e-05
0.000170561
0.000201741
0.000204062
0.000197105
0.000187555
0.000177665
0.000168167
0.000159271
0.000151016
0.000143382
0.000136331
0.000129822
0.000123814
0.000118269
0.000113148
0.000108419
0.000104055
0.000100027
9.63061e-05
0.000117472
0.000209932
0.000231365
0.000229103
0.000219428
0.00020789
0.000196343
0.000257967
0.000299721
0.000300469
0.00028815
0.000272304
0.00025614
0.000240692
0.00022625
0.000212858
0.000200476
0.000189039
0.00017848
0.000168732
0.000159735
0.00015143
0.000143764
0.000136687
0.000130155
0.000124125
0.000118555
0.000113411
0.000108682
0.000104333
0.000100318
9.66112e-05
9.31891e-05
9.00284e-05
8.71289e-05
8.4476e-05
8.20308e-05
7.97652e-05
7.76606e-05
7.57058e-05
7.38984e-05
0.000159439
0.000208228
0.000215889
0.000210044
0.000200612
0.000190566
0.000181459
0.00026912
0.00028795
0.000282391
0.000269311
0.000254413
0.000239624
0.000225586
0.000212458
0.000200313
0.000189047
0.000178598
0.000168921
0.000159974
0.000151706
0.000144067
0.000137009
0.000130489
0.000124458
0.00011888
0.000113725
0.000185995
0.00023611
0.000242741
0.00023521
0.000223562
0.00021119
0.000199213
0.000275112
0.000304171
0.000300662
0.000286984
0.000270764
0.000254558
0.000239176
0.000224833
0.000211546
0.000199264
0.000187915
0.000177431
0.000167754
0.000158824
0.000150611
0.000143448
0.000150619
0.000329834
0.000346675
0.000326394
0.000305538
0.000286101
0.000268101
0.000251457
0.000236226
0.000222351
0.00020953
0.000197627
0.000186575
0.000176331
0.000166841
0.000158055
0.000149925
0.000142405
0.000135451
0.000129018
0.000123075
0.000117583
0.000112508
0.000107821
0.000103494
0.000139029
0.000222956
0.00024098
0.000237157
0.000226576
0.000214382
0.000202291
0.000190844
0.00018018
0.000170305
0.000161178
0.00015275
0.000144968
0.000137782
0.00013115
0.000125029
0.000119379
0.000114164
0.000109347
0.000104907
0.000100828
9.70714e-05
9.37565e-05
9.11411e-05
8.90687e-05
8.78199e-05
0.000254502
0.000301961
0.00028577

