5e-05
5.02669e-05
5.04842e-05
5.06602e-05
5.08034e-05
5.09206e-05
5.10168e-05
5.10963e-05
5.11623e-05
5.12174e-05
5.12636e-05
5.13026e-05
5.1338e-05
5.1391e-05
5.14557e-05
5.15345e-05
5.16461e-05
5.17599e-05
5.18622e-05
5.19399e-05
5.19775e-05
5.19921e-05
5.19993e-05
5.19914e-05
5.19784e-05
5.19645e-05
5.19505e-05
5.19368e-05
9.43958e-05
0.00018206
0.000203394
0.000202505
0.0001946
0.000184869
0.000175051
0.000165703
0.000156977
0.00014889
0.000141415
0.000134513
0.000128142
0.000122262
0.000116836
0.000111826
0.000107199
0.000102936
9.90244e-05
9.54217e-05
9.20987e-05
8.90479e-05
8.62316e-05
8.36245e-05
8.12013e-05
7.89547e-05
7.68746e-05
7.49532e-05
7.31754e-05
7.15313e-05
7.00093e-05
6.85989e-05
6.72899e-05
6.60771e-05
6.49566e-05
6.39221e-05
6.29675e-05
6.20844e-05
6.12665e-05
6.05131e-05
5.98171e-05
5.91743e-05
5.85835e-05
5.80778e-05
5.7936e-05
5.8104e-05
5.83618e-05
5.86663e-05
5.89232e-05
5.90452e-05
5.90401e-05
5.90628e-05
5.91542e-05
5.91205e-05
5.888e-05
5.85548e-05
5.81967e-05
5.78312e-05
5.7478e-05
5.71633e-05
5.68361e-05
5.65189e-05
5.62158e-05
5.59194e-05
5.56377e-05
5.53671e-05
5.51099e-05
5.48696e-05
5.46458e-05
5.44377e-05
5.42446e-05
5.40655e-05
5.38996e-05
5.3746e-05
5.36021e-05
5.34647e-05
5.33355e-05
5.32127e-05
5.30957e-05
5.29881e-05
5.28902e-05
5.27992e-05
5.27132e-05
5.26311e-05
5.25564e-05
5.24861e-05
5.24227e-05
5.23921e-05
5.23807e-05
5.23854e-05
5.24179e-05
5.24557e-05
5.24974e-05
5.25759e-05
5.26599e-05
5.27286e-05
5.27565e-05
0.00014813
0.000194955
0.000202681
0.000197553
0.000188593
0.000178879
0.000169438
0.000160547
0.000152268
0.000144588
0.000137487
0.000130936
0.000124948
0.000119426
0.000114313
0.000109587
0.00010522
0.000101182
9.74465e-05
9.39903e-05
9.08631e-05
8.84513e-05
8.65386e-05
8.49706e-05
8.36322e-05
8.25176e-05
9.08287e-05
0.00032631
0.000401202
0.000397706
0.000378934
0.000356467
0.000333931
0.000312502
0.000292504
0.000273968
0.000256832
0.000241006
0.000226396
0.000212909
0.000200459
0.000218814
0.000298572
0.000311401
0.000302338
0.00028679
0.000269972
0.0002536
0.000238197
0.00022388
0.000210631
0.000198392
0.000187091
0.000176712
0.000167436
0.000159079
0.000151355
0.00014416
0.000137461
0.000131209
0.00012537
0.00011992
0.000114839
0.000110097
0.000105687
0.000101588
9.77885e-05
9.42711e-05
9.10137e-05
8.79917e-05
8.51935e-05
8.26083e-05
8.02175e-05
7.80203e-05
7.60078e-05
7.41478e-05
7.24275e-05
7.08346e-05
6.9359e-05
6.79957e-05
6.67368e-05
6.55706e-05
6.44896e-05
6.34886e-05
6.25641e-05
6.17103e-05
6.09205e-05
6.01925e-05
5.95216e-05
0.000134519
0.000196657
0.000209065
0.000205061
0.000196039
0.000185878
0.000199773
0.000279171
0.000292009
0.000284178
0.00027028
0.000255151
0.000240354
0.000226347
0.00021323
0.000201013
0.000189679
0.000179182
0.000169467
0.000160479
0.000152168
0.000144484
0.000137381
0.000130815
0.000207657
0.000251033
0.000254778
0.000245726
0.000233056
0.000219874
0.000207194
0.000195315
0.000184289
0.000174085
0.000164656
0.00015595

