5e-05
5.02631e-05
5.04691e-05
5.06301e-05
5.07572e-05
5.08582e-05
5.09394e-05
5.10052e-05
5.10714e-05
5.11509e-05
5.12253e-05
5.12901e-05
5.13444e-05
5.13812e-05
5.14059e-05
5.1447e-05
5.14991e-05
0.000155197
0.000196721
0.000202623
0.000282172
0.000310366
0.000306274
0.00029213
0.000275498
0.000258912
0.000243179
0.000228511
0.000214921
0.000237188
0.000303743
0.000312141
0.000301651
0.00030198
0.000367202
0.000372005
0.000357359
0.000337278
0.000316505
0.00029657
0.000277908
0.000260589
0.000244569
0.000229767
0.000216096
0.000203471
0.000191814
0.000181045
0.000171096
0.000207072
0.000270841
0.000280038
0.00027144
0.000257615
0.000242826
0.000228478
0.000214994
0.000293064
0.000315816
0.000309724
0.000294767
0.000277736
0.000260908
0.000244993
0.000230168
0.000216438
0.000203746
0.000192025
0.000181206
0.000171221
0.000162003
0.000153497
0.000145647
0.000138403
0.000131718
0.000125548
0.000119855
0.00011462
0.000109806
0.000105368
0.000101271
9.7482e-05
9.39695e-05
9.07223e-05
8.77232e-05
8.49533e-05
8.23952e-05
8.00302e-05
7.78354e-05
7.58063e-05
7.39312e-05
7.22003e-05
7.06024e-05
6.91266e-05
6.77656e-05
6.65103e-05
6.53501e-05
6.42801e-05
6.32939e-05
6.23823e-05
6.15409e-05
6.07653e-05
6.00477e-05
5.93843e-05
5.87734e-05
5.82285e-05
5.77343e-05
5.72807e-05
5.68596e-05
5.66716e-05
5.68076e-05
5.70078e-05
5.72286e-05
5.74006e-05
5.74795e-05
5.74533e-05
5.73264e-05
5.71076e-05
5.68477e-05
5.65574e-05
5.62549e-05
5.59556e-05
5.56612e-05
5.53751e-05
0.000167098
0.000201927
0.000205419
0.000198774
0.000189236
0.000179259
0.000169646
0.000160654
0.000170322
0.000255052
0.000271854
0.000266197
0.000253713
0.000239702
0.000225874
0.000212767
0.000200541
0.000189202
0.000178707
0.000169299
0.000171679
0.00039444
0.000448501
0.000430733
0.000405655
0.000379806
0.000355006
0.000331783
0.000310229
0.000290291
0.000271871
0.000254861
0.000239156
0.00024728
0.000327276
0.000338687
0.000327741
0.000310295
0.000291662
0.000273596
0.000256619
0.000240841
0.000226238
0.000212742
0.000200278
0.000188769
0.000281218
0.000304999
0.000299727
0.000285488
0.000269117
0.000252894
0.000237537
0.000223228
0.000209974
0.000197723
0.000186409
0.000175963
0.00016632
0.000157418
0.0001492
0.000141615
0.000134612
0.000128148
0.000122181
0.000116673
0.000111589
0.000106896
0.000102563
9.85637e-05
9.98471e-05
0.000207363
0.000233229
0.000232258
0.000222869
0.000211261
0.000281366
0.000313853
0.000310996
0.000296988
0.000280125
0.000263198
0.000247103
0.000232082
0.00022768
0.00031115
0.000324802
0.000315315
0.000298953
0.000281232
0.000263973
0.00024773
0.00023263
0.000218654
0.00020574
0.000193815
0.000182805
0.000172642
0.00016326
0.0001546
0.000146605
0.000139225
0.000132413
0.000126124
0.000222128
0.000254149
0.000254057
0.000243769
0.000230761
0.000217546
0.000204931
0.000193143
0.000182212
0.000172105
0.000162777
0.000154169
0.000146222
0.000138884
0.000132111
0.000125867
0.000120103
0.00011478
0.000109862
0.00010532
0.000101125
9.72512e-05

