5e-05
5.02669e-05
5.04842e-05
5.06602e-05
5.08034e-05
5.09206e-05
5.10168e-05
5.10963e-05
5.11623e-05
5.12174e-05
5.12636e-05
5.13026e-05
5.13512e-05
5.1429e-05
5.14946e-05
5.15838e-05
5.16912e-05
5.17934e-05
5.18792e-05
5.19263e-05
5.19266e-05
5.19097e-05
0.000105062
0.000185342
0.000204096
0.000202346
0.000194177
0.000184385
0.000174572
0.000165245
0.000156544
0.000148483
0.000141033
0.000134155
0.000127807
0.000121949
0.000116543
0.000111554
0.00010695
0.000102702
9.87812e-05
9.51609e-05
9.18167e-05
8.87291e-05
8.58767e-05
8.32445e-05
8.0816e-05
7.85754e-05
7.65082e-05
7.46009e-05
7.28387e-05
7.12057e-05
6.96903e-05
6.82887e-05
6.69967e-05
6.58036e-05
6.47028e-05
6.36875e-05
6.27758e-05
6.1949e-05
6.11684e-05
6.04373e-05
5.97639e-05
5.91442e-05
5.85736e-05
5.80443e-05
5.75502e-05
5.70947e-05
5.66699e-05
5.62763e-05
5.59146e-05
5.55767e-05
5.52641e-05
5.49746e-05
5.47029e-05
5.44498e-05
5.42171e-05
5.40027e-05
5.38075e-05
5.36301e-05
5.34691e-05
5.33215e-05
5.31788e-05
5.30452e-05
5.29224e-05
9.68584e-05
0.000183228
0.000204006
0.000202912
0.000194927
0.000185157
0.000175314
0.000165944
0.000157197
0.00014909
0.000141594
0.000134673
0.000128285
0.000122385
0.000116939
0.000111907
0.000107277
0.000103016
9.90887e-05
9.54901e-05
0.000151499
0.00021748
0.000230137
0.000225207
0.000214919
0.000203442
0.000192164
0.000273189
0.000299959
0.00029596
0.000282379
0.000266464
0.000250599
0.000235546
0.000221512
0.000208507
0.000196487
0.000185414
0.000175196
0.000165762
0.000157051
0.000149003
0.000141563
0.00013469
0.000128361
0.000122887
0.000118356
0.000144723
0.000318122
0.000326985
0.000307239
0.000287734
0.000269598
0.000252812
0.000237302
0.000222977
0.000209751
0.000197542
0.000186277
0.000175893
0.000166329
0.000264675
0.000292067
0.000288696
0.000275683
0.000260253
0.00024483
0.000265796
0.00033216
0.000339089
0.000326786
0.000308985
0.000290332
0.000272348
0.000255483
0.000239825
0.000225341
0.000211963
0.000199611
0.000188205
0.000177676
0.000167975
0.000159031
0.000150776
0.000143158
0.000136128
0.000129635
0.000123633
0.000216399
0.000250186
0.000250905
0.000241078
0.000228391
0.000215433
0.000205722
0.000294461
0.000311383
0.000303648
0.000288461
0.000271676
0.000255232
0.000239748
0.000225356
0.000212036
0.000199727
0.000188355
0.000177845
0.000168138
0.000159176
0.000150901
0.000143261
0.000136208
0.000129695
0.000123683
0.000118135
0.000113011
0.000108281
0.000103912
9.98777e-05
9.61465e-05
9.26981e-05
8.95134e-05
8.65731e-05
8.38594e-05
8.13558e-05
7.90473e-05
7.69187e-05
7.49559e-05
7.31461e-05
7.14772e-05
7.00514e-05
6.90351e-05
6.81999e-05
6.74481e-05
6.67415e-05
6.60396e-05
0.000134518
0.000195201
0.000207516
0.000203683
0.000194867
0.000184895
0.00017504
0.00016571
0.000157013
0.000148951
0.000141495
0.000134605
0.000128238
0.000122353
0.00011692
0.000111902
0.00010727
0.000102994
9.90416e-05
9.5392e-05
9.20196e-05
8.89067e-05
8.60339e-05
8.33828e-05
8.09365e-05
7.86791e-05
7.65959e-05
7.46735e-05
7.28959e-05

