5e-05
5.02631e-05
5.04691e-05
5.06301e-05
5.07572e-05
5.08582e-05
5.09394e-05
5.10052e-05
5.10714e-05
5.11509e-05
5.12253e-05
5.12901e-05
5.13444e-05
5.13812e-05
5.14059e-05
5.1447e-05
5.14991e-05
5.15444e-05
5.15792e-05
5.16074e-05
0.000131278
0.000191852
0.000204023
0.000200204
0.000191489
0.000181654
0.000171961
0.000162803
0.000154277
0.000146376
0.00013907
0.000132325
0.0001261
0.000120355
0.000115052
0.000110158
0.000105642
0.000101477
9.76584e-05
9.41463e-05
9.09082e-05
8.79191e-05
8.5158e-05
8.26062e-05
8.02474e-05
7.80667e-05
7.60505e-05
7.4182e-05
7.24489e-05
7.08439e-05
6.93569e-05
6.79837e-05
6.67131e-05
6.5537e-05
6.4452e-05
6.34519e-05
6.25299e-05
6.16785e-05
6.08914e-05
6.01615e-05
5.94785e-05
5.8847e-05
5.82666e-05
5.77315e-05
5.72351e-05
5.67764e-05
5.63521e-05
5.59608e-05
5.56019e-05
5.52726e-05
5.49696e-05
5.46924e-05
5.4439e-05
5.42073e-05
5.39954e-05
5.38016e-05
5.36244e-05
5.34817e-05
5.33685e-05
5.32691e-05
5.31777e-05
5.77594e-05
0.000170519
0.000201188
0.000203397
0.00019645
0.000186943
0.000246035
0.000292698
0.000295365
0.000283914
0.000268553
0.000252723
0.000237543
0.000223336
0.000210155
0.000197963
0.000186702
0.000176305
0.000166705
0.000157843
0.000149663
0.000142111
0.000135138
0.000128703
0.000122782
0.000117324
0.000186364
0.000238324
0.000244946
0.000237613
0.000226317
0.000214347
0.000202724
0.000191728
0.000181415
0.000171769
0.000162755
0.000154374
0.000146586
0.000139362
0.000132673
0.000126481
0.00012075
0.000115447
0.000110542
0.00010601
0.000101822
9.79514e-05
9.43775e-05
9.10791e-05
8.80554e-05
8.53563e-05
8.29307e-05
8.0698e-05
7.86332e-05
7.67665e-05
7.50508e-05
7.34294e-05
7.18858e-05
7.04377e-05
6.90823e-05
6.7817e-05
6.69319e-05
6.69437e-05
0.000242272
0.000279301
0.000263471
0.000247271
0.000232206
0.000218269
0.000205391
0.000193497
0.000182514
0.000172373
0.000163011
0.000154367
0.000146387
0.00013902
0.000132222
0.000125954
0.000120167
0.000114827
0.000109902
0.000105354
0.000101152
9.72698e-05
9.36832e-05
9.03705e-05
8.7311e-05
8.44858e-05
8.1877e-05
7.94682e-05
7.72443e-05
7.51909e-05
7.32951e-05
7.15449e-05
6.99291e-05
6.84375e-05
6.70606e-05
6.57895e-05
0.000182878
0.000216727
0.000219099
0.000211352
0.000200782
0.000189847
0.000179349
0.000169519
0.000160397
0.000151959
0.000144165
0.000136968
0.000130324
0.000124191
0.000118536
0.000113395
0.000108684
0.000104338
0.000100301
9.65421e-05
9.30481e-05
8.98096e-05
8.68112e-05
8.40376e-05
8.14733e-05
7.91038e-05
7.69151e-05
7.48935e-05
7.30268e-05
7.13033e-05
6.97119e-05
6.82426e-05
6.68861e-05
6.56338e-05
6.44777e-05
6.34107e-05
6.24258e-05
6.15168e-05
6.06777e-05
5.99034e-05
5.9189e-05
5.85297e-05
5.79213e-05
5.73597e-05
5.68413e-05
5.63627e-05
5.59211e-05
5.55137e-05
5.51378e-05
5.47909e-05
5.44708e-05
5.41753e-05
5.39027e-05
5.36511e-05
5.3419e-05
5.32049e-05
5.30074e-05
5.28328e-05
5.26767e-05
5.25324e-05
5.23978e-05
5.22738e-05
5.21682e-05
5.20707e-05
5.19778e-05
5.1889e-05
5.18041e-05
5.17237e-05
5.16477e-05

