5e-05
5.02667e-05
5.04834e-05
5.06586e-05
5.08009e-05
5.09171e-05
5.10125e-05
5.10977e-05
5.12653e-05
5.14836e-05
5.16951e-05
5.1879e-05
5.20169e-05
5.20969e-05
5.21514e-05
5.22074e-05
5.22795e-05
5.23419e-05
5.24123e-05
5.24629e-05
0.000147979
0.000195671
0.000203606
0.00019848
0.000189444
0.000179821
0.000170759
0.000162447
0.000155141
0.000190816
0.000352115
0.0003527
0.000330806
0.000309465
0.000289648
0.000271321
0.00025439
0.000238755
0.00022432
0.000210994
0.000198694
0.000187342
0.000176866
0.000167198
0.000158277
0.00015006
0.000142493
0.000135517
0.000129079
0.000123148
0.000117697
0.000112688
0.000108057
0.00010376
9.97836e-05
9.61098e-05
9.27113e-05
8.95715e-05
8.66678e-05
8.39831e-05
8.14818e-05
7.91613e-05
7.70205e-05
7.50445e-05
7.32212e-05
7.15363e-05
6.99809e-05
6.85476e-05
6.72275e-05
6.60091e-05
6.48844e-05
6.38419e-05
6.28812e-05
6.19972e-05
6.11829e-05
6.0429e-05
5.97312e-05
5.90893e-05
5.84991e-05
5.7954e-05
5.74512e-05
5.69841e-05
5.65513e-05
5.61513e-05
5.57833e-05
5.54457e-05
5.51338e-05
5.4847e-05
5.45781e-05
5.433e-05
5.41032e-05
5.38937e-05
5.36989e-05
5.35186e-05
5.33885e-05
5.35451e-05
5.39098e-05
5.43266e-05
5.46722e-05
5.49291e-05
5.50301e-05
5.50433e-05
5.4996e-05
5.48934e-05
5.47658e-05
5.46234e-05
5.44709e-05
5.43067e-05
5.41432e-05
5.39839e-05
5.38305e-05
5.36837e-05
5.35456e-05
5.34424e-05
5.33522e-05
5.32679e-05
5.3176e-05
5.30761e-05
5.29768e-05
5.28812e-05
5.27888e-05
5.27029e-05
5.26203e-05
5.25385e-05
5.2457e-05
5.23812e-05
5.23128e-05
5.22509e-05
5.21918e-05
5.21357e-05
5.20855e-05
5.20411e-05
5.20097e-05
5.20077e-05
5.20146e-05
5.20188e-05
5.20388e-05
5.2064e-05
5.21024e-05
5.22442e-05
5.24706e-05
5.27156e-05
5.28942e-05
5.30236e-05
5.3151e-05
5.33148e-05
5.33677e-05
5.33772e-05
5.33584e-05
5.33057e-05
0.000156083
0.000198124
0.00020413
0.000198363
0.000189129
0.000179254
0.000169672
0.000160666
0.000152325
0.000144835
0.000138087
0.000131956
0.000126241
0.000120804
0.000115713
0.000110994
0.000106655
0.000102635
9.88937e-05
9.53871e-05
9.21174e-05
8.90752e-05
8.62514e-05
8.36342e-05
8.12131e-05
7.8974e-05
0.000158356
0.000211874
0.000220742
0.000215052
0.000205031
0.000194136
0.000183506
0.000173493
0.000265652
0.00028844
0.000283744
0.000270549
0.00025532
0.000240209
0.000225894
0.000257329
0.000314457
0.000319316
0.000307257
0.000291038
0.000274485
0.000258626
0.000243534
0.000229354
0.000216114
0.000203806
0.000192354
0.000181727
0.000171877
0.000162732
0.000154252
0.000146406
0.000139152
0.000132447
0.000126254
0.000120569
0.000115652
0.000111305
0.00010739
0.000103738
0.000100302
9.71086e-05
9.40904e-05
9.1222e-05
8.84709e-05
8.58671e-05
8.34151e-05
8.11009e-05
7.89253e-05
7.68968e-05
7.50113e-05
7.32553e-05
7.16188e-05
7.0097e-05
6.86854e-05
6.73796e-05
6.61745e-05
6.50631e-05
6.40346e-05
6.3085e-05
6.221e-05
6.14041e-05
6.06592e-05
5.99698e-05
5.93268e-05
5.87334e-05
5.81995e-05
5.77282e-05
5.73022e-05
5.69175e-05
5.6613e-05
5.63779e-05
5.61556e-05
5.59383e-05

