5e-05
5.02631e-05
5.04691e-05
5.06301e-05
5.07572e-05
5.08582e-05
5.09394e-05
5.10052e-05
5.10761e-05
5.1157e-05
5.12311e-05
5.12951e-05
5.13562e-05
5.14249e-05
5.15046e-05
5.16016e-05
5.16913e-05
5.17665e-05
8.25082e-05
0.0001773
0.000201235
0.000201306
0.000193792
0.000184237
0.000174509
0.000165214
0.000156527
0.000148472
0.000141023
0.000134137
0.000127776
0.000121905
0.000116486
0.000208786
0.00024531
0.000247126
0.000237826
0.000225469
0.000212762
0.000200586
0.000189196
0.000178631
0.000168862
0.00015984
0.000151527
0.000143875
0.00013681
0.000130288
0.000124296
0.000118771
0.000113662
0.000108934
0.000104545
0.000100482
9.67294e-05
9.32613e-05
9.00784e-05
8.71574e-05
8.44903e-05
8.20352e-05
7.9746e-05
7.76228e-05
7.56594e-05
7.38433e-05
7.2163e-05
7.0605e-05
6.91568e-05
6.78383e-05
6.66233e-05
6.5503e-05
6.44684e-05
6.35104e-05
6.26179e-05
6.17907e-05
6.10246e-05
6.03153e-05
5.96586e-05
5.90484e-05
5.84807e-05
5.79557e-05
0.00016901
0.000203646
0.000206985
0.000200206
0.000190551
0.000180467
0.000170755
0.000161652
0.000153202
0.000145385
0.000138165
0.000131499
0.000125344
0.000119657
0.000114418
0.0001096
0.000105158
0.000101057
9.72731e-05
9.37786e-05
9.05481e-05
8.75645e-05
8.48076e-05
8.22546e-05
7.98946e-05
7.77135e-05
7.56971e-05
7.38358e-05
7.21168e-05
7.05289e-05
6.90642e-05
6.77134e-05
6.64667e-05
6.53169e-05
6.43011e-05
6.33995e-05
6.25774e-05
6.18178e-05
6.11106e-05
6.04492e-05
5.98294e-05
5.92492e-05
5.87414e-05
5.83252e-05
5.79391e-05
5.75463e-05
5.71657e-05
5.67834e-05
5.64186e-05
5.60893e-05
5.60856e-05
5.64059e-05
5.68736e-05
0.000151113
0.000193726
0.000200433
0.00019525
0.000186544
0.000177086
0.000251181
0.000286329
0.000285733
0.000273773
0.000258796
0.000243653
0.000265932
0.000423912
0.000462306
0.000500204
0.000490237
0.000465034
0.000436161
0.000407556
0.000380482
0.000355255
0.000331885
0.00031029
0.000290346
0.000271929
0.000254922
0.000239218
0.00022472
0.000211334
0.000198975
0.000276633
0.000312317
0.000310464
0.000296772
0.000280006
0.00026311
0.000247024
0.000232007
0.000218086
0.000205219
0.000193406
0.000182517
0.000172448
0.000163133
0.000154516
0.000146548
0.000139184
0.00013238
0.000126095
0.000120291
0.000114932
0.000109984
0.000105415
0.000101198
9.73042e-05
9.37096e-05
9.03916e-05
8.7329e-05
8.45018e-05
8.1892e-05
7.94828e-05
7.7259e-05
7.52064e-05
7.33121e-05
7.15713e-05
6.99667e-05
6.84845e-05
6.71145e-05
6.58482e-05
6.4678e-05
6.35966e-05
6.25976e-05
6.16747e-05
6.08227e-05
6.00365e-05
5.93105e-05
5.86407e-05
5.80305e-05
6.05722e-05
0.00017614
0.000207666
0.000209776
0.000202426
0.000192438
0.000182114
0.000172204
0.000162925
0.000154314
0.000146349
0.000138997
0.000132214
0.000125952
0.000199416
0.000250117
0.000256185
0.000247754
0.000235138
0.000221828
0.000208967
0.000196903
0.000185706
0.000175346
0.000165773
0.000156941
0.000148788
0.00014126
0.000134307
0.000127885
0.000121954
0.000116478
0.000111421
0.000106751
0.000102441
9.84607e-05
9.47942e-05
9.14148e-05

