5e-05
5.02631e-05
5.04691e-05
5.06301e-05
5.07572e-05
5.08582e-05
5.09394e-05
5.10052e-05
5.10761e-05
5.1157e-05
5.12311e-05
5.12951e-05
5.13562e-05
5.14249e-05
5.15046e-05
5.16016e-05
5.16913e-05
5.17665e-05
5.18252e-05
5.18553e-05
5.18578e-05
5.18573e-05
5.18531e-05
5.18364e-05
5.18136e-05
5.17895e-05
5.17666e-05
5.17463e-05
5.17277e-05
5.17046e-05
5.16805e-05
5.16595e-05
5.16412e-05
5.16222e-05
5.15984e-05
5.15758e-05
5.15574e-05
5.15418e-05
5.15255e-05
5.15122e-05
5.15026e-05
5.14961e-05
5.14925e-05
5.14911e-05
5.15076e-05
5.15441e-05
5.15787e-05
5.16092e-05
5.16659e-05
5.1725e-05
5.17711e-05
5.1801e-05
5.18053e-05
5.17968e-05
5.17873e-05
5.17745e-05
5.17812e-05
5.18047e-05
5.18556e-05
0.000161985
0.000197852
0.000201916
0.000195654
0.000186422
0.00017671
0.000167329
0.000158518
0.000210332
0.000267163
0.000274361
0.000265438
0.000251842
0.000237439
0.000223505
0.000210421
0.000198265
0.000187016
0.000176619
0.000167013
0.000158144
0.000149954
0.000142387
0.0001354
0.000128948
0.000122989
0.000117486
0.000112405
0.000107715
0.000103387
9.93913e-05
9.57042e-05
9.23023e-05
8.91598e-05
8.62553e-05
8.35837e-05
8.11366e-05
7.88827e-05
7.68024e-05
7.4883e-05
7.311e-05
7.14685e-05
6.99518e-05
6.8549e-05
6.7246e-05
0.00016257
0.000206945
0.000213215
0.000207051
0.000197248
0.000186782
0.000176635
0.000167102
0.000158244
0.000150049
0.000142522
0.000135608
0.000129234
0.00012335
0.000117912
0.000112883
0.000108232
0.000103931
9.99877e-05
9.64003e-05
9.30869e-05
8.99918e-05
8.71167e-05
8.44316e-05
8.19411e-05
7.96495e-05
7.78344e-05
7.64826e-05
7.54067e-05
7.43136e-05
7.3094e-05
7.18007e-05
7.05387e-05
6.93664e-05
6.82037e-05
6.70446e-05
6.59276e-05
6.48798e-05
6.39007e-05
6.29959e-05
6.22025e-05
9.82251e-05
0.000269043
0.000275193
0.000354703
0.000383608
0.000376274
0.000357581
0.000336176
0.000314987
0.000294933
0.000276248
0.000258947
0.000242957
0.000228184
0.000214541
0.000201943
0.00019031
0.000179569
0.000217533
0.000288974
0.000299656
0.000290495
0.000293306
0.000367026
0.000374515
0.00036056
0.000340495
0.0003195
0.00029927
0.000280371
0.000262846
0.000246618
0.000231606
0.000217727
0.0002049
0.00019305
0.000182105
0.000171997
0.000162664
0.000154047
0.000146091
0.000138747
0.000131967
0.000125707
0.000119929
0.000114595
0.000109672
0.000105127
0.000100931
9.70583e-05
9.34831e-05
9.01832e-05
8.71374e-05
8.43337e-05
8.17478e-05
7.93598e-05
7.71537e-05
7.51156e-05
7.32328e-05
7.14937e-05
6.98875e-05
6.84042e-05
6.70349e-05
6.5771e-05
6.46041e-05
6.35273e-05
6.25414e-05
6.16337e-05
6.07945e-05
6.0018e-05
5.92995e-05
5.86348e-05
0.000161378
0.000205402
0.000211586
0.000205435
0.000195674
0.000185258
0.000175164
0.000165687
0.00015688
0.00014873
0.000141198
0.000134241
0.000127816
0.000121884
0.000116408
0.000111352
0.00010669
0.000102393
9.84259e-05
9.47627e-05
9.1389e-05
8.82759e-05
8.53996e-05
8.27413e-05
8.02841e-05
7.8013e-05
7.59146e-05
7.39762e-05
7.21859e-05
7.05326e-05
6.90059e-05
6.76041e-05
6.63151e-05

