5e-05
5.02669e-05
5.04842e-05
5.06602e-05
5.08034e-05
5.09206e-05
5.10168e-05
5.10963e-05
5.11623e-05
5.12176e-05
5.12869e-05
5.13667e-05
5.145e-05
5.15795e-05
5.17152e-05
5.18422e-05
5.19518e-05
5.20405e-05
5.21036e-05
5.21321e-05
5.21392e-05
5.21334e-05
0.000103083
0.000184699
0.00020393
0.000202347
0.000194234
0.000184458
0.000174648
0.000165322
0.00015662
0.000148557
0.000141103
0.000134216
0.000127857
0.00012199
0.000116575
0.000111579
0.000106964
0.000102702
9.87703e-05
9.52107e-05
9.22809e-05
8.98656e-05
8.77381e-05
8.58484e-05
8.41483e-05
8.25763e-05
8.10702e-05
7.95759e-05
0.000110446
0.000194736
0.000263216
0.00041937
0.000414531
0.000389236
0.000363896
0.000340072
0.000317938
0.000301161
0.000387393
0.00039873
0.000384799
0.000363538
0.000341022
0.000319247
0.000298806
0.000279821
0.000262259
0.000246036
0.000231058
0.000217232
0.000204472
0.000192695
0.000181825
0.000171791
0.000162529
0.000153978
0.000146086
0.000138801
0.000132078
0.000125872
0.000120138
0.000114843
0.000109958
0.000105452
0.000101292
9.74526e-05
9.39064e-05
9.06349e-05
8.7617e-05
8.48307e-05
8.22604e-05
7.98898e-05
7.77034e-05
7.58421e-05
7.44387e-05
7.33132e-05
7.23329e-05
7.14051e-05
7.04728e-05
6.95117e-05
6.85228e-05
6.75212e-05
6.6525e-05
6.55506e-05
6.46095e-05
6.37097e-05
6.28557e-05
6.20498e-05
6.12924e-05
6.05831e-05
5.99204e-05
5.92978e-05
5.87118e-05
5.81643e-05
5.76561e-05
5.71862e-05
5.67523e-05
5.63517e-05
5.5982e-05
5.5641e-05
5.53265e-05
5.50365e-05
5.47676e-05
5.45332e-05
5.43314e-05
5.41494e-05
5.39767e-05
5.38159e-05
5.36659e-05
5.3522e-05
5.33849e-05
5.32569e-05
0.000131173
0.000192361
0.000204704
0.000200886
0.00019219
0.000223594
0.000287895
0.000296473
0.000286913
0.00027206
0.000256262
0.000240949
0.000226558
0.000213178
0.000200792
0.000189338
0.000214493
0.000283936
0.000294272
0.000285311
0.000270674
0.000254971
0.000239712
0.000225365
0.000212031
0.000199692
0.000188294
0.000177769
0.000168052
0.000159082
0.000150802
0.000143157
0.000136102
0.000129591
0.000123583
0.000118039
0.000112924
0.000108203
0.000103847
9.98263e-05
9.61162e-05
9.26922e-05
8.95323e-05
8.66158e-05
8.39241e-05
8.14398e-05
7.91466e-05
7.70264e-05
7.50685e-05
7.99575e-05
0.000187365
0.000215198
0.000215793
0.000207696
0.000197246
0.000186575
0.000184272
0.000274056
0.000291734
0.000285243
0.00027139
0.000255895
0.000240659
0.000226274
0.000212886
0.00020049
0.000189034
0.000178456
0.000168692
0.000159678
0.000151354
0.000143665
0.000136566
0.000130015
0.00012397
0.000118391
0.000113244
0.000108492
0.000104105
0.000100057
9.63183e-05
9.28662e-05
8.9678e-05
8.67324e-05
8.40131e-05
8.1505e-05
7.91901e-05
7.70537e-05
7.50836e-05
7.3267e-05
7.1592e-05
7.00475e-05
6.86208e-05
6.7303e-05
6.60847e-05
6.49612e-05
6.39242e-05
6.29662e-05
6.20833e-05
6.12699e-05
6.05203e-05
5.98297e-05
5.91933e-05
5.86035e-05
5.80554e-05
5.75502e-05
5.70834e-05
5.66518e-05
5.62546e-05
5.58868e-05
5.55477e-05
5.52361e-05
5.49489e-05
5.46776e-05
5.44234e-05
5.41901e-05

