5e-05
5.02631e-05
5.04691e-05
5.06301e-05
5.07572e-05
5.08582e-05
5.09394e-05
5.10052e-05
5.1059e-05
5.11231e-05
5.11962e-05
5.12637e-05
5.1322e-05
5.13611e-05
5.13897e-05
5.14127e-05
5.14312e-05
5.1446e-05
5.14579e-05
8.0121e-05
0.000177917
0.000202611
0.000202836
0.000195273
0.000185606
0.00017576
0.000166355
0.000157567
0.000149418
0.00014188
0.000134919
0.000128494
0.000122565
0.000117094
0.000112043
0.000107381
0.000103079
9.91066e-05
9.54402e-05
9.20573e-05
8.8936e-05
8.60546e-05
8.33937e-05
8.09385e-05
7.86733e-05
7.65834e-05
7.46551e-05
7.28729e-05
7.1228e-05
6.97081e-05
6.83046e-05
6.70088e-05
6.581e-05
6.46992e-05
6.36749e-05
6.27309e-05
6.18584e-05
6.10542e-05
6.03129e-05
5.97034e-05
5.94425e-05
5.94004e-05
5.93962e-05
5.93489e-05
5.92065e-05
5.89739e-05
5.8686e-05
5.83581e-05
5.80052e-05
5.76402e-05
5.72733e-05
5.69116e-05
5.65604e-05
5.62228e-05
5.58967e-05
5.55799e-05
5.52822e-05
5.50008e-05
5.47337e-05
5.44862e-05
5.42578e-05
5.40462e-05
5.38487e-05
5.36642e-05
5.34939e-05
5.3338e-05
5.3193e-05
5.30592e-05
5.29347e-05
5.28205e-05
5.27167e-05
5.26225e-05
5.25367e-05
5.24601e-05
5.24147e-05
5.23837e-05
5.23584e-05
5.23349e-05
5.23111e-05
5.22862e-05
5.22599e-05
5.22325e-05
5.22033e-05
5.2169e-05
5.21347e-05
5.21013e-05
5.20659e-05
5.2024e-05
5.1983e-05
5.19455e-05
5.19116e-05
5.1881e-05
5.18536e-05
5.18283e-05
5.17997e-05
5.17728e-05
5.1747e-05
5.17226e-05
5.16986e-05
5.16754e-05
5.16543e-05
5.16364e-05
5.16215e-05
5.16086e-05
5.15955e-05
5.15795e-05
5.15644e-05
5.15522e-05
5.15426e-05
5.15355e-05
5.15304e-05
0.000163709
0.000199931
0.000203942
0.000197522
0.000188115
0.000178235
0.000168704
0.000159765
0.000151463
0.000143783
0.000136689
0.000130136
0.000124086
0.000118504
0.000113368
0.000108635
0.000104294
0.000100301
9.66157e-05
9.32045e-05
9.00423e-05
8.71262e-05
8.44409e-05
9.31146e-05
0.000195174
0.000220666
0.000220293
0.000211711
0.000200946
0.000190023
0.000179597
0.000169849
0.000212568
0.000273386
0.000281506
0.00027248
0.0002585
0.000243649
0.000229258
0.000215739
0.000203175
0.000191544
0.000180797
0.000170871
0.000161702
0.000153237
0.000145437
0.000138258
0.000131636
0.000125523
0.000119877
0.000114651
0.00010982
0.000105357
0.000101235
9.74277e-05
9.39071e-05
9.06558e-05
8.76532e-05
8.48731e-05
8.23029e-05
7.99308e-05
7.77421e-05
7.57227e-05
7.38596e-05
7.21406e-05
7.05504e-05
6.90775e-05
6.77186e-05
6.64656e-05
6.53107e-05
6.44275e-05
6.39735e-05
6.3741e-05
6.34961e-05
6.32048e-05
6.28568e-05
6.24316e-05
6.19055e-05
6.13384e-05
6.0758e-05
6.01689e-05
5.95743e-05
5.90017e-05
5.84557e-05
5.79398e-05
5.74593e-05
5.70304e-05
5.66338e-05
5.62654e-05
5.59206e-05
5.56009e-05
0.000156951
0.000199838
0.000205987
0.000200156
0.000190813
0.000180825
0.000171136
0.000162031
0.000153571
0.000145742
0.000138511
0.000131848
0.000125703
0.000120033
0.000114798
0.00010996
0.0001055
0.000101404
9.76208e-05
9.41247e-05
9.09055e-05
8.79451e-05
8.52137e-05
8.26887e-05
8.0352e-05
7.83894e-05
7.70165e-05

