5e-05
5.02669e-05
5.04842e-05
5.06602e-05
5.08034e-05
5.09206e-05
5.10168e-05
5.1098e-05
5.11951e-05
5.12939e-05
5.13916e-05
5.15126e-05
5.16466e-05
0.000135749
0.000190616
0.000201026
0.000196901
0.000188366
0.00017885
0.000179511
0.000268721
0.000286515
0.000280348
0.00026687
0.000251736
0.000236838
0.000222766
0.000209666
0.000197533
0.000186317
0.000175959
0.000166396
0.000157567
0.000149419
0.000141895
0.000134951
0.000128544
0.00012263
0.000117173
0.000112133
0.000107482
0.000103186
9.92189e-05
9.55659e-05
9.22209e-05
8.91435e-05
8.63064e-05
8.36871e-05
8.12607e-05
7.90175e-05
7.69448e-05
7.5029e-05
7.32435e-05
7.15902e-05
7.00638e-05
6.86551e-05
6.73551e-05
6.61521e-05
6.504e-05
6.40139e-05
6.30607e-05
6.21743e-05
6.14449e-05
6.10724e-05
6.09029e-05
6.08345e-05
6.07316e-05
6.06016e-05
6.04242e-05
6.01879e-05
5.98953e-05
5.9557e-05
5.91868e-05
5.8798e-05
5.83948e-05
5.79833e-05
5.75824e-05
5.72027e-05
5.71847e-05
5.78284e-05
0.000170297
0.000280689
0.000271489
0.000255036
0.000239454
0.000225005
0.000211642
0.000204771
0.000307835
0.000328372
0.000320902
0.000304915
0.000287033
0.000269453
0.000252858
0.000237416
0.00022312
0.000209912
0.000197718
0.000186462
0.000176075
0.000166487
0.000157637
0.000149485
0.000141979
0.000135058
0.000128664
0.000122761
0.000117311
0.000112277
0.000107629
0.000103336
9.93703e-05
9.56969e-05
0.000179075
0.000228426
0.00023517
0.000228044
0.000216874
0.000204984
0.000193465
0.000182647
0.000172616
0.000163352
0.000154797
0.000146892
0.00013959
0.000132842
0.000126609
0.000120853
0.000115538
0.000110629
0.000106117
0.000101967
9.8133e-05
9.45908e-05
9.13123e-05
8.82822e-05
8.54776e-05
8.288e-05
8.04882e-05
7.83046e-05
7.62944e-05
7.44296e-05
7.26999e-05
7.10985e-05
6.96216e-05
6.82708e-05
6.70209e-05
6.58617e-05
6.47796e-05
6.37726e-05
6.28366e-05
6.19708e-05
6.11688e-05
6.04285e-05
5.97406e-05
5.90947e-05
5.84942e-05
5.80449e-05
5.78896e-05
5.78994e-05
5.79439e-05
5.79208e-05
5.77759e-05
5.75322e-05
5.72592e-05
5.69746e-05
5.6685e-05
5.63955e-05
5.61101e-05
5.58258e-05
5.55489e-05
5.52848e-05
5.50292e-05
5.47836e-05
5.45477e-05
5.43243e-05
5.41139e-05
5.39194e-05
5.37415e-05
5.36028e-05
5.34892e-05
5.33882e-05
5.32946e-05
5.32058e-05
5.31205e-05
5.30388e-05
5.29773e-05
5.29215e-05
5.28667e-05
5.28084e-05
5.27514e-05
5.26959e-05
5.26413e-05
5.25825e-05
5.25249e-05
5.24697e-05
5.24129e-05
5.23581e-05
5.23117e-05
5.22902e-05
5.22793e-05
5.22693e-05
5.22509e-05
5.22251e-05
5.2204e-05
5.22051e-05
5.22117e-05
5.22177e-05
5.22176e-05
5.21988e-05
5.2173e-05
5.21469e-05
5.21213e-05
5.20943e-05
5.20832e-05
5.20861e-05
5.20929e-05
5.20992e-05
5.21029e-05
5.20979e-05
5.2087e-05
5.2069e-05
5.20494e-05
5.20253e-05
5.2001e-05
5.1978e-05
5.19536e-05
5.19285e-05
5.19055e-05
5.18846e-05
5.18643e-05
5.18428e-05
5.18232e-05
5.1806e-05
5.17908e-05
5.17774e-05
5.17711e-05
5.17814e-05
5.17927e-05
5.18046e-05
5.18112e-05
5.18165e-05
5.18205e-05
5.18231e-05
5.18242e-05
5.18203e-05
5.18102e-05
5.17987e-05

