5e-05
5.02631e-05
5.04691e-05
5.06301e-05
5.07572e-05
5.08582e-05
5.09394e-05
5.10052e-05
5.10671e-05
5.11772e-05
5.12985e-05
5.14354e-05
5.15737e-05
5.16556e-05
5.17059e-05
5.17625e-05
5.18271e-05
5.19048e-05
5.1998e-05
5.20712e-05
5.21074e-05
5.212e-05
5.21198e-05
0.00014319
0.000195139
0.000204418
0.000199653
0.000190667
0.000180793
0.000171133
0.000162026
0.000153555
0.000145715
0.000138469
0.000131778
0.000125602
0.000119903
0.000114642
0.000109788
0.000105305
0.000101164
9.73417e-05
9.38117e-05
9.05545e-05
8.75493e-05
8.47767e-05
8.22186e-05
7.98584e-05
7.7682e-05
7.56914e-05
7.38624e-05
7.21778e-05
7.06213e-05
6.91789e-05
6.78455e-05
6.66129e-05
6.5472e-05
6.44109e-05
6.34244e-05
6.25111e-05
6.16573e-05
6.08589e-05
6.01206e-05
5.94402e-05
5.88129e-05
5.82356e-05
5.77033e-05
5.72134e-05
5.67619e-05
5.63474e-05
5.59647e-05
5.56128e-05
5.52875e-05
5.49876e-05
5.4708e-05
5.44516e-05
5.42171e-05
5.40022e-05
5.3803e-05
5.36207e-05
5.34542e-05
5.32992e-05
5.31539e-05
5.3021e-05
0.00012679
0.000191479
0.000204956
0.000201495
0.000192829
0.000182947
0.000173175
0.000163933
0.000155326
0.000147356
0.000139991
0.000133236
0.000127281
0.000121989
0.0001172
0.000112787
0.000108657
0.000104753
0.000101027
9.74832e-05
9.41477e-05
9.10429e-05
8.81806e-05
8.55147e-05
8.30271e-05
8.06988e-05
7.85251e-05
7.64977e-05
7.46154e-05
7.287e-05
7.1244e-05
6.97371e-05
6.83439e-05
6.70565e-05
6.58812e-05
6.4817e-05
6.38341e-05
6.29257e-05
6.20797e-05
6.12909e-05
6.0566e-05
5.99236e-05
0.000103247
0.000187002
0.000206832
0.000205333
0.000197121
0.000187187
0.000177205
0.00016771
0.000158846
0.00015062
0.000143013
0.000135988
0.000129525
0.000123574
0.000118083
0.000113014
0.000108331
0.000104004
0.000100006
9.63092e-05
9.28864e-05
8.97205e-05
8.67897e-05
8.40798e-05
8.1572e-05
7.9253e-05
7.7109e-05
7.51292e-05
7.33016e-05
7.16142e-05
7.0055e-05
6.86135e-05
6.72807e-05
6.60506e-05
6.49164e-05
6.38704e-05
9.69267e-05
0.000188545
0.000210706
0.000209667
0.000201462
0.000191708
0.000182017
0.000172691
0.000163847
0.000155579
0.000147844
0.000140619
0.000133902
0.000127664
0.00012188
0.000116517
0.000111547
0.000106953
0.000102708
9.87857e-05
9.51592e-05
0.000132025
0.000213837
0.00023164
0.000228201
0.000218191
0.000206602
0.000195098
0.000184201
0.000174048
0.000164641
0.000155947
0.00014792
0.000140507
0.000133663
0.000127345
0.000121508
0.000116121
0.000111149
0.000106561
0.000102327
9.84165e-05
9.48075e-05
9.1474e-05
8.83943e-05
8.55522e-05
8.29284e-05
8.05059e-05
7.82712e-05
7.62084e-05
7.43033e-05
7.25459e-05
7.0925e-05
6.94277e-05
6.80452e-05
6.67703e-05
6.55945e-05
0.000109315
0.00019236
0.000211653
0.0002097
0.000201099
0.000190818
0.000180524
0.000170745
0.000161623
0.000153168
0.000145352
0.000138135
0.000131476
0.00012535
0.000119699
0.00011448
0.00010966
0.000105211
0.000101102
9.73071e-05
9.38017e-05
9.05604e-05
8.75663e-05
8.48013e-05
8.22477e-05
7.98864e-05
7.77057e-05
7.5692e-05
7.38284e-05
7.21063e-05
7.05172e-05

