5e-05
5.02631e-05
5.04691e-05
5.06301e-05
5.07572e-05
5.08582e-05
5.09394e-05
5.10052e-05
5.10648e-05
5.11412e-05
5.12267e-05
5.1337e-05
5.14839e-05
0.000107006
0.000182158
0.000199546
0.000197738
0.0001899
0.000180519
0.000171091
0.000256075
0.000285632
0.000283268
0.000270831
0.000255809
0.000240723
0.000226379
0.000212996
0.000200594
0.000189124
0.000178525
0.000168742
0.000159713
0.000151379
0.000143688
0.000136591
0.000130043
0.000124
0.000118423
0.000113272
0.000108518
0.000104131
0.000100084
9.63496e-05
9.29028e-05
8.97194e-05
8.67818e-05
8.40714e-05
8.15702e-05
7.92589e-05
7.71244e-05
7.5146e-05
7.33109e-05
7.16167e-05
7.00553e-05
6.86158e-05
6.72857e-05
6.60733e-05
6.49672e-05
6.39516e-05
6.30169e-05
6.21484e-05
6.13431e-05
6.05985e-05
5.99056e-05
5.92612e-05
5.86646e-05
5.81145e-05
5.76061e-05
5.71331e-05
5.66966e-05
5.62949e-05
5.59254e-05
5.55828e-05
5.52651e-05
5.49683e-05
5.4695e-05
5.44444e-05
5.42148e-05
5.40043e-05
5.38114e-05
5.36307e-05
5.34611e-05
5.33058e-05
5.31631e-05
5.30299e-05
5.29059e-05
5.27887e-05
0.000154168
0.000198306
0.000204918
0.000199275
0.000190025
0.000180093
0.000170445
0.000161374
0.000152945
0.000145147
0.000137943
0.000131294
0.000125156
0.000119491
0.00011426
0.000109432
0.000104973
0.000100856
9.705e-05
9.35338e-05
9.02903e-05
8.73169e-05
8.45858e-05
8.20699e-05
7.97486e-05
7.75939e-05
0.000134749
0.000205375
0.000220057
0.000216224
0.000206701
0.000195848
0.000185116
0.000174965
0.000165513
0.000156759
0.00014867
0.000141202
0.00013433
0.00012799
0.000122139
0.000116734
0.000111741
0.000107123
0.000102857
9.8918e-05
9.52818e-05
9.19288e-05
8.88552e-05
8.60248e-05
8.34285e-05
8.10928e-05
7.89789e-05
7.70369e-05
7.52387e-05
7.35928e-05
7.20731e-05
7.06461e-05
6.93008e-05
6.80385e-05
6.6852e-05
6.57634e-05
6.47835e-05
6.38854e-05
6.31148e-05
6.24725e-05
6.18587e-05
6.13622e-05
6.08891e-05
6.03976e-05
5.98901e-05
5.93974e-05
5.89364e-05
5.84949e-05
5.80718e-05
5.76573e-05
5.72482e-05
5.6849e-05
5.6497e-05
5.61768e-05
5.58759e-05
5.55953e-05
5.53325e-05
5.50798e-05
5.48221e-05
5.45739e-05
5.4341e-05
5.41262e-05
5.39261e-05
5.37415e-05
5.35678e-05
5.34069e-05
5.32554e-05
5.31126e-05
5.29831e-05
5.28662e-05
5.27622e-05
5.2691e-05
5.26328e-05
5.25989e-05
5.25829e-05
5.25691e-05
5.25561e-05
5.25407e-05
5.25173e-05
5.24862e-05
5.24527e-05
5.24167e-05
5.23718e-05
5.2324e-05
5.22779e-05
5.22343e-05
5.21931e-05
5.21505e-05
5.21063e-05
5.20649e-05
5.20222e-05
5.19786e-05
5.19352e-05
5.18946e-05
5.18542e-05
5.18177e-05
5.17862e-05
5.17593e-05
5.17364e-05
5.17171e-05
5.17006e-05
5.16835e-05
5.16676e-05
5.16514e-05
5.16351e-05
5.16204e-05
5.16063e-05
5.15931e-05
5.16238e-05
5.18895e-05
5.2284e-05
5.26829e-05
5.29875e-05
5.31874e-05
5.33245e-05
5.34049e-05
5.34232e-05
5.34268e-05
5.34231e-05
5.34031e-05
5.33569e-05
5.32941e-05
5.32226e-05
5.31437e-05
5.30982e-05
5.33979e-05
5.39781e-05
5.48409e-05
6.92428e-05
0.000252449
0.000269071
0.000253256
0.000237794
0.000223446
0.000210178
0.00019792

