5e-05
5.02669e-05
5.04842e-05
5.06602e-05
5.08034e-05
5.09206e-05
5.10168e-05
5.10963e-05
5.11623e-05
5.12174e-05
5.12636e-05
5.13026e-05
5.13359e-05
5.13767e-05
5.14257e-05
5.14744e-05
5.15195e-05
5.15575e-05
5.15848e-05
5.16057e-05
0.000153183
0.000197508
0.000204146
0.00019857
0.00018939
0.000179531
0.000169955
0.000160952
0.000152586
0.000144845
0.000137689
0.000131079
0.000124977
0.000119344
0.000114143
0.00010934
0.000104907
0.000100815
9.70371e-05
9.3547e-05
9.03258e-05
8.73533e-05
8.46103e-05
8.2079e-05
7.9743e-05
7.75874e-05
7.55981e-05
7.37623e-05
7.20708e-05
7.05378e-05
6.91275e-05
6.78212e-05
6.66229e-05
6.55494e-05
6.45683e-05
6.36618e-05
6.28113e-05
6.20142e-05
6.12661e-05
6.05613e-05
5.98826e-05
5.92485e-05
5.86629e-05
5.81224e-05
5.76205e-05
5.71578e-05
5.6732e-05
5.63403e-05
5.598e-05
5.56479e-05
5.53387e-05
5.50542e-05
5.47928e-05
5.45528e-05
5.43323e-05
5.41299e-05
5.3944e-05
5.37732e-05
5.36162e-05
5.34718e-05
5.33391e-05
5.3217e-05
0.00016732
0.000200866
0.000204016
0.000197325
0.000187843
0.000177952
0.000168432
0.00015951
0.000151233
0.000233541
0.000269039
0.000269359
0.000258503
0.000244643
0.000230524
0.000217035
0.00020442
0.000192719
0.000181897
0.000171901
0.000162671
0.000154148
0.000146276
0.000139008
0.000132295
0.000126097
0.000120393
0.00011515
0.000110303
0.000105824
0.00010168
9.78434e-05
9.4299e-05
9.10275e-05
8.80079e-05
8.52294e-05
8.29494e-05
8.12328e-05
7.99713e-05
7.92669e-05
0.000181804
0.000298943
0.000290109
0.000272341
0.000255445
0.000239769
0.000225273
0.00021188
0.000199513
0.000188095
0.000177555
0.000167826
0.000158845
0.000264407
0.000291222
0.000287602
0.000274509
0.000259105
0.000243745
0.000229175
0.000215592
0.000203008
0.000191372
0.000180626
0.000170727
0.000161599
0.000153186
0.000145444
0.0001383
0.00013169
0.000125578
0.000119926
0.000114698
0.000109864
0.000105395
0.000101286
9.74906e-05
9.39862e-05
9.07509e-05
8.77605e-05
8.4993e-05
8.51212e-05
0.000194661
0.000223377
0.000223834
0.000215292
0.00020432
0.000193129
0.000182432
0.000172424
0.000163139
0.000154554
0.000146625
0.000139303
0.000132556
0.000126554
0.000121196
0.000116311
0.000111785
0.000107573
0.000103632
9.99141e-05
9.63717e-05
9.30494e-05
8.99577e-05
8.70853e-05
8.44193e-05
8.19467e-05
7.96533e-05
7.7518e-05
7.55361e-05
7.3702e-05
7.20029e-05
7.04284e-05
6.89724e-05
6.76257e-05
6.63798e-05
6.52303e-05
6.41677e-05
6.31849e-05
6.22768e-05
6.14404e-05
6.06705e-05
5.9962e-05
5.93098e-05
5.87095e-05
5.81569e-05
5.76465e-05
5.71745e-05
5.674e-05
5.634e-05
5.59719e-05
5.56314e-05
5.53154e-05
5.50228e-05
5.48525e-05
5.5019e-05
5.53389e-05
5.565e-05
5.59095e-05
5.60385e-05
5.60539e-05
5.59743e-05
5.58264e-05
5.56376e-05
5.54281e-05
5.52111e-05
5.49887e-05
5.47721e-05
5.45614e-05
5.43565e-05
5.41628e-05
5.3981e-05
5.38108e-05
5.36519e-05
5.35039e-05
5.33639e-05
5.32251e-05
5.30914e-05
5.29661e-05
5.28495e-05
5.27434e-05
5.26459e-05
5.25554e-05
5.24735e-05
5.23997e-05
5.23332e-05
5.22734e-05

