5e-05
5.02631e-05
5.04691e-05
5.06301e-05
5.07572e-05
5.08582e-05
5.09394e-05
5.10052e-05
5.10589e-05
5.11033e-05
5.11402e-05
5.11713e-05
5.11975e-05
5.12149e-05
5.12284e-05
5.1267e-05
5.13462e-05
5.14338e-05
5.15162e-05
5.15703e-05
5.1592e-05
5.16021e-05
5.16083e-05
5.16056e-05
5.15995e-05
5.15917e-05
5.15827e-05
5.15746e-05
5.15667e-05
5.15546e-05
5.15611e-05
5.15777e-05
5.1595e-05
5.16086e-05
5.16189e-05
5.16244e-05
5.16288e-05
5.16323e-05
5.1635e-05
5.1637e-05
5.16382e-05
5.16388e-05
5.16345e-05
5.1626e-05
5.16183e-05
5.16117e-05
5.16037e-05
5.15947e-05
5.15843e-05
5.15754e-05
5.15673e-05
9.87902e-05
0.000183649
0.000203921
0.000202657
0.000194621
0.000184885
0.000175124
0.000165846
0.000157181
0.00014913
0.000141673
0.000134781
0.000128412
0.000122524
0.000117084
0.000112057
0.000107412
0.00010312
9.91578e-05
9.54998e-05
9.21209e-05
8.89962e-05
8.61092e-05
8.3445e-05
8.09888e-05
7.87442e-05
7.6684e-05
7.47861e-05
7.30343e-05
7.14155e-05
6.99103e-05
6.85081e-05
6.72087e-05
6.60085e-05
6.48995e-05
6.38724e-05
6.29243e-05
6.20496e-05
6.12423e-05
6.06185e-05
6.03609e-05
6.02582e-05
6.00662e-05
5.9846e-05
5.9589e-05
5.92878e-05
5.89476e-05
5.85797e-05
5.81958e-05
5.77962e-05
0.000132587
0.000193851
0.000206212
0.000202373
0.000193568
0.000183623
0.000173815
0.000164542
0.000155907
0.000147908
0.000140514
0.000133684
0.000127377
0.000121548
0.000116165
0.000111195
0.000106606
0.000102369
9.84592e-05
9.4851e-05
9.15213e-05
8.84486e-05
8.56129e-05
8.29959e-05
8.05772e-05
7.83409e-05
7.62733e-05
7.4363e-05
7.25999e-05
7.09856e-05
6.97537e-05
6.88977e-05
6.82482e-05
6.76418e-05
6.69699e-05
6.62558e-05
6.5501e-05
6.4775e-05
6.40449e-05
6.33105e-05
6.25845e-05
6.18673e-05
6.11684e-05
6.05024e-05
5.9905e-05
5.94113e-05
5.89716e-05
5.85748e-05
5.81813e-05
5.77856e-05
5.74187e-05
5.71219e-05
5.69088e-05
5.67196e-05
5.64914e-05
5.62562e-05
5.60275e-05
5.57889e-05
5.55385e-05
5.5279e-05
5.50245e-05
5.47762e-05
5.45423e-05
5.4316e-05
5.40956e-05
5.38917e-05
5.37036e-05
5.35304e-05
5.3373e-05
5.32272e-05
5.30878e-05
5.29606e-05
5.28456e-05
5.27488e-05
5.26845e-05
5.2646e-05
5.26465e-05
5.26578e-05
5.26508e-05
5.26252e-05
5.25958e-05
5.25638e-05
5.25352e-05
5.25374e-05
5.25468e-05
5.25524e-05
5.25508e-05
5.2541e-05
5.25168e-05
5.24784e-05
5.24344e-05
5.23865e-05
5.23394e-05
5.22938e-05
5.2247e-05
5.22002e-05
5.21548e-05
5.21095e-05
5.20676e-05
5.20275e-05
5.19855e-05
5.19468e-05
0.000131285
0.000192349
0.000204635
0.000200814
0.000192065
0.000182194
0.000172464
0.000163269
0.000154707
0.000146778
0.000139452
0.000132688
0.000126441
0.000120676
0.000115352
0.000110438
0.000105903
0.000101718
9.78563e-05
9.42922e-05
9.09987e-05
8.79561e-05
8.51483e-05
8.25576e-05
8.01651e-05
7.79529e-05
7.59093e-05
7.41891e-05
7.28411e-05
7.17609e-05
7.11015e-05
7.07844e-05
7.0573e-05
7.05232e-05
7.0738e-05
0.000127926
0.000280881
0.000277268
0.000260272
0.000244209
0.000229341
0.000215603
0.000202916
0.000191201
0.000180386
0.000170402
0.000161185

