5e-05
5.02631e-05
5.04691e-05
5.06301e-05
5.07572e-05
5.08582e-05
5.09394e-05
5.10052e-05
5.10709e-05
5.11502e-05
5.12246e-05
5.12913e-05
5.14058e-05
5.15718e-05
5.17134e-05
5.18378e-05
5.19547e-05
5.20892e-05
5.22057e-05
5.22834e-05
5.2308e-05
5.22948e-05
5.22643e-05
0.00015699
0.000198897
0.000204779
0.00019891
0.000189606
0.000179681
0.000170059
0.000161017
0.000152617
0.000144845
0.000235241
0.000267231
0.000266439
0.00025539
0.000242002
0.000228627
0.000215842
0.000298346
0.000315172
0.000307463
0.000292249
0.00027538
0.00025881
0.000243153
0.000228565
0.000215041
0.000202552
0.000191059
0.000180508
0.000170759
0.000161709
0.000153339
0.00014561
0.000138504
0.000131944
0.000125879
0.000120253
0.000115011
0.000110146
0.000105649
0.000101491
9.76518e-05
9.41047e-05
9.08305e-05
8.78064e-05
8.50143e-05
8.2433e-05
8.00486e-05
7.78473e-05
7.58163e-05
0.000104551
0.000194641
0.00021526
0.000213788
0.000205493
0.000195393
0.000185183
0.000175411
0.000166203
0.000157592
0.000149584
0.000142159
0.000135336
0.000129517
0.000124787
0.000236779
0.00032767
0.000310008
0.000290235
0.000271853
0.000254859
0.000239161
0.000224666
0.000211282
0.000198926
0.00018752
0.000176989
0.000167269
0.000158295
0.000150011
0.000142364
0.000135305
0.000128788
0.000122773
0.000117219
0.000112093
0.000107361
0.000102992
9.89593e-05
9.52363e-05
9.17996e-05
8.86274e-05
8.56994e-05
8.29964e-05
8.05014e-05
7.81979e-05
7.60713e-05
7.41081e-05
7.22956e-05
7.06228e-05
6.90788e-05
6.76576e-05
6.63515e-05
6.51455e-05
6.40307e-05
6.30022e-05
6.20594e-05
6.11881e-05
6.03812e-05
5.96337e-05
5.89414e-05
5.83008e-05
5.77086e-05
5.71696e-05
5.66837e-05
5.62379e-05
5.58441e-05
5.54807e-05
5.51375e-05
5.4814e-05
5.45223e-05
5.42614e-05
5.40145e-05
5.37781e-05
5.35629e-05
5.3359e-05
5.31635e-05
5.29785e-05
5.28046e-05
5.26418e-05
5.24977e-05
5.23662e-05
5.22427e-05
0.000131202
0.000194936
0.00020793
0.000204132
0.000195187
0.000185057
0.00017506
0.00016561
0.00015681
0.00014866
0.000141128
0.000134171
0.000127749
0.00012182
0.000116346
0.000111294
0.00010663
0.000102325
0.000160966
0.000228369
0.000240814
0.000235177
0.00022408
0.00021181
0.000199785
0.000188444
0.000177893
0.000168125
0.000159099
0.000150763
0.000143067
0.000135962
0.000129405
0.000123362
0.000117787
0.00011264
0.000107886
0.000103496
9.94417e-05
9.56976e-05
9.224e-05
8.90492e-05
8.61992e-05
8.36479e-05
8.12857e-05
7.90854e-05
7.70396e-05
7.51198e-05
7.33132e-05
7.16245e-05
7.00508e-05
6.85881e-05
6.7231e-05
6.59738e-05
6.48104e-05
6.37341e-05
6.27386e-05
6.18187e-05
6.09685e-05
6.01832e-05
5.94582e-05
5.87888e-05
5.81708e-05
5.76003e-05
5.70738e-05
5.65877e-05
5.61392e-05
5.57253e-05
5.53434e-05
5.49911e-05
5.46661e-05
5.43663e-05
5.40897e-05
5.38345e-05
5.35988e-05
5.33815e-05
5.3181e-05
5.29959e-05
5.2825e-05
5.26672e-05
5.25217e-05
5.23877e-05
5.22643e-05
5.21507e-05
5.2046e-05
5.19497e-05
5.18606e-05
5.17783e-05
5.17025e-05
5.16328e-05
8.6165e-05
0.000181588
0.000205302
0.000205045

