5e-05
5.02631e-05
5.04691e-05
5.06301e-05
5.07572e-05
5.08582e-05
5.09394e-05
5.10093e-05
5.10945e-05
5.12192e-05
5.13914e-05
5.15577e-05
5.1698e-05
5.18291e-05
5.19884e-05
5.21653e-05
5.23197e-05
5.24384e-05
5.25182e-05
5.25351e-05
5.24965e-05
5.24447e-05
5.23819e-05
5.23021e-05
5.2373e-05
5.26361e-05
5.29786e-05
5.33204e-05
5.35652e-05
5.36672e-05
5.37815e-05
5.38937e-05
5.39701e-05
5.39842e-05
5.39573e-05
5.39029e-05
5.38284e-05
5.37398e-05
5.36423e-05
5.35397e-05
5.34352e-05
5.33306e-05
5.32224e-05
5.31159e-05
5.30063e-05
5.29114e-05
5.28493e-05
5.28016e-05
5.30352e-05
5.37775e-05
5.47319e-05
5.5568e-05
5.59881e-05
5.61207e-05
5.61265e-05
5.60366e-05
5.58675e-05
5.56647e-05
5.54456e-05
5.52086e-05
0.000145392
0.000197691
0.000206948
0.000202048
0.000192896
0.000182851
0.000173029
0.000163772
0.000155159
0.000147184
0.000139816
0.000133016
0.000126742
0.00012095
0.000115604
0.000110671
0.00010612
0.00010192
9.80384e-05
9.44521e-05
9.11404e-05
8.80823e-05
8.5256e-05
8.26462e-05
8.02366e-05
7.80145e-05
7.59645e-05
7.40723e-05
7.2325e-05
7.07112e-05
6.92196e-05
6.78402e-05
6.65666e-05
6.53914e-05
6.43069e-05
6.33073e-05
6.24076e-05
6.15941e-05
6.08501e-05
6.01659e-05
5.95347e-05
5.89489e-05
5.83994e-05
5.7887e-05
5.74117e-05
5.6973e-05
5.65868e-05
5.62327e-05
5.58978e-05
5.55805e-05
5.52869e-05
5.50151e-05
5.47621e-05
5.45208e-05
5.42956e-05
5.40844e-05
5.38867e-05
5.36972e-05
5.3521e-05
5.33597e-05
5.32124e-05
5.30758e-05
5.29462e-05
5.28204e-05
5.27047e-05
5.25983e-05
5.25016e-05
5.24146e-05
5.2334e-05
5.2261e-05
5.21956e-05
5.21351e-05
5.20795e-05
5.20302e-05
5.20062e-05
5.20121e-05
5.20458e-05
5.20847e-05
5.21068e-05
5.2142e-05
5.21734e-05
5.22061e-05
5.2263e-05
5.23179e-05
5.23596e-05
5.23835e-05
5.23684e-05
5.23891e-05
5.24221e-05
5.24144e-05
5.23845e-05
5.23459e-05
5.23109e-05
5.22865e-05
5.22603e-05
5.22271e-05
5.2182e-05
5.21388e-05
5.20917e-05
5.20399e-05
5.19889e-05
5.19408e-05
5.18968e-05
5.18574e-05
5.18303e-05
5.18108e-05
5.17957e-05
5.17843e-05
5.17689e-05
5.17507e-05
5.17324e-05
5.17135e-05
5.16964e-05
5.169e-05
5.17044e-05
5.17177e-05
5.17286e-05
5.1739e-05
5.17398e-05
5.17376e-05
5.17296e-05
5.17172e-05
5.1703e-05
5.16891e-05
5.16713e-05
5.16524e-05
5.1636e-05
5.16224e-05
5.16115e-05
5.16027e-05
5.15959e-05
5.15907e-05
5.15859e-05
5.15759e-05
5.15632e-05
5.15525e-05
5.15442e-05
5.15371e-05
5.15291e-05
5.15223e-05
5.15145e-05
5.15084e-05
5.15013e-05
5.14953e-05
5.14867e-05
5.14778e-05
5.14667e-05
5.14562e-05
6.73657e-05
0.000174385
0.000202281
0.000203531
0.000196252
0.000186634
0.000176758
0.000167299
0.000158452
0.000150265
0.000142698
0.00013571
0.000129254
0.000123287
0.000117769
0.000112674
0.00010797
0.000143157
0.000223538
0.000240415
0.000236244
0.0002256
0.000213434
0.000201396
0.000190006
0.000179394
0.000169563
0.000160478
0.000152088
0.000144338
0.000137179
0.000130576
0.000124504
0.000118908
0.000113748
0.000109008
0.000104639
0.000100606
9.68782e-05
9.34238e-05
9.023e-05
8.72768e-05

