5e-05
5.02631e-05
5.04691e-05
5.06301e-05
5.07572e-05
5.08582e-05
5.09394e-05
5.10052e-05
5.10686e-05
5.11471e-05
5.12216e-05
5.12868e-05
5.13417e-05
5.13866e-05
5.14228e-05
5.14513e-05
5.14736e-05
5.14907e-05
5.15036e-05
5.1509e-05
5.15076e-05
5.15049e-05
5.14979e-05
5.14849e-05
5.14694e-05
5.14564e-05
5.14463e-05
5.14389e-05
5.14329e-05
5.14252e-05
5.1432e-05
5.14586e-05
5.14893e-05
5.15153e-05
5.1539e-05
5.156e-05
5.1578e-05
5.1593e-05
5.16051e-05
5.16145e-05
5.16177e-05
5.16183e-05
5.16181e-05
5.17184e-05
5.21623e-05
5.28057e-05
5.35133e-05
5.41801e-05
5.47271e-05
5.51097e-05
5.53246e-05
5.53968e-05
5.53394e-05
5.52044e-05
5.50139e-05
5.48049e-05
5.45954e-05
5.43909e-05
5.4194e-05
5.40064e-05
0.000136834
0.000195045
0.000206294
0.000202055
0.000193112
0.000183126
0.000173315
0.000164054
0.000155436
0.000147454
0.000140076
0.00013326
0.000126965
0.000121152
0.000115785
0.00011083
0.00010626
0.000102043
9.81526e-05
9.45636e-05
9.12523e-05
8.81924e-05
8.53666e-05
8.27582e-05
8.035e-05
7.81286e-05
7.60798e-05
7.41901e-05
7.24457e-05
7.08311e-05
6.9339e-05
6.79622e-05
6.66928e-05
6.55227e-05
6.44439e-05
6.34464e-05
6.25261e-05
6.16778e-05
6.08959e-05
6.01751e-05
5.95094e-05
5.88929e-05
5.83245e-05
5.78007e-05
5.7318e-05
5.68726e-05
5.64588e-05
5.60757e-05
5.57208e-05
5.5394e-05
5.50934e-05
5.48168e-05
5.45755e-05
5.462e-05
5.49446e-05
5.53893e-05
5.58347e-05
5.61518e-05
5.62998e-05
5.63291e-05
5.62629e-05
5.61268e-05
5.59439e-05
5.57323e-05
5.5503e-05
5.5261e-05
5.50213e-05
5.47886e-05
5.45654e-05
5.43531e-05
5.41524e-05
5.39635e-05
5.37864e-05
5.36205e-05
5.34616e-05
5.33104e-05
5.31704e-05
5.30416e-05
5.29232e-05
5.28147e-05
5.27151e-05
5.26239e-05
5.25403e-05
5.24608e-05
5.23866e-05
5.23152e-05
5.2245e-05
5.21772e-05
5.21115e-05
5.2049e-05
5.19932e-05
5.1944e-05
5.1901e-05
5.18621e-05
5.18255e-05
5.17882e-05
5.17499e-05
5.17148e-05
5.16817e-05
5.16523e-05
5.16278e-05
5.16076e-05
5.15914e-05
5.15779e-05
5.15633e-05
5.15505e-05
5.15405e-05
5.15316e-05
5.15228e-05
5.15162e-05
5.15115e-05
5.15056e-05
5.15004e-05
5.14969e-05
5.14948e-05
5.14939e-05
5.1494e-05
5.14928e-05
5.14876e-05
5.14834e-05
5.1478e-05
5.14737e-05
5.14708e-05
5.14683e-05
5.14649e-05
5.14628e-05
5.14619e-05
5.14621e-05
5.14631e-05
5.14649e-05
5.14672e-05
5.14682e-05
5.14677e-05
5.14658e-05
5.14631e-05
5.14584e-05
5.14512e-05
5.14436e-05
5.14373e-05
5.14331e-05
5.14299e-05
5.14266e-05
5.14225e-05
5.14186e-05
5.1414e-05
5.14109e-05
5.14071e-05
5.14326e-05
5.17117e-05
5.21002e-05
5.25223e-05
5.28967e-05
5.31656e-05
5.33441e-05
5.34298e-05
5.34607e-05
5.34515e-05
5.34035e-05
5.33336e-05
5.32529e-05
5.31659e-05
5.30761e-05
5.29858e-05
5.28965e-05
5.28056e-05
5.27153e-05
5.26272e-05
5.25447e-05
5.24679e-05
0.000123495
0.000190481
0.000204749
0.000201552
0.000192969
0.00018311
0.000173342
0.000164097
0.000155484
0.000147506
0.000140133
0.000133322
0.000127032
0.000121224
0.000115861
0.000110908
0.000106335
0.000102115
9.83382e-05
9.51722e-05
9.237e-05

