5e-05
5.02631e-05
5.04691e-05
5.06301e-05
5.07572e-05
5.08582e-05
5.09394e-05
5.10052e-05
5.10589e-05
5.11033e-05
5.11402e-05
5.11713e-05
5.12069e-05
5.12467e-05
5.12914e-05
5.1392e-05
5.15224e-05
5.16887e-05
5.18372e-05
5.19485e-05
5.2007e-05
5.20368e-05
0.000102817
0.000184365
0.000203645
0.000202096
0.000194002
0.000184238
0.000174436
0.000165115
0.000156417
0.000148359
0.00014091
0.000134026
0.000127669
0.000121803
0.000116391
0.000111397
0.000106788
0.000102532
9.86031e-05
9.504e-05
9.20152e-05
8.93646e-05
8.69912e-05
8.48044e-05
8.27028e-05
8.06753e-05
7.88007e-05
7.70433e-05
0.000108631
0.000195413
0.000216
0.000214327
0.000205626
0.000195116
0.000184555
0.000174508
0.000165128
0.000160103
0.000256269
0.000277432
0.000272752
0.000260092
0.000245553
0.000231162
0.000217544
0.000204857
0.000193107
0.000182247
0.000172217
0.000162946
0.000154381
0.00014647
0.000139168
0.000132451
0.000126261
0.000120552
0.000115279
0.000110407
0.000105909
0.000101748
9.78966e-05
9.43341e-05
9.10433e-05
8.80063e-05
8.5204e-05
8.26168e-05
8.02267e-05
7.80185e-05
7.5977e-05
7.40897e-05
7.23459e-05
7.07352e-05
6.92487e-05
6.78746e-05
6.66067e-05
6.54386e-05
6.43626e-05
6.33713e-05
6.24534e-05
6.16027e-05
6.0813e-05
6.00856e-05
5.94166e-05
5.88014e-05
5.82359e-05
5.77173e-05
5.72642e-05
5.68603e-05
5.6486e-05
5.61396e-05
5.58186e-05
5.5516e-05
5.5235e-05
5.50022e-05
5.47924e-05
5.45943e-05
5.44024e-05
5.42192e-05
5.40462e-05
5.38826e-05
5.37246e-05
5.35709e-05
5.34236e-05
5.32861e-05
5.31583e-05
5.30391e-05
5.29249e-05
5.28188e-05
5.2721e-05
5.26283e-05
5.25414e-05
5.24618e-05
0.000130704
0.000191827
0.000204103
0.000200311
0.000191652
0.000223119
0.000287462
0.00029606
0.000286514
0.000271725
0.000255989
0.00024074
0.000226398
0.000213054
0.000200723
0.000189594
0.000213375
0.000279438
0.000289257
0.000280597
0.000266438
0.000251191
0.000236312
0.000222279
0.000209221
0.000197131
0.000185974
0.000175669
0.000166151
0.000157359
0.00014924
0.000141741
0.000134818
0.000128427
0.000122528
0.000117082
0.000112048
0.0001074
0.000103106
9.91433e-05
9.5485e-05
9.21064e-05
8.89888e-05
8.61104e-05
8.34493e-05
8.10122e-05
7.87775e-05
7.67167e-05
7.48374e-05
7.97169e-05
0.000185706
0.00021323
0.000213877
0.000205927
0.00019564
0.000185123
0.000182918
0.000272462
0.000290172
0.000283776
0.000270034
0.000254649
0.000239515
0.00022522
0.000211919
0.000199625
0.00018827
0.000177785
0.000168099
0.000159152
0.000150887
0.000143257
0.00013621
0.000129697
0.000123684
0.000118134
0.000113011
0.000108281
0.000103914
9.98828e-05
9.61589e-05
9.27202e-05
8.95462e-05
8.66144e-05
8.3907e-05
8.14093e-05
7.91035e-05
7.69748e-05
7.50093e-05
7.31946e-05
7.15185e-05
6.99726e-05
6.85473e-05
6.72332e-05
6.60215e-05
6.4899e-05
6.38607e-05
6.29016e-05
6.20162e-05
6.11988e-05
6.04458e-05
5.97524e-05
5.91139e-05
5.85426e-05
5.80293e-05
5.75582e-05
5.7148e-05
5.67763e-05
5.64295e-05
5.609e-05
5.57692e-05
5.54651e-05
5.51824e-05
5.49366e-05
5.47175e-05
5.45079e-05

