5e-05
5.02631e-05
5.04691e-05
5.06301e-05
5.07572e-05
5.08582e-05
5.09394e-05
5.10052e-05
5.10589e-05
5.11033e-05
5.11402e-05
5.11713e-05
5.11975e-05
5.12168e-05
5.12333e-05
5.12481e-05
5.12618e-05
5.12746e-05
5.12867e-05
5.12984e-05
5.13096e-05
5.13178e-05
5.13244e-05
5.1326e-05
5.13246e-05
5.13248e-05
5.13267e-05
5.13387e-05
5.13683e-05
5.13791e-05
5.14259e-05
5.17395e-05
5.22307e-05
5.27728e-05
5.32199e-05
5.35722e-05
5.38229e-05
5.39758e-05
5.40372e-05
5.4021e-05
5.39644e-05
5.38815e-05
5.3782e-05
5.36659e-05
5.35369e-05
5.34092e-05
5.32835e-05
5.31605e-05
5.30408e-05
5.29276e-05
5.28225e-05
5.27241e-05
5.26195e-05
5.25158e-05
5.24209e-05
5.23341e-05
5.22566e-05
5.22088e-05
5.2172e-05
5.21372e-05
0.000132704
0.000192283
0.000204114
0.000200185
0.000191448
0.00018162
0.000171938
0.000162788
0.000154268
0.000146378
0.000139084
0.000132348
0.000126131
0.000120394
0.000115098
0.000110205
0.000105689
0.000101518
9.76691e-05
9.41178e-05
9.08556e-05
8.78617e-05
8.51034e-05
8.25592e-05
8.02099e-05
7.80393e-05
7.60329e-05
7.41779e-05
7.24626e-05
7.08757e-05
6.94038e-05
6.80427e-05
6.67849e-05
6.56205e-05
6.45422e-05
6.35431e-05
6.262e-05
6.1767e-05
6.09771e-05
6.74571e-05
0.00017783
0.000207064
0.000208508
0.000201046
0.00019113
0.000180936
0.000171166
0.000162021
0.000153534
0.000145685
0.000138436
0.000131745
0.00012557
0.000119871
0.000114618
0.000109788
0.000105335
0.00017614
0.000230016
0.000238149
0.000231337
0.000220119
0.000208065
0.000196348
0.000185328
0.000175082
0.000165596
0.00015683
0.000148735
0.000141261
0.000134362
0.000127994
0.000122114
0.000116685
0.000111673
0.000107047
0.000102777
9.88387e-05
9.5219e-05
9.18844e-05
8.88056e-05
8.59606e-05
8.33311e-05
8.09027e-05
7.86597e-05
7.65879e-05
7.46709e-05
7.28984e-05
7.12613e-05
6.97496e-05
6.83537e-05
6.70653e-05
0.000132708
0.000198552
0.000212067
0.000208219
0.00019953
0.000189832
0.000180172
0.000170979
0.000162298
0.000154141
0.000146523
0.000139422
0.000132791
0.000126631
0.000120915
0.000115621
0.000110717
0.000106176
0.000101979
9.80991e-05
9.45169e-05
9.12098e-05
8.81529e-05
8.53266e-05
8.27173e-05
8.03077e-05
7.8085e-05
7.60351e-05
7.41445e-05
7.23981e-05
7.07868e-05
6.92954e-05
6.79169e-05
6.66455e-05
6.54726e-05
6.43899e-05
6.33897e-05
6.24679e-05
6.16191e-05
6.08375e-05
6.01178e-05
5.9455e-05
5.88416e-05
5.82723e-05
5.77478e-05
5.72655e-05
5.68424e-05
5.64689e-05
5.61239e-05
5.58035e-05
5.5501e-05
5.52178e-05
5.49502e-05
5.47011e-05
5.44691e-05
5.42502e-05
5.40434e-05
5.38513e-05
5.36739e-05
5.35103e-05
5.33578e-05
5.32141e-05
5.30788e-05
5.29525e-05
5.28363e-05
5.27464e-05
5.26726e-05
5.26088e-05
5.25511e-05
5.24972e-05
5.24453e-05
5.23908e-05
5.2338e-05
5.22878e-05
5.22369e-05
7.31136e-05
0.000176038
0.000202507
0.000203295
0.000195881
0.000186462
0.000177014
0.000168056
0.00015968
0.00015186
0.000144553
0.000137723
0.000131344
0.00012536
0.000119783
0.000114609
0.000109809
0.00010557
0.000102021
9.88851e-05
9.58978e-05
9.30329e-05
9.02702e-05

