5e-05
5.02631e-05
5.04691e-05
5.06301e-05
5.07572e-05
5.08582e-05
5.09394e-05
5.10052e-05
5.10589e-05
5.11033e-05
5.11402e-05
5.11728e-05
5.13086e-05
5.15961e-05
5.18625e-05
5.21283e-05
5.23666e-05
5.25368e-05
5.26485e-05
5.26847e-05
5.2652e-05
5.25807e-05
5.65463e-05
0.000171088
0.000202404
0.000204724
0.000197722
0.000188116
0.000178167
0.000168608
0.000159653
0.000151342
0.000143657
0.000136558
0.000130002
0.000123962
0.000118623
0.000113909
0.000109652
0.000105688
0.000101945
9.84345e-05
9.51257e-05
9.19955e-05
8.90604e-05
8.63158e-05
8.3754e-05
8.13553e-05
7.91156e-05
7.70295e-05
7.50734e-05
7.32596e-05
7.15789e-05
7.00245e-05
6.85894e-05
6.72652e-05
6.60435e-05
6.4915e-05
6.38732e-05
6.29106e-05
6.20172e-05
6.119e-05
6.04281e-05
5.97396e-05
5.91241e-05
5.8565e-05
5.80536e-05
5.75824e-05
5.71413e-05
5.67258e-05
5.63396e-05
5.59781e-05
5.56403e-05
5.53262e-05
5.50324e-05
5.47611e-05
5.45042e-05
5.42647e-05
5.40453e-05
5.38423e-05
5.36568e-05
5.34862e-05
5.3323e-05
5.31709e-05
5.30316e-05
5.29009e-05
5.27822e-05
5.26741e-05
5.25738e-05
5.24821e-05
5.24e-05
5.23266e-05
5.2261e-05
5.21988e-05
5.21393e-05
5.20929e-05
5.2076e-05
5.20703e-05
5.20681e-05
5.20659e-05
5.20676e-05
5.21103e-05
5.21963e-05
5.22851e-05
5.23607e-05
5.24378e-05
5.25258e-05
5.25804e-05
5.26072e-05
5.26168e-05
5.26117e-05
5.25945e-05
5.25677e-05
5.25275e-05
5.24755e-05
5.24177e-05
5.23601e-05
5.22992e-05
5.22387e-05
5.21827e-05
5.21299e-05
5.20763e-05
5.20274e-05
5.20028e-05
5.19843e-05
5.19758e-05
5.19919e-05
0.000148451
0.000195372
0.000202977
0.000197807
0.000188838
0.000179092
0.000169584
0.00016066
0.000152366
0.000144677
0.000137569
0.000131
0.000124942
0.000119367
0.000114223
0.000109471
0.000105074
0.000100995
9.72347e-05
9.37621e-05
9.05482e-05
8.75605e-05
8.47876e-05
8.22242e-05
7.98537e-05
7.76819e-05
7.56853e-05
7.38439e-05
7.21342e-05
7.05529e-05
6.9091e-05
6.77394e-05
6.64924e-05
6.5339e-05
6.42688e-05
6.328e-05
6.23638e-05
6.1517e-05
6.0736e-05
6.00166e-05
5.93553e-05
5.87472e-05
5.81882e-05
5.76713e-05
5.71952e-05
5.67575e-05
5.6355e-05
5.59846e-05
5.56388e-05
5.53179e-05
5.50229e-05
5.47521e-05
5.45034e-05
5.42733e-05
5.40538e-05
5.38449e-05
5.365e-05
5.347e-05
5.33057e-05
5.31565e-05
5.30225e-05
5.29238e-05
5.28466e-05
5.27704e-05
5.26915e-05
5.26122e-05
5.2536e-05
5.24588e-05
5.2383e-05
5.23132e-05
5.225e-05
5.22035e-05
5.21716e-05
5.21502e-05
5.21524e-05
5.21531e-05
5.21384e-05
5.21204e-05
5.20978e-05
5.20707e-05
5.20428e-05
5.2009e-05
5.19684e-05
5.1927e-05
5.1887e-05
5.18494e-05
5.18117e-05
5.17765e-05
5.17444e-05
5.17164e-05
5.16899e-05
5.16631e-05
5.16388e-05
5.16141e-05
5.15926e-05
5.15753e-05
5.16978e-05
5.20426e-05
5.24431e-05
5.28485e-05
5.32035e-05
5.34383e-05
5.35547e-05
5.36078e-05
5.36142e-05
5.35855e-05
5.35315e-05
5.34464e-05
5.33461e-05
5.32474e-05
5.31749e-05
5.31073e-05
5.30318e-05
5.29527e-05
5.28657e-05
5.27734e-05
5.26827e-05
5.25979e-05
5.25195e-05
5.24561e-05
5.2423e-05
5.23955e-05
5.23612e-05

