5e-05
5.02667e-05
5.04834e-05
5.06586e-05
5.08009e-05
5.09171e-05
5.10125e-05
5.10912e-05
5.11565e-05
5.12109e-05
5.12566e-05
5.12951e-05
8.31925e-05
0.000178293
0.000201878
0.00020178
0.000194222
0.000184678
0.000174981
0.000165718
0.000157041
0.000148981
0.000141522
0.000134625
0.00012825
0.000122363
0.000116929
0.000111913
0.00010728
0.000118561
0.000216305
0.000239122
0.000236895
0.000226832
0.000214792
0.000202734
0.000191279
0.000180595
0.000170697
0.000161547
0.000153106
0.000145581
0.000138968
0.000132948
0.000127401
0.000122239
0.000117372
0.0001128
0.000108498
0.000104425
0.000100562
9.69352e-05
9.35463e-05
9.03935e-05
8.74617e-05
8.47401e-05
8.22198e-05
7.98842e-05
7.77245e-05
7.5723e-05
7.38696e-05
7.21564e-05
7.05742e-05
6.91126e-05
6.7763e-05
6.6513e-05
6.53607e-05
6.42956e-05
6.33108e-05
6.24014e-05
6.15644e-05
6.07946e-05
6.00868e-05
5.94352e-05
5.88333e-05
5.83016e-05
5.78265e-05
5.7413e-05
5.70516e-05
5.67139e-05
5.63984e-05
5.60938e-05
5.57985e-05
5.55124e-05
5.52378e-05
5.49796e-05
5.47359e-05
5.45103e-05
5.42983e-05
5.41016e-05
5.39192e-05
5.3748e-05
5.35907e-05
5.34407e-05
5.32939e-05
5.31581e-05
5.3035e-05
5.29236e-05
5.2823e-05
5.27323e-05
5.26504e-05
5.25765e-05
5.25097e-05
5.24494e-05
5.23948e-05
5.23449e-05
5.22952e-05
5.22493e-05
5.22057e-05
5.21638e-05
5.21261e-05
5.20924e-05
5.20625e-05
5.20342e-05
5.20057e-05
5.19803e-05
5.19578e-05
5.1938e-05
5.19207e-05
5.19054e-05
5.1892e-05
5.1898e-05
5.19246e-05
5.1939e-05
5.19475e-05
5.1955e-05
5.1961e-05
5.19652e-05
5.19658e-05
5.19678e-05
5.19975e-05
5.20337e-05
5.20679e-05
0.000162242
0.000198179
0.000202243
0.000195968
0.000186719
0.000176981
0.000167572
0.000158741
0.00015054
0.000142945
0.000135931
0.000129481
0.000123543
0.000118092
0.000113071
0.000108434
0.000104136
0.000100153
9.64665e-05
0.00019874
0.000230758
0.00023182
0.000223252
0.000212397
0.000201395
0.000190807
0.00018086
0.000171515
0.000162773
0.000154612
0.000147002
0.000139906
0.000133294
0.000127185
0.000121518
0.000116269
0.000111407
0.0001069
0.000102715
9.88565e-05
9.56674e-05
9.82279e-05
0.000282179
0.000310942
0.000293306
0.000274923
0.00025778
0.000241914
0.000227251
0.000213707
0.000201202
0.000189657
0.000179
0.000169163
0.000160085
0.000151707
0.000143975
0.000136839
0.000130255
0.00012418
0.000118575
0.000113405
0.000108635
0.000104236
0.000100177
9.64306e-05
9.29724e-05
8.98048e-05
8.71234e-05
8.48105e-05
8.2738e-05
8.07776e-05
7.88837e-05
0.000145893
0.000208339
0.000220456
0.000215888
0.000206207
0.000195375
0.000184715
0.000174639
0.000165248
0.000156543
0.00014852
0.000141122
0.000134291
0.000127982
0.000122147
0.000116756
0.000111776
0.000107175
0.000102921
9.89898e-05
9.53589e-05
9.20058e-05
8.89095e-05
8.60504e-05
8.34103e-05
8.09702e-05
7.87139e-05
7.66273e-05
7.47011e-05
7.29235e-05
7.12831e-05
6.97693e-05
6.83692e-05
6.70758e-05
6.58813e-05
6.47764e-05
6.37572e-05
6.28173e-05
6.19507e-05
6.11516e-05
6.04147e-05
5.9735e-05
5.91082e-05
5.853e-05

