5e-05
5.02667e-05
5.04834e-05
5.06586e-05
5.08009e-05
5.09171e-05
5.10125e-05
5.10912e-05
5.11584e-05
5.12431e-05
5.13311e-05
5.14109e-05
5.14735e-05
5.15102e-05
5.15317e-05
5.15715e-05
5.16244e-05
5.16758e-05
5.17215e-05
5.17572e-05
5.17745e-05
5.1785e-05
5.17921e-05
5.17934e-05
5.17858e-05
5.17771e-05
5.17688e-05
5.17612e-05
5.17544e-05
5.17434e-05
5.1729e-05
5.17141e-05
5.16998e-05
5.1688e-05
5.16787e-05
5.16717e-05
5.16666e-05
5.16614e-05
5.16552e-05
5.16506e-05
5.16478e-05
5.16464e-05
5.16441e-05
5.16408e-05
5.16389e-05
5.16384e-05
5.16446e-05
0.000137685
0.000192687
0.000203051
0.000198729
0.000189951
0.000180185
0.000170595
0.000161548
0.00015313
0.000145338
0.000138138
0.000131491
0.000125354
0.000119686
0.000114446
0.00010961
0.000105147
0.000101029
9.72285e-05
9.37186e-05
9.04796e-05
8.74912e-05
8.47342e-05
8.21905e-05
7.98437e-05
7.76784e-05
7.56806e-05
7.38371e-05
7.21362e-05
7.05665e-05
6.91181e-05
6.77814e-05
6.65478e-05
6.54098e-05
6.43838e-05
6.3455e-05
6.2602e-05
6.18141e-05
6.10819e-05
6.03956e-05
5.97577e-05
5.91656e-05
5.86159e-05
5.82662e-05
5.84004e-05
5.89555e-05
0.000108898
0.000273684
0.000278149
0.000261856
0.000245813
0.000230889
0.00021708
0.00020432
0.000192538
0.000181678
0.000171657
0.000162409
0.000153872
0.000145989
0.000138713
0.000131998
0.0001258
0.000120078
0.000114796
0.000109922
0.000105423
0.000101267
9.74312e-05
9.38917e-05
9.06263e-05
8.76127e-05
8.48302e-05
8.22632e-05
0.000162853
0.00021891
0.000228264
0.000222317
0.000211813
0.00020039
0.000189249
0.000178759
0.000169005
0.000159979
0.000151642
0.000143968
0.000136914
0.000130421
0.000124608
0.000170296
0.00032924
0.000328401
0.000308421
0.000288876
0.000270676
0.000253828
0.000238255
0.000223895
0.000210667
0.000198491
0.000187271
0.000176906
0.000167318
0.000158449
0.000150245
0.000142658
0.000135652
0.000129204
0.000123257
0.000117763
0.00011271
0.000108047
0.000103734
9.97437e-05
9.60493e-05
9.26425e-05
8.95089e-05
8.66074e-05
8.39215e-05
8.14382e-05
7.91382e-05
7.70078e-05
7.50385e-05
7.32168e-05
7.15307e-05
6.99727e-05
6.85337e-05
6.7203e-05
6.59722e-05
6.48359e-05
6.3787e-05
6.28174e-05
6.1927e-05
6.12884e-05
6.09032e-05
6.0614e-05
6.03233e-05
5.99565e-05
5.95279e-05
5.90881e-05
5.86769e-05
5.82639e-05
5.78495e-05
5.74604e-05
5.71767e-05
0.00010535
0.000181689
0.000199903
0.000198553
0.000190891
0.000181548
0.000172084
0.000163041
0.000154574
0.000146703
0.000139411
0.000132664
0.000126429
0.000120667
0.000115345
0.000110428
0.000105885
0.000101689
9.78134e-05
9.42352e-05
9.09327e-05
8.7883e-05
8.50665e-05
8.24648e-05
8.00641e-05
7.78496e-05
7.58054e-05
7.3919e-05
7.21786e-05
7.05712e-05
6.90883e-05
6.77188e-05
6.64548e-05
6.52892e-05
6.42142e-05
6.32212e-05
6.23041e-05
6.14585e-05
6.06787e-05
5.99572e-05
5.92896e-05
5.86733e-05
5.81041e-05
5.75781e-05
5.70937e-05
5.66458e-05
5.62325e-05
5.58521e-05
5.55018e-05
5.51752e-05
5.48713e-05
5.45907e-05
5.43318e-05
5.40942e-05
5.38763e-05
5.36747e-05
5.34889e-05
5.33185e-05

