5e-05
5.02631e-05
5.04691e-05
5.06301e-05
5.08524e-05
5.14809e-05
5.23566e-05
5.32916e-05
5.41437e-05
5.48064e-05
5.52308e-05
5.54351e-05
5.5471e-05
5.53696e-05
5.51985e-05
5.50378e-05
5.4878e-05
5.47104e-05
5.45373e-05
5.43545e-05
5.41642e-05
5.39769e-05
5.3796e-05
5.36064e-05
5.34261e-05
5.32608e-05
5.311e-05
5.29716e-05
5.28411e-05
5.27208e-05
5.26123e-05
5.25151e-05
5.2428e-05
5.2348e-05
5.22727e-05
5.22051e-05
5.21452e-05
5.20922e-05
5.20448e-05
5.20004e-05
5.19609e-05
5.19261e-05
5.18956e-05
5.18666e-05
5.18391e-05
5.18149e-05
5.17937e-05
5.17722e-05
5.1752e-05
5.17344e-05
5.17193e-05
5.17044e-05
5.16967e-05
5.17023e-05
5.17133e-05
5.17258e-05
5.17332e-05
5.17378e-05
5.17411e-05
6.50602e-05
0.000173395
0.000201876
0.000203339
0.000196137
0.000186577
0.000176754
0.000167342
0.000158534
0.000150361
0.000142799
0.000188713
0.000253656
0.000264117
0.000256731
0.000244041
0.000230301
0.000216957
0.000204694
0.000193526
0.000183298
0.000173857
0.000165033
0.000156753
0.000148956
0.000141661
0.000134869
0.000128566
0.000122724
0.000117306
0.00011229
0.00010765
0.000103357
9.93866e-05
9.57176e-05
9.23254e-05
8.91928e-05
8.63005e-05
8.36305e-05
8.1163e-05
7.88842e-05
7.67804e-05
7.48574e-05
7.30968e-05
7.15023e-05
7.0047e-05
6.86961e-05
6.7428e-05
6.6243e-05
6.51571e-05
6.41742e-05
6.32683e-05
6.24301e-05
6.16516e-05
6.0926e-05
6.0239e-05
5.96234e-05
5.90694e-05
5.8554e-05
0.000129372
0.000193339
0.000206455
0.000202844
0.000194119
0.000184204
0.000174405
0.000165132
0.000156488
0.000148476
0.000141064
0.000134209
0.000127875
0.000122024
0.000116616
0.000111616
0.000107
0.000102741
9.89903e-05
0.000137236
0.000298206
0.000295789
0.00027772
0.000260405
0.000244334
0.000229468
0.000215732
0.000203044
0.000191328
0.00018051
0.000170522
0.000161301
0.000152787
0.000144928
0.000137673
0.000130976
0.000124792
0.000119084
0.000113815
0.00010895
0.00010446
0.000100314
9.64871e-05
9.29543e-05
8.96927e-05
8.66819e-05
8.39026e-05
8.13368e-05
7.89681e-05
7.67815e-05
7.47631e-05
7.28999e-05
7.11798e-05
6.95921e-05
6.81265e-05
6.67741e-05
6.55255e-05
6.43728e-05
6.33096e-05
6.23356e-05
6.14378e-05
6.06077e-05
5.98398e-05
5.91294e-05
0.000150987
0.000204677
0.000213971
0.000208686
0.000199034
0.000188481
0.000178173
0.000168464
0.000159433
0.000151075
0.000143351
0.000136218
0.000129633
0.000123554
0.000117942
0.000112764
0.000107991
0.000103587
9.95198e-05
9.57639e-05
9.22952e-05
8.90921e-05
8.61342e-05
8.3403e-05
8.08813e-05
7.8553e-05
7.64036e-05
7.44194e-05
7.25877e-05
7.08968e-05
6.93358e-05
6.78951e-05
6.65651e-05
6.53375e-05
6.42046e-05
6.31629e-05
6.22088e-05
6.13286e-05
6.05143e-05
5.97608e-05
5.90636e-05
5.84187e-05
5.78223e-05
5.7271e-05
5.67616e-05
5.6291e-05
5.58564e-05
5.54551e-05
5.50846e-05
5.47427e-05
5.44272e-05
5.41359e-05
5.38672e-05
5.36192e-05
5.33904e-05
5.31793e-05
5.29846e-05
5.28051e-05
5.26395e-05
5.24869e-05
5.23461e-05
5.22162e-05
5.20964e-05
5.1986e-05
5.18843e-05
5.17905e-05
5.17041e-05
5.16245e-05

