5e-05
5.02631e-05
5.04691e-05
5.06301e-05
5.07572e-05
5.08582e-05
5.09394e-05
5.10052e-05
5.10589e-05
5.11033e-05
5.11402e-05
5.11728e-05
5.13086e-05
5.15961e-05
5.18625e-05
5.21283e-05
5.23666e-05
5.25368e-05
5.26485e-05
5.26847e-05
5.2652e-05
5.25807e-05
5.25046e-05
5.24156e-05
5.2327e-05
5.22464e-05
5.21744e-05
5.21106e-05
0.000145833
0.000196469
0.000205244
0.000200266
0.000191171
0.000181228
0.000171516
0.00016238
0.000154119
0.000146687
0.000139913
0.000133624
0.000127733
0.00012224
0.000117101
0.000112281
0.000107787
0.000103602
9.97116e-05
9.6086e-05
9.27137e-05
0.000141629
0.000215164
0.000230312
0.000226117
0.000215973
0.00020445
0.00019307
0.00018231
0.000172289
0.000163007
0.000154429
0.000146501
0.000139179
0.000132421
0.000126197
0.000120472
0.000115197
0.000110331
0.000105841
0.000101689
9.78489e-05
9.4301e-05
9.10209e-05
8.79888e-05
8.51877e-05
8.2598e-05
8.02074e-05
7.79941e-05
7.59486e-05
0.000131489
0.000203743
0.000218998
0.000215394
0.000205981
0.000195193
0.000184513
0.000174404
0.000164989
0.000156269
0.00014821
0.000140767
0.000133898
0.000127559
0.000121709
0.000116307
0.000111319
0.000106723
0.000102506
9.86227e-05
9.50414e-05
9.17353e-05
8.8687e-05
8.59143e-05
8.34014e-05
8.1091e-05
7.89518e-05
7.69845e-05
7.51853e-05
7.34978e-05
7.19163e-05
7.04414e-05
6.90659e-05
6.77836e-05
6.65891e-05
6.54708e-05
6.44237e-05
6.34472e-05
6.25417e-05
6.16979e-05
6.09149e-05
6.01918e-05
0.000152528
0.000201333
0.000209267
0.00020381
0.000194411
0.000184238
0.000174355
0.000165046
0.000156394
0.000148417
0.000141054
0.000134246
0.000127936
0.000122099
0.000116736
0.000111788
0.000107209
0.000102977
9.90667e-05
9.54633e-05
9.21548e-05
8.91029e-05
8.62825e-05
8.36676e-05
8.12347e-05
7.89937e-05
7.69236e-05
0.000138219
0.000205588
0.000219305
0.000226695
0.000307914
0.000320786
0.000311291
0.000295186
0.000277787
0.000260852
0.000244917
0.000230101
0.00021639
0.000203718
0.000192011
0.000181202
0.000245122
0.000287447
0.000288983
0.000277486
0.000262433
0.000247012
0.000232254
0.000218449
0.000205644
0.000193805
0.000182869
0.000172773
0.000163449
0.000154839
0.000146893
0.000139559
0.00013279
0.000126541
0.000120765
0.000115427
0.000110498
0.000105947
0.000101748
9.78743e-05
9.43023e-05
9.10298e-05
8.80229e-05
8.52423e-05
8.26668e-05
8.02829e-05
7.80792e-05
7.60382e-05
7.41495e-05
7.24062e-05
7.07982e-05
6.93257e-05
6.79773e-05
6.67407e-05
6.56212e-05
6.45864e-05
6.36158e-05
6.27153e-05
6.18781e-05
6.10991e-05
6.03771e-05
5.97025e-05
5.90704e-05
5.84829e-05
5.79389e-05
5.7436e-05
5.69688e-05
5.65371e-05
5.6139e-05
5.57731e-05
5.54348e-05
5.512e-05
5.48299e-05
5.45599e-05
5.43119e-05
5.40855e-05
5.4015e-05
5.41816e-05
5.44177e-05
5.46713e-05
5.48862e-05
5.49916e-05
5.49886e-05
5.49315e-05
5.48361e-05
5.47135e-05
5.45727e-05
5.44076e-05
5.42333e-05
5.40664e-05
5.39309e-05
5.38052e-05
5.36761e-05
5.35475e-05
5.34147e-05
5.32802e-05
5.31505e-05
5.30298e-05
5.29182e-05
5.28242e-05
5.27627e-05
5.27091e-05
5.26507e-05

