5e-05
5.02631e-05
5.04691e-05
5.06301e-05
5.07572e-05
5.08582e-05
5.09394e-05
5.10109e-05
5.10995e-05
5.12161e-05
5.13358e-05
5.14416e-05
5.15322e-05
5.16065e-05
5.16632e-05
5.17435e-05
5.18235e-05
5.18886e-05
5.19283e-05
5.19477e-05
5.19589e-05
5.19557e-05
5.19306e-05
8.8815e-05
0.000180942
0.000203655
0.000203183
0.000195378
0.000185638
0.000175769
0.000166355
0.000157559
0.000149406
0.000141865
0.000134901
0.000128473
0.000122542
0.000117071
0.000112021
0.000107358
0.000103052
9.90779e-05
9.54098e-05
9.20316e-05
8.89344e-05
8.60847e-05
8.34583e-05
8.10283e-05
7.8779e-05
7.67182e-05
7.48171e-05
0.000178556
0.000214607
0.000217864
0.00021051
0.000200156
0.000189369
0.00017899
0.000169262
0.000160231
0.000151871
0.000144146
0.000137102
0.000130865
0.00012522
0.000119973
0.000115053
0.000110439
0.000106116
0.00010208
9.83159e-05
9.48022e-05
9.154e-05
8.85049e-05
8.56778e-05
8.30565e-05
8.06332e-05
7.83932e-05
7.63253e-05
7.44176e-05
7.2658e-05
7.10348e-05
6.95343e-05
6.81502e-05
6.68741e-05
6.56975e-05
6.46092e-05
6.35991e-05
6.2663e-05
6.18111e-05
6.10462e-05
6.03377e-05
5.96797e-05
5.9064e-05
5.84899e-05
5.79607e-05
5.74735e-05
5.70247e-05
5.66113e-05
5.62303e-05
5.5877e-05
5.55469e-05
5.52364e-05
5.49462e-05
5.46795e-05
5.44349e-05
5.42104e-05
5.40214e-05
5.3856e-05
5.37011e-05
5.35579e-05
5.3426e-05
5.33008e-05
5.3197e-05
5.31184e-05
5.30409e-05
5.29684e-05
5.28988e-05
5.28258e-05
5.27548e-05
5.26865e-05
5.26109e-05
5.25417e-05
5.24936e-05
5.24756e-05
5.24568e-05
5.24291e-05
5.23947e-05
5.23598e-05
5.23258e-05
5.22924e-05
5.22593e-05
5.22265e-05
5.21915e-05
5.21541e-05
5.21142e-05
5.20731e-05
5.2051e-05
5.22914e-05
5.2842e-05
5.35732e-05
5.42629e-05
5.48701e-05
5.54612e-05
5.59338e-05
5.61721e-05
5.61799e-05
5.60399e-05
5.58104e-05
5.55501e-05
5.52749e-05
5.49979e-05
5.47334e-05
5.45571e-05
5.46638e-05
5.48472e-05
5.49605e-05
5.4959e-05
5.48655e-05
5.47287e-05
5.45966e-05
5.44599e-05
5.43159e-05
5.42839e-05
5.46661e-05
5.50552e-05
5.5381e-05
5.55954e-05
5.56353e-05
5.55743e-05
5.54348e-05
5.52475e-05
5.50378e-05
5.48231e-05
5.46013e-05
5.43857e-05
5.41817e-05
5.39901e-05
5.38115e-05
9.22764e-05
0.000177673
0.00019874
0.000198227
0.000190833
0.000181594
0.000172197
0.000163185
0.000154742
0.000146895
0.000139616
0.000132877
0.000126649
0.000120889
0.000115562
0.000110633
0.000106077
0.000101871
9.79893e-05
9.44024e-05
9.10905e-05
8.80355e-05
8.52158e-05
8.2784e-05
8.07686e-05
7.90057e-05
7.73193e-05
7.56416e-05
7.39965e-05
7.24246e-05
7.09304e-05
6.95218e-05
6.82043e-05
6.69748e-05
6.58285e-05
6.47551e-05
6.37489e-05
6.28079e-05
6.19349e-05
6.11283e-05
6.03818e-05
5.96939e-05
5.90595e-05
5.84725e-05
5.79272e-05
0.000166972
0.000203887
0.00020792
0.000201305
0.000191646
0.000181504
0.000171724
0.000162554
0.000154037
0.000146157
0.00013888
0.000132161
0.000125961
0.000120254
0.000114993
0.000110135
0.000105643
0.000101494
9.76612e-05
9.41234e-05
9.08579e-05
8.78434e-05
8.50556e-05
8.24749e-05
8.00879e-05
7.78799e-05

