5e-05
5.02631e-05
5.04691e-05
5.06301e-05
5.07572e-05
5.08582e-05
5.09394e-05
5.10052e-05
5.10589e-05
5.11033e-05
5.11402e-05
5.11713e-05
5.11975e-05
5.12168e-05
5.12333e-05
5.12481e-05
5.12618e-05
5.12746e-05
5.12867e-05
5.12984e-05
5.13096e-05
5.13178e-05
5.13244e-05
5.1326e-05
5.13246e-05
5.13248e-05
5.13267e-05
5.13387e-05
5.13683e-05
0.00013629
0.00019265
0.000202975
0.00019894
0.000190638
0.000181327
0.00017212
0.000163357
0.000155123
0.00014742
0.000140228
0.000133545
0.000127344
0.000121597
0.000116267
0.000111325
0.000106754
0.000102527
9.86183e-05
9.50036e-05
9.16641e-05
8.85808e-05
8.57333e-05
8.30908e-05
8.06443e-05
7.83868e-05
7.63036e-05
7.43832e-05
7.26343e-05
7.10271e-05
6.95426e-05
6.81708e-05
6.69021e-05
6.57318e-05
6.46515e-05
6.36508e-05
0.000165913
0.00020613
0.000211126
0.000204663
0.000194885
0.000184546
0.00017455
0.00016517
0.000156459
0.000148399
0.00014095
0.000134071
0.000127718
0.000121855
0.000116444
0.000111466
0.000106887
0.000102666
9.87715e-05
9.51758e-05
9.18546e-05
8.8786e-05
8.59505e-05
8.33301e-05
8.09076e-05
7.86645e-05
7.65914e-05
7.46764e-05
7.29052e-05
7.12668e-05
6.97507e-05
6.83503e-05
6.70568e-05
6.58601e-05
6.47559e-05
6.37345e-05
6.27905e-05
6.19173e-05
6.11121e-05
6.03672e-05
5.96802e-05
5.90447e-05
5.84546e-05
5.79078e-05
5.74032e-05
5.69395e-05
5.65136e-05
5.61224e-05
5.57626e-05
5.54378e-05
5.51576e-05
5.49053e-05
5.46738e-05
5.44557e-05
5.42532e-05
5.40648e-05
5.38892e-05
5.37246e-05
5.35671e-05
5.34189e-05
5.32779e-05
5.31442e-05
5.30191e-05
5.29038e-05
5.27977e-05
5.27003e-05
5.26107e-05
5.25263e-05
5.24467e-05
5.23736e-05
5.23069e-05
5.22459e-05
5.21924e-05
5.2159e-05
5.21351e-05
5.21124e-05
5.20885e-05
5.20632e-05
5.20387e-05
5.2015e-05
5.19917e-05
5.19657e-05
5.19388e-05
5.19132e-05
5.18891e-05
5.18664e-05
5.18456e-05
5.18463e-05
5.18501e-05
5.18533e-05
5.2037e-05
5.25726e-05
5.32199e-05
5.37338e-05
5.41481e-05
5.44097e-05
5.45343e-05
5.45697e-05
5.45365e-05
5.44316e-05
5.42954e-05
5.41409e-05
5.39807e-05
5.3816e-05
5.36498e-05
5.34907e-05
5.33392e-05
5.31983e-05
5.30679e-05
5.29435e-05
5.28242e-05
5.27138e-05
5.2611e-05
5.25177e-05
5.24335e-05
5.23575e-05
5.22862e-05
5.22212e-05
5.21571e-05
5.20963e-05
5.20413e-05
5.19912e-05
8.88312e-05
0.000180851
0.000203536
0.000203066
0.000195269
0.000185542
0.000177186
0.000272114
0.000292471
0.000286779
0.000273104
0.000257596
0.000242306
0.000227851
0.000214389
0.000201915
0.000190382
0.000179725
0.000169884
0.000160796
0.000152403
0.00014465
0.000137491
0.000130884
0.000124784
0.000119151
0.000113949
0.000109144
0.000104708
0.000100612
9.68493e-05
9.33847e-05
9.01908e-05
8.72436e-05
8.45224e-05
0.000133981
0.000207819
0.000223414
0.00021971
0.000210061
0.000199002
0.000188049
0.000177679
0.000168019
0.000159095
0.000151104
0.000143898
0.000137322
0.000131253
0.0001256
0.000120304
0.000115337
0.000110677
0.000106283
0.000102172
9.83519e-05
9.48018e-05
9.17164e-05
8.92325e-05
8.708e-05
8.50004e-05
8.29733e-05
8.0984e-05

