5e-05
5.02669e-05
5.04842e-05
5.06602e-05
5.08034e-05
5.09206e-05
5.10168e-05
5.10963e-05
5.11623e-05
5.12174e-05
5.12636e-05
5.13026e-05
5.13359e-05
5.13767e-05
5.14257e-05
5.14744e-05
5.15195e-05
5.15575e-05
5.15848e-05
5.16057e-05
5.16028e-05
5.15896e-05
5.15955e-05
5.16009e-05
5.16055e-05
5.16125e-05
5.16212e-05
5.16306e-05
5.16401e-05
5.16493e-05
5.1655e-05
5.16587e-05
5.16625e-05
5.16664e-05
5.16684e-05
5.16686e-05
5.16693e-05
5.16708e-05
5.16711e-05
5.16689e-05
5.16675e-05
5.16672e-05
5.16678e-05
5.16692e-05
5.16713e-05
5.1674e-05
5.1677e-05
5.16803e-05
5.16865e-05
5.17207e-05
5.17572e-05
5.17864e-05
5.18209e-05
5.18855e-05
5.19548e-05
5.20181e-05
5.20629e-05
5.20922e-05
5.21068e-05
5.21062e-05
0.000155451
0.00019791
0.000204021
0.000198277
0.000189057
0.000179196
0.000169631
0.000160643
0.000152292
0.000144565
0.000137423
0.000130829
0.000124742
0.000119124
0.000113939
0.000109154
0.000104738
0.000100662
9.68998e-05
9.34277e-05
9.0223e-05
8.72651e-05
8.45315e-05
8.19991e-05
7.96532e-05
0.000162187
0.000214
0.000222251
0.000216258
0.000206044
0.000195008
0.00018429
0.000174218
0.000164861
0.000156202
0.000148196
0.0001408
0.000133971
0.00012766
0.000121832
0.000116451
0.000111483
0.000106897
0.000102662
9.87483e-05
9.51339e-05
9.17945e-05
8.87099e-05
8.58812e-05
8.32908e-05
8.08936e-05
7.86754e-05
0.00017231
0.00021482
0.000220106
0.000213295
0.000202985
0.000192091
0.000181835
0.000172596
0.000164338
0.000157156
0.000253708
0.000365319
0.000351382
0.000328903
0.000307659
0.000287968
0.000269766
0.000252953
0.000237428
0.000223095
0.000209864
0.000197651
0.000186377
0.00017597
0.000166364
0.000157502
0.000149344
0.000141823
0.000134881
0.000128475
0.000122564
0.000117107
0.000112067
0.000107416
0.000103145
9.92122e-05
9.5595e-05
9.22815e-05
8.92243e-05
8.63878e-05
8.37586e-05
8.1322e-05
7.90616e-05
7.69675e-05
7.50284e-05
0.00016563
0.000213048
0.000219988
0.000213717
0.000203564
0.000192683
0.000182115
0.000172174
0.000162933
0.000154381
0.000146479
0.00013918
0.00013244
0.000126217
0.000120465
0.000115152
0.000110248
0.000105723
0.000101545
9.77008e-05
9.4378e-05
9.14935e-05
8.8893e-05
8.64747e-05
8.42089e-05
8.20639e-05
8.00042e-05
7.79925e-05
7.60833e-05
7.4296e-05
7.26278e-05
7.10733e-05
6.96268e-05
6.82806e-05
6.70197e-05
6.58449e-05
6.47559e-05
6.37446e-05
6.2805e-05
6.19351e-05
6.11295e-05
6.03831e-05
5.96946e-05
5.90576e-05
5.84677e-05
5.79222e-05
5.74207e-05
5.69598e-05
5.65366e-05
5.61478e-05
5.57906e-05
5.54624e-05
5.51591e-05
5.48784e-05
5.46204e-05
5.43834e-05
5.41657e-05
5.39641e-05
5.37762e-05
5.3602e-05
5.3541e-05
5.38083e-05
5.42212e-05
5.46183e-05
5.49571e-05
5.51593e-05
5.52423e-05
5.52251e-05
5.51348e-05
5.49992e-05
5.48387e-05
5.46671e-05
5.44865e-05
5.43085e-05
5.41335e-05
5.39614e-05
5.37981e-05
5.36443e-05
5.35e-05
5.33651e-05
5.32391e-05
5.31195e-05
5.29994e-05
5.28831e-05
0.000153113
0.000198223
0.000205144
0.000199593
0.00019036
0.000180425
0.000170769
0.000161689
0.000153252

