5e-05
5.02631e-05
5.04691e-05
5.06301e-05
5.07572e-05
5.08582e-05
5.09394e-05
5.10052e-05
5.10589e-05
5.11033e-05
5.11402e-05
5.11715e-05
5.12137e-05
5.12647e-05
5.13384e-05
5.1414e-05
5.14831e-05
5.15422e-05
5.15887e-05
5.16122e-05
5.16321e-05
5.16417e-05
5.16436e-05
5.1632e-05
5.16179e-05
5.16057e-05
5.15958e-05
5.15877e-05
5.15805e-05
5.15713e-05
5.15599e-05
5.15477e-05
5.15378e-05
5.15272e-05
5.15154e-05
5.15041e-05
5.14957e-05
5.14892e-05
5.14816e-05
5.14745e-05
5.14698e-05
5.14676e-05
5.14673e-05
5.14688e-05
5.14716e-05
5.14862e-05
5.1531e-05
5.16133e-05
5.17286e-05
5.18419e-05
5.19259e-05
5.19854e-05
5.20135e-05
5.20194e-05
5.2019e-05
5.20132e-05
5.19991e-05
5.19807e-05
5.19544e-05
0.000143845
0.000195287
0.000204388
0.000199568
0.000190571
0.000180699
0.000171047
0.000161953
0.000180945
0.00026198
0.000277125
0.000270556
0.000257421
0.00024286
0.000228581
0.000215112
0.000202576
0.000190969
0.000180252
0.00017038
0.000161275
0.000152873
0.000145111
0.000137938
0.000131309
0.000125185
0.00011953
0.000114306
0.000109476
0.000105011
0.000100886
9.70793e-05
9.35659e-05
9.03229e-05
8.73311e-05
8.45713e-05
8.20256e-05
7.96773e-05
7.75111e-05
7.55363e-05
7.37644e-05
7.21479e-05
7.06586e-05
6.9279e-05
6.7997e-05
0.000138285
0.000200039
0.000212242
0.000208038
0.000198834
0.000188509
0.00017835
0.000168752
0.00015981
0.000151525
0.000143862
0.000136775
0.000130229
0.000124183
0.000118599
0.000113444
0.000108686
0.000104294
0.00010024
9.64944e-05
9.30303e-05
8.98301e-05
8.68739e-05
8.41422e-05
8.16221e-05
7.92973e-05
7.71507e-05
7.51709e-05
7.33604e-05
7.17047e-05
7.01847e-05
6.88077e-05
6.75402e-05
6.63693e-05
6.53003e-05
6.43664e-05
6.35151e-05
6.27163e-05
6.19671e-05
6.12533e-05
6.05746e-05
5.99314e-05
5.93534e-05
5.88318e-05
0.000132161
0.000191663
0.00021113
0.000390062
0.000401418
0.000376674
0.000352081
0.000329065
0.000307717
0.000287974
0.000269735
0.000252891
0.00023734
0.000222983
0.000209728
0.000206107
0.000303076
0.000321557
0.000313768
0.000298022
0.000374927
0.000391551
0.00037964
0.000359261
0.00033722
0.000315761
0.00029557
0.0002768
0.000259427
0.000243374
0.00022855
0.000214864
0.00020223
0.000190567
0.000179801
0.000169862
0.000160688
0.000152219
0.000144401
0.000137185
0.000130524
0.000124374
0.000118698
0.000113457
0.00010862
0.000104154
0.000100032
9.62312e-05
9.27283e-05
8.94945e-05
8.65079e-05
8.37492e-05
8.12012e-05
7.8848e-05
7.66749e-05
7.46686e-05
7.2816e-05
7.11056e-05
6.95267e-05
6.80691e-05
6.67241e-05
6.54823e-05
6.43359e-05
6.32774e-05
6.23003e-05
6.13986e-05
6.05662e-05
5.97979e-05
5.90887e-05
0.000138227
0.000200257
0.000212411
0.000208111
0.000198801
0.00018837
0.000178109
0.000168419
0.0001594
0.000151048
0.00014333
0.000136202
0.000129621
0.000123546
0.000117966
0.00011291
0.000108262
0.000103949
9.9933e-05
9.62012e-05
9.27362e-05
8.95261e-05
8.65758e-05
8.39736e-05
8.15921e-05
7.93439e-05
7.72282e-05
7.5249e-05
7.34108e-05
7.17097e-05
7.01292e-05
6.86609e-05
6.74028e-05

