5e-05
5.02631e-05
5.04691e-05
5.06301e-05
5.07572e-05
5.08582e-05
5.09394e-05
5.10052e-05
5.10709e-05
5.11502e-05
5.12246e-05
5.12913e-05
5.14058e-05
5.15718e-05
5.17134e-05
5.18378e-05
5.19547e-05
5.20892e-05
5.22057e-05
5.22834e-05
5.2308e-05
5.22948e-05
5.22643e-05
5.22063e-05
5.21434e-05
5.20827e-05
5.20274e-05
5.19778e-05
7.46532e-05
0.000176718
0.000202833
0.00020349
0.000196028
0.000186364
0.000176485
0.00016705
0.000158475
0.000150789
0.000143828
0.000137356
0.000131229
0.000125476
0.000120067
0.000115011
0.000110299
0.000105914
0.000101837
9.80527e-05
9.45424e-05
9.13104e-05
8.83677e-05
8.57117e-05
8.32507e-05
8.09281e-05
7.87693e-05
7.67735e-05
7.49591e-05
7.32852e-05
7.17295e-05
7.02676e-05
6.88678e-05
6.75513e-05
6.63283e-05
6.51941e-05
6.41453e-05
6.31743e-05
6.22781e-05
6.14493e-05
6.06836e-05
5.9973e-05
5.93153e-05
5.8708e-05
5.81486e-05
5.76346e-05
5.71981e-05
5.703e-05
5.7048e-05
5.71434e-05
5.71849e-05
5.71643e-05
5.70839e-05
5.69207e-05
5.66944e-05
5.64375e-05
5.61716e-05
5.59586e-05
5.62421e-05
5.7146e-05
0.000174339
0.00027003
0.0002568
0.000241118
0.000226512
0.000213004
0.000200524
0.000188999
0.000178358
0.000168533
0.000159463
0.00015109
0.00014336
0.000136225
0.000129638
0.000123557
0.000117944
0.000112762
0.000107979
0.000103563
9.94866e-05
9.57236e-05
9.22497e-05
8.90427e-05
8.60821e-05
8.33492e-05
8.08267e-05
7.84984e-05
7.6349e-05
7.43651e-05
7.25334e-05
7.08424e-05
6.92811e-05
6.78398e-05
6.65095e-05
6.52818e-05
6.41525e-05
6.31159e-05
6.21587e-05
6.12735e-05
6.0457e-05
5.97098e-05
5.90193e-05
5.83791e-05
5.77855e-05
5.72353e-05
5.67258e-05
5.62548e-05
5.58276e-05
5.54448e-05
0.000123838
0.000193515
0.000208491
0.000205332
0.000196548
0.000186417
0.000176379
0.000166869
0.000157999
0.000170602
0.000258762
0.0002764
0.000270647
0.000257735
0.000243193
0.000228871
0.000215341
0.000202744
0.000191075
0.000180289
0.000170326
0.000161126
0.000152632
0.000144791
0.000137552
0.000130869
0.0001247
0.000119005
0.000113748
0.000108895
0.000104415
0.00010028
9.64626e-05
9.29389e-05
8.96861e-05
8.66834e-05
8.39117e-05
8.13533e-05
7.89918e-05
7.68119e-05
7.47999e-05
7.29426e-05
7.12283e-05
6.96458e-05
6.81853e-05
6.68372e-05
6.55929e-05
6.44444e-05
6.33843e-05
6.24058e-05
6.15037e-05
6.06812e-05
5.99252e-05
5.92264e-05
5.85794e-05
5.79802e-05
5.74254e-05
5.69117e-05
5.6436e-05
5.5998e-05
5.56891e-05
5.54836e-05
5.52867e-05
5.50853e-05
5.48848e-05
5.46683e-05
5.44341e-05
5.41968e-05
5.39631e-05
5.37372e-05
5.35219e-05
5.33188e-05
5.31283e-05
5.29502e-05
5.27838e-05
5.26292e-05
5.24856e-05
5.23525e-05
5.22295e-05
5.21159e-05
5.20109e-05
5.1914e-05
5.18247e-05
5.17422e-05
5.16662e-05
5.15962e-05
5.15318e-05
5.14725e-05
5.14181e-05
5.13679e-05
5.13219e-05
5.12795e-05
5.12402e-05
5.12042e-05
5.11711e-05
5.11405e-05
5.11123e-05
5.10862e-05
5.10622e-05
5.10404e-05
5.10206e-05
5.10026e-05
5.09863e-05
5.09714e-05
5.09576e-05
5.09447e-05
5.09329e-05
5.09224e-05
5.09129e-05
5.09041e-05
5.08961e-05
5.08884e-05

