5e-05
5.02669e-05
5.04842e-05
5.06602e-05
5.08034e-05
5.09206e-05
5.10168e-05
5.10963e-05
5.11623e-05
5.12174e-05
5.12636e-05
5.13026e-05
5.1338e-05
0.000157783
0.000196998
0.000202115
0.000196201
0.00018711
0.000177463
0.000213838
0.000277681
0.000286662
0.000277694
0.000263465
0.000248271
0.000233536
0.00021969
0.000206824
0.000194916
0.000183896
0.000173709
0.000164303
0.000155622
0.000147611
0.000140219
0.000133397
0.000127103
0.000121295
0.000115936
0.000110991
0.000106428
0.000102217
9.83311e-05
9.4744e-05
9.14303e-05
8.83801e-05
8.55874e-05
8.30178e-05
8.06484e-05
7.84779e-05
7.64743e-05
7.46174e-05
7.28867e-05
7.12794e-05
6.97894e-05
6.84127e-05
6.71377e-05
6.59579e-05
6.48643e-05
6.38495e-05
6.29057e-05
6.203e-05
6.12206e-05
6.04733e-05
5.97839e-05
5.91455e-05
5.85537e-05
5.80088e-05
5.75053e-05
5.70403e-05
5.66135e-05
5.62593e-05
5.62573e-05
5.65544e-05
5.69313e-05
5.73458e-05
5.77042e-05
5.792e-05
5.80013e-05
5.81039e-05
5.82691e-05
5.83034e-05
5.81257e-05
5.78585e-05
5.7554e-05
5.72379e-05
5.69302e-05
0.000115284
0.000188208
0.000204582
0.00020213
0.000193802
0.000184018
0.000174255
0.000164988
0.000156345
0.000148335
0.000140929
0.000134088
0.000127771
0.000121938
0.000116554
0.000111581
0.000106986
0.000102742
9.88205e-05
9.51969e-05
9.18525e-05
8.87665e-05
8.59172e-05
8.3285e-05
8.08524e-05
7.86079e-05
7.65347e-05
7.46223e-05
7.28849e-05
7.1298e-05
6.98482e-05
6.85382e-05
6.73366e-05
6.62342e-05
6.52565e-05
6.43656e-05
6.35343e-05
6.27315e-05
6.19666e-05
6.12413e-05
6.05555e-05
5.99156e-05
5.93203e-05
5.87844e-05
5.83154e-05
5.78782e-05
5.74617e-05
5.70605e-05
0.000102212
0.000185127
0.000204526
0.000203062
0.000195028
0.000185305
0.000175532
0.000166231
0.000157544
0.000149484
0.000142096
0.000135747
0.000130199
0.000125274
0.000120838
0.000116862
0.000122533
0.000301774
0.000322543
0.00030382
0.000284614
0.000266709
0.000361771
0.000379441
0.000368517
0.000349033
0.000327811
0.000307107
0.000287614
0.000269489
0.000252713
0.000237214
0.000222904
0.000209694
0.000197503
0.000186252
0.00017587
0.000166289
0.000157446
0.000149284
0.000141753
0.000134803
0.000128389
0.000122522
0.000117412
0.000112901
0.000108728
0.00010481
0.000101136
9.76769e-05
9.44157e-05
9.13456e-05
8.8462e-05
8.57478e-05
8.321e-05
8.08388e-05
7.86348e-05
7.659e-05
7.4692e-05
7.29248e-05
7.12851e-05
6.97692e-05
6.83655e-05
6.70795e-05
6.59082e-05
6.48247e-05
6.38212e-05
6.28899e-05
6.20252e-05
6.12257e-05
6.04873e-05
5.98017e-05
5.91641e-05
5.85726e-05
5.8026e-05
5.75211e-05
5.70535e-05
5.66227e-05
5.62263e-05
5.58592e-05
5.55165e-05
5.52011e-05
5.49072e-05
5.46348e-05
5.4385e-05
5.41557e-05
5.39582e-05
5.40109e-05
5.42223e-05
5.44878e-05
5.47398e-05
5.49337e-05
5.50379e-05
5.50417e-05
5.49692e-05
5.48578e-05
5.47243e-05
5.4577e-05
5.44224e-05
5.42649e-05
5.4108e-05
5.39541e-05
5.38015e-05
5.3647e-05
5.34943e-05
5.33483e-05
5.32069e-05
5.30754e-05
5.29514e-05
5.28371e-05
5.27328e-05
5.26377e-05
5.25446e-05
5.24559e-05
5.23756e-05

