5e-05
5.02631e-05
5.04691e-05
5.06301e-05
5.07572e-05
5.08582e-05
5.09394e-05
5.10052e-05
5.10714e-05
5.11509e-05
5.12253e-05
5.12901e-05
5.89592e-05
0.000170362
0.000200336
0.000202314
0.000195363
0.000185931
0.000176179
0.000166815
0.000158034
0.000149868
0.000142313
0.00013533
0.000128879
0.00012292
0.00011742
0.000112344
0.00010766
0.000103329
9.93288e-05
9.56376e-05
9.22324e-05
8.90913e-05
8.61917e-05
8.35162e-05
8.10484e-05
7.87746e-05
7.67015e-05
7.48007e-05
7.30499e-05
7.14339e-05
6.99401e-05
6.85584e-05
6.72796e-05
6.60959e-05
6.50001e-05
6.39812e-05
6.3787e-05
0.000176778
0.000208188
0.000210264
0.00020292
0.000192947
0.000182642
0.000172753
0.000163496
0.000154906
0.000212777
0.000266631
0.000272942
0.000263767
0.000250137
0.000235781
0.000221916
0.000208907
0.000196824
0.000185646
0.000175321
0.000165789
0.000156989
0.000148869
0.000141375
0.000134459
0.000128077
0.000122188
0.000116753
0.000111756
0.000107163
0.000102928
9.90182e-05
0.00017273
0.000225213
0.000233151
0.000226525
0.000215605
0.00020387
0.000206354
0.000289129
0.000303555
0.00029543
0.000280544
0.000264261
0.000248355
0.000233372
0.000219438
0.000206539
0.00019462
0.000183615
0.000173454
0.000164073
0.000155415
0.00014742
0.000140039
0.000133227
0.000126958
0.00012118
0.000115848
0.000110924
0.000106579
0.000102878
9.95365e-05
9.64875e-05
9.36412e-05
9.09337e-05
8.83355e-05
8.58342e-05
8.34236e-05
8.11405e-05
7.89824e-05
7.69559e-05
7.5065e-05
7.33014e-05
7.1659e-05
7.0131e-05
6.87095e-05
6.73942e-05
6.61749e-05
6.50449e-05
6.40009e-05
6.3038e-05
6.21702e-05
6.14613e-05
6.08729e-05
6.0336e-05
5.98367e-05
5.94152e-05
5.90335e-05
5.86435e-05
5.82368e-05
5.78381e-05
5.74514e-05
5.70803e-05
5.70206e-05
5.77945e-05
0.000233826
0.000271504
0.000256274
0.000240627
0.000226073
0.000212608
0.000200165
0.000188673
0.000178061
0.000168262
0.000159216
0.000150864
0.000143153
0.000136035
0.000129466
0.00012341
0.000117819
0.000112659
0.000107901
0.000103507
9.9447e-05
9.56957e-05
9.22301e-05
8.90291e-05
8.60728e-05
8.33428e-05
8.08218e-05
7.84942e-05
7.63451e-05
7.43609e-05
7.25289e-05
7.08376e-05
6.92762e-05
6.78348e-05
6.65042e-05
6.52759e-05
6.41423e-05
6.3096e-05
6.21302e-05
6.12385e-05
6.04155e-05
5.96557e-05
5.89545e-05
5.83076e-05
5.77107e-05
5.71597e-05
5.6651e-05
5.61814e-05
5.5748e-05
5.53486e-05
5.49861e-05
5.47315e-05
5.45302e-05
5.43484e-05
5.41545e-05
5.39435e-05
5.37247e-05
5.35095e-05
5.3302e-05
5.31047e-05
5.29187e-05
5.27446e-05
5.25824e-05
0.000106678
0.000189095
0.000208299
0.000206449
0.000198003
0.000187887
0.000177751
0.000168119
0.000159133
0.000150806
0.000143108
0.000135998
0.000129433
0.000123373
0.000117779
0.000112616
0.000107849
0.000103449
9.93868e-05
9.56373e-05
9.21764e-05
8.89818e-05
8.60328e-05
8.33107e-05
8.07979e-05
7.84784e-05
7.63374e-05
7.43611e-05
7.25369e-05
7.08531e-05
6.93064e-05
6.78837e-05
6.65703e-05
6.53564e-05
6.42361e-05
6.32108e-05
6.22643e-05
6.13877e-05
6.05754e-05
5.98227e-05
5.91257e-05
5.84807e-05

