5e-05
5.02631e-05
5.04691e-05
5.06301e-05
5.07572e-05
5.08582e-05
5.09394e-05
5.10052e-05
5.10589e-05
5.11033e-05
5.11402e-05
5.11713e-05
5.11979e-05
5.12189e-05
5.12352e-05
5.12497e-05
5.12631e-05
5.12756e-05
5.12874e-05
5.12987e-05
5.13067e-05
5.13141e-05
5.1318e-05
5.13167e-05
5.13143e-05
5.13134e-05
5.13146e-05
7.83553e-05
0.000177527
0.000202652
0.000203
0.000195464
0.000185807
0.000175964
0.000166556
0.00015776
0.000149603
0.000142061
0.000135096
0.000128667
0.000122732
0.000117255
0.0001122
0.000107534
0.000103227
9.92522e-05
9.55832e-05
9.21994e-05
8.90999e-05
8.6245e-05
8.36074e-05
8.11717e-05
7.89215e-05
7.68418e-05
7.49192e-05
7.31418e-05
7.14985e-05
6.99792e-05
6.85745e-05
6.72697e-05
6.60493e-05
6.49172e-05
6.38732e-05
6.2911e-05
6.20247e-05
6.12082e-05
6.04562e-05
5.97635e-05
5.91255e-05
5.85377e-05
5.79962e-05
5.74973e-05
5.70376e-05
5.6614e-05
5.62235e-05
5.58636e-05
5.55306e-05
5.52192e-05
5.49299e-05
5.46637e-05
5.44189e-05
5.41935e-05
5.39811e-05
5.37808e-05
5.3597e-05
5.34275e-05
5.3268e-05
5.31212e-05
5.29839e-05
5.28576e-05
5.78123e-05
0.000171333
0.000202102
0.000204272
0.000197252
0.000187666
0.000177766
0.000168283
0.000159438
0.000151244
0.000143656
0.00013664
0.000130156
0.000124162
0.000118623
0.000113504
0.000108772
0.000104399
0.000100359
9.66239e-05
9.31693e-05
8.99777e-05
8.70281e-05
8.43011e-05
8.17796e-05
7.94513e-05
7.7302e-05
7.53153e-05
7.34814e-05
7.17894e-05
7.02283e-05
6.8788e-05
6.74592e-05
6.62359e-05
6.51323e-05
6.41256e-05
6.31989e-05
6.23425e-05
6.15491e-05
6.08131e-05
6.01298e-05
5.94952e-05
5.89067e-05
5.85642e-05
5.86248e-05
5.89133e-05
5.92965e-05
5.96658e-05
5.99271e-05
5.99988e-05
5.9833e-05
5.95377e-05
5.91649e-05
5.87305e-05
5.82877e-05
5.78829e-05
5.74938e-05
5.71172e-05
5.67539e-05
5.64052e-05
5.607e-05
5.57432e-05
5.54318e-05
5.51541e-05
5.51662e-05
5.53353e-05
5.55381e-05
5.56933e-05
5.57438e-05
5.57191e-05
5.56122e-05
5.54484e-05
5.526e-05
5.5061e-05
5.48582e-05
5.46509e-05
5.44481e-05
5.42537e-05
5.40688e-05
5.38896e-05
5.37205e-05
5.35619e-05
5.34094e-05
5.32655e-05
5.3133e-05
5.30085e-05
5.28938e-05
5.27892e-05
5.2694e-05
5.26073e-05
5.25284e-05
5.24565e-05
5.2391e-05
5.23313e-05
5.22767e-05
5.22268e-05
5.2181e-05
5.21391e-05
5.21005e-05
5.20649e-05
5.20288e-05
5.1992e-05
5.19562e-05
5.19211e-05
5.18866e-05
5.18533e-05
5.18237e-05
5.17975e-05
5.17719e-05
5.17487e-05
5.17281e-05
5.17066e-05
5.16839e-05
5.16619e-05
5.16674e-05
5.19522e-05
5.24439e-05
5.29346e-05
5.33769e-05
5.36768e-05
5.38287e-05
5.38999e-05
5.38979e-05
5.38351e-05
5.37467e-05
5.36452e-05
5.35367e-05
5.34228e-05
5.33053e-05
5.31908e-05
5.30807e-05
5.29758e-05
5.28765e-05
5.27829e-05
5.26932e-05
5.2607e-05
5.25268e-05
5.24527e-05
5.23813e-05
5.23109e-05
5.22462e-05
5.21875e-05
5.21343e-05
5.20861e-05
5.20425e-05
5.2003e-05
0.000148926
0.000196676
0.000204531
0.000199308
0.000190193
0.000180302
0.000170662
0.000161588
0.00015315
0.000145341
0.000138123
0.000131459
0.000125307
0.000119626

