5e-05
5.02667e-05
5.04834e-05
5.06586e-05
5.08009e-05
5.09171e-05
5.10125e-05
5.10977e-05
5.12653e-05
5.14836e-05
5.16951e-05
5.1879e-05
5.20169e-05
5.20969e-05
5.21514e-05
5.22074e-05
5.22795e-05
5.23419e-05
5.24123e-05
5.24629e-05
5.24503e-05
5.24117e-05
5.23663e-05
5.23113e-05
5.22589e-05
5.2435e-05
5.29149e-05
5.35771e-05
5.46122e-05
9.8007e-05
0.00026644
0.00027361
0.000257796
0.000242069
0.000227433
0.000213889
0.000201374
0.000189815
0.000179143
0.00016929
0.000160197
0.000151805
0.00014406
0.000136915
0.000130322
0.000124254
0.000118672
0.000113527
0.00010878
0.00010441
0.000100399
9.67202e-05
9.33167e-05
9.01525e-05
8.72227e-05
8.45146e-05
8.20076e-05
7.96907e-05
7.75467e-05
0.000100309
0.000199008
0.00022299
0.000221945
0.000213009
0.000202017
0.000190926
0.000180362
0.0001705
0.000161362
0.000152913
0.000145109
0.0001379
0.000131245
0.000125105
0.000119439
0.000114206
0.000109374
0.000104915
0.000100802
9.70043e-05
9.34992e-05
9.02606e-05
9.36139e-05
0.000200363
0.000227334
0.000227022
0.000218067
0.000206818
0.000291851
0.000314035
0.000307828
0.000292925
0.00027601
0.000259308
0.00024355
0.000229151
0.000216036
0.000203996
0.000192837
0.000182472
0.000172767
0.000163729
0.000155325
0.000147509
0.000140261
0.000133545
0.000127325
0.000121559
0.000116225
0.000111293
0.000106733
0.000102519
9.86265e-05
9.50573e-05
9.17676e-05
8.87297e-05
8.59114e-05
8.32947e-05
8.08721e-05
7.86318e-05
7.65596e-05
7.46461e-05
7.28764e-05
7.12373e-05
6.97181e-05
6.83153e-05
6.70218e-05
6.5829e-05
6.4726e-05
6.37062e-05
6.27664e-05
6.19008e-05
6.11114e-05
6.04096e-05
5.97706e-05
5.91784e-05
5.8648e-05
5.8165e-05
5.77344e-05
5.74431e-05
5.72698e-05
5.71459e-05
5.69838e-05
5.67988e-05
5.6636e-05
5.65318e-05
5.63373e-05
5.61186e-05
5.5889e-05
5.56418e-05
5.53767e-05
5.51117e-05
5.4859e-05
5.46111e-05
5.43755e-05
5.41532e-05
5.39455e-05
5.37533e-05
5.36035e-05
5.36948e-05
5.39508e-05
5.42866e-05
5.45431e-05
5.46182e-05
5.46162e-05
5.45938e-05
5.45911e-05
5.45747e-05
5.4528e-05
5.44324e-05
0.000110098
0.00018595
0.000203374
0.000201298
0.000193119
0.000183408
0.000173695
0.000164463
0.000155867
0.000147912
0.000140555
0.000133757
0.000127473
0.000121666
0.000116292
0.000111325
0.000106739
0.000102506
9.85972e-05
9.49843e-05
9.16455e-05
8.85582e-05
8.57075e-05
8.30789e-05
8.08619e-05
7.92654e-05
7.80433e-05
7.69596e-05
7.57214e-05
7.44042e-05
7.30637e-05
7.17486e-05
7.04488e-05
6.91936e-05
6.79952e-05
6.68374e-05
6.57296e-05
6.46896e-05
6.37181e-05
6.28126e-05
6.19736e-05
6.12311e-05
6.08757e-05
6.07406e-05
6.0713e-05
6.06496e-05
6.05267e-05
6.03911e-05
6.01958e-05
5.99334e-05
5.95879e-05
5.92047e-05
5.88026e-05
5.83807e-05
5.79519e-05
5.7536e-05
5.7139e-05
5.67571e-05
5.6389e-05
5.60382e-05
5.57074e-05
5.53994e-05
5.51154e-05
5.48542e-05
5.46106e-05
5.43856e-05
5.41795e-05
5.3991e-05
5.38161e-05
5.36527e-05
5.34954e-05
5.33504e-05
5.32303e-05
5.3141e-05
5.30677e-05
5.30086e-05
5.30047e-05
5.3047e-05
5.30807e-05
5.30998e-05

