5e-05
5.02669e-05
5.04842e-05
5.06602e-05
5.08034e-05
5.09206e-05
5.10168e-05
5.10963e-05
5.12001e-05
5.13961e-05
5.16103e-05
5.18076e-05
5.1974e-05
5.21083e-05
5.22106e-05
5.23306e-05
5.24618e-05
5.2574e-05
5.26589e-05
5.27008e-05
5.26726e-05
5.26146e-05
0.000117452
0.000188829
0.00020458
0.000201862
0.000193417
0.00018358
0.000173797
0.000164512
0.000155877
0.000147924
0.000140598
0.000133833
0.000127586
0.000121809
0.00011647
0.000111538
0.000106978
0.000102761
9.88649e-05
9.52657e-05
9.1941e-05
8.887e-05
8.6031e-05
8.34046e-05
8.09789e-05
7.8742e-05
7.67157e-05
7.48823e-05
7.31676e-05
7.15658e-05
7.00945e-05
6.87807e-05
6.75926e-05
6.64864e-05
6.54491e-05
6.44795e-05
6.35691e-05
6.27173e-05
6.18969e-05
6.11258e-05
6.0412e-05
5.9751e-05
5.91367e-05
5.85663e-05
5.80341e-05
5.75421e-05
5.70829e-05
5.66568e-05
5.6265e-05
5.59025e-05
5.55693e-05
5.52612e-05
5.49788e-05
5.47163e-05
5.44704e-05
5.42453e-05
5.40403e-05
5.38504e-05
5.36763e-05
5.35148e-05
9.00846e-05
0.000181599
0.000204107
0.000203551
0.000195705
0.000185938
0.000176049
0.000166624
0.000157822
0.00014966
0.000142112
0.00013514
0.000128704
0.000122762
0.00011728
0.0001225
0.000221869
0.000245112
0.000242727
0.000232329
0.000219913
0.000207493
0.000195722
0.000184754
0.000174593
0.000165194
0.0001565
0.000148464
0.000141038
0.000134181
0.000127847
0.000122001
0.000116634
0.000111687
0.000107119
0.000102902
9.90069e-05
9.54086e-05
9.20825e-05
8.90021e-05
8.61501e-05
8.3522e-05
8.1113e-05
7.88804e-05
7.68162e-05
7.49006e-05
7.31254e-05
7.15035e-05
7.03283e-05
6.96384e-05
6.9369e-05
7.44642e-05
0.000254798
0.000274092
0.000258468
0.000242697
0.000228007
0.000214413
0.000201851
0.00019025
0.00017954
0.000169653
0.000160527
0.000152104
0.00014433
0.000137166
0.000130563
0.00012447
0.00013593
0.000236308
0.000258965
0.000255684
0.000244331
0.00032902
0.000348137
0.000339233
0.000321877
0.000302718
0.000283969
0.000266297
0.000249858
0.000234637
0.000220576
0.000207603
0.000195625
0.000184569
0.000174353
0.000164919
0.000156204
0.000148157
0.000140726
0.000133866
0.000127533
0.000121686
0.00011629
0.00011131
0.000106714
0.000102471
9.8554e-05
9.49351e-05
9.15927e-05
8.8508e-05
8.56613e-05
8.30306e-05
8.05959e-05
7.83466e-05
7.62907e-05
7.44024e-05
7.28051e-05
7.17257e-05
7.09183e-05
7.02119e-05
6.94315e-05
6.85845e-05
6.76748e-05
0.000102713
0.000188284
0.000208822
0.000207541
0.00019933
0.000189303
0.000179194
0.000169551
0.000160542
0.000152185
0.000144454
0.000137312
0.000130717
0.000124627
0.000119001
0.000113808
0.000109017
0.000104612
0.000100555
9.6815e-05
9.33557e-05
9.01596e-05
8.7209e-05
8.44845e-05
8.19646e-05
7.96332e-05
7.74759e-05
7.54847e-05
7.36472e-05
7.19517e-05
7.03873e-05
6.89402e-05
6.75968e-05
6.63568e-05
0.000158956
0.000205802
0.000212841
0.000206957
0.00019727
0.000186858
0.000176731
0.0001672
0.000171601
0.000261083
0.000279065
0.000273251
0.000260243
0.00024561
0.000231222
0.000217646
0.000205001
0.000193275
0.000182673

