5e-05
5.02631e-05
5.04691e-05
5.06301e-05
5.07572e-05
5.08582e-05
5.09394e-05
5.10052e-05
5.10589e-05
5.11033e-05
5.11402e-05
5.11713e-05
5.11979e-05
5.12189e-05
5.12352e-05
5.12497e-05
5.12631e-05
5.12756e-05
5.12874e-05
5.12987e-05
5.13067e-05
5.13141e-05
0.000126746
0.000191089
0.000204486
0.000201013
0.00019236
0.000182501
0.000172756
0.000163539
0.000154956
0.000147008
0.000139664
0.000132883
0.00012662
0.000120837
0.000115498
0.000110572
0.000106026
0.000101831
9.79593e-05
9.43865e-05
9.10893e-05
8.80463e-05
8.5238e-05
8.26462e-05
8.02539e-05
7.80487e-05
7.60372e-05
7.41866e-05
7.2476e-05
7.08962e-05
6.9436e-05
6.80856e-05
6.68362e-05
6.56802e-05
6.46106e-05
6.36209e-05
6.27051e-05
6.18515e-05
6.10477e-05
6.03001e-05
5.9611e-05
5.89766e-05
5.83928e-05
5.78555e-05
5.73613e-05
5.69065e-05
5.64881e-05
5.61031e-05
5.57488e-05
5.54227e-05
5.51225e-05
5.48461e-05
5.45916e-05
5.43572e-05
5.414e-05
5.39355e-05
5.37449e-05
5.35698e-05
5.34091e-05
5.32614e-05
0.000148214
0.000197151
0.000205338
0.000200177
0.000191033
0.000181085
0.000171382
0.000162246
0.000153754
0.000145893
0.00013863
0.000131924
0.000125732
0.000120015
0.00011476
0.00010993
0.000105506
0.000101436
9.767e-05
9.41869e-05
9.09655e-05
8.7985e-05
8.52271e-05
8.2675e-05
8.03136e-05
7.81289e-05
7.61079e-05
7.42377e-05
7.25043e-05
7.09015e-05
6.94185e-05
6.80454e-05
6.67737e-05
6.55991e-05
6.45148e-05
6.35113e-05
6.25849e-05
6.17306e-05
6.09429e-05
6.02165e-05
5.95467e-05
5.89318e-05
5.83898e-05
5.79014e-05
5.74533e-05
5.70386e-05
5.6653e-05
5.62934e-05
5.59576e-05
5.56438e-05
5.53514e-05
5.52823e-05
5.55952e-05
5.61166e-05
5.67148e-05
5.72826e-05
5.77271e-05
5.7968e-05
5.79583e-05
5.78072e-05
5.75674e-05
5.72558e-05
5.69264e-05
5.66262e-05
5.63338e-05
5.60464e-05
5.57654e-05
5.54927e-05
5.52277e-05
5.49656e-05
5.4714e-05
5.44915e-05
8.01338e-05
0.000174018
0.000197929
0.000198466
0.000191462
0.000182359
0.000172986
0.000163961
0.000155486
0.000147601
0.00014029
0.000133517
0.000127251
0.00012146
0.000116108
0.000111159
0.000106587
0.000102364
9.84592e-05
9.48517e-05
9.15218e-05
8.84459e-05
8.56066e-05
8.29869e-05
8.057e-05
7.83401e-05
7.62827e-05
7.43845e-05
7.26331e-05
7.10171e-05
6.95259e-05
6.81498e-05
6.68799e-05
6.57078e-05
6.4626e-05
6.36274e-05
6.27023e-05
6.18449e-05
6.10516e-05
6.03172e-05
5.96372e-05
5.9008e-05
5.84283e-05
5.78944e-05
5.73999e-05
5.6944e-05
5.6524e-05
5.61338e-05
5.57707e-05
5.54345e-05
5.51499e-05
5.5167e-05
5.54115e-05
5.5674e-05
5.59057e-05
5.60112e-05
5.59836e-05
5.58891e-05
5.57342e-05
5.55302e-05
5.53115e-05
5.50898e-05
5.48701e-05
5.46537e-05
5.44416e-05
5.42397e-05
5.4049e-05
5.38697e-05
5.37016e-05
5.35446e-05
5.33963e-05
5.32561e-05
5.3126e-05
5.30058e-05
5.28919e-05
5.27822e-05
5.26813e-05
5.25892e-05
5.25051e-05
5.24284e-05
5.23584e-05
5.22947e-05
5.22348e-05
5.21776e-05
5.21232e-05
5.20721e-05
5.20258e-05
5.19826e-05
5.19414e-05
5.19027e-05
5.18662e-05
0.000112458
0.000187248
0.000204147
0.000201813
0.000193488

