5e-05
5.02667e-05
5.04834e-05
5.06586e-05
5.08009e-05
5.09171e-05
5.10125e-05
5.10977e-05
5.12653e-05
5.14836e-05
5.16951e-05
5.1879e-05
5.20169e-05
5.20969e-05
5.21514e-05
5.22074e-05
5.22795e-05
5.23419e-05
5.24123e-05
5.24629e-05
5.24503e-05
5.24117e-05
5.23663e-05
5.23113e-05
5.22589e-05
5.2435e-05
5.29149e-05
5.35771e-05
5.46122e-05
9.8007e-05
0.00026644
0.00027361
0.000257796
0.000242069
0.000227433
0.000213889
0.000201374
0.000189815
0.000179143
0.00016929
0.000160197
0.000151805
0.00014406
0.000136915
0.000130322
0.000124254
0.000118672
0.000113527
0.00010878
0.00010441
0.000100399
9.67202e-05
9.33167e-05
9.01525e-05
8.72227e-05
8.45146e-05
8.20076e-05
7.96907e-05
7.75467e-05
0.000105782
0.000200569
0.000223227
0.00022175
0.000212686
0.00020167
0.000190588
0.000180045
0.000170206
0.000161089
0.000152661
0.000204945
0.000264879
0.000273134
0.000264567
0.000251096
0.000236746
0.000222838
0.000209775
0.00019764
0.000186412
0.000176037
0.000166455
0.000157606
0.000149437
0.000141897
0.000134938
0.000128515
0.000122586
0.000117109
0.000112054
0.000107389
0.000103082
9.91059e-05
9.54345e-05
9.20817e-05
8.92635e-05
8.68821e-05
8.47638e-05
8.27693e-05
0.000164166
0.000210947
0.000218026
0.00021204
0.000202146
0.000191485
0.000181103
0.000171321
0.000162205
0.000153757
0.000145943
0.000138721
0.000132048
0.000125885
0.00012022
0.000114996
0.000110172
0.000105705
0.000101567
9.77392e-05
9.42021e-05
9.09328e-05
8.79142e-05
8.51244e-05
8.25436e-05
8.01552e-05
7.79499e-05
7.59157e-05
7.40391e-05
7.23048e-05
7.07024e-05
6.92247e-05
6.78626e-05
6.66148e-05
6.54899e-05
6.44603e-05
6.35075e-05
6.26443e-05
6.18541e-05
6.11398e-05
6.05867e-05
6.01717e-05
5.98247e-05
5.94566e-05
5.90815e-05
5.87432e-05
0.000161055
0.000198785
0.000283701
0.000304253
0.000298152
0.000283827
0.000267582
0.000336766
0.00035471
0.000364675
0.000415071
0.000412759
0.000393805
0.000370524
0.000347251
0.000325279
0.000304871
0.00034118
0.000371494
0.000365225
0.000347553
0.000327168
0.000306932
0.000287738
0.000269801
0.000253152
0.00023774
0.00022349
0.000210322
0.000198161
0.000186931
0.000249947
0.000288169
0.000288341
0.000276481
0.000261402
0.000246058
0.000231396
0.000217687
0.000204961
0.000193188
0.000182311
0.00017227
0.000162997
0.000154433
0.000238056
0.000269195
0.000268109
0.000256837
0.000243046
0.000240859
0.00031143
0.000321482
0.000311555
0.000356567
0.000379579
0.000370626
0.000351867
0.000330884
0.000310225
0.000290672
0.000272434
0.000255529
0.000239895
0.000225448
0.000212106
0.000199821
0.00018881
0.000178839
0.000169732
0.000161287
0.000153426
0.000146148
0.00013936
0.000133011
0.000127047
0.000121477
0.000138928
0.000224106
0.000242672
0.000239005
0.000228432
0.000216184
0.000204009
0.000192463
0.000181697
0.000171721
0.0001625
0.000153985
0.000146121
0.00013886
0.00013216
0.000125976
0.000120266
0.000114994
0.000110121
0.000105622
0.000101483
9.7684e-05
9.4186e-05
9.09656e-05
8.80434e-05
8.53918e-05
8.29388e-05
8.06623e-05

