5e-05
5.02631e-05
5.04691e-05
5.06301e-05
5.07572e-05
5.08582e-05
5.09394e-05
5.10052e-05
5.10589e-05
5.11033e-05
5.11402e-05
5.11728e-05
5.13086e-05
5.15961e-05
5.18625e-05
5.21283e-05
5.23666e-05
5.25368e-05
5.26485e-05
5.26847e-05
5.2652e-05
5.25807e-05
5.25046e-05
5.24156e-05
5.2327e-05
5.22464e-05
5.21744e-05
5.21106e-05
5.20514e-05
5.19929e-05
5.19366e-05
5.18843e-05
5.18373e-05
5.17957e-05
5.17552e-05
5.17306e-05
5.19451e-05
5.23577e-05
5.28329e-05
5.32371e-05
5.35269e-05
5.37389e-05
5.38665e-05
5.39084e-05
5.39017e-05
5.38601e-05
5.37937e-05
5.36985e-05
5.35851e-05
5.34618e-05
5.33177e-05
8.55889e-05
0.000180655
0.000204353
0.000204167
0.000196401
0.000186621
0.000176694
0.00016722
0.000158368
0.000150155
0.000231977
0.000269744
0.000270652
0.000259879
0.000245965
0.000231761
0.000218181
0.000205477
0.000193686
0.00018278
0.000172701
0.00016339
0.000154792
0.000146851
0.000220176
0.000263465
0.000266528
0.00025665
0.000243163
0.00022921
0.000215813
0.000203263
0.000191615
0.000180843
0.00017089
0.000161701
0.000153219
0.000145389
0.000138161
0.000131492
0.000125337
0.000119659
0.000114415
0.000109572
0.00010511
0.000101017
9.72482e-05
9.37726e-05
9.0564e-05
8.76058e-05
8.49162e-05
8.248e-05
8.02405e-05
7.81667e-05
7.62598e-05
7.45163e-05
7.28801e-05
7.13462e-05
6.99151e-05
6.858e-05
6.73351e-05
6.61751e-05
0.000131348
0.000197774
0.00021156
0.000207883
0.000198836
0.000188532
0.00017835
0.000168718
0.000159742
0.00015143
0.000143768
0.000136696
0.000130175
0.000124179
0.000118636
0.00011352
0.000108828
0.000104505
0.000100506
9.67895e-05
9.33472e-05
9.01944e-05
0.000171441
0.000219988
0.000226959
0.00022036
0.000209783
0.000198492
0.000187542
0.000177248
0.000167673
0.000158793
0.000150592
0.000143019
0.000136018
0.000129535
0.000123535
0.000117993
0.000112872
0.000108162
0.000103822
9.98171e-05
9.61104e-05
9.26858e-05
8.95222e-05
8.65997e-05
8.39027e-05
8.14107e-05
7.91049e-05
7.69754e-05
7.50063e-05
7.31875e-05
7.15092e-05
6.99616e-05
6.85356e-05
6.72217e-05
6.60111e-05
6.48928e-05
6.38615e-05
6.29112e-05
6.20356e-05
6.12285e-05
6.04795e-05
5.97864e-05
5.91479e-05
5.856e-05
5.80185e-05
5.75181e-05
5.70492e-05
5.661e-05
5.62025e-05
5.58262e-05
5.54807e-05
5.51643e-05
5.4876e-05
5.46347e-05
5.4426e-05
5.42284e-05
5.40374e-05
5.38546e-05
5.36829e-05
5.35175e-05
5.33603e-05
5.32154e-05
5.30828e-05
5.29723e-05
5.28813e-05
5.28053e-05
5.27572e-05
5.27114e-05
5.26538e-05
5.25961e-05
5.25369e-05
5.24761e-05
5.24171e-05
5.23544e-05
5.22873e-05
5.22213e-05
5.21587e-05
5.21002e-05
5.20433e-05
5.19902e-05
5.19417e-05
5.18985e-05
5.18581e-05
5.18183e-05
5.17821e-05
5.17464e-05
5.17147e-05
5.1688e-05
5.18018e-05
5.21386e-05
5.25318e-05
5.29303e-05
5.32791e-05
5.3508e-05
5.36191e-05
5.36673e-05
5.36691e-05
5.36362e-05
5.35783e-05
5.34896e-05
5.33859e-05
5.32842e-05
5.32088e-05
5.31386e-05
5.30608e-05
5.29794e-05
5.28903e-05
5.27962e-05
5.27037e-05
5.26173e-05
5.25374e-05
5.24727e-05
5.24382e-05
5.24096e-05
5.23742e-05

