5e-05
5.02631e-05
5.04691e-05
5.06301e-05
5.07572e-05
5.08582e-05
5.09394e-05
5.10052e-05
5.1059e-05
5.11231e-05
5.11962e-05
5.12637e-05
9.05376e-05
0.000179921
0.000201888
0.0002013
0.000193568
0.000183954
0.000174225
0.000164949
0.000156275
0.00014823
0.000140791
0.00013391
0.000127553
0.000121686
0.000116272
0.000111277
0.000106668
0.00010241
9.84814e-05
9.48571e-05
9.15137e-05
8.84295e-05
8.55825e-05
8.29546e-05
8.05304e-05
7.8292e-05
7.6226e-05
7.43203e-05
7.25627e-05
7.09401e-05
6.94413e-05
6.80588e-05
6.67838e-05
6.56081e-05
6.45236e-05
6.35203e-05
6.25945e-05
6.17384e-05
6.09476e-05
6.02174e-05
5.95408e-05
5.8912e-05
5.83326e-05
0.000101981
0.000187224
0.000207439
0.00020599
0.000197748
0.000188061
0.000178534
0.00016951
0.000161045
0.0001531
0.000145654
0.000138704
0.000132225
0.000126193
0.000120586
0.000115379
0.00011055
0.000106075
0.000101931
9.80903e-05
9.45294e-05
9.12372e-05
8.81914e-05
8.53725e-05
8.27694e-05
8.03664e-05
7.81476e-05
7.6097e-05
7.4202e-05
7.24527e-05
7.08391e-05
6.93486e-05
6.79727e-05
6.67016e-05
6.55289e-05
6.44481e-05
6.34519e-05
6.25336e-05
6.16884e-05
6.09334e-05
6.02475e-05
5.96176e-05
5.90359e-05
5.84969e-05
5.79964e-05
5.75312e-05
5.70984e-05
5.66951e-05
5.63155e-05
5.59624e-05
5.56347e-05
5.53276e-05
5.5035e-05
5.47625e-05
5.45113e-05
5.42801e-05
5.40674e-05
5.38719e-05
5.36915e-05
5.35196e-05
5.33605e-05
5.32126e-05
5.30755e-05
5.29475e-05
5.28283e-05
5.27185e-05
5.26188e-05
5.25284e-05
5.24458e-05
5.23683e-05
5.22929e-05
5.2223e-05
5.21601e-05
5.21038e-05
5.20535e-05
5.20086e-05
5.1966e-05
5.19209e-05
5.18792e-05
5.18424e-05
5.18102e-05
5.17821e-05
5.17576e-05
5.17356e-05
5.17135e-05
5.1694e-05
5.16767e-05
5.1659e-05
5.16422e-05
5.16295e-05
5.1635e-05
5.16485e-05
5.1689e-05
5.17401e-05
5.17885e-05
5.18237e-05
5.1843e-05
5.18638e-05
5.18896e-05
5.19339e-05
5.19846e-05
5.20291e-05
5.20655e-05
5.20919e-05
5.21081e-05
5.21152e-05
5.21143e-05
5.2107e-05
5.2092e-05
5.20656e-05
5.20431e-05
5.20462e-05
5.20505e-05
5.20507e-05
5.20388e-05
5.20238e-05
5.20047e-05
5.19822e-05
5.19597e-05
5.19376e-05
5.19126e-05
5.18879e-05
5.18796e-05
5.18936e-05
5.19117e-05
5.19281e-05
5.19405e-05
5.1938e-05
5.19282e-05
5.19166e-05
5.19036e-05
5.18886e-05
5.18693e-05
5.185e-05
5.18309e-05
5.18049e-05
5.17772e-05
5.1752e-05
5.17298e-05
5.17103e-05
5.16933e-05
5.16786e-05
5.16616e-05
5.16409e-05
5.16226e-05
5.16072e-05
5.15946e-05
5.1766e-05
5.22855e-05
0.000160681
0.000193026
0.000196591
0.000190762
0.000182155
0.000172998
0.000164089
0.000155678
0.000147814
0.00014049
0.000133699
0.000127411
0.000121594
0.000116219
0.000111273
0.000106706
0.000102488
9.85892e-05
9.4989e-05
9.16605e-05
8.85817e-05
8.57389e-05
8.31146e-05
8.06921e-05
7.84559e-05
7.63918e-05
7.44865e-05
7.27278e-05
7.1104e-05
6.96085e-05
6.82421e-05
6.69868e-05
6.58305e-05
6.47632e-05
6.37722e-05
6.28634e-05
6.20449e-05
6.12878e-05
6.05852e-05
5.99446e-05
5.93646e-05
5.88305e-05
5.8334e-05
5.78698e-05
5.76357e-05
5.78584e-05

