5e-05
5.02669e-05
5.04842e-05
5.06602e-05
5.08034e-05
5.09206e-05
5.10168e-05
5.10963e-05
5.11623e-05
5.12174e-05
5.12636e-05
5.13026e-05
5.13359e-05
5.13767e-05
5.14257e-05
5.14744e-05
5.15195e-05
5.15575e-05
5.15848e-05
5.16057e-05
5.16028e-05
5.15896e-05
5.15955e-05
5.16009e-05
5.16055e-05
5.16125e-05
5.16212e-05
5.16306e-05
5.16401e-05
5.16493e-05
5.1655e-05
5.16587e-05
5.16625e-05
5.16664e-05
5.16684e-05
5.16686e-05
5.16693e-05
5.16708e-05
5.16711e-05
5.16689e-05
5.16675e-05
5.16672e-05
5.16678e-05
5.16692e-05
5.16713e-05
5.1674e-05
5.1677e-05
5.16803e-05
5.16865e-05
5.17207e-05
5.17572e-05
5.17864e-05
5.18209e-05
5.18855e-05
5.19548e-05
5.20181e-05
5.20629e-05
5.20922e-05
5.21068e-05
0.000143855
0.000194791
0.000203778
0.00019896
0.00019
0.000180174
0.000170569
0.000161521
0.000153105
0.000145317
0.00013812
0.000131472
0.000125334
0.00011967
0.000114442
0.000109617
0.000105164
0.000101054
9.72614e-05
9.37609e-05
9.05301e-05
8.75482e-05
8.4796e-05
8.22521e-05
7.9895e-05
7.77109e-05
7.56934e-05
7.38277e-05
7.21065e-05
7.05192e-05
6.90542e-05
6.7707e-05
6.64886e-05
6.53743e-05
6.43511e-05
9.05349e-05
0.000185597
0.000209067
0.000208602
0.000200556
0.000190501
0.000180314
0.0001706
0.000161524
0.000153109
0.000145323
0.00013813
0.000131486
0.00012535
0.000119704
0.000182754
0.00023875
0.000247142
0.000239976
0.000228212
0.000215576
0.000203301
0.000191759
0.000181042
0.000171408
0.000162895
0.000155356
0.000148856
0.000246044
0.000358244
0.00034485
0.000322873
0.000302093
0.00028283
0.000265023
0.000248574
0.000233386
0.000219364
0.00020642
0.000194471
0.000183442
0.00017326
0.000163863
0.000155193
0.000147212
0.000139855
0.000133065
0.000126799
0.000121016
0.000115679
0.000110748
0.000106199
0.000102021
9.81747e-05
9.46373e-05
9.13975e-05
8.84082e-05
8.56345e-05
8.30632e-05
8.06801e-05
7.8469e-05
7.64205e-05
7.45234e-05
7.27871e-05
7.11832e-05
6.97014e-05
6.83332e-05
6.70663e-05
6.58899e-05
6.47982e-05
6.37828e-05
6.28429e-05
6.19752e-05
6.11743e-05
6.0432e-05
5.9746e-05
5.9112e-05
0.000134396
0.000197205
0.000209792
0.000205801
0.000196746
0.000186548
0.000176715
0.000167609
0.000159194
0.000151383
0.000144132
0.000137381
0.000131069
0.000125131
0.000119598
0.000114465
0.000109709
0.000105303
0.000101225
9.74494e-05
9.39459e-05
9.07009e-05
8.77009e-05
8.49255e-05
8.23575e-05
7.99843e-05
7.7791e-05
7.57636e-05
7.38926e-05
7.2164e-05
0.00014705
0.000206432
0.000217463
0.000212591
0.000202916
0.000192207
0.00018171
0.000171811
0.000162601
0.000154072
0.000146193
0.000138917
0.0001322
0.000125999
0.000120273
0.000114986
0.000110206
0.000106117
0.000102508
9.91926e-05
9.61044e-05
9.3143e-05
9.03056e-05
8.75926e-05
8.50138e-05
8.2581e-05
8.03e-05
7.81707e-05
7.61831e-05
7.4337e-05
7.26221e-05
7.10286e-05
6.95531e-05
6.8188e-05
6.69255e-05
6.57584e-05
6.46796e-05
6.36803e-05
6.27483e-05
6.18825e-05
6.10813e-05
6.03408e-05
5.96588e-05
5.90296e-05
5.84483e-05
5.79133e-05
5.74213e-05
5.69687e-05
5.65524e-05

