5e-05
5.02631e-05
5.04691e-05
5.06301e-05
5.08524e-05
5.14809e-05
5.23566e-05
5.32916e-05
5.41437e-05
5.48064e-05
5.52308e-05
5.54351e-05
5.5471e-05
5.53696e-05
5.51985e-05
5.50378e-05
5.4878e-05
5.47104e-05
5.45373e-05
0.000167339
0.000201378
0.000204677
0.000280923
0.000311902
0.000308611
0.000294587
0.000277863
0.000261126
0.000245227
0.000230396
0.000216655
0.000203955
0.000192228
0.000280661
0.00030218
0.00029636
0.000282158
0.000266013
0.000308635
0.000348776
0.000346526
0.000330932
0.000311889
0.00029271
0.000274454
0.000257414
0.00024162
0.000227015
0.000213526
0.000201072
0.000189576
0.000178962
0.00016917
0.000160144
0.000151818
0.000168676
0.000249976
0.000265816
0.000260057
0.000247725
0.000233913
0.000220323
0.000207489
0.000195563
0.000184536
0.00017435
0.000164945
0.00015626
0.00014824
0.000140833
0.000136235
0.000234529
0.000257664
0.000254631
0.000243432
0.000268778
0.000325625
0.000329254
0.000316755
0.000299879
0.000282447
0.000265611
0.000249715
0.000234811
0.00022093
0.000208048
0.000196121
0.000185086
0.000174873
0.000165431
0.000156706
0.000148641
0.000141189
0.000134306
0.000127947
0.000122076
0.000116655
0.000111651
0.00010703
0.000102762
9.88225e-05
9.52048e-05
9.18798e-05
8.88412e-05
8.60528e-05
8.34713e-05
8.10673e-05
7.88336e-05
7.67797e-05
7.49032e-05
7.31725e-05
7.15728e-05
7.00914e-05
6.87169e-05
6.74309e-05
6.62623e-05
6.51979e-05
6.42113e-05
6.32899e-05
6.24279e-05
6.16484e-05
6.09481e-05
6.03022e-05
5.97009e-05
5.91387e-05
5.86118e-05
5.81179e-05
5.7655e-05
5.72215e-05
5.68109e-05
5.64264e-05
5.60684e-05
5.57311e-05
5.54126e-05
5.51173e-05
5.48477e-05
5.47791e-05
9.64239e-05
0.000260531
0.000261012
0.000245616
0.00023077
0.000216977
0.000204214
0.00019242
0.000181524
0.000171463
0.000162172
0.000153594
0.000145674
0.00018931
0.000267404
0.000281283
0.000274061
0.000260497
0.000245601
0.000231034
0.000217304
0.000204534
0.000192712
0.000181787
0.000171698
0.000162383
0.000153784
0.000145846
0.000138517
0.000131752
0.000125508
0.000119743
0.000114421
0.000109509
0.000104974
0.000100789
9.69249e-05
9.33583e-05
9.00657e-05
8.70271e-05
8.42296e-05
8.16485e-05
7.92646e-05
7.70622e-05
0.000144006
0.000211715
0.000225108
0.000220565
0.000210551
0.000199302
0.000188228
0.000177768
0.00016803
0.000159013
0.000150679
0.000142983
0.000135878
0.000129319
0.000123264
0.000117675
0.000112516
0.000107763
0.000103376
9.93253e-05
9.55844e-05
9.21296e-05
8.89391e-05
8.5993e-05
0.000141469
0.000214625
0.000229598
0.000225329
0.000215161
0.000203633
0.000192254
0.000181496
0.000171477
0.000162199
0.000153625
0.000145706
0.000138399
0.00013166
0.00012544
0.000119697
0.000114393
0.000109496
0.000104973
0.000100798
9.69424e-05
9.33829e-05
9.00967e-05
8.7063e-05
8.42624e-05
8.16771e-05
7.92907e-05
7.70878e-05
7.50543e-05
7.31773e-05
7.14447e-05
6.98454e-05
6.83692e-05
6.70066e-05
6.5749e-05
6.45883e-05
6.3517e-05
6.25281e-05
6.16155e-05
6.0773e-05
5.99955e-05
5.9278e-05
5.86157e-05
0.000169989
0.000207239

