5e-05
5.02631e-05
5.04691e-05
5.06301e-05
5.07572e-05
5.08582e-05
5.09394e-05
5.10052e-05
5.10671e-05
5.11772e-05
5.12985e-05
5.14354e-05
5.15737e-05
0.000123699
0.000188416
0.000202056
0.000198844
0.000190458
0.000180873
0.000171374
0.000162354
0.000153931
0.000146117
0.000138867
0.000132154
0.000125952
0.000120225
0.000114939
0.000110059
0.000105553
0.000101389
9.75467e-05
9.40011e-05
9.07271e-05
8.77053e-05
8.49174e-05
8.23455e-05
7.99728e-05
7.77838e-05
7.57614e-05
7.3892e-05
7.21663e-05
7.05719e-05
6.91015e-05
6.77456e-05
6.64956e-05
6.5343e-05
6.42803e-05
6.33016e-05
6.24166e-05
6.16082e-05
6.08658e-05
6.0179e-05
5.95394e-05
5.89471e-05
5.83987e-05
0.000133656
0.000195228
0.000207581
0.00020364
0.000194717
0.000184649
0.000174723
0.000165345
0.000156615
0.000148532
0.000141062
0.000134164
0.000127797
0.000121921
0.000116497
0.000111491
0.00010687
0.000102604
9.86637e-05
9.50278e-05
9.16736e-05
8.8579e-05
8.57214e-05
8.30851e-05
8.06532e-05
7.84071e-05
7.63314e-05
7.44165e-05
7.26499e-05
7.10178e-05
6.95126e-05
6.81237e-05
6.68408e-05
6.56568e-05
6.45629e-05
6.35544e-05
6.26249e-05
6.17682e-05
6.09786e-05
6.02964e-05
5.9949e-05
5.98332e-05
5.98227e-05
5.98212e-05
5.97635e-05
5.96188e-05
5.93631e-05
5.90224e-05
5.86438e-05
5.82687e-05
5.79263e-05
5.75864e-05
5.7246e-05
5.68998e-05
5.65559e-05
5.62176e-05
5.58945e-05
5.55884e-05
5.52911e-05
5.50107e-05
5.47497e-05
5.45075e-05
5.4297e-05
5.41234e-05
5.39627e-05
5.38133e-05
5.36679e-05
5.35258e-05
5.33979e-05
5.33066e-05
5.32228e-05
5.31372e-05
5.30523e-05
5.29663e-05
5.28838e-05
5.28051e-05
5.27301e-05
5.26586e-05
5.25898e-05
5.25163e-05
5.2446e-05
5.23817e-05
5.23463e-05
5.23286e-05
5.23156e-05
5.23026e-05
5.22875e-05
5.22696e-05
5.22489e-05
5.22236e-05
5.21904e-05
5.21533e-05
5.21108e-05
5.20671e-05
5.20205e-05
5.19736e-05
5.1927e-05
5.18833e-05
5.18429e-05
5.18053e-05
5.17691e-05
5.17334e-05
5.16984e-05
5.16663e-05
5.16381e-05
5.1613e-05
5.15905e-05
5.15691e-05
5.15514e-05
5.15493e-05
5.17974e-05
5.2296e-05
5.28942e-05
5.33464e-05
5.36265e-05
5.38154e-05
5.3898e-05
5.38931e-05
5.38437e-05
5.37604e-05
5.36579e-05
5.35402e-05
5.34125e-05
5.32878e-05
5.31686e-05
5.30554e-05
5.29448e-05
5.28375e-05
5.27261e-05
5.2621e-05
5.25254e-05
5.24391e-05
5.23613e-05
5.22915e-05
5.22287e-05
5.21716e-05
5.21177e-05
5.20693e-05
5.20261e-05
5.19852e-05
5.19469e-05
5.19114e-05
5.18741e-05
5.18405e-05
5.18111e-05
5.17855e-05
5.17625e-05
5.17396e-05
8.8149e-05
0.000180352
0.000203158
0.000202748
0.000194987
0.000185282
0.00017545
0.000166074
0.000157314
0.000149193
0.000141686
0.00013475
0.000128346
0.000122435
0.00011698
0.000111945
0.000107294
0.000102999
9.90341e-05
9.53739e-05
9.19939e-05
8.8875e-05
8.59971e-05
8.33409e-05
8.08872e-05
7.8623e-05
7.6534e-05
7.46103e-05
7.28567e-05
7.12414e-05
6.97473e-05
6.83673e-05
6.70925e-05
6.59142e-05
6.48248e-05
6.38168e-05
6.28808e-05
6.20148e-05
6.12143e-05
6.04741e-05
5.97869e-05
5.91516e-05
5.85643e-05
5.80175e-05
5.7511e-05
5.70441e-05

