5e-05
5.02631e-05
5.04691e-05
5.06301e-05
5.07572e-05
5.08582e-05
5.09394e-05
5.10052e-05
5.10761e-05
5.1157e-05
5.12311e-05
5.12951e-05
5.13562e-05
5.14249e-05
5.15046e-05
5.16016e-05
5.16913e-05
5.17665e-05
5.18252e-05
5.18553e-05
5.18578e-05
5.18573e-05
5.18531e-05
5.18364e-05
5.18136e-05
5.17895e-05
5.17666e-05
5.17463e-05
5.17277e-05
5.17046e-05
5.16805e-05
5.16595e-05
5.16412e-05
5.16222e-05
5.15984e-05
5.15758e-05
5.15574e-05
5.15418e-05
5.15255e-05
5.15122e-05
5.15026e-05
5.14961e-05
5.14925e-05
5.14911e-05
5.15076e-05
5.15441e-05
5.15787e-05
5.16092e-05
5.16659e-05
5.1725e-05
5.17711e-05
5.1801e-05
5.18053e-05
5.17968e-05
5.17873e-05
5.17745e-05
5.17812e-05
5.18047e-05
5.18556e-05
5.19096e-05
0.00015482
0.000196684
0.0002027
0.000197017
0.000187898
0.000178142
0.000168668
0.000159781
0.000151526
0.000143888
0.00013683
0.00013031
0.000124282
0.000118714
0.000113571
0.000108822
0.000104436
0.000100383
9.66375e-05
9.31788e-05
8.99826e-05
8.70268e-05
8.42956e-05
8.1773e-05
7.94409e-05
7.7286e-05
7.52954e-05
7.3459e-05
7.17649e-05
7.02002e-05
6.87574e-05
6.74272e-05
6.61972e-05
6.50582e-05
6.40163e-05
6.30737e-05
6.22085e-05
6.14101e-05
6.06741e-05
5.99936e-05
5.93605e-05
5.87748e-05
5.82313e-05
5.77216e-05
5.72478e-05
5.68078e-05
5.63988e-05
5.60212e-05
5.56718e-05
5.53483e-05
5.50508e-05
5.47773e-05
5.45252e-05
5.42935e-05
5.41252e-05
5.4006e-05
5.3906e-05
5.38132e-05
5.37214e-05
5.36281e-05
5.35327e-05
5.34367e-05
5.33758e-05
5.33721e-05
5.33668e-05
5.33255e-05
5.32694e-05
5.31867e-05
5.30984e-05
5.30243e-05
5.32563e-05
5.37941e-05
5.44626e-05
5.49798e-05
5.52466e-05
5.53255e-05
5.53301e-05
5.53272e-05
5.52439e-05
5.50811e-05
5.48839e-05
5.46852e-05
5.44899e-05
5.43086e-05
5.41831e-05
9.08223e-05
0.000262209
0.000268885
0.000253068
0.000237623
0.000223291
0.000241773
0.000327259
0.000340413
0.000330005
0.000312622
0.000293896
0.00027569
0.000258564
0.000296529
0.000353822
0.000356771
0.000342279
0.000322969
0.0003031
0.000284055
0.00026623
0.000249692
0.000234397
0.000220268
0.000207221
0.000195176
0.000184057
0.000173796
0.000164395
0.000155735
0.000147725
0.000140311
0.000133448
0.0001271
0.000121231
0.000115808
0.000110797
0.000106169
0.000101896
9.795e-05
9.43067e-05
9.09432e-05
8.78379e-05
8.49712e-05
8.2325e-05
7.98826e-05
7.76279e-05
7.55466e-05
7.36253e-05
7.18518e-05
7.02149e-05
6.87044e-05
6.73178e-05
6.60403e-05
6.48599e-05
6.37686e-05
6.27596e-05
6.18268e-05
6.09646e-05
6.01679e-05
5.94319e-05
5.87524e-05
5.81253e-05
5.75463e-05
5.7012e-05
5.65271e-05
5.60818e-05
5.56695e-05
5.5287e-05
5.49322e-05
5.46033e-05
5.42986e-05
5.40166e-05
5.37559e-05
5.35149e-05
5.3292e-05
5.30861e-05
5.29012e-05
5.27368e-05
5.25848e-05
5.24428e-05
5.23098e-05
5.21854e-05
5.20692e-05
5.1961e-05
5.18603e-05
5.17668e-05
5.16862e-05
5.16182e-05
5.15549e-05
5.14952e-05
5.14482e-05
5.14058e-05
5.13642e-05
5.13226e-05
5.12811e-05
5.12398e-05
5.11998e-05
5.11616e-05
5.11254e-05
5.10912e-05
5.10593e-05
5.10373e-05
5.1022e-05

