5e-05
5.02669e-05
5.04842e-05
5.06602e-05
5.08034e-05
5.09206e-05
5.10168e-05
5.10963e-05
5.11623e-05
5.12174e-05
5.12636e-05
5.13026e-05
5.13512e-05
5.1429e-05
5.14946e-05
5.15838e-05
5.16912e-05
5.17934e-05
5.18792e-05
5.19263e-05
5.19266e-05
5.19097e-05
5.18857e-05
5.18471e-05
5.18088e-05
5.17755e-05
5.17475e-05
5.17244e-05
5.1705e-05
5.16846e-05
5.16662e-05
5.16518e-05
5.16412e-05
5.16341e-05
5.16298e-05
5.16281e-05
5.16284e-05
5.16305e-05
5.16339e-05
5.16384e-05
5.16438e-05
5.16476e-05
5.16489e-05
5.16496e-05
5.16479e-05
5.16474e-05
5.16482e-05
5.16501e-05
5.1653e-05
5.16566e-05
5.16585e-05
5.16539e-05
5.16418e-05
5.16277e-05
5.16167e-05
5.16061e-05
5.15969e-05
5.15892e-05
5.16076e-05
5.16395e-05
0.000130392
0.000191406
0.000203731
0.000199977
0.000191308
0.000181514
0.000171851
0.000162719
0.000154212
0.000146332
0.000139051
0.000132323
0.00012611
0.000120374
0.000115074
0.00011018
0.000105662
0.000101492
9.7646e-05
9.40982e-05
9.08259e-05
0.000117444
0.000207511
0.000228259
0.000225931
0.000216393
0.000205045
0.000193695
0.000182916
0.000172866
0.000163553
0.000154944
0.000146993
0.000139653
0.000132877
0.000126622
0.00012085
0.000115524
0.000110605
0.000106064
0.000101869
9.80106e-05
9.44618e-05
9.11922e-05
8.82007e-05
8.54632e-05
8.29333e-05
8.05939e-05
7.8422e-05
7.64064e-05
7.45418e-05
7.28172e-05
7.12191e-05
6.97376e-05
6.83673e-05
6.71204e-05
6.598e-05
6.49173e-05
6.39297e-05
6.30169e-05
6.2173e-05
6.13947e-05
6.07055e-05
6.00749e-05
5.94913e-05
5.89504e-05
5.84448e-05
5.79671e-05
5.75213e-05
5.71253e-05
5.71279e-05
5.76529e-05
8.86875e-05
0.000266394
0.000279234
0.00026316
0.000247044
0.000232036
0.000218138
0.000205294
0.00019343
0.000182476
0.000172363
0.000163034
0.000154437
0.000146523
0.00013924
0.000132533
0.000126332
0.000120598
0.000115298
0.000110402
0.00010587
0.000101678
9.9463e-05
0.000211611
0.000240655
0.000240328
0.000230688
0.000218575
0.000206287
0.000194564
0.000183616
0.000173465
0.000164076
0.000155405
0.000147418
0.000140054
0.000133259
0.000126988
0.0001212
0.000115855
0.000110913
0.000106347
0.00010213
9.82347e-05
9.46379e-05
9.13116e-05
8.82391e-05
8.54043e-05
8.27848e-05
8.03619e-05
7.81227e-05
7.60576e-05
7.41517e-05
7.23955e-05
7.07984e-05
6.93364e-05
6.79918e-05
6.67506e-05
6.55997e-05
6.4527e-05
6.35319e-05
6.26129e-05
6.17614e-05
6.09748e-05
6.02482e-05
5.95755e-05
5.8955e-05
5.83829e-05
5.78532e-05
5.73635e-05
5.69091e-05
0.000138028
0.000196488
0.000207759
0.000203451
0.000194408
0.000184318
0.000174406
0.000165051
0.000156347
0.000148291
0.000140847
0.000133975
0.000127744
0.000122292
0.000216665
0.000244441
0.000243885
0.000234313
0.000222295
0.000210022
0.000198234
0.000187166
0.000176875
0.000167338
0.000158507
0.000150334
0.00014278
0.0001358
0.00012935
0.000123392
0.000117886
0.000112798
0.000108098
0.000103759
9.97533e-05
9.60546e-05
9.26362e-05
8.9479e-05
8.65612e-05
8.38679e-05
8.13825e-05
7.90891e-05
7.69729e-05
7.50202e-05
7.32183e-05
7.15556e-05
7.00177e-05

