5e-05
5.02631e-05
5.04691e-05
5.06301e-05
5.07572e-05
5.08582e-05
5.09394e-05
5.10052e-05
5.10589e-05
5.11033e-05
5.11402e-05
5.11713e-05
5.11979e-05
5.12167e-05
5.12297e-05
5.12414e-05
5.12526e-05
5.12746e-05
5.13165e-05
5.1361e-05
5.13985e-05
5.14315e-05
5.14601e-05
5.14844e-05
5.1504e-05
5.15159e-05
5.15248e-05
5.15441e-05
9.4575e-05
0.000181268
0.000202301
0.000201389
0.000193551
0.000183908
0.000174178
0.000164909
0.000156253
0.000148228
0.000140808
0.000133954
0.000127624
0.000121781
0.000116386
0.000111405
0.000171114
0.000232719
0.000243025
0.000236655
0.00022532
0.000212978
0.000200937
0.000189596
0.000179048
0.000169281
0.000160254
0.000151915
0.000144213
0.000137102
0.000130535
0.000124472
0.000118874
0.000113705
0.000108933
0.000104526
0.000100458
9.67023e-05
9.32346e-05
9.0034e-05
8.71026e-05
8.44112e-05
8.19246e-05
7.96552e-05
7.75751e-05
7.56545e-05
7.38758e-05
7.22258e-05
7.06941e-05
6.92719e-05
6.79531e-05
6.6759e-05
6.56669e-05
6.46558e-05
6.37154e-05
6.2839e-05
6.20217e-05
6.12595e-05
6.05492e-05
5.99056e-05
5.93313e-05
5.88018e-05
5.83082e-05
5.78455e-05
0.000128279
0.000192848
0.000206279
0.000202765
0.000194038
0.000184091
0.000174257
0.000164952
0.000156284
0.000148255
0.000140832
0.000133974
0.000127638
0.000121789
0.00011639
0.000111405
0.000106805
0.00010274
9.93221e-05
9.63624e-05
9.37129e-05
9.13144e-05
8.92266e-05
8.72766e-05
8.53448e-05
8.33814e-05
8.13955e-05
7.9425e-05
7.75078e-05
7.56726e-05
7.39595e-05
7.23587e-05
7.08579e-05
6.94518e-05
6.81368e-05
6.70366e-05
6.6458e-05
6.62063e-05
6.60774e-05
6.59178e-05
6.56238e-05
6.51603e-05
6.46164e-05
6.41189e-05
6.36312e-05
6.31192e-05
6.25508e-05
6.19218e-05
6.12814e-05
6.06491e-05
6.00357e-05
5.94481e-05
5.88902e-05
5.83639e-05
5.787e-05
5.74078e-05
5.69683e-05
5.65579e-05
5.61789e-05
5.60286e-05
5.62125e-05
5.65149e-05
5.675e-05
5.69005e-05
5.70323e-05
5.70761e-05
5.70097e-05
5.6865e-05
5.66637e-05
5.64257e-05
5.6167e-05
5.58996e-05
5.56315e-05
5.53684e-05
5.5114e-05
5.48706e-05
5.46395e-05
5.44215e-05
5.42167e-05
5.40221e-05
5.38392e-05
5.36793e-05
5.35516e-05
5.34384e-05
5.3335e-05
5.32368e-05
5.31387e-05
5.30448e-05
5.29555e-05
5.2873e-05
5.3036e-05
5.35533e-05
5.42279e-05
5.49106e-05
5.54893e-05
5.58936e-05
5.61066e-05
5.61557e-05
5.60852e-05
5.59365e-05
5.57391e-05
5.54977e-05
5.5246e-05
5.49977e-05
5.47575e-05
5.45281e-05
5.43108e-05
5.41063e-05
5.39148e-05
5.37362e-05
5.35702e-05
5.34163e-05
5.32707e-05
5.31348e-05
5.30097e-05
5.28946e-05
5.27889e-05
5.26917e-05
5.26025e-05
5.25205e-05
5.24452e-05
5.2376e-05
5.23123e-05
5.22536e-05
5.21978e-05
5.21574e-05
5.2141e-05
5.21315e-05
5.21204e-05
5.21039e-05
5.20857e-05
5.20659e-05
5.20446e-05
5.20222e-05
5.19988e-05
5.1972e-05
9.42972e-05
0.000177627
0.000197824
0.000197198
0.000189975
0.000180945
0.000171714
0.00016285
0.000154518
0.000146752
0.000139539
0.000132852
0.000126659
0.000120928
0.000115627
0.000110726
0.000106195
0.000102007
9.81383e-05
9.45637e-05
9.12618e-05
8.82119e-05

