5e-05
5.02669e-05
5.04842e-05
5.06602e-05
5.08034e-05
5.09206e-05
5.10168e-05
5.10963e-05
5.11623e-05
5.12174e-05
5.12636e-05
5.13026e-05
5.13512e-05
5.1429e-05
5.14946e-05
5.15838e-05
5.16912e-05
5.17934e-05
5.18792e-05
5.19263e-05
0.000150232
0.000196359
0.000203752
0.00019844
0.000189335
0.000179486
0.0001699
0.000160882
0.000152501
0.000144742
0.000137572
0.000130955
0.000124847
0.000119212
0.000114012
0.000109214
0.000104787
0.000100702
9.69328e-05
9.34546e-05
9.02449e-05
8.72809e-05
8.45426e-05
8.20143e-05
7.96781e-05
7.75225e-05
7.55339e-05
7.36994e-05
7.20071e-05
7.04459e-05
6.90031e-05
6.7665e-05
6.64219e-05
6.52715e-05
6.42115e-05
6.32325e-05
6.23295e-05
6.14966e-05
6.07533e-05
6.0082e-05
5.9445e-05
5.88464e-05
5.82953e-05
5.77885e-05
5.73221e-05
0.000137431
0.000195831
0.000207107
0.000202853
0.000193872
0.000183844
0.000173985
0.000164677
0.000156012
0.000147985
0.000140565
0.000133713
0.000127387
0.00012155
0.000116164
0.000111195
0.00010661
0.00010237
9.84543e-05
9.48403e-05
9.1506e-05
8.8425e-05
8.55818e-05
8.29575e-05
8.05375e-05
7.83044e-05
7.68164e-05
0.000187493
0.000217648
0.000218847
0.00021079
0.0002002
0.000189342
0.000178943
0.000169216
0.000160188
0.000151854
0.000144168
0.000137078
0.000130559
0.000124565
0.000119029
0.000113914
0.000109181
0.0001048
0.000100753
9.70128e-05
9.35544e-05
9.03557e-05
8.74002e-05
8.469e-05
8.21987e-05
7.98891e-05
7.77505e-05
7.57751e-05
7.39502e-05
7.22665e-05
7.07414e-05
6.93392e-05
6.80433e-05
6.68449e-05
6.57324e-05
6.46943e-05
6.37314e-05
6.28579e-05
6.24198e-05
6.25379e-05
9.3197e-05
0.000270557
0.000283077
0.000266707
0.000250318
0.000235059
0.000220928
0.000207869
0.000195807
0.000184671
0.00017439
0.000164904
0.000156164
0.000148117
0.000213413
0.000270714
0.000277944
0.000269341
0.000354428
0.000367879
0.000356233
0.000337166
0.000316695
0.000296808
0.000369857
0.000384611
0.000372487
0.000352434
0.000330874
0.000309923
0.000290226
0.00027192
0.000339639
0.000361059
0.000352167
0.00033418
0.000314221
0.000294642
0.000276173
0.000258985
0.000243063
0.000228346
0.000214752
0.000202199
0.000190609
0.000179904
0.00017002
0.000160898
0.000152474
0.000144693
0.000137508
0.000130877
0.000124757
0.00011911
0.000113921
0.000109144
0.000104739
0.000100672
9.69133e-05
9.3433e-05
9.02155e-05
8.7245e-05
8.44997e-05
8.19649e-05
7.96245e-05
7.74621e-05
7.54664e-05
7.36248e-05
7.19232e-05
7.03518e-05
6.88988e-05
6.75568e-05
6.63106e-05
6.5156e-05
6.40889e-05
6.31033e-05
6.21941e-05
6.13562e-05
6.05853e-05
5.98761e-05
5.92237e-05
5.86234e-05
5.80711e-05
5.76759e-05
5.76111e-05
5.76543e-05
5.77133e-05
5.77551e-05
5.77441e-05
5.76583e-05
0.000121184
0.000188585
0.000203304
0.000200422
0.00019206
0.000182359
0.000172709
0.000163557
0.000155022
0.000147109
0.00013979
0.000133025
0.000126774
0.000121
0.000115669
0.000110747
0.000106203
0.000102005
9.81273e-05
9.45446e-05
9.12375e-05
8.81855e-05
8.53691e-05
8.277e-05
8.03716e-05
7.81583e-05
7.61158e-05
7.42273e-05

