5e-05
5.02631e-05
5.04691e-05
5.06301e-05
5.07572e-05
5.08582e-05
5.09394e-05
5.10109e-05
5.10995e-05
5.12161e-05
5.13358e-05
5.14416e-05
5.15322e-05
5.16065e-05
5.16632e-05
5.17435e-05
5.18235e-05
0.000132715
0.000190762
0.000202269
0.000263399
0.000306684
0.000307686
0.000295106
0.000278817
0.000262172
0.000246255
0.000231374
0.00021757
0.000205468
0.000294661
0.000312308
0.000304748
0.000289565
0.000359183
0.000373574
0.000361883
0.000342508
0.000321673
0.000301424
0.000282381
0.000264683
0.000248304
0.000233178
0.000219232
0.000206365
0.000194491
0.000183525
0.000173395
0.000173575
0.000261488
0.000279177
0.000273362
0.000260333
0.000245665
0.000231213
0.000217558
0.000276873
0.000313464
0.000311883
0.000298254
0.000281474
0.000264614
0.000248821
0.000234192
0.000220596
0.00020795
0.000196197
0.000185282
0.00017516
0.000165777
0.000157077
0.000149027
0.000141572
0.000134665
0.000128277
0.000122377
0.000116928
0.000111897
0.000107255
0.00010297
9.90166e-05
9.53648e-05
9.19948e-05
8.88855e-05
8.60166e-05
8.33661e-05
8.09138e-05
7.86464e-05
7.65657e-05
7.46665e-05
7.29108e-05
7.12861e-05
6.97781e-05
6.83803e-05
6.70907e-05
6.59014e-05
6.48047e-05
6.37931e-05
6.286e-05
6.1997e-05
6.11964e-05
6.04515e-05
5.97603e-05
5.91235e-05
5.85373e-05
5.79973e-05
5.75172e-05
5.70831e-05
5.668e-05
5.63078e-05
5.59645e-05
5.56441e-05
5.53601e-05
5.51152e-05
5.48842e-05
5.467e-05
5.44695e-05
5.42758e-05
5.40933e-05
5.39221e-05
5.37515e-05
5.35946e-05
5.34656e-05
0.000145328
0.000194685
0.000203213
0.000198304
0.000189364
0.000179592
0.000170048
0.000161056
0.000152691
0.000243947
0.000272419
0.000270347
0.000258662
0.000244514
0.00023054
0.000217583
0.000205716
0.000194731
0.000184547
0.00017517
0.00016644
0.000248372
0.000276127
0.000273877
0.00026205
0.000247718
0.000233286
0.000219537
0.000206695
0.000194861
0.000184189
0.000174417
0.000165338
0.000156851
0.000245512
0.000271305
0.000268492
0.000256728
0.000242696
0.000228744
0.000215902
0.000203959
0.000192859
0.000182511
0.000172796
0.000163728
0.000235395
0.000272854
0.000273726
0.000262848
0.000248759
0.000234349
0.000220561
0.000207665
0.000195701
0.000184807
0.000174931
0.000165786
0.000157309
0.000149433
0.000142124
0.000135329
0.000129001
0.000123134
0.0001177
0.000112659
0.000107991
0.000103675
9.96812e-05
9.59852e-05
9.25611e-05
0.000186127
0.000225604
0.000229351
0.000221572
0.000210515
0.000257843
0.000306974
0.000309113
0.000297005
0.000281121
0.00026476
0.000248972
0.000234105
0.00022026
0.000294553
0.000318007
0.000312097
0.000297121
0.000280006
0.000263062
0.000247015
0.000232055
0.000218194
0.000205382
0.000193548
0.000182623
0.000172537
0.000163226
0.000154627
0.000146688
0.00013936
0.000132595
0.000126353
0.00020017
0.000246312
0.000251127
0.000242584
0.000230233
0.000217292
0.00020482
0.000193126
0.000182271
0.000172246
0.000162992
0.000154444
0.000146546
0.000139252
0.000132517
0.000126299
0.00012056
0.000115262
0.000110366
0.000105839
0.000101656
9.77898e-05

