5e-05
5.02631e-05
5.04691e-05
5.06301e-05
5.07572e-05
5.08582e-05
5.09394e-05
5.10052e-05
5.10589e-05
5.11033e-05
5.11402e-05
5.11713e-05
5.12069e-05
5.12467e-05
5.12914e-05
5.1392e-05
5.15224e-05
5.16887e-05
5.18372e-05
5.19485e-05
5.2007e-05
5.20368e-05
5.20386e-05
5.20022e-05
5.19553e-05
5.19091e-05
5.18658e-05
5.18272e-05
5.17923e-05
5.17578e-05
5.17265e-05
5.16998e-05
5.1677e-05
5.16511e-05
5.16273e-05
5.16077e-05
5.1592e-05
5.15798e-05
5.15696e-05
5.15595e-05
5.15493e-05
5.16039e-05
5.19187e-05
5.23508e-05
5.28232e-05
5.32633e-05
5.35867e-05
5.37978e-05
5.39897e-05
5.41398e-05
5.41942e-05
5.4152e-05
5.40512e-05
5.39289e-05
5.37946e-05
5.36599e-05
5.3528e-05
5.34006e-05
5.32788e-05
5.31597e-05
5.55039e-05
0.000171052
0.000202956
0.000205423
0.000198421
0.000188799
0.000178832
0.000169257
0.00016029
0.00015197
0.000144273
0.000137153
0.000130571
0.000124491
0.000118879
0.000113722
0.000108972
0.000104592
0.000100546
9.68072e-05
9.33546e-05
9.01587e-05
8.71983e-05
8.44583e-05
8.19268e-05
7.95908e-05
7.74354e-05
7.54455e-05
7.36068e-05
7.19075e-05
7.03359e-05
6.88823e-05
6.75388e-05
6.62977e-05
6.51524e-05
6.40932e-05
6.3116e-05
6.22163e-05
6.1388e-05
6.06254e-05
5.99187e-05
5.92629e-05
5.86531e-05
5.80917e-05
5.7576e-05
5.71024e-05
5.66674e-05
5.62695e-05
5.59277e-05
5.56265e-05
5.53471e-05
5.50883e-05
5.48481e-05
5.46201e-05
5.4408e-05
5.42388e-05
5.40876e-05
5.39437e-05
5.38018e-05
5.36649e-05
5.35344e-05
5.34102e-05
5.32885e-05
5.31683e-05
5.3052e-05
5.29431e-05
5.28416e-05
5.27467e-05
5.2655e-05
5.25697e-05
5.2491e-05
5.24161e-05
5.23455e-05
5.22809e-05
5.2221e-05
5.21793e-05
5.216e-05
5.21677e-05
5.21921e-05
5.222e-05
5.22662e-05
5.23123e-05
5.23849e-05
5.24538e-05
5.24924e-05
5.2515e-05
5.25151e-05
5.24949e-05
5.2493e-05
5.27554e-05
5.31259e-05
5.34222e-05
5.36158e-05
5.3733e-05
5.37867e-05
5.37693e-05
0.000132733
0.000192479
0.000204429
0.000200529
0.000191794
0.000181966
0.000172282
0.000163128
0.000154603
0.000146705
0.000139405
0.000132663
0.000126439
0.000120692
0.00011538
0.000110476
0.000105946
0.000101765
9.79049e-05
9.43403e-05
9.10509e-05
8.80139e-05
8.52065e-05
8.26343e-05
8.02749e-05
7.8099e-05
7.61134e-05
7.42945e-05
7.26111e-05
7.10511e-05
6.96e-05
6.8254e-05
6.70064e-05
6.58458e-05
6.47701e-05
6.37633e-05
6.28288e-05
6.1963e-05
6.11584e-05
6.0415e-05
5.97263e-05
5.90862e-05
5.85004e-05
5.79822e-05
5.75109e-05
5.70767e-05
5.66704e-05
5.62898e-05
5.59336e-05
5.56039e-05
5.52954e-05
5.50041e-05
5.47333e-05
5.44843e-05
5.42554e-05
5.4042e-05
5.38453e-05
5.36638e-05
5.34934e-05
5.3335e-05
5.3189e-05
5.30525e-05
5.29255e-05
5.28098e-05
5.27028e-05
5.26039e-05
5.25121e-05
5.2427e-05
5.23476e-05
5.22757e-05
5.2211e-05
5.21529e-05
5.21006e-05
5.20484e-05
5.19981e-05
5.19511e-05
5.19076e-05
5.18673e-05
5.18318e-05
5.18007e-05
5.17735e-05
5.17665e-05
5.17742e-05
5.1784e-05
5.18178e-05
5.18559e-05
5.18874e-05
5.18971e-05
5.18987e-05
5.18922e-05
5.18842e-05
5.18919e-05
5.19069e-05
5.19134e-05

