5e-05
5.02631e-05
5.04691e-05
5.06301e-05
5.07572e-05
5.08582e-05
5.09394e-05
5.10052e-05
5.10686e-05
5.11471e-05
5.12216e-05
5.12868e-05
5.13417e-05
5.13866e-05
5.14228e-05
5.14513e-05
5.14736e-05
5.14907e-05
5.15036e-05
5.1509e-05
5.15076e-05
5.15049e-05
5.14979e-05
5.14849e-05
5.14694e-05
5.14564e-05
5.14463e-05
5.14389e-05
5.14329e-05
5.14252e-05
5.1432e-05
5.14586e-05
5.14893e-05
5.15153e-05
5.1539e-05
5.156e-05
5.1578e-05
5.1593e-05
5.16051e-05
5.16145e-05
5.16177e-05
5.16183e-05
5.16181e-05
5.17184e-05
5.21623e-05
5.28057e-05
5.35133e-05
5.41801e-05
5.47271e-05
5.51097e-05
5.53246e-05
5.53968e-05
5.53394e-05
5.52044e-05
5.50139e-05
5.48049e-05
5.45954e-05
5.43909e-05
5.4194e-05
8.0008e-05
0.000179147
0.00020431
0.000204593
0.000196957
0.000187192
0.000177244
0.000167742
0.00015886
0.000150624
0.000143007
0.000135968
0.000129467
0.000123464
0.00011792
0.000112801
0.000108076
0.000103717
9.96958e-05
9.5986e-05
9.25635e-05
8.9406e-05
8.6488e-05
8.37933e-05
8.13058e-05
7.90093e-05
7.6891e-05
7.49374e-05
7.31355e-05
7.14721e-05
6.99324e-05
6.85094e-05
6.71963e-05
6.59859e-05
6.48701e-05
6.38415e-05
6.28903e-05
6.20127e-05
6.12039e-05
6.04584e-05
5.97713e-05
5.91366e-05
5.85488e-05
5.80068e-05
5.75075e-05
5.70473e-05
5.66227e-05
5.62281e-05
5.58628e-05
5.55242e-05
5.52126e-05
5.49259e-05
5.46622e-05
5.44328e-05
5.44883e-05
5.48229e-05
5.5277e-05
5.5731e-05
5.60561e-05
5.62115e-05
5.62476e-05
5.61876e-05
5.60573e-05
5.58797e-05
5.56731e-05
5.54484e-05
5.52105e-05
5.49747e-05
5.47456e-05
5.45258e-05
5.43165e-05
5.41185e-05
5.39322e-05
5.37576e-05
5.35939e-05
5.3437e-05
5.32877e-05
5.31495e-05
5.30223e-05
5.29054e-05
5.27982e-05
5.26999e-05
5.26099e-05
5.25273e-05
5.24488e-05
5.23756e-05
5.2305e-05
5.22356e-05
5.21685e-05
5.21035e-05
5.20416e-05
5.19863e-05
5.19377e-05
5.18952e-05
5.18567e-05
5.18205e-05
5.17836e-05
5.17457e-05
5.17109e-05
5.16781e-05
5.1649e-05
5.16247e-05
5.16048e-05
5.15888e-05
5.15755e-05
5.15611e-05
5.15485e-05
5.15386e-05
5.15298e-05
5.15212e-05
5.15147e-05
5.15101e-05
5.15044e-05
5.14993e-05
5.14958e-05
5.14938e-05
5.1493e-05
5.14932e-05
5.1492e-05
5.14869e-05
5.14828e-05
5.14774e-05
5.14731e-05
5.14703e-05
5.14678e-05
5.14645e-05
5.14623e-05
5.14615e-05
5.14617e-05
5.14628e-05
5.14646e-05
5.14669e-05
5.1468e-05
5.14675e-05
5.14656e-05
5.14629e-05
5.14582e-05
5.1451e-05
5.14435e-05
5.14372e-05
5.14329e-05
5.14298e-05
5.14265e-05
5.14224e-05
5.14185e-05
5.14139e-05
5.14108e-05
5.1407e-05
5.14325e-05
0.000132735
0.000187281
0.000198021
0.000194348
0.000186211
0.000177015
0.000167888
0.000159222
0.000151116
0.000143572
0.000136574
0.000130095
0.0001241
0.000118557
0.000113432
0.000108696
0.000104315
0.000194494
0.000234682
0.000238218
0.000229929
0.0002183
0.000206194
0.000194547
0.000183633
0.000173504
0.000164135
0.00015548
0.000147489
0.000140112
0.000133302
0.000127016
0.000121212
0.000115852
0.000110904
0.000106334
0.000102113
9.82169e-05
9.4621e-05
9.14201e-05
8.8786e-05
8.64748e-05

