5e-05
5.02631e-05
5.04691e-05
5.06301e-05
5.07572e-05
5.08582e-05
5.09394e-05
5.10052e-05
5.10589e-05
5.11033e-05
5.11402e-05
5.11715e-05
5.12137e-05
5.12647e-05
5.13384e-05
5.1414e-05
5.14831e-05
5.15422e-05
5.15887e-05
5.16122e-05
5.16321e-05
5.16417e-05
5.16436e-05
5.1632e-05
5.16179e-05
5.16057e-05
5.15958e-05
5.15877e-05
5.15805e-05
0.000115415
0.000187907
0.000204061
0.000201491
0.000193107
0.000183297
0.000173528
0.000164266
0.000155634
0.000147634
0.00014024
0.000133412
0.000127111
0.000121295
0.000115928
0.000110975
0.000106415
0.000102236
9.84203e-05
9.49369e-05
9.17282e-05
8.87456e-05
8.59742e-05
8.33891e-05
8.09828e-05
7.87556e-05
7.66941e-05
7.47825e-05
7.30124e-05
7.13691e-05
6.98484e-05
6.84397e-05
6.71366e-05
6.59342e-05
6.48252e-05
6.37995e-05
6.28525e-05
6.19795e-05
6.11748e-05
6.04301e-05
5.97403e-05
5.91033e-05
5.85111e-05
5.79649e-05
5.74626e-05
5.69984e-05
5.65668e-05
5.61676e-05
5.58079e-05
5.55013e-05
5.52283e-05
5.49791e-05
5.47439e-05
5.45186e-05
5.43033e-05
5.40997e-05
5.39098e-05
5.37311e-05
5.35578e-05
8.03274e-05
0.000178971
0.000203857
0.000204072
0.00019644
0.000186702
0.000176788
0.000167319
0.000158471
0.000150266
0.000142705
0.000135771
0.000129388
0.000123498
0.000118056
0.000113024
0.000142846
0.000224721
0.000242088
0.000238021
0.000227346
0.000215117
0.000203011
0.000191551
0.000180868
0.000170967
0.000161812
0.000153345
0.000145525
0.000138303
0.000131634
0.000125477
0.000119793
0.000114547
0.000109705
0.000105232
0.000101096
0.000195281
0.000232905
0.000235713
0.000227306
0.000215764
0.000203808
0.000192325
0.000181587
0.000171638
0.000162445
0.000153978
0.000146163
0.000138948
0.000132299
0.000126214
0.000120607
0.000115419
0.000110618
0.000106164
0.000102032
9.82015e-05
9.46812e-05
9.14434e-05
8.84636e-05
8.59654e-05
9.2855e-05
0.000275988
0.000293707
0.00027633
0.000259124
0.00024314
0.000228359
0.000214704
0.000202093
0.000190449
0.000179697
0.000169772
0.000160608
0.000152148
0.000144338
0.000137129
0.000130473
0.000124329
0.000118656
0.00011342
0.000108586
0.000104123
0.000100003
9.61998e-05
9.26886e-05
8.94475e-05
8.64554e-05
8.36931e-05
8.11431e-05
7.87892e-05
7.66167e-05
7.46113e-05
7.27602e-05
7.10511e-05
6.94734e-05
6.80172e-05
6.66736e-05
6.54333e-05
6.42884e-05
6.32315e-05
6.22558e-05
6.13551e-05
6.05235e-05
5.97557e-05
5.9047e-05
5.83971e-05
5.7803e-05
5.72544e-05
5.67465e-05
5.6276e-05
5.58402e-05
5.54369e-05
5.50637e-05
5.47189e-05
5.44002e-05
5.41057e-05
5.38337e-05
0.00015333
0.000202235
0.000210124
0.000204585
0.000195059
0.000184747
0.000174705
0.000165256
0.000156471
0.00014834
0.000140828
0.000133891
0.000127486
0.000121574
0.000116116
0.000111078
0.000106427
0.000102135
9.81726e-05
9.4515e-05
9.11387e-05
8.80219e-05
8.51448e-05
8.24889e-05
8.00648e-05
7.79236e-05
7.59651e-05
7.4135e-05
7.24114e-05
8.64274e-05
0.000190268
0.000216491
0.000216417
0.000208057
0.000197588
0.000186926
0.000176714
0.000167147
0.000158264
0.000150046
0.000142445
0.000135418
0.000129028

