5e-05
5.02669e-05
5.04842e-05
5.06602e-05
5.08034e-05
5.09206e-05
5.10168e-05
5.1098e-05
5.11951e-05
5.12939e-05
5.13916e-05
5.15126e-05
5.16466e-05
5.17928e-05
5.18877e-05
5.20111e-05
5.21414e-05
5.22571e-05
5.23508e-05
5.24068e-05
0.000152819
0.000196696
0.000203348
0.000197831
0.000188709
0.000178898
0.000169364
0.000160399
0.000152063
0.000144346
0.000137217
0.000130633
0.000124554
0.000118944
0.000113763
0.000108982
0.000104571
0.000100501
9.6745e-05
9.32759e-05
9.00743e-05
8.71167e-05
8.4385e-05
8.18725e-05
7.95804e-05
7.74748e-05
7.55348e-05
7.37437e-05
7.20817e-05
7.05443e-05
6.9123e-05
6.78086e-05
6.65783e-05
6.54374e-05
6.4384e-05
6.3412e-05
6.25151e-05
6.16842e-05
6.09157e-05
6.02066e-05
5.95461e-05
5.89299e-05
5.845e-05
5.83078e-05
5.83508e-05
5.84787e-05
5.85568e-05
5.85941e-05
5.8571e-05
5.84772e-05
5.83161e-05
5.80992e-05
5.78411e-05
5.75558e-05
5.72481e-05
5.69247e-05
5.66052e-05
5.63007e-05
5.6352e-05
5.70597e-05
0.000169588
0.000280034
0.000270885
0.000254478
0.000238939
0.000224529
0.000211203
0.00019889
0.000187518
0.00017702
0.000167329
0.000158385
0.00015013
0.000142512
0.000135484
0.000128999
0.000123016
0.000117496
0.000112404
0.000107707
0.000103374
9.93761e-05
9.56853e-05
9.22963e-05
8.9188e-05
8.63249e-05
8.36782e-05
8.12338e-05
7.89761e-05
7.68902e-05
7.49627e-05
7.31813e-05
7.15338e-05
7.00005e-05
6.8576e-05
6.72547e-05
6.60356e-05
6.49116e-05
6.38753e-05
6.29199e-05
6.20392e-05
6.12273e-05
6.0498e-05
5.98426e-05
5.92419e-05
5.86817e-05
5.81614e-05
5.76735e-05
5.72196e-05
5.67986e-05
5.64081e-05
5.6046e-05
5.57298e-05
5.54537e-05
5.51961e-05
5.49551e-05
5.4724e-05
5.45069e-05
5.4299e-05
5.40985e-05
5.39196e-05
5.37787e-05
5.36541e-05
5.353e-05
5.34071e-05
5.3289e-05
5.31814e-05
5.30945e-05
5.30115e-05
5.29294e-05
5.28416e-05
5.27524e-05
5.26637e-05
5.258e-05
5.25e-05
5.24262e-05
5.23535e-05
5.22756e-05
5.21994e-05
5.2234e-05
5.25255e-05
5.29477e-05
5.33729e-05
5.37012e-05
5.38808e-05
5.39365e-05
5.394e-05
5.39106e-05
5.38566e-05
5.37845e-05
5.36998e-05
5.36009e-05
5.3495e-05
5.33888e-05
5.3279e-05
5.31679e-05
0.000156202
0.000198732
0.000204837
0.000199048
0.000189774
0.000179881
0.000170301
0.000161302
0.00015294
0.0001452
0.000138045
0.000131435
0.000125347
0.000119727
0.000114536
0.000109737
0.000105303
0.000101207
0.000139699
0.000218305
0.000234896
0.000230937
0.000220646
0.000208857
0.000197191
0.000186172
0.000175916
0.000166417
0.000157628
0.000149503
0.000142003
0.000135101
0.000128734
0.000122857
0.000117426
0.000112393
0.00010774
0.000103441
9.9472e-05
9.58045e-05
9.24328e-05
8.93335e-05
8.64766e-05
8.38394e-05
8.14028e-05
7.91451e-05
7.70547e-05
7.51171e-05
0.000115691
0.000198222
0.000217059
0.000214705
0.000205738
0.000195118
0.000184508
0.000174438
0.000165045
0.000156339
0.000148292
0.000140859
0.000133998
0.000127665
0.000121824
0.000222213
0.000249293
0.000247941
0.000237628
0.000224986
0.00021224
0.000200103
0.00018877
0.000178261
0.000168537
0.000159554

