5e-05
5.02669e-05
5.04842e-05
5.06602e-05
5.08034e-05
5.09206e-05
5.10168e-05
5.10963e-05
5.11623e-05
5.1231e-05
5.13163e-05
5.13978e-05
5.14698e-05
5.15268e-05
5.15622e-05
5.15898e-05
5.16118e-05
5.16294e-05
5.16433e-05
5.16519e-05
5.16493e-05
5.16386e-05
5.16282e-05
5.16173e-05
5.16108e-05
5.18292e-05
5.23436e-05
5.29824e-05
5.35903e-05
0.000159599
0.000195076
0.000199323
0.000193374
0.00018445
0.000175007
0.00016586
0.000157254
0.000149245
0.000141821
0.000134952
0.000128599
0.000122723
0.000117289
0.000112268
0.00010763
0.000103344
9.93822e-05
9.57251e-05
0.000192516
0.000228349
0.000230846
0.000222637
0.000211429
0.000199812
0.000188652
0.000178202
0.000168504
0.000159531
0.000151239
0.000143583
0.000136513
0.000129986
0.000123963
0.000118404
0.000113272
0.000108536
0.000104186
0.000100187
9.65276e-05
9.31657e-05
9.00614e-05
8.71852e-05
8.45252e-05
8.20643e-05
7.98045e-05
7.7735e-05
7.58249e-05
7.40561e-05
7.24402e-05
7.0965e-05
6.95973e-05
6.83155e-05
6.71161e-05
6.59864e-05
6.49325e-05
6.39452e-05
6.30191e-05
6.2161e-05
6.13675e-05
6.06295e-05
5.99471e-05
5.93174e-05
5.87366e-05
5.81958e-05
5.76885e-05
5.72207e-05
5.67905e-05
5.63952e-05
5.6032e-05
5.56983e-05
5.53918e-05
5.51101e-05
5.48475e-05
5.45999e-05
5.43723e-05
5.41637e-05
5.39715e-05
5.37917e-05
5.3627e-05
5.34766e-05
5.33391e-05
5.32136e-05
5.30988e-05
5.2994e-05
5.28952e-05
5.28008e-05
5.27314e-05
5.26876e-05
5.26537e-05
5.26225e-05
5.25862e-05
5.25503e-05
5.2515e-05
5.24801e-05
5.24499e-05
5.24381e-05
5.24338e-05
5.24311e-05
0.000132759
0.000191469
0.000203101
0.00019918
0.000190513
0.000180769
0.000171201
0.000162175
0.000153768
0.000145982
0.000138782
0.000132116
0.000125951
0.000120257
0.000114995
0.000110135
0.000105648
0.000101525
9.77443e-05
9.42958e-05
9.1121e-05
8.81819e-05
8.54558e-05
8.2928e-05
8.05822e-05
7.83995e-05
7.63794e-05
7.45107e-05
7.27777e-05
7.11695e-05
6.96774e-05
6.82913e-05
6.70087e-05
6.58228e-05
6.4729e-05
6.37175e-05
6.2785e-05
6.19232e-05
6.11274e-05
6.03918e-05
5.97112e-05
5.90843e-05
5.85078e-05
5.79745e-05
5.74814e-05
5.7022e-05
5.65985e-05
5.62065e-05
5.58438e-05
5.55111e-05
5.52066e-05
5.49277e-05
5.46688e-05
5.44313e-05
5.42142e-05
5.40159e-05
5.38346e-05
5.36688e-05
5.3517e-05
5.33738e-05
5.32394e-05
5.31117e-05
5.29894e-05
5.2878e-05
5.27773e-05
5.26863e-05
5.26042e-05
5.25302e-05
5.24633e-05
5.2403e-05
5.23485e-05
5.22991e-05
5.22545e-05
5.2214e-05
5.21772e-05
5.21437e-05
5.2113e-05
5.20807e-05
5.20464e-05
5.20099e-05
5.19771e-05
5.19483e-05
5.19231e-05
5.19012e-05
5.18822e-05
5.18658e-05
5.18516e-05
5.1839e-05
5.1824e-05
5.18102e-05
5.17963e-05
5.17816e-05
5.17665e-05
5.17518e-05
5.17395e-05
5.17293e-05
5.17175e-05
5.17073e-05
5.16993e-05
5.17083e-05
5.17365e-05
5.17631e-05
5.17851e-05
5.18031e-05
5.1814e-05
5.18195e-05
5.18205e-05
5.18206e-05
5.18203e-05
5.18195e-05
5.18184e-05
5.18168e-05
5.18059e-05
5.17898e-05
5.17755e-05
5.17635e-05
5.17536e-05
5.17438e-05
0.000160901
0.000199131
0.00020385
0.000197665

