5e-05
5.02669e-05
5.04842e-05
5.06602e-05
5.08034e-05
5.09206e-05
5.10168e-05
5.10963e-05
5.11819e-05
5.13156e-05
5.14593e-05
5.15908e-05
5.17027e-05
5.17801e-05
5.18584e-05
5.19431e-05
5.20171e-05
5.20765e-05
5.21173e-05
5.21289e-05
5.21132e-05
5.20848e-05
5.20529e-05
0.000124136
0.000190629
0.000204719
0.000201461
0.00019286
0.000182996
0.000173218
0.000163961
0.000155341
0.00014736
0.000139983
0.000133167
0.000126875
0.000121071
0.000115716
0.000110775
0.000106215
0.000102009
9.81283e-05
0.000167331
0.000224816
0.00023435
0.00022815
0.000217285
0.000205502
0.000194021
0.000183217
0.000173163
0.000163846
0.000155228
0.000147267
0.000139914
0.000133123
0.000126851
0.000121062
0.000115716
0.000110783
0.00010623
0.000102023
9.81404e-05
9.45562e-05
9.12482e-05
8.81947e-05
8.53759e-05
8.2776e-05
8.03781e-05
7.81667e-05
7.61236e-05
7.42296e-05
7.24797e-05
7.08666e-05
6.938e-05
6.80093e-05
6.67433e-05
6.55765e-05
0.000132171
0.000198403
0.000212027
0.000208262
0.000199167
0.000188839
0.000178641
0.000169
0.000160017
0.000151694
0.000143997
0.000136884
0.000209733
0.000256019
0.00026042
0.000251274
0.000238289
0.000224739
0.000211697
0.000199474
0.000188127
0.000177634
0.000167942
0.000158995
0.000150733
0.000143108
0.000136072
0.000129578
0.00012358
0.000118042
0.00011293
0.000108213
0.000103857
9.98358e-05
9.61219e-05
9.26926e-05
8.95281e-05
8.66055e-05
8.39061e-05
8.14154e-05
7.91183e-05
7.7e-05
7.50464e-05
7.32427e-05
0.000134862
0.000202903
0.000216887
0.000212987
0.000203603
0.000192952
0.000182435
0.000172506
0.00016353
0.000155531
0.000148304
0.000141649
0.000135514
0.00012967
0.000124049
0.000118815
0.000113951
0.000109418
0.000105212
0.000101306
9.76603e-05
9.42683e-05
9.11149e-05
8.81809e-05
8.54438e-05
8.28981e-05
8.0538e-05
0.000187344
0.000219124
0.000220815
0.000212823
0.00020215
0.00019154
0.000283262
0.000302505
0.000295916
0.000281506
0.000295512
0.000353931
0.000357255
0.000342904
0.000323663
0.000303836
0.000284818
0.000267019
0.000250503
0.000235229
0.000221122
0.000281409
0.000316499
0.000314289
0.00030034
0.000283376
0.000266331
0.000250123
0.000234998
0.000284985
0.000323727
0.000322369
0.000308302
0.000290896
0.000273306
0.000256546
0.000240887
0.000226371
0.000212951
0.000200551
0.000189096
0.00017854
0.00016881
0.000159828
0.000151535
0.000143877
0.000136803
0.000130267
0.000124231
0.000118657
0.000113506
0.000108749
0.000104357
0.000100301
9.6555e-05
9.30974e-05
8.99063e-05
8.69583e-05
8.42345e-05
8.172e-05
7.94011e-05
7.7263e-05
7.52895e-05
7.34674e-05
7.17873e-05
7.02375e-05
6.8805e-05
6.74837e-05
6.6262e-05
6.51354e-05
6.4097e-05
6.31362e-05
6.22469e-05
6.142e-05
6.06543e-05
5.99494e-05
5.93e-05
5.87003e-05
5.81491e-05
5.76419e-05
5.71678e-05
5.67291e-05
5.63266e-05
5.59578e-05
5.56198e-05
5.53099e-05
5.50221e-05
5.47569e-05
5.45105e-05
5.42839e-05
5.40957e-05
5.39391e-05
5.37946e-05
5.36626e-05
5.35374e-05
5.34171e-05
5.3305e-05
5.32004e-05
5.31027e-05
5.30064e-05
5.29134e-05

