5e-05
5.02669e-05
5.04842e-05
5.06602e-05
5.08034e-05
5.09206e-05
5.10168e-05
5.10963e-05
5.11818e-05
5.12786e-05
5.13907e-05
5.15194e-05
5.16366e-05
5.1708e-05
5.17481e-05
5.17782e-05
5.17988e-05
5.1808e-05
5.18126e-05
5.18076e-05
5.17799e-05
5.17477e-05
5.17153e-05
5.16762e-05
5.16366e-05
5.16024e-05
5.15746e-05
5.15508e-05
5.1531e-05
5.15059e-05
5.14806e-05
5.14594e-05
5.14431e-05
5.14302e-05
5.14163e-05
5.14033e-05
5.13946e-05
5.13907e-05
5.139e-05
5.13909e-05
5.1395e-05
5.14021e-05
5.14117e-05
5.14234e-05
5.14366e-05
5.14479e-05
5.1456e-05
5.14679e-05
5.15031e-05
5.1541e-05
5.15696e-05
5.15932e-05
5.16036e-05
5.16014e-05
5.15925e-05
5.15857e-05
5.15808e-05
5.15761e-05
5.1574e-05
7.12354e-05
0.000175179
0.000202001
0.000202933
0.000195592
0.000185997
0.000176169
0.000166756
0.000157949
0.000241131
0.000275888
0.000275595
0.000264195
0.000249847
0.000326788
0.00034532
0.000336376
0.000397746
0.000408769
0.000394249
0.000372347
0.000349209
0.000326845
0.000305854
0.000286357
0.00026832
0.000251658
0.000236276
0.000222076
0.00020897
0.000196872
0.000185703
0.000175393
0.000165873
0.000157079
0.000148962
0.000141472
0.000134557
0.000128172
0.000122278
0.000116839
0.000111819
0.000107184
0.000102907
9.89693e-05
9.5362e-05
9.20372e-05
8.89634e-05
8.61234e-05
8.35013e-05
8.10798e-05
7.8843e-05
7.67766e-05
7.48659e-05
7.30957e-05
7.14601e-05
6.99494e-05
6.855e-05
6.72565e-05
6.60626e-05
6.49606e-05
6.39422e-05
6.29987e-05
6.21249e-05
6.13159e-05
6.0567e-05
5.9877e-05
5.92596e-05
5.87027e-05
5.81788e-05
5.76929e-05
5.72417e-05
5.68258e-05
5.64395e-05
5.60947e-05
6.00688e-05
0.000170484
0.00020013
0.000202171
0.000195362
0.000186083
0.00017651
0.000167295
0.000158626
0.000150969
0.000269384
0.000439541
0.000446348
0.000427077
0.000447159
0.000485708
0.000476191
0.000451748
0.000423779
0.000396112
0.000369936
0.000345554
0.000322979
0.000302113
0.000282842
0.000265051
0.000286641
0.000347058
0.000351355
0.000337597
0.000318791
0.000299329
0.000280659
0.000263189
0.000246971
0.000231967
0.000218102
0.000205297
0.000193474
0.000182557
0.000172478
0.000163169
0.000154571
0.000146636
0.000139313
0.000132556
0.000126321
0.000120568
0.000115258
0.000110359
0.000105836
0.000101659
9.78056e-05
9.42733e-05
9.10239e-05
8.80224e-05
8.52453e-05
8.26762e-05
8.02988e-05
7.80996e-05
7.60632e-05
7.41773e-05
7.24363e-05
7.08297e-05
6.9347e-05
6.79738e-05
6.66969e-05
6.5516e-05
6.44263e-05
6.34225e-05
6.2498e-05
6.16465e-05
6.08612e-05
6.01359e-05
5.94663e-05
5.88481e-05
5.82814e-05
5.77743e-05
5.73095e-05
5.68798e-05
5.64738e-05
5.60987e-05
5.57526e-05
5.54306e-05
5.51307e-05
5.48531e-05
5.45958e-05
5.4357e-05
5.41351e-05
5.39266e-05
5.3734e-05
5.35706e-05
5.34349e-05
5.33109e-05
5.31915e-05
5.30742e-05
5.29634e-05
5.28613e-05
5.27672e-05
5.26805e-05
5.26004e-05
5.25264e-05
5.24579e-05
5.23961e-05
5.23628e-05
5.23541e-05
5.23582e-05
5.23471e-05
5.23251e-05
5.22905e-05
5.22558e-05
5.22438e-05
5.22519e-05
5.22525e-05
5.22445e-05
5.22338e-05

