5e-05
5.02631e-05
5.04691e-05
5.06301e-05
5.08524e-05
5.14809e-05
5.23566e-05
5.32916e-05
5.41437e-05
5.48064e-05
5.52308e-05
5.54351e-05
5.5471e-05
5.53696e-05
5.51985e-05
5.50378e-05
5.4878e-05
5.47104e-05
5.45373e-05
5.43545e-05
5.41642e-05
5.39769e-05
5.3796e-05
5.36064e-05
5.34261e-05
5.32608e-05
5.311e-05
5.29716e-05
5.28411e-05
5.27208e-05
5.26123e-05
5.25151e-05
5.2428e-05
5.2348e-05
5.22727e-05
5.22051e-05
5.21452e-05
5.20922e-05
5.20448e-05
5.20004e-05
5.19609e-05
5.19261e-05
5.18956e-05
5.18666e-05
5.18391e-05
5.18149e-05
6.22422e-05
0.000172406
0.000201628
0.000203338
0.000196225
0.000186669
0.000176824
0.000167394
0.000158574
0.000150392
0.000142821
0.000135825
0.000129365
0.000123397
0.000117869
0.000112763
0.000108048
0.000103715
9.97322e-05
9.60603e-05
9.26718e-05
8.95427e-05
8.66519e-05
8.39806e-05
8.15113e-05
7.92213e-05
7.7103e-05
7.5145e-05
7.33324e-05
7.16552e-05
7.01461e-05
6.90503e-05
6.82705e-05
6.76588e-05
6.71034e-05
6.64851e-05
6.57815e-05
6.49783e-05
6.41406e-05
6.33084e-05
6.25074e-05
6.1744e-05
6.10144e-05
6.0326e-05
5.96816e-05
5.9076e-05
5.85104e-05
5.79841e-05
5.7493e-05
5.70384e-05
5.66183e-05
5.62304e-05
5.58695e-05
5.55354e-05
5.52267e-05
5.49609e-05
5.473e-05
5.45476e-05
6.7053e-05
0.000173422
0.000201441
0.000202833
0.000195668
0.000186168
0.000176405
0.000167048
0.000158288
0.000150154
0.000142614
0.000135668
0.000129268
0.000123356
0.000117887
0.000112828
0.000108173
0.000103896
9.9948e-05
9.62987e-05
9.29226e-05
8.97983e-05
8.69066e-05
8.42304e-05
8.17537e-05
7.9457e-05
7.73314e-05
7.53661e-05
0.00013249
0.000203587
0.000218511
0.000214827
0.000205514
0.000236462
0.000390051
0.000380688
0.000356133
0.000332805
0.000311172
0.00029117
0.00027269
0.000255624
0.00034317
0.000366218
0.000357641
0.000339437
0.000319088
0.000299083
0.000280197
0.000262617
0.000246339
0.000231295
0.000217401
0.000204574
0.000192732
0.000181799
0.000171708
0.000162392
0.000214396
0.000276388
0.000284691
0.000275522
0.000261263
0.000246107
0.000231431
0.000217646
0.00020484
0.000192991
0.000182043
0.000171934
0.000162601
0.000153985
0.000146032
0.000138698
0.000131929
0.000125679
0.000119909
0.00011458
0.00010966
0.000105118
0.000100924
9.70526e-05
9.34782e-05
9.01786e-05
8.71324e-05
8.43201e-05
8.17241e-05
7.93278e-05
7.71157e-05
7.5074e-05
7.31895e-05
7.14498e-05
6.98441e-05
6.83633e-05
6.70043e-05
6.57512e-05
6.45933e-05
6.35227e-05
6.25329e-05
6.16179e-05
6.07724e-05
5.99911e-05
5.92693e-05
5.86027e-05
5.79872e-05
0.00012101
0.000195083
0.000211329
0.000208383
0.000199491
0.000189158
0.000178888
0.000169157
0.000160092
0.000151701
0.000143945
0.000237951
0.000269118
0.000268017
0.000256711
0.000242729
0.000228602
0.000215141
0.000202569
0.000190914
0.000180138
0.000170185
0.000160995
0.000152511
0.000144678
0.000137448
0.000130774
0.000124614
0.000118927
0.000113677
0.000108831
0.000104358
0.000100229
9.64179e-05
9.28996e-05
8.96519e-05
8.66541e-05
8.38869e-05
8.13327e-05
7.8975e-05
7.67987e-05

