5e-05
5.02669e-05
5.04842e-05
5.06602e-05
5.08034e-05
5.09206e-05
5.10168e-05
5.10963e-05
5.11818e-05
5.12786e-05
5.13907e-05
5.15194e-05
5.16366e-05
5.1708e-05
5.17481e-05
5.17782e-05
5.17988e-05
5.1808e-05
5.18126e-05
5.18076e-05
5.17799e-05
5.17477e-05
5.17153e-05
0.000158096
0.000199507
0.000205167
0.000199196
0.00018984
0.000179881
0.000170227
0.000161157
0.000152732
0.000144939
0.000137741
0.000131092
0.000124954
0.000119291
0.000114067
0.000109247
0.0001048
0.000100698
9.69142e-05
9.34247e-05
9.02062e-05
8.72377e-05
8.44964e-05
8.19637e-05
7.963e-05
7.75e-05
7.55391e-05
7.37227e-05
7.20431e-05
7.04812e-05
6.90276e-05
6.7679e-05
6.64354e-05
6.52888e-05
6.42302e-05
6.32551e-05
6.23573e-05
6.15239e-05
6.07535e-05
6.00417e-05
5.93869e-05
5.87849e-05
9.54513e-05
0.000185428
0.000207272
0.000206356
0.000198251
0.000188271
0.000178203
0.000168615
0.00015966
0.000151354
0.000143677
0.000136587
0.000130039
0.000123994
0.000118416
0.00011327
0.000108519
0.000104131
0.000100081
9.63443e-05
9.28975e-05
8.97184e-05
8.67861e-05
8.40814e-05
8.15853e-05
7.92794e-05
7.71513e-05
7.51844e-05
7.33634e-05
7.1683e-05
7.01339e-05
6.87039e-05
6.73822e-05
6.61615e-05
6.50367e-05
6.4e-05
6.30416e-05
6.21583e-05
6.13534e-05
6.06381e-05
5.9983e-05
5.93737e-05
5.88087e-05
5.82867e-05
5.78037e-05
5.73565e-05
5.6942e-05
5.65563e-05
5.61938e-05
5.58577e-05
5.55465e-05
5.52545e-05
5.49832e-05
5.47329e-05
5.4502e-05
5.42877e-05
5.40864e-05
5.38978e-05
5.37214e-05
5.35564e-05
5.34053e-05
5.32856e-05
5.31879e-05
5.3088e-05
5.29935e-05
5.29037e-05
5.28213e-05
5.27428e-05
5.26822e-05
5.26653e-05
5.26784e-05
5.27715e-05
5.28945e-05
5.29957e-05
5.3092e-05
5.32046e-05
5.3284e-05
5.33163e-05
5.3734e-05
0.000164879
0.000271714
0.000262556
0.000246869
0.000231953
0.000218085
0.000205256
0.000193405
0.000182476
0.00017239
0.000163081
0.000154487
0.000146563
0.000139246
0.000132492
0.000126259
0.000120508
0.000115196
0.000110289
0.000190031
0.000243552
0.000250853
0.000243082
0.000230963
0.000218072
0.000205582
0.000193847
0.000182941
0.000172849
0.000163521
0.000154908
0.00014695
0.000139599
0.000132815
0.000126555
0.000120779
0.00011545
0.000110532
0.000105994
0.000101807
9.79412e-05
9.43714e-05
9.10783e-05
8.80632e-05
8.52913e-05
8.27306e-05
8.03603e-05
7.81668e-05
7.61361e-05
7.42569e-05
7.2516e-05
7.09028e-05
6.94135e-05
6.80393e-05
6.67712e-05
6.55961e-05
6.45019e-05
6.34898e-05
6.25559e-05
6.16959e-05
6.09041e-05
6.01752e-05
5.9503e-05
5.88821e-05
5.83089e-05
5.77797e-05
5.72951e-05
5.68639e-05
5.6469e-05
5.6104e-05
5.57576e-05
5.54376e-05
5.51423e-05
5.48673e-05
5.46107e-05
5.4373e-05
5.41526e-05
5.39479e-05
5.37574e-05
5.3578e-05
5.34122e-05
5.32736e-05
5.31607e-05
5.30578e-05
5.29578e-05
5.28585e-05
5.27642e-05
5.26774e-05
5.25975e-05
5.25239e-05
5.24558e-05
5.23929e-05
5.23347e-05
5.22824e-05
5.22578e-05
5.22572e-05
5.22687e-05
5.22645e-05
5.22489e-05
5.22201e-05
5.21908e-05
5.21838e-05
5.21965e-05
5.22014e-05
5.21973e-05
5.21903e-05

