5e-05
5.02631e-05
5.04691e-05
5.06301e-05
5.07572e-05
5.08582e-05
5.09394e-05
5.10093e-05
5.10945e-05
5.12192e-05
5.13914e-05
5.15577e-05
5.1698e-05
5.18291e-05
5.19884e-05
5.21653e-05
5.23197e-05
5.24384e-05
5.25182e-05
5.25351e-05
5.24965e-05
5.24447e-05
5.23819e-05
5.23021e-05
5.2373e-05
5.26361e-05
5.29786e-05
5.33204e-05
5.35652e-05
5.36672e-05
5.37815e-05
5.38937e-05
5.39701e-05
5.39842e-05
5.39573e-05
5.39029e-05
5.38284e-05
5.37398e-05
5.36423e-05
5.35397e-05
5.34352e-05
5.33306e-05
5.32224e-05
5.31159e-05
5.30063e-05
5.29114e-05
5.28493e-05
5.28016e-05
5.30352e-05
5.37775e-05
5.47319e-05
6.53208e-05
0.000169354
0.000197362
0.000199188
0.000192495
0.000183359
0.000173882
0.000164756
0.000156178
0.000148172
0.000140747
0.000133884
0.000127544
0.00012169
0.000116282
0.000111291
0.000106681
0.000102424
9.84915e-05
9.48634e-05
9.15181e-05
8.84334e-05
8.55865e-05
8.29601e-05
8.05368e-05
7.83027e-05
7.62409e-05
7.43338e-05
7.257e-05
7.09407e-05
6.94356e-05
6.80429e-05
6.67565e-05
6.55686e-05
6.44742e-05
6.34652e-05
6.2534e-05
0.000164321
0.000205683
0.000211048
0.0002047
0.000194946
0.000184603
0.000174595
0.000165199
0.000156494
0.000148457
0.000141038
0.00013419
0.000127867
0.000122028
0.000116629
0.00011164
0.000107032
0.000102778
9.88701e-05
0.000105187
0.000206645
0.000231426
0.000230239
0.000220861
0.000209354
0.000197743
0.000186684
0.000176355
0.000166778
0.000157916
0.00014973
0.000142172
0.000135197
0.000128757
0.000122809
0.000117312
0.000112238
0.000107555
0.000103233
9.92452e-05
9.55641e-05
9.21673e-05
8.90338e-05
8.6141e-05
8.34709e-05
8.10081e-05
7.87563e-05
7.67055e-05
7.48407e-05
7.3127e-05
7.15314e-05
7.00731e-05
6.87259e-05
6.74859e-05
6.63681e-05
6.53385e-05
6.43792e-05
6.3479e-05
6.26108e-05
6.1844e-05
6.11501e-05
6.04714e-05
5.9822e-05
5.92116e-05
5.86488e-05
5.8137e-05
5.7661e-05
5.72126e-05
5.67842e-05
5.63871e-05
5.60134e-05
5.56602e-05
5.53308e-05
5.50258e-05
5.47446e-05
5.44862e-05
5.4257e-05
5.4051e-05
5.38636e-05
5.36932e-05
5.3531e-05
5.33774e-05
5.3234e-05
5.30996e-05
5.2976e-05
5.28712e-05
0.00011464
0.000187161
0.00020338
0.000200892
0.000192584
0.000182841
0.000173128
0.000163911
0.000155316
0.000147351
0.000139984
0.000133177
0.000126893
0.000121094
0.000115742
0.000110802
0.000106244
0.000102037
9.8154e-05
9.45636e-05
9.12459e-05
8.81842e-05
8.53595e-05
8.27526e-05
8.03446e-05
7.81224e-05
7.60695e-05
7.41755e-05
7.24257e-05
7.08109e-05
6.93173e-05
6.79375e-05
6.66609e-05
6.54822e-05
6.43939e-05
6.3389e-05
6.24621e-05
6.16062e-05
6.08179e-05
6.0092e-05
5.94211e-05
5.88034e-05
5.82366e-05
5.77326e-05
5.72726e-05
5.68506e-05
5.64561e-05
5.60859e-05
5.57349e-05
5.54086e-05
5.51079e-05
5.48308e-05
5.45724e-05
5.4331e-05
5.41084e-05
5.39028e-05
5.37097e-05
5.35284e-05
5.33618e-05
5.32054e-05
5.30588e-05
5.29252e-05
5.28027e-05
5.26846e-05
5.25729e-05
5.24742e-05
5.24071e-05
7.44587e-05
0.000175772
0.000201557
0.000202207
0.000194849
0.000185314
0.000175556
0.000166219
0.000157482

