5e-05
5.02669e-05
5.04842e-05
5.06602e-05
5.08034e-05
5.09206e-05
5.10168e-05
5.10963e-05
5.11818e-05
5.12786e-05
5.13907e-05
5.15194e-05
5.16366e-05
5.1708e-05
5.17481e-05
5.17782e-05
5.17988e-05
5.1808e-05
5.18126e-05
5.18076e-05
5.17799e-05
5.17477e-05
5.17153e-05
5.16762e-05
5.16366e-05
5.16024e-05
5.15746e-05
5.15508e-05
5.1531e-05
0.000138964
0.000194778
0.000205252
0.000200806
0.000191853
0.000181918
0.000172173
0.000162983
0.000154435
0.000146524
0.000139215
0.000132468
0.000126243
0.000120498
0.000115199
0.000110309
0.000105794
0.000101623
9.77782e-05
9.42529e-05
9.1004e-05
8.79986e-05
8.52214e-05
8.26463e-05
8.02574e-05
7.80454e-05
7.60048e-05
7.41225e-05
7.23847e-05
7.07827e-05
6.93061e-05
6.79384e-05
6.66749e-05
6.55079e-05
6.44328e-05
6.34428e-05
6.2528e-05
6.16771e-05
6.08885e-05
6.01582e-05
5.94831e-05
5.88627e-05
5.82932e-05
5.77698e-05
5.72838e-05
5.68306e-05
5.64144e-05
5.60311e-05
5.56756e-05
5.53475e-05
5.50474e-05
5.47734e-05
5.45195e-05
5.42839e-05
5.40662e-05
5.38671e-05
5.36861e-05
5.35217e-05
5.33723e-05
5.32366e-05
5.3112e-05
5.29952e-05
5.28879e-05
5.27865e-05
5.26875e-05
5.25967e-05
5.2515e-05
5.24397e-05
5.23684e-05
5.23021e-05
5.22429e-05
5.21898e-05
5.21393e-05
5.20943e-05
5.20631e-05
5.20621e-05
5.20664e-05
5.20657e-05
5.20626e-05
5.20592e-05
5.2055e-05
5.20498e-05
5.20433e-05
5.20342e-05
5.20194e-05
5.20042e-05
5.19894e-05
5.19708e-05
5.1952e-05
5.19347e-05
5.19189e-05
5.19033e-05
5.18853e-05
5.18659e-05
5.18457e-05
5.1825e-05
5.1807e-05
5.51554e-05
0.000168643
0.000199906
0.000202374
0.000195568
0.000186158
0.000176393
0.00016702
0.000158278
0.000150194
0.000142798
0.000136002
0.000129714
0.000123912
0.00011858
0.000113633
0.000109026
0.00010516
0.000212352
0.000315537
0.000303009
0.000284212
0.000266425
0.000249907
0.000234631
0.000220522
0.000207508
0.000195498
0.000184411
0.000174178
0.000164739
0.000156026
0.000147982
0.000140558
0.000133707
0.00012738
0.000121536
0.00011614
0.000111156
0.000106555
0.000102329
9.84399e-05
9.48443e-05
9.15205e-05
8.84485e-05
8.56099e-05
8.2988e-05
8.05654e-05
7.83284e-05
7.62577e-05
7.4342e-05
7.25749e-05
7.09464e-05
6.94457e-05
6.80628e-05
6.67884e-05
6.56138e-05
6.45311e-05
6.35314e-05
6.26072e-05
6.17562e-05
6.09955e-05
6.03047e-05
5.9665e-05
5.9068e-05
5.85116e-05
5.7992e-05
5.75078e-05
5.70547e-05
5.66302e-05
5.62383e-05
5.5877e-05
5.5544e-05
0.000147908
0.000198674
0.000207377
0.000202272
0.00019304
0.000182965
0.000173132
0.000163872
0.00015526
0.000147288
0.000139922
0.000133123
0.000126862
0.000121086
0.000115753
0.000110821
0.000106267
0.000102064
9.81814e-05
9.45946e-05
9.12829e-05
8.82247e-05
8.54004e-05
8.27918e-05
8.03801e-05
7.81536e-05
7.61128e-05
7.42439e-05
7.25201e-05
7.09238e-05
6.94432e-05
6.80738e-05
6.681e-05
6.56435e-05
6.45668e-05
6.35728e-05
6.26552e-05
6.1808e-05
6.10274e-05
6.03304e-05
5.97092e-05
5.91478e-05
5.86146e-05
5.81108e-05
5.76313e-05
5.7186e-05
5.6795e-05
5.64532e-05
5.61308e-05
5.58246e-05
5.55387e-05

