5e-05
5.02631e-05
5.04691e-05
5.06301e-05
5.08524e-05
5.14809e-05
5.23566e-05
5.32916e-05
5.41437e-05
5.48064e-05
5.52308e-05
5.54351e-05
5.5471e-05
5.53696e-05
5.51985e-05
5.50378e-05
5.4878e-05
5.47104e-05
5.45373e-05
5.43545e-05
5.41642e-05
5.39769e-05
0.000118807
0.000190419
0.000206169
0.000203358
0.000194796
0.000184841
0.000174942
0.000165562
0.000156822
0.000148728
0.000141249
0.000134342
0.000127963
0.000122076
0.000116644
0.000111632
0.000107007
0.000102737
9.87969e-05
9.51612e-05
9.18066e-05
8.87091e-05
8.5849e-05
8.321e-05
8.0775e-05
7.85253e-05
7.64483e-05
7.4532e-05
7.2764e-05
7.11312e-05
6.96298e-05
6.82567e-05
6.6995e-05
6.58326e-05
6.47553e-05
6.37588e-05
6.28378e-05
6.19844e-05
6.11786e-05
6.04304e-05
5.97388e-05
5.91208e-05
5.85662e-05
5.80593e-05
5.75925e-05
5.71604e-05
5.67593e-05
5.63862e-05
5.60385e-05
5.57069e-05
5.53965e-05
5.51074e-05
5.48354e-05
5.45803e-05
5.43839e-05
5.45e-05
5.48389e-05
5.52599e-05
5.56577e-05
5.59194e-05
9.10613e-05
0.000179083
0.000200952
0.000200502
0.00019292
0.000183431
0.000173795
0.000164591
0.000155984
0.000147993
0.000140597
0.000133762
0.000127446
0.000121613
0.000116228
0.000121524
0.000220897
0.000244215
0.000241904
0.000231565
0.000219225
0.000206898
0.000195205
0.000184291
0.000174156
0.000164773
0.000156114
0.000148139
0.000140778
0.00013398
0.000127701
0.000121897
0.000116522
0.00011158
0.000107031
0.000102828
9.89377e-05
9.53349e-05
9.20255e-05
8.89896e-05
8.61878e-05
8.35964e-05
8.11969e-05
7.89741e-05
7.69147e-05
7.50066e-05
7.32391e-05
7.1597e-05
7.00757e-05
6.86683e-05
6.73622e-05
6.61495e-05
6.50287e-05
6.3997e-05
6.3225e-05
0.000104221
0.000267728
0.000267655
0.000251749
0.000236431
0.000222203
0.000209039
0.000196873
0.000185635
0.000175258
0.000165675
0.000156828
0.000148659
0.000158636
0.000259788
0.000281466
0.000276713
0.0002638
0.000349236
0.000367703
0.00035758
0.000338881
0.000318401
0.000298388
0.000279532
0.000261995
0.000245761
0.000230759
0.000216905
0.000204114
0.000192306
0.000181406
0.000171344
0.000162055
0.000153481
0.000145565
0.000138259
0.000131515
0.000125288
0.000119542
0.000114244
0.000109356
0.000104841
0.000100673
9.68229e-05
9.32684e-05
8.99865e-05
8.69563e-05
8.41584e-05
8.15753e-05
7.91909e-05
7.69894e-05
7.4957e-05
7.30808e-05
7.1349e-05
6.97504e-05
6.8275e-05
6.69132e-05
6.56561e-05
6.44958e-05
0.000101746
0.000192389
0.000214025
0.000212669
0.000204072
0.000193605
0.000183071
0.000173045
0.000163686
0.00015501
0.000146989
0.00013958
0.00013274
0.000126424
0.000120594
0.000115213
0.000110245
0.000105659
0.000101425
9.75179e-05
9.3915e-05
9.05966e-05
8.75338e-05
8.47048e-05
8.20914e-05
7.96774e-05
7.74476e-05
7.53882e-05
7.34864e-05
7.17302e-05
7.01088e-05
6.86118e-05
6.72299e-05
6.59541e-05
0.000160943
0.000209167
0.000216491
0.000210453
0.000200477
0.000189752
0.00017933
0.000169531
0.000174042
0.000265871
0.000284329
0.000278408
0.000265042
0.000249985
0.000235151
0.000221136
0.000208087
0.000196004
0.000184837

