5e-05
5.02669e-05
5.04842e-05
5.06602e-05
5.08034e-05
5.09206e-05
5.10168e-05
5.10963e-05
5.11818e-05
5.12786e-05
5.13907e-05
5.15194e-05
5.16366e-05
5.1708e-05
5.17481e-05
5.17782e-05
5.17988e-05
5.1808e-05
5.18126e-05
6.30701e-05
0.000172918
0.00020201
0.000203663
0.000196512
0.000186911
0.000177017
0.000167533
0.000158658
0.000150425
0.000142804
0.000135762
0.000129262
0.000123264
0.00011773
0.000112619
0.0001079
0.000103548
9.9534e-05
9.5832e-05
9.24159e-05
8.92659e-05
8.63614e-05
8.36832e-05
8.12137e-05
7.89366e-05
7.68335e-05
7.48899e-05
7.31001e-05
7.14721e-05
6.99747e-05
6.85861e-05
6.73014e-05
6.61041e-05
6.4987e-05
6.39491e-05
6.29922e-05
6.21103e-05
6.12961e-05
6.05466e-05
5.9857e-05
5.92158e-05
5.86229e-05
5.8075e-05
5.75714e-05
5.71089e-05
5.6681e-05
5.62797e-05
5.5906e-05
5.55589e-05
5.52373e-05
5.49434e-05
5.46752e-05
5.443e-05
5.42008e-05
5.39846e-05
5.37872e-05
5.36059e-05
5.34368e-05
5.32808e-05
5.31397e-05
5.30123e-05
5.28939e-05
5.27833e-05
5.26809e-05
5.25883e-05
5.25057e-05
5.2432e-05
5.23664e-05
5.2308e-05
5.22548e-05
5.22039e-05
5.21574e-05
5.21122e-05
5.20651e-05
5.20221e-05
5.19846e-05
5.19501e-05
5.19164e-05
5.18848e-05
5.18577e-05
5.18342e-05
5.18111e-05
5.17913e-05
5.17834e-05
5.18039e-05
5.18281e-05
5.18457e-05
5.18595e-05
5.18717e-05
5.1882e-05
5.189e-05
5.18958e-05
5.18981e-05
5.18937e-05
5.18882e-05
5.18823e-05
5.18719e-05
5.18608e-05
5.18505e-05
5.18412e-05
5.18315e-05
5.18191e-05
5.18048e-05
5.17892e-05
5.17728e-05
5.17589e-05
5.17657e-05
5.17849e-05
5.17929e-05
5.17979e-05
5.18e-05
5.18025e-05
5.18023e-05
5.18141e-05
5.18639e-05
5.19386e-05
5.20886e-05
5.22641e-05
5.24137e-05
5.25548e-05
5.27087e-05
5.28262e-05
5.28938e-05
5.33439e-05
0.000164519
0.000302072
0.000376479
0.000383414
0.000437732
0.000463667
0.000451224
0.000427107
0.00044921
0.000483333
0.000472378
0.000447664
0.000419827
0.000392407
0.0003665
0.000342383
0.000320052
0.000299411
0.000353184
0.000382118
0.000374641
0.000355959
0.00033467
0.000313643
0.000293752
0.000275221
0.000258055
0.000242187
0.00022753
0.000213996
0.000201501
0.00018996
0.000179303
0.000169466
0.000160388
0.000152011
0.00014428
0.000137146
0.000130562
0.000124486
0.000118876
0.000113697
0.000108918
0.000104531
0.000100493
9.67638e-05
9.33146e-05
9.01252e-05
8.7175e-05
8.44471e-05
8.19228e-05
7.95864e-05
7.74295e-05
7.5439e-05
7.36019e-05
7.19016e-05
7.03227e-05
6.8863e-05
6.7516e-05
6.62747e-05
6.51308e-05
6.4077e-05
6.31048e-05
6.2207e-05
6.13782e-05
6.06129e-05
5.99106e-05
5.92782e-05
5.86977e-05
5.81614e-05
5.76568e-05
5.71907e-05
5.67607e-05
5.63612e-05
5.59898e-05
5.56461e-05
5.53278e-05
5.50328e-05
5.47589e-05
5.45025e-05
5.42655e-05
5.40613e-05
5.38879e-05
5.37291e-05
5.35775e-05
5.34305e-05
5.32923e-05
5.31649e-05
5.30475e-05
5.29392e-05
5.28392e-05
5.27469e-05
5.26614e-05
5.2584e-05
5.25362e-05
5.25142e-05
5.2506e-05
5.24835e-05
5.24511e-05
5.24067e-05
5.23631e-05
5.23429e-05
5.23434e-05
5.23369e-05
5.23224e-05
5.23058e-05

