5e-05
5.02631e-05
5.04691e-05
5.06301e-05
5.07572e-05
5.08582e-05
5.09394e-05
5.10052e-05
5.10589e-05
5.11033e-05
5.11437e-05
5.12034e-05
5.12661e-05
5.13388e-05
5.14302e-05
5.15165e-05
5.15904e-05
5.16502e-05
5.16962e-05
5.17208e-05
5.17153e-05
5.17017e-05
5.16851e-05
5.16649e-05
5.16456e-05
5.16284e-05
5.16134e-05
5.16004e-05
5.15894e-05
5.15802e-05
5.15727e-05
5.15665e-05
5.15616e-05
5.15529e-05
5.15412e-05
5.15305e-05
5.15221e-05
5.15158e-05
5.15103e-05
5.15045e-05
5.15005e-05
5.14966e-05
5.14921e-05
5.14892e-05
5.14879e-05
5.14879e-05
5.1489e-05
5.1491e-05
5.14939e-05
5.15183e-05
5.1558e-05
5.15962e-05
5.16206e-05
5.16402e-05
5.16565e-05
5.16686e-05
5.16734e-05
5.16755e-05
5.16761e-05
6.21091e-05
0.000172288
0.000201551
0.000203285
0.000196178
0.000186623
0.000176772
0.000167325
0.000158484
0.000150281
0.000142696
0.000135689
0.000129214
0.000123235
0.000117717
0.000112624
0.00010792
0.000103576
9.95668e-05
9.58673e-05
9.24537e-05
8.93033e-05
8.63903e-05
8.37012e-05
8.12188e-05
7.89268e-05
7.68124e-05
7.48578e-05
7.30518e-05
7.13832e-05
6.98413e-05
6.84184e-05
6.7107e-05
6.58986e-05
6.47847e-05
6.37558e-05
6.28074e-05
6.19336e-05
6.11285e-05
6.03867e-05
5.97031e-05
5.90731e-05
5.84916e-05
5.79524e-05
5.74553e-05
5.69972e-05
5.65752e-05
5.6185e-05
5.5823e-05
5.54893e-05
5.51822e-05
5.48994e-05
5.46379e-05
5.43948e-05
5.41705e-05
5.39612e-05
5.37685e-05
5.35915e-05
5.34292e-05
5.32802e-05
5.31435e-05
5.30179e-05
5.29026e-05
5.27967e-05
5.26993e-05
5.26098e-05
5.25274e-05
5.24516e-05
5.23818e-05
5.23173e-05
5.22545e-05
5.21961e-05
5.21427e-05
5.20944e-05
5.22269e-05
5.26224e-05
5.30736e-05
5.348e-05
5.38198e-05
5.40588e-05
5.41692e-05
5.41711e-05
5.41138e-05
5.4022e-05
5.39068e-05
5.37833e-05
5.36565e-05
5.35297e-05
5.34099e-05
5.3321e-05
5.32574e-05
5.32103e-05
0.000119186
0.000188412
0.000203555
0.000200733
0.000192334
0.00018279
0.000173893
0.000232869
0.000432845
0.000465762
0.000453334
0.000429201
0.000402475
0.000376249
0.000351499
0.000328463
0.000307133
0.000287419
0.000269213
0.000252403
0.000236885
0.000222559
0.000209335
0.000197126
0.000185857
0.000175453
0.000165849
0.000156984
0.0001488
0.000141245
0.00013427
0.000127832
0.000121889
0.000116403
0.000111339
0.000106663
0.000102348
9.83635e-05
9.4686e-05
9.12913e-05
8.81575e-05
8.52648e-05
8.25944e-05
8.01293e-05
7.78636e-05
7.58493e-05
7.4005e-05
7.22839e-05
7.06725e-05
6.91653e-05
6.77605e-05
6.64548e-05
6.52436e-05
6.41218e-05
6.30837e-05
6.21239e-05
6.1237e-05
6.04174e-05
5.96604e-05
5.89614e-05
5.83159e-05
5.772e-05
5.717e-05
5.66626e-05
5.61942e-05
5.57619e-05
5.53629e-05
5.49946e-05
5.46907e-05
5.44951e-05
5.43183e-05
5.41246e-05
5.39189e-05
5.37086e-05
5.35e-05
5.32976e-05
5.31039e-05
5.29205e-05
5.27483e-05
5.25874e-05
5.24375e-05
5.23006e-05
5.21939e-05
5.21005e-05
5.20114e-05
5.19246e-05
5.18399e-05
5.17579e-05
5.16795e-05
5.16049e-05
5.15361e-05
5.14817e-05
5.14324e-05
5.13849e-05
5.13386e-05
5.12937e-05
5.12503e-05
5.12086e-05
5.11691e-05

