5e-05
5.02631e-05
5.04691e-05
5.06301e-05
5.07572e-05
5.08582e-05
5.09394e-05
5.10052e-05
5.10589e-05
5.11033e-05
5.11402e-05
5.11713e-05
5.11975e-05
5.12149e-05
5.12343e-05
5.12745e-05
5.13193e-05
5.13623e-05
5.1401e-05
5.1433e-05
5.14436e-05
5.14456e-05
5.14465e-05
5.14447e-05
5.14424e-05
5.14388e-05
5.14363e-05
5.14352e-05
0.000115379
0.000188051
0.000203977
0.00020132
0.000193441
0.000184464
0.000175687
0.000167494
0.000159981
0.000153191
0.000147528
0.000306001
0.000346746
0.000326039
0.000304989
0.000285463
0.000279947
0.00036864
0.000381075
0.000368388
0.000348341
0.000326961
0.000306233
0.000286757
0.00026866
0.000251913
0.00023644
0.00022215
0.000208957
0.000196778
0.000185535
0.000175155
0.000165575
0.000156731
0.000148567
0.00014103
0.000134073
0.00012765
0.000121721
0.000116248
0.000111196
0.000106531
0.000102226
9.82508e-05
9.45817e-05
9.11947e-05
8.80682e-05
8.51822e-05
8.25185e-05
8.00598e-05
7.77902e-05
7.56951e-05
7.3761e-05
7.1976e-05
0.000182463
0.000218614
0.000221622
0.00021395
0.000203274
0.000192181
0.000181516
0.000171524
0.000162251
0.000153672
0.000145748
0.000138431
0.000131676
0.00012544
0.000119683
0.000114369
0.000109464
0.000104936
0.000100756
9.68984e-05
9.3337e-05
9.00496e-05
8.7015e-05
8.42139e-05
8.16285e-05
7.92423e-05
7.70397e-05
7.50066e-05
7.31298e-05
7.13974e-05
6.97985e-05
6.83226e-05
6.69604e-05
6.5703e-05
6.45424e-05
6.34711e-05
6.24825e-05
6.157e-05
6.07277e-05
5.99503e-05
5.92328e-05
5.85706e-05
5.79595e-05
5.73955e-05
5.68751e-05
5.63948e-05
5.59516e-05
5.55427e-05
5.51654e-05
5.48173e-05
5.44962e-05
5.42e-05
5.39267e-05
5.36747e-05
5.34472e-05
5.32458e-05
5.30598e-05
5.28866e-05
5.27246e-05
5.25734e-05
5.24324e-05
5.23012e-05
5.219e-05
5.22158e-05
5.23358e-05
5.2437e-05
5.24729e-05
5.24603e-05
5.2411e-05
5.23379e-05
5.2252e-05
5.2161e-05
5.2083e-05
5.20095e-05
5.19362e-05
5.18625e-05
5.1789e-05
5.17183e-05
5.16508e-05
5.15868e-05
5.15264e-05
5.14696e-05
5.1416e-05
5.13661e-05
5.13198e-05
5.1277e-05
5.12375e-05
5.1201e-05
5.11674e-05
5.11362e-05
5.1107e-05
5.10803e-05
5.10558e-05
5.1033e-05
5.10121e-05
0.000155675
0.000200065
0.000206633
0.000200859
0.000191457
0.000181376
0.000171588
0.000162387
0.000153837
0.000145924
0.000138613
0.000131862
0.00012563
0.000119876
0.000114565
0.000109663
0.000105137
0.00010096
9.71038e-05
9.35446e-05
9.02596e-05
8.72389e-05
8.4458e-05
8.18913e-05
7.95202e-05
7.73281e-05
7.53022e-05
7.34302e-05
7.17006e-05
7.01022e-05
6.86246e-05
6.72592e-05
6.59985e-05
6.48346e-05
6.37598e-05
6.27673e-05
6.18513e-05
6.10059e-05
6.02253e-05
5.95047e-05
5.88397e-05
5.82262e-05
5.76601e-05
5.71377e-05
5.66558e-05
5.62112e-05
5.58007e-05
5.54216e-05
5.50719e-05
5.47494e-05
5.4452e-05
5.41771e-05
5.39235e-05
5.36898e-05
5.34743e-05
5.32757e-05
5.30923e-05
5.29229e-05
5.27668e-05
5.26231e-05
0.000103829
0.000186636
0.000206096
0.000204456
0.000196191
0.000186238
0.00017625
0.000166756
0.000157897
0.000149688
0.0001421
0.000135091
0.00012862

