5e-05
5.02669e-05
5.04842e-05
5.06602e-05
5.08034e-05
5.09206e-05
5.10168e-05
5.10963e-05
5.11623e-05
5.12174e-05
5.12636e-05
5.13026e-05
5.1338e-05
5.1391e-05
5.14557e-05
5.15345e-05
5.16461e-05
5.17599e-05
5.18622e-05
5.19399e-05
5.19775e-05
5.19921e-05
5.19993e-05
5.19914e-05
5.19784e-05
5.19645e-05
5.19505e-05
5.19368e-05
5.1922e-05
5.18909e-05
5.18508e-05
5.1813e-05
5.17803e-05
5.1753e-05
5.17306e-05
5.17127e-05
5.16987e-05
5.16881e-05
5.16806e-05
5.16756e-05
5.16727e-05
5.16717e-05
5.16721e-05
5.16722e-05
5.16701e-05
5.16768e-05
5.1706e-05
5.17413e-05
5.17766e-05
5.18259e-05
5.18713e-05
5.1906e-05
5.19215e-05
5.1926e-05
5.19239e-05
5.19209e-05
5.19138e-05
5.19044e-05
5.18914e-05
0.000142768
0.000194868
0.000204211
0.000199479
0.000190513
0.000180656
0.00017101
0.000161916
0.000153458
0.000145628
0.000138392
0.000131712
0.000125584
0.000120252
0.000115629
0.000111464
0.000107686
0.000104174
0.000100817
9.76004e-05
9.46584e-05
9.20132e-05
8.94531e-05
8.68805e-05
8.44025e-05
8.20572e-05
7.98572e-05
7.78105e-05
7.59327e-05
7.41624e-05
7.25131e-05
7.09802e-05
6.95487e-05
6.82192e-05
6.69812e-05
6.58311e-05
6.47665e-05
6.37818e-05
6.28713e-05
6.20298e-05
6.12521e-05
6.05337e-05
5.98701e-05
5.92553e-05
5.86833e-05
5.81528e-05
5.76597e-05
5.72008e-05
5.67776e-05
5.63883e-05
5.60283e-05
5.56941e-05
5.53828e-05
5.50966e-05
0.000168645
0.000202161
0.000205146
0.000198377
0.000188868
0.000178993
0.000169501
0.000160613
0.000152403
0.00014482
0.000137806
0.000131294
0.000125258
0.000119667
0.000114489
0.000109702
0.000105279
0.00010121
9.74791e-05
9.40308e-05
9.08348e-05
8.78678e-05
8.51242e-05
8.25975e-05
8.03252e-05
7.82337e-05
7.62878e-05
7.44859e-05
7.28173e-05
7.12702e-05
6.98347e-05
6.85013e-05
6.73339e-05
6.6731e-05
6.64883e-05
9.91676e-05
0.000183107
0.000203953
0.000212483
0.00038705
0.000402375
0.000377937
0.000413862
0.000452671
0.000444975
0.000422694
0.000396873
0.000371226
0.000434205
0.000448564
0.000433062
0.00040887
0.000383137
0.000358215
0.00033481
0.000313068
0.000292954
0.000274373
0.000257219
0.000241384
0.000226767
0.000213276
0.000200825
0.000189333
0.000178727
0.00016899
0.000160308
0.000152498
0.000145281
0.000138552
0.000132285
0.00012643
0.000120959
0.000115848
0.00011108
0.000106627
0.000102484
9.8631e-05
9.50591e-05
9.17515e-05
8.86878e-05
8.58446e-05
8.32116e-05
0.000106076
0.000200271
0.000222591
0.000221037
0.000212012
0.000201065
0.000190055
0.000179576
0.000169795
0.000160729
0.000152343
0.000144593
0.000137434
0.000130824
0.000124723
0.000119088
0.000113888
0.000109089
0.000197635
0.000237865
0.000241237
0.000232738
0.000220893
0.000208582
0.000196746
0.000185671
0.000175625
0.000166496
0.000158133
0.000150417
0.000143256
0.000136569
0.000130305
0.000124446
0.000118993
0.000113928
0.000109229
0.000104873
0.000100836
9.7099e-05
9.36398e-05
9.0436e-05
8.74649e-05
8.47121e-05
8.21661e-05
7.9809e-05
7.76323e-05
7.56202e-05
7.37631e-05
7.20499e-05
7.04696e-05
6.90056e-05
6.76513e-05
6.64027e-05

