5e-05
5.02669e-05
5.04842e-05
5.06602e-05
5.08034e-05
5.09206e-05
5.10168e-05
5.10963e-05
5.11818e-05
5.12786e-05
5.13907e-05
5.15194e-05
5.16366e-05
0.000157617
0.000196874
0.000202063
0.000196152
0.000187001
0.000177279
0.000167858
0.000158988
0.000150741
0.000143107
0.000136045
0.000129519
0.000123498
0.000133767
0.000229063
0.000250438
0.00024721
0.000236299
0.000223499
0.000210748
0.000198656
0.000187381
0.000176935
0.000167282
0.00015837
0.000150145
0.000142554
0.000135549
0.000129086
0.000123123
0.000117621
0.000112545
0.000107858
0.000103529
9.95376e-05
9.5877e-05
9.25033e-05
8.93826e-05
8.64989e-05
8.38257e-05
8.13461e-05
7.90504e-05
7.69325e-05
7.49788e-05
7.31752e-05
7.15124e-05
6.99797e-05
6.85603e-05
6.72489e-05
6.60378e-05
6.4922e-05
6.38944e-05
6.29448e-05
6.20619e-05
6.12437e-05
6.04861e-05
5.97858e-05
5.91421e-05
5.85511e-05
5.80079e-05
5.75036e-05
5.70335e-05
5.66017e-05
5.6204e-05
5.58352e-05
5.54948e-05
5.51834e-05
5.48989e-05
5.46354e-05
5.43909e-05
5.41649e-05
5.39583e-05
5.37703e-05
5.35994e-05
5.3444e-05
5.33028e-05
5.31731e-05
5.30516e-05
5.294e-05
5.28346e-05
5.27319e-05
5.26377e-05
5.25529e-05
5.24746e-05
5.24006e-05
5.23318e-05
5.22703e-05
5.22151e-05
5.21627e-05
5.21159e-05
5.20831e-05
5.20805e-05
5.20834e-05
5.20814e-05
5.20771e-05
5.20726e-05
5.20674e-05
5.20612e-05
5.20538e-05
5.20439e-05
5.20284e-05
5.20125e-05
5.1997e-05
5.19778e-05
5.19585e-05
5.19407e-05
5.19245e-05
5.19084e-05
5.189e-05
5.18703e-05
5.18497e-05
5.18287e-05
5.18104e-05
5.18133e-05
5.18289e-05
5.18334e-05
5.18354e-05
5.18346e-05
5.18344e-05
5.18318e-05
5.18412e-05
5.1889e-05
5.19618e-05
5.211e-05
5.22839e-05
5.24319e-05
5.25716e-05
5.27243e-05
5.28405e-05
5.2907e-05
5.33561e-05
0.00016453
0.000271392
0.000262258
0.000246594
0.0002317
0.000217851
0.00020504
0.000193206
0.000182292
0.00017222
0.000162924
0.000227692
0.000285383
0.000291927
0.000281875
0.00026706
0.000251482
0.000236444
0.000222333
0.000209228
0.000197101
0.000185897
0.000175573
0.000166053
0.000157259
0.000149137
0.000141635
0.000134707
0.000128311
0.000122403
0.00011695
0.00011191
0.000107253
0.000102956
9.89913e-05
9.53344e-05
9.19611e-05
8.88492e-05
8.59785e-05
8.33302e-05
8.08851e-05
7.86266e-05
7.6544e-05
7.46464e-05
7.2906e-05
7.12975e-05
6.98062e-05
6.84242e-05
6.71425e-05
6.59548e-05
6.48522e-05
6.38282e-05
6.28829e-05
6.20108e-05
6.12061e-05
6.35073e-05
0.000176911
0.000207697
0.00020959
0.00020221
0.00019226
0.000181998
0.000172154
0.000162939
0.000154389
0.000146481
0.000139179
0.000132453
0.000126247
0.000120517
0.000115219
0.000110327
0.000105812
0.000101641
9.77883e-05
9.4231e-05
9.09462e-05
8.79127e-05
8.51109e-05
8.25209e-05
8.01298e-05
7.7937e-05
7.59279e-05
7.40746e-05
7.23588e-05
7.07679e-05
6.92967e-05
6.79388e-05
6.66855e-05
6.55287e-05
6.44608e-05
6.34749e-05
6.25647e-05
6.17259e-05
6.09752e-05
6.03044e-05
5.96972e-05
5.91219e-05
5.8579e-05
5.80636e-05
5.7585e-05
5.71633e-05
5.67932e-05
5.64446e-05
5.61143e-05
5.58061e-05

