5e-05
5.02631e-05
5.04691e-05
5.06301e-05
5.07572e-05
5.08582e-05
5.09394e-05
5.10052e-05
5.10714e-05
5.11509e-05
5.12253e-05
5.12901e-05
0.000143639
0.000194297
0.000203185
0.000198345
0.000189461
0.000179742
0.000170242
0.000161275
0.000152901
0.000145138
0.00013796
0.000131322
0.000125189
0.000119523
0.000114292
0.000109464
0.000105007
0.000100888
9.70808e-05
9.35676e-05
9.03262e-05
8.73346e-05
8.45723e-05
8.2024e-05
7.96733e-05
7.75048e-05
7.55046e-05
7.36594e-05
7.19572e-05
7.04009e-05
6.89804e-05
6.76696e-05
6.64605e-05
6.53437e-05
6.43072e-05
6.33693e-05
6.25568e-05
6.1828e-05
6.11558e-05
6.0527e-05
5.99286e-05
5.93571e-05
5.88184e-05
5.83118e-05
5.78359e-05
5.73893e-05
5.69658e-05
5.65692e-05
5.61995e-05
5.58512e-05
5.55271e-05
5.52267e-05
5.49454e-05
5.4678e-05
5.44297e-05
5.42014e-05
5.39917e-05
5.37992e-05
5.36226e-05
5.34606e-05
5.3312e-05
5.31757e-05
5.30498e-05
5.29287e-05
5.28151e-05
5.27086e-05
5.26114e-05
5.25232e-05
5.24431e-05
5.23654e-05
5.22921e-05
5.22229e-05
5.21575e-05
5.20984e-05
5.2044e-05
5.19943e-05
5.19503e-05
5.19115e-05
5.18759e-05
5.18418e-05
5.18089e-05
5.17775e-05
5.1747e-05
5.17198e-05
5.16966e-05
5.16784e-05
5.16909e-05
5.174e-05
5.18003e-05
5.18592e-05
5.19102e-05
5.19486e-05
5.19692e-05
5.19808e-05
5.19853e-05
5.1984e-05
5.1978e-05
5.19682e-05
5.19556e-05
5.19409e-05
5.19236e-05
5.19016e-05
5.18795e-05
5.18582e-05
5.18378e-05
5.18184e-05
5.18001e-05
5.17829e-05
5.17668e-05
5.17518e-05
5.17378e-05
5.17248e-05
5.17127e-05
5.17015e-05
5.16911e-05
5.16815e-05
5.16726e-05
5.16615e-05
5.16499e-05
5.16395e-05
5.16303e-05
5.16222e-05
5.16127e-05
5.16026e-05
5.15939e-05
5.15865e-05
0.000142668
0.000195147
0.00020447
0.000199719
0.00019076
0.000181223
0.000234395
0.000378785
0.000367554
0.000343771
0.000321389
0.000300664
0.000281493
0.000263776
0.000247418
0.000232313
0.000218362
0.000205478
0.000193583
0.000182608
0.000172472
0.000163112
0.000154468
0.000146485
0.000139114
0.000132308
0.000126024
0.000120222
0.000114866
0.000109921
0.000105356
0.000101142
9.72512e-05
9.36595e-05
9.03441e-05
8.72837e-05
8.44659e-05
0.000198497
0.000230057
0.00023105
0.000222271
0.000210825
0.000199109
0.000187896
0.000177408
0.00016768
0.000158683
0.000150372
0.000142697
0.000135613
0.000129072
0.000123035
0.000117463
0.000112319
0.00010757
0.000123819
0.000221201
0.000243553
0.000240921
0.000230486
0.000218097
0.000205714
0.000193956
0.000182991
0.00017283
0.000163437
0.000154761
0.000146752
0.000139358
0.000132532
0.000126231
0.000120415
0.000115046
0.00011009
0.000105514
0.000101291
9.7393e-05
9.37945e-05
9.04727e-05
8.74066e-05
8.45763e-05
8.19638e-05
7.95524e-05
7.73265e-05
7.52719e-05
7.33756e-05
7.16328e-05
7.00283e-05
6.85468e-05
6.71776e-05
6.59119e-05
6.47419e-05
6.36606e-05
6.26613e-05
6.17383e-05
6.08857e-05
6.01036e-05
5.93889e-05
5.87292e-05
5.81244e-05
5.75728e-05
5.70611e-05
5.65844e-05
5.61408e-05
5.57285e-05
5.53455e-05
5.49902e-05
5.46611e-05
5.43563e-05
5.40743e-05
5.38135e-05
5.35725e-05

