5e-05
5.02631e-05
5.04691e-05
5.06301e-05
5.07572e-05
5.08582e-05
5.09394e-05
5.10052e-05
5.10761e-05
5.1157e-05
5.12311e-05
5.12951e-05
5.13562e-05
5.14249e-05
5.15046e-05
5.16016e-05
5.16913e-05
5.17665e-05
5.18252e-05
5.18553e-05
5.18578e-05
5.18573e-05
5.18531e-05
5.18364e-05
5.18136e-05
5.17895e-05
5.17666e-05
5.17463e-05
5.17277e-05
0.000115605
0.000188128
0.00020426
0.000201675
0.000193277
0.00018345
0.000173665
0.000164389
0.000155742
0.00014773
0.000140326
0.000133489
0.00012718
0.000121358
0.000115985
0.000111043
0.000106502
0.000102311
9.84414e-05
9.48975e-05
9.16328e-05
8.86106e-05
8.58082e-05
8.31979e-05
8.07758e-05
7.85383e-05
7.64688e-05
7.45769e-05
7.28478e-05
7.12808e-05
6.98413e-05
6.84896e-05
6.72319e-05
6.60674e-05
6.49887e-05
6.39892e-05
6.30597e-05
6.21915e-05
6.14085e-05
6.06879e-05
6.0024e-05
5.94106e-05
5.88414e-05
5.83079e-05
5.7812e-05
5.73519e-05
5.69249e-05
5.65289e-05
5.61593e-05
5.58138e-05
5.54937e-05
5.51949e-05
5.49137e-05
5.46515e-05
5.4408e-05
5.41799e-05
5.39671e-05
5.37693e-05
5.3588e-05
5.34216e-05
5.32672e-05
5.31263e-05
5.29979e-05
5.28773e-05
5.27623e-05
5.26658e-05
5.25958e-05
5.25362e-05
5.24815e-05
5.24319e-05
5.23851e-05
5.2337e-05
5.22912e-05
5.22463e-05
5.21967e-05
5.21477e-05
5.20998e-05
5.20527e-05
5.20093e-05
5.19684e-05
5.19296e-05
5.18949e-05
5.18641e-05
5.18359e-05
5.1811e-05
5.18336e-05
5.18905e-05
5.19532e-05
5.20106e-05
5.20573e-05
5.2092e-05
5.21147e-05
5.21277e-05
5.21674e-05
5.22566e-05
5.23371e-05
5.2375e-05
5.37817e-05
0.000167902
0.00019989
0.000202566
0.000195955
0.000187098
0.000178058
0.000169259
0.000160805
0.00015279
0.000145309
0.000138391
0.000131923
0.000125865
0.000120226
0.000115003
0.000110171
0.000105708
0.000101631
0.000134622
0.000302642
0.000306209
0.000287523
0.000269429
0.000252651
0.000237139
0.000222812
0.000209589
0.00019738
0.000186106
0.000175705
0.000166104
0.000157236
0.000149047
0.000141483
0.000134499
0.000128049
0.000122094
0.000116596
0.000111521
0.000106834
0.000102508
9.85135e-05
9.48263e-05
9.14223e-05
0.000183076
0.000232282
0.000238691
0.0002311
0.000219647
0.000207531
0.000195797
0.000184766
0.000174506
0.000165004
0.000156219
0.000148103
0.000140607
0.000133686
0.000127296
0.000121397
0.00011595
0.000110922
0.000106281
0.000101996
9.80415e-05
9.43907e-05
9.10206e-05
8.79095e-05
0.000150277
0.00021875
0.000232007
0.000227029
0.000216554
0.000228276
0.000306063
0.000317923
0.00030822
0.000292149
0.000274864
0.000258064
0.000301297
0.000346148
0.000345495
0.000330414
0.000311507
0.000292352
0.000274082
0.000257013
0.000241185
0.000226549
0.000213029
0.000200545
0.000189019
0.000178378
0.000168556
0.000159488
0.000151122
0.000143406
0.000136283
0.000129706
0.000123633
0.000118025
0.000112847
0.000108066
0.000103652
9.95762e-05
9.58199e-05
9.23587e-05
8.91631e-05
8.62119e-05
8.34957e-05
8.09895e-05
7.86734e-05
7.65322e-05
7.45524e-05
7.2722e-05
7.10304e-05
6.94675e-05
6.80238e-05
6.66905e-05
0.000136341
0.000202203
0.000215443

