5e-05
5.02631e-05
5.04691e-05
5.06301e-05
5.07572e-05
5.08582e-05
5.09394e-05
5.10052e-05
5.10589e-05
5.11033e-05
5.11402e-05
5.11713e-05
5.12069e-05
5.12467e-05
5.12914e-05
5.1392e-05
5.15224e-05
5.16887e-05
5.18372e-05
5.19485e-05
5.2007e-05
5.20368e-05
5.20386e-05
5.20022e-05
5.19553e-05
5.19091e-05
5.18658e-05
5.18272e-05
5.17923e-05
5.17578e-05
5.17265e-05
5.16998e-05
5.1677e-05
5.16511e-05
5.16273e-05
5.16077e-05
5.1592e-05
5.15798e-05
5.15696e-05
5.15595e-05
5.15493e-05
5.16039e-05
5.19187e-05
5.23508e-05
5.28232e-05
5.32633e-05
5.35867e-05
5.37978e-05
5.39897e-05
5.41398e-05
5.41942e-05
6.05397e-05
0.000171009
0.000200871
0.0002029
0.000195943
0.000186471
0.000176674
0.000167264
0.000158447
0.00015024
0.000142638
0.000135612
0.000129128
0.000123166
0.000117672
0.000112604
0.000107924
0.000103606
9.962e-05
9.59395e-05
9.25331e-05
8.93811e-05
8.64677e-05
8.37788e-05
8.132e-05
7.90616e-05
7.69813e-05
7.50578e-05
7.32787e-05
7.1635e-05
7.0109e-05
6.86901e-05
6.73731e-05
6.61552e-05
6.50317e-05
6.39957e-05
6.30391e-05
6.21543e-05
6.13355e-05
6.05767e-05
5.98734e-05
5.92225e-05
5.86208e-05
5.80658e-05
5.75514e-05
5.70772e-05
5.66417e-05
5.62421e-05
5.58751e-05
5.55336e-05
9.95898e-05
0.000185401
0.000205881
0.000204589
0.000196452
0.000186556
0.000176602
0.000167155
0.000158353
0.000150193
0.000142648
0.000135678
0.000129236
0.000123288
0.000117823
0.000112783
0.000108126
0.000103819
9.98363e-05
9.61561e-05
9.2755e-05
8.96083e-05
8.66957e-05
8.40016e-05
8.15132e-05
7.92152e-05
7.70926e-05
7.51291e-05
7.33159e-05
7.16422e-05
7.00948e-05
6.8665e-05
6.73457e-05
6.61276e-05
6.50167e-05
6.40104e-05
6.3107e-05
6.22903e-05
6.15418e-05
6.08713e-05
6.02559e-05
5.97177e-05
5.92228e-05
5.8741e-05
5.82832e-05
5.78399e-05
5.74102e-05
5.70305e-05
5.6944e-05
5.69925e-05
5.69914e-05
5.69107e-05
5.67745e-05
5.65944e-05
5.63611e-05
5.60723e-05
5.57619e-05
5.54596e-05
5.51758e-05
5.49273e-05
5.4696e-05
5.44779e-05
5.42717e-05
5.4078e-05
5.38954e-05
5.37262e-05
5.35702e-05
5.34265e-05
5.32926e-05
5.31629e-05
5.30422e-05
5.2928e-05
5.2823e-05
5.2726e-05
5.26348e-05
5.2552e-05
5.24749e-05
5.23999e-05
5.235e-05
5.23189e-05
5.22923e-05
5.22909e-05
5.23035e-05
5.23108e-05
5.23116e-05
5.23013e-05
5.22853e-05
5.22654e-05
5.22381e-05
5.22086e-05
5.21676e-05
5.21246e-05
5.20818e-05
5.20369e-05
5.19948e-05
5.19535e-05
5.1911e-05
5.18769e-05
5.18679e-05
5.18667e-05
5.18664e-05
5.18608e-05
9.94748e-05
0.000183126
0.000203071
0.00020178
0.000193795
0.000184082
0.000174311
0.000165015
0.000156336
0.000148291
0.000140855
0.000133983
0.000127637
0.000121778
0.000116368
0.000111373
0.000106764
0.000102509
9.85808e-05
9.4954e-05
9.16059e-05
8.85143e-05
8.56617e-05
8.30302e-05
8.06026e-05
7.8363e-05
7.62916e-05
7.43774e-05
7.26098e-05
7.0978e-05
6.94715e-05
6.80825e-05
6.6802e-05
6.56215e-05
6.45498e-05
6.35747e-05
6.26772e-05
6.18735e-05
6.11385e-05
6.04563e-05
5.98072e-05
5.92006e-05
5.86327e-05
5.81065e-05
5.76358e-05
5.72092e-05
5.68081e-05

