5e-05
5.02631e-05
5.04691e-05
5.06301e-05
5.07572e-05
5.08582e-05
5.09394e-05
5.10109e-05
5.10995e-05
5.12161e-05
5.13358e-05
5.14416e-05
5.15322e-05
5.16065e-05
5.16632e-05
5.17435e-05
5.18235e-05
5.18886e-05
5.19283e-05
5.19477e-05
5.19589e-05
5.19557e-05
5.19306e-05
5.18872e-05
5.1844e-05
5.18054e-05
5.17719e-05
5.17433e-05
0.000138785
0.000194423
0.0002049
0.000200481
0.000191552
0.00018164
0.000171917
0.000162746
0.000154216
0.000146321
0.000139027
0.000132289
0.000126067
0.000120323
0.000115022
0.000110136
0.000105647
0.000101512
9.76996e-05
9.41747e-05
9.09146e-05
8.79208e-05
8.51584e-05
8.25983e-05
8.02187e-05
7.8013e-05
7.59762e-05
7.40935e-05
7.23545e-05
7.07499e-05
6.92679e-05
6.78989e-05
6.6628e-05
6.54539e-05
6.44596e-05
6.3807e-05
6.33174e-05
6.28298e-05
6.23029e-05
6.17445e-05
6.11652e-05
6.05851e-05
6.00115e-05
5.94428e-05
5.88991e-05
5.83736e-05
5.78631e-05
5.73803e-05
5.69311e-05
5.65134e-05
5.61277e-05
5.57728e-05
5.54467e-05
5.51468e-05
5.48678e-05
5.46113e-05
5.43762e-05
5.41605e-05
5.39592e-05
5.37679e-05
5.35876e-05
5.34335e-05
5.33127e-05
5.31988e-05
5.30896e-05
5.29806e-05
5.28743e-05
5.27768e-05
5.26881e-05
5.26072e-05
5.25335e-05
5.2466e-05
5.24021e-05
5.23392e-05
5.22753e-05
5.22127e-05
5.21562e-05
5.21056e-05
5.20601e-05
5.20365e-05
5.20238e-05
5.20097e-05
5.19965e-05
5.19847e-05
5.19703e-05
5.19687e-05
5.19846e-05
5.19943e-05
5.20023e-05
5.20069e-05
5.20026e-05
5.19948e-05
5.19849e-05
5.19633e-05
5.19439e-05
5.19418e-05
5.19661e-05
5.53281e-05
0.000168696
0.000199899
0.000202355
0.00019555
0.000186145
0.000176385
0.000167003
0.000158211
0.000150045
0.000142487
0.0001355
0.000129065
0.000123385
0.000118469
0.000114155
0.000110187
0.000106494
0.000103116
9.99251e-05
9.67813e-05
9.36668e-05
9.06448e-05
8.77547e-05
8.50384e-05
8.24961e-05
8.01262e-05
7.79297e-05
7.597e-05
7.44304e-05
7.30941e-05
7.18045e-05
7.0508e-05
6.9219e-05
6.79786e-05
6.68278e-05
6.57508e-05
6.47387e-05
6.39053e-05
6.35478e-05
6.32541e-05
6.29495e-05
6.2582e-05
6.20848e-05
6.15279e-05
6.09306e-05
6.03209e-05
5.9721e-05
5.91463e-05
5.85921e-05
5.80697e-05
5.75824e-05
5.71294e-05
5.67094e-05
5.64918e-05
5.64779e-05
5.6438e-05
5.63681e-05
5.6253e-05
5.6108e-05
5.59261e-05
5.57027e-05
5.54712e-05
5.52392e-05
5.50009e-05
5.47655e-05
5.45416e-05
5.43254e-05
5.41165e-05
5.39114e-05
5.37163e-05
5.35356e-05
5.33704e-05
0.000146164
0.000197093
0.00020591
0.000200912
0.000191875
0.000182247
0.000172947
0.000164129
0.000155809
0.000148012
0.000140753
0.000134007
0.000127749
0.000121955
0.000116593
0.000111632
0.000107037
0.00010278
9.88382e-05
9.5195e-05
9.18313e-05
8.87243e-05
8.58573e-05
8.32113e-05
8.07675e-05
7.8508e-05
7.64217e-05
7.44956e-05
7.2718e-05
7.10798e-05
6.95682e-05
6.81709e-05
6.68836e-05
6.56977e-05
6.46016e-05
6.35889e-05
6.26561e-05
6.17973e-05
6.10067e-05
6.0293e-05
5.96425e-05
5.90394e-05
5.84764e-05
5.79533e-05
5.74682e-05
5.70206e-05
5.66077e-05
5.62265e-05
5.58695e-05
5.55328e-05
5.52172e-05
5.49213e-05

