5e-05
5.02631e-05
5.04691e-05
5.06301e-05
5.07572e-05
5.08582e-05
5.09394e-05
5.10052e-05
5.10589e-05
5.11033e-05
5.11402e-05
5.11713e-05
5.11975e-05
5.12149e-05
5.12343e-05
5.12745e-05
5.13193e-05
5.13623e-05
5.1401e-05
0.00013085
0.000191439
0.000203657
0.000199865
0.000191176
0.000181368
0.000171698
0.000162561
0.000154054
0.000146177
0.000138888
0.000132199
0.000126349
0.000121284
0.000116849
0.000112926
0.000109439
0.000106349
0.000103669
0.000101809
0.000263796
0.000307785
0.000290073
0.000271789
0.000254815
0.000239132
0.000224651
0.000211279
0.000198932
0.000187531
0.000177004
0.000167285
0.000158313
0.000150029
0.000142382
0.000135323
0.000128805
0.000122788
0.000117233
0.000112105
0.000107372
0.000103003
9.89695e-05
9.52464e-05
9.18091e-05
8.8636e-05
8.57069e-05
8.30028e-05
8.05064e-05
7.82017e-05
7.60741e-05
7.411e-05
7.22969e-05
7.06232e-05
6.90782e-05
6.76521e-05
6.63358e-05
6.51211e-05
6.4e-05
6.29651e-05
6.20098e-05
6.59804e-05
0.000182175
0.000213279
0.000214953
0.000207194
0.00019683
0.000257305
0.000304867
0.000307151
0.000294936
0.000278733
0.00026208
0.000246124
0.000231194
0.000217343
0.000204533
0.000192699
0.000181773
0.000171686
0.000162374
0.000153779
0.000145844
0.00013852
0.000131759
0.000125517
0.000119756
0.000191107
0.000244793
0.00025205
0.000244196
0.000231939
0.000218901
0.000206272
0.000194411
0.000183391
0.000173195
0.000163774
0.000155075
0.000147044
0.00013963
0.000132787
0.000126469
0.000120637
0.000115254
0.000110285
0.000105698
0.000101464
9.75555e-05
9.39477e-05
9.06175e-05
8.75435e-05
8.47061e-05
8.20871e-05
7.96696e-05
7.74381e-05
7.53784e-05
7.34822e-05
7.17405e-05
7.01325e-05
6.86468e-05
6.72731e-05
6.60033e-05
6.48298e-05
6.37454e-05
6.27543e-05
6.19679e-05
6.13381e-05
6.07472e-05
6.01441e-05
5.95418e-05
5.8948e-05
5.83723e-05
5.78225e-05
5.73032e-05
5.68299e-05
5.63914e-05
5.59812e-05
5.55965e-05
5.5236e-05
5.49002e-05
5.45881e-05
5.42982e-05
5.40294e-05
5.37802e-05
5.35489e-05
5.3335e-05
5.31374e-05
5.29548e-05
5.27863e-05
5.26307e-05
5.24872e-05
5.23545e-05
5.22317e-05
5.21185e-05
5.20142e-05
5.19177e-05
5.18288e-05
5.17467e-05
5.16711e-05
5.16017e-05
0.000168527
0.00020302
0.000206297
0.000199495
0.000189835
0.000179755
0.000170049
0.000160952
0.000152507
0.000144696
0.000137479
0.000130816
0.000124664
0.000118985
0.000113743
0.000108904
0.000104438
0.000100315
9.65217e-05
9.3027e-05
8.98015e-05
8.68223e-05
8.40687e-05
8.15246e-05
7.91742e-05
7.70029e-05
7.49969e-05
7.31429e-05
7.14302e-05
6.98488e-05
6.83888e-05
6.70408e-05
6.57961e-05
6.46472e-05
6.35868e-05
6.26078e-05
6.1704e-05
6.08699e-05
6.01003e-05
5.93901e-05
5.87348e-05
5.81301e-05
5.75721e-05
5.7057e-05
5.65813e-05
5.61424e-05
5.57376e-05
5.53642e-05
5.50192e-05
5.47009e-05
5.44074e-05
5.41367e-05
5.38872e-05
5.36568e-05
5.3444e-05
5.32478e-05
5.30672e-05
5.29006e-05
5.27465e-05
5.26042e-05
5.24714e-05
5.23479e-05
5.2234e-05
5.21295e-05
5.20338e-05
5.19463e-05
5.18661e-05
5.17927e-05
5.17248e-05
5.16625e-05

