5e-05
5.02669e-05
5.04842e-05
5.06602e-05
5.08034e-05
5.09206e-05
5.10168e-05
5.10963e-05
5.11819e-05
5.13156e-05
5.14593e-05
5.15908e-05
5.17027e-05
5.17801e-05
5.18584e-05
5.19431e-05
5.20171e-05
5.20765e-05
8.60192e-05
0.000178407
0.00020154
0.0002016
0.000292102
0.000310715
0.000303568
0.00028858
0.00027186
0.000255435
0.00023993
0.000225487
0.000212113
0.000199757
0.000215091
0.00028969
0.000301396
0.000292496
0.000277507
0.000261345
0.000325177
0.000350022
0.000342849
0.000325877
0.000306653
0.000287681
0.000269744
0.000253045
0.000237608
0.000223349
0.000210182
0.000198027
0.000186797
0.000176419
0.00016683
0.000157975
0.000149798
0.00020002
0.000258106
0.000266135
0.000257867
0.000244836
0.00023095
0.00021749
0.000204845
0.000193097
0.000182226
0.000172183
0.000162908
0.000154348
0.000146448
0.000139156
0.00017132
0.000245205
0.000258909
0.000252797
0.000240705
0.000292375
0.000330684
0.000328768
0.000314181
0.000296304
0.000278285
0.000261131
0.000245118
0.000230276
0.000216555
0.000203883
0.000192178
0.000181368
0.000171385
0.000162165
0.000153651
0.00014579
0.00013853
0.000131828
0.000125643
0.000119935
0.000114668
0.000109808
0.000105322
0.000101184
9.7366e-05
9.38429e-05
9.059e-05
8.75891e-05
8.4821e-05
8.22677e-05
7.99074e-05
7.77263e-05
7.57146e-05
7.38589e-05
7.2144e-05
7.05609e-05
6.90978e-05
6.77462e-05
6.64997e-05
6.53476e-05
6.42825e-05
6.33006e-05
6.23962e-05
6.15636e-05
6.07968e-05
6.00887e-05
5.9431e-05
5.88202e-05
5.8255e-05
5.77335e-05
5.72521e-05
5.68094e-05
5.64004e-05
5.60377e-05
5.59764e-05
5.62322e-05
5.66354e-05
5.70258e-05
5.73972e-05
5.75585e-05
5.7482e-05
5.73652e-05
5.72263e-05
5.70542e-05
5.6874e-05
5.66844e-05
5.64695e-05
5.62444e-05
5.60145e-05
5.5779e-05
5.55331e-05
5.52871e-05
5.50498e-05
5.48159e-05
0.000134551
0.000193984
0.000205712
0.000201675
0.000192818
0.000182876
0.00017309
0.000163863
0.000155285
0.000147342
0.000139999
0.000133215
0.000126953
0.000121172
0.00011583
0.000110893
0.000106337
0.000102131
9.82494e-05
9.4668e-05
9.13592e-05
8.83035e-05
8.54828e-05
8.28792e-05
8.0498e-05
7.8318e-05
7.63127e-05
7.44643e-05
7.27545e-05
7.11623e-05
6.96809e-05
0.000160547
0.000207687
0.000214793
0.000208829
0.000199009
0.000188459
0.00017821
0.00016857
0.000159605
0.000151326
0.000143693
0.000136643
0.000130133
0.000124121
0.000118565
0.000113431
0.00010869
0.000104311
0.000100263
9.65242e-05
9.3072e-05
8.9883e-05
8.69384e-05
8.42202e-05
0.000165906
0.000216733
0.00022456
0.00021832
0.000207928
0.000196744
0.000185871
0.000175646
0.000166144
0.000157352
0.000149226
0.000141723
0.000134794
0.000128398
0.000122496
0.000117045
0.000112011
0.000107358
0.000103061
9.90955e-05
9.54363e-05
9.20584e-05
8.89425e-05
8.60677e-05
8.34082e-05
8.0952e-05
7.86872e-05
7.65992e-05
7.46743e-05
7.28993e-05
7.12592e-05
6.97456e-05
6.83469e-05
6.70565e-05
6.58863e-05
6.48232e-05
6.38419e-05
6.29374e-05
6.20991e-05
6.13206e-05
6.06008e-05
5.99353e-05
8.40883e-05
0.000181762
0.00020626

