5e-05
5.02669e-05
5.04842e-05
5.06602e-05
5.08034e-05
5.09206e-05
5.10168e-05
5.1098e-05
5.11951e-05
5.12939e-05
5.13916e-05
5.15126e-05
5.16466e-05
5.17928e-05
5.18877e-05
5.20111e-05
5.21414e-05
5.22571e-05
5.23508e-05
5.24068e-05
0.000150195
0.000196095
0.000203421
0.000198115
0.000189045
0.000179234
0.000169684
0.000160697
0.000152339
0.000144601
0.000137453
0.00013085
0.000124755
0.000119129
0.000113934
0.00010914
0.000104717
0.000100635
9.68693e-05
9.33905e-05
9.01801e-05
8.72144e-05
8.44753e-05
8.19558e-05
7.96572e-05
7.75458e-05
7.56003e-05
7.38042e-05
7.21376e-05
7.05958e-05
6.91706e-05
6.78525e-05
6.66188e-05
6.54748e-05
6.44186e-05
6.34439e-05
6.25446e-05
6.17114e-05
6.09407e-05
6.02298e-05
5.95675e-05
5.89497e-05
5.84682e-05
5.83246e-05
5.83664e-05
0.000134457
0.000190061
0.000201142
0.000197461
0.000189212
0.000179872
0.000170611
0.000161807
0.000153565
0.000145888
0.000138754
0.000132145
0.000126033
0.000120723
0.000116482
0.000224441
0.00033067
0.000317628
0.000297627
0.000278771
0.000261299
0.000245145
0.000230223
0.000216442
0.00020372
0.000191976
0.000181717
0.000285585
0.000308605
0.000302916
0.000288407
0.000271835
0.000255447
0.000239946
0.00022551
0.000212143
0.000199791
0.000188382
0.000177867
0.00016818
0.000159244
0.000150991
0.000143372
0.000136337
0.000129841
0.000123842
0.000118303
0.000113186
0.00010845
0.00010407
0.00010002
9.62814e-05
9.28319e-05
8.9649e-05
8.67121e-05
8.40021e-05
8.15016e-05
7.92135e-05
7.71192e-05
7.51903e-05
7.34039e-05
7.17516e-05
7.02189e-05
6.88005e-05
6.74891e-05
6.62767e-05
6.51558e-05
6.41392e-05
6.32166e-05
6.23622e-05
6.15702e-05
6.08305e-05
6.01439e-05
5.95027e-05
5.89021e-05
5.83539e-05
5.7872e-05
5.74327e-05
5.70181e-05
5.66271e-05
5.62613e-05
0.000128527
0.000192328
0.000205535
0.000202487
0.000292509
0.000310679
0.000303402
0.000288393
0.000271681
0.000255272
0.000331013
0.000348654
0.000339273
0.000321763
0.000302848
0.000284542
0.000267339
0.000251278
0.000317028
0.000338733
0.000331313
0.000314956
0.000296557
0.000278421
0.000261271
0.000245284
0.000230465
0.000216761
0.000204094
0.000192388
0.000181573
0.000171584
0.000162358
0.000153841
0.000145981
0.000138751
0.000132091
0.000125947
0.000120274
0.000115036
0.000110197
0.000105727
0.000101615
9.78194e-05
9.43127e-05
9.10678e-05
8.80694e-05
8.52985e-05
8.27372e-05
8.03646e-05
7.8171e-05
7.6144e-05
7.42671e-05
7.25321e-05
7.09345e-05
6.94813e-05
6.81486e-05
6.69186e-05
6.57739e-05
6.47084e-05
6.37275e-05
6.28427e-05
6.20314e-05
6.12824e-05
6.05854e-05
5.99232e-05
5.93035e-05
5.87293e-05
5.81976e-05
5.77034e-05
5.7261e-05
5.68659e-05
5.65051e-05
5.61722e-05
5.58628e-05
5.55687e-05
0.000120847
0.000189902
0.000204888
0.000201936
0.000193423
0.000183572
0.000173791
0.000164522
0.000155885
0.000147885
0.000140489
0.000133655
0.000127346
0.000121523
0.000116147
0.000111186
0.000106612
0.000102406
9.85252e-05
9.49441e-05
9.1634e-05
8.85775e-05
8.57553e-05
8.31488e-05
8.07415e-05
7.85143e-05
7.64518e-05
7.45459e-05

