5e-05
5.02631e-05
5.04691e-05
5.06301e-05
5.08524e-05
5.14809e-05
5.23566e-05
5.32916e-05
5.41437e-05
5.48064e-05
5.52308e-05
5.54351e-05
5.5471e-05
5.53696e-05
5.51985e-05
5.50378e-05
5.4878e-05
5.47104e-05
5.45373e-05
5.43545e-05
5.41642e-05
5.39769e-05
5.3796e-05
5.36064e-05
5.34261e-05
5.32608e-05
5.311e-05
5.29716e-05
5.28411e-05
5.27208e-05
5.26123e-05
5.25151e-05
5.2428e-05
5.2348e-05
5.22727e-05
5.22051e-05
5.21452e-05
5.20922e-05
5.20448e-05
5.20004e-05
5.19609e-05
5.19261e-05
5.18956e-05
5.18666e-05
5.18391e-05
5.18149e-05
5.17937e-05
5.17722e-05
5.1752e-05
5.17344e-05
5.17193e-05
5.17044e-05
5.16967e-05
5.17023e-05
5.17133e-05
5.17258e-05
5.17332e-05
5.17378e-05
5.17411e-05
0.000134433
0.000192727
0.000204131
0.000200055
0.00019127
0.000181455
0.000171809
0.000162703
0.000154226
0.000146375
0.000139116
0.000132409
0.000126207
0.000120476
0.000115183
0.000110293
0.000105774
0.000101641
9.81242e-05
9.51091e-05
9.2434e-05
8.99737e-05
8.75971e-05
8.52704e-05
8.29687e-05
8.07479e-05
7.86388e-05
7.66591e-05
7.48077e-05
7.30737e-05
7.14581e-05
6.99579e-05
6.85623e-05
6.72673e-05
6.60678e-05
6.49552e-05
6.39268e-05
6.29771e-05
6.21003e-05
6.12881e-05
6.05374e-05
5.98442e-05
5.92233e-05
5.86647e-05
5.81798e-05
5.77487e-05
5.73434e-05
5.69482e-05
5.65688e-05
5.62267e-05
5.59304e-05
5.56584e-05
5.54052e-05
5.51668e-05
5.49398e-05
5.47131e-05
5.45223e-05
5.43605e-05
5.42071e-05
5.40549e-05
5.39028e-05
5.37788e-05
5.36835e-05
5.35962e-05
5.35105e-05
5.34242e-05
5.33367e-05
5.32483e-05
5.31598e-05
5.30719e-05
5.29804e-05
5.28904e-05
5.28042e-05
5.27179e-05
5.26311e-05
5.25496e-05
5.24774e-05
5.2591e-05
9.44041e-05
0.000258667
0.00025929
0.000244027
0.000229303
0.000215623
0.000202965
0.000191266
0.000180459
0.00017048
0.000161264
0.000152756
0.000144901
0.000137648
0.000130953
0.000124773
0.000119067
0.000113799
0.000108936
0.000104447
0.000100303
9.6477e-05
9.2945e-05
8.96847e-05
8.66748e-05
8.3896e-05
8.13309e-05
7.8963e-05
7.67769e-05
7.47588e-05
7.28959e-05
7.11762e-05
6.95888e-05
6.81232e-05
6.67706e-05
6.55219e-05
6.43697e-05
6.3306e-05
6.23239e-05
6.14183e-05
6.05897e-05
5.98261e-05
5.91199e-05
5.84664e-05
5.78616e-05
5.73026e-05
5.67859e-05
5.63083e-05
5.58666e-05
5.54588e-05
5.50823e-05
5.47344e-05
5.4413e-05
5.41163e-05
5.38426e-05
5.35899e-05
5.3357e-05
5.31422e-05
5.29438e-05
5.27609e-05
5.25935e-05
5.2447e-05
5.23131e-05
5.21883e-05
5.20715e-05
5.19621e-05
5.18599e-05
5.17645e-05
5.16758e-05
5.15934e-05
5.15169e-05
5.14461e-05
5.13807e-05
5.13203e-05
5.12645e-05
5.1213e-05
5.11656e-05
5.11218e-05
5.10816e-05
5.10447e-05
5.10148e-05
5.09947e-05
5.09766e-05
5.09583e-05
5.09395e-05
5.09205e-05
5.09017e-05
5.08832e-05
5.08654e-05
5.08485e-05
5.08325e-05
0.00012382
0.000192631
0.00020733
0.000204097
0.000195331
0.00018525
0.00017526
0.000165803
0.000156991
0.00014883
0.000141286
0.000134319
0.000127887
0.000121949
0.000116468
0.000111408
0.000106738
0.000102426
9.84465e-05
9.47728e-05
9.13818e-05
8.82516e-05

