5e-05
5.02631e-05
5.04691e-05
5.06301e-05
5.07572e-05
5.08582e-05
5.09394e-05
5.10052e-05
5.10589e-05
5.11033e-05
5.11402e-05
5.11713e-05
5.11977e-05
5.12132e-05
5.12233e-05
5.12328e-05
5.12421e-05
5.12517e-05
5.12614e-05
5.12679e-05
5.12689e-05
5.12683e-05
5.12649e-05
5.12518e-05
5.12369e-05
5.1225e-05
5.12176e-05
5.12144e-05
5.12149e-05
5.12155e-05
5.12155e-05
5.12179e-05
5.12225e-05
5.12268e-05
5.12316e-05
5.12386e-05
5.12477e-05
5.12586e-05
5.12707e-05
5.12812e-05
5.12921e-05
5.1367e-05
5.17524e-05
5.23343e-05
5.29808e-05
5.35925e-05
5.40461e-05
5.43346e-05
5.44985e-05
5.45606e-05
5.4546e-05
6.4712e-05
0.00017326
0.000202197
0.000203833
0.000196682
0.000187093
0.000177207
0.000167724
0.000158844
0.0001506
0.000142974
0.000135932
0.000129432
0.000123433
0.000117895
0.000112784
0.000108067
0.000103712
9.96941e-05
9.59867e-05
9.25662e-05
8.94096e-05
8.64941e-05
8.38033e-05
8.13177e-05
7.9024e-05
7.6925e-05
7.50042e-05
7.32366e-05
7.16047e-05
7.00907e-05
6.86858e-05
6.73869e-05
6.61837e-05
6.5065e-05
6.42079e-05
6.37415e-05
0.000159944
0.000199288
0.00020469
0.000198963
0.00018992
0.00018022
0.000170747
0.000161804
0.000153464
0.000145723
0.000138552
0.000131917
0.00012578
0.000120102
0.000114852
0.000110001
0.000105519
0.000101375
9.75569e-05
0.000103777
0.000201031
0.000224935
0.000224129
0.000215467
0.00020468
0.000193705
0.00018318
0.000173297
0.000164093
0.000155549
0.000147652
0.000140354
0.000133597
0.000127342
0.000121552
0.000116198
0.000111251
0.000106681
0.00010246
9.85504e-05
9.49367e-05
9.16011e-05
8.85226e-05
8.56818e-05
8.30604e-05
8.06388e-05
7.84013e-05
7.63357e-05
7.44542e-05
7.27316e-05
7.11529e-05
6.97518e-05
6.8471e-05
6.7279e-05
6.61697e-05
6.51286e-05
6.41542e-05
6.32534e-05
6.24397e-05
6.16821e-05
6.09591e-05
6.02768e-05
5.96419e-05
5.90467e-05
5.84926e-05
5.79875e-05
5.75225e-05
5.70925e-05
5.66845e-05
5.63023e-05
5.59461e-05
5.56153e-05
5.53099e-05
5.50281e-05
5.47642e-05
5.45103e-05
5.42686e-05
5.4044e-05
5.38371e-05
5.36472e-05
5.34702e-05
5.33072e-05
5.3157e-05
5.30186e-05
5.28918e-05
5.27765e-05
0.000115194
0.000188438
0.000204774
0.000202223
0.000193807
0.000183956
0.000174144
0.00016484
0.000156169
0.000148136
0.000140708
0.000133845
0.000127508
0.000121658
0.000116256
0.000111271
0.00010667
0.00010242
9.84967e-05
9.48751e-05
9.1532e-05
8.84466e-05
8.55978e-05
8.29696e-05
8.0545e-05
7.83083e-05
7.62448e-05
7.43411e-05
7.25847e-05
7.09633e-05
6.94629e-05
6.80734e-05
6.67908e-05
6.56055e-05
6.45125e-05
6.35836e-05
6.30365e-05
6.27041e-05
6.23654e-05
6.19829e-05
6.1536e-05
6.10582e-05
6.05556e-05
6.00189e-05
5.94746e-05
5.89384e-05
5.84138e-05
5.79143e-05
5.74459e-05
5.70084e-05
5.6597e-05
5.62069e-05
5.58436e-05
5.55079e-05
5.51983e-05
5.49114e-05
5.46449e-05
5.43979e-05
5.41691e-05
5.39591e-05
5.37652e-05
5.35853e-05
5.34207e-05
5.32836e-05
5.31743e-05
5.30794e-05
5.29903e-05
7.4967e-05
0.000176348
0.000202357
0.00020302
0.000195595
0.000185975
0.000176139
0.000166731
0.000157933

