5e-05
5.02669e-05
5.04842e-05
5.06602e-05
5.08034e-05
5.09206e-05
5.10168e-05
5.10963e-05
5.12001e-05
5.13961e-05
5.16103e-05
5.18076e-05
5.1974e-05
5.21083e-05
5.22106e-05
5.23306e-05
5.24618e-05
5.2574e-05
5.26589e-05
5.27008e-05
5.26726e-05
5.26146e-05
5.25476e-05
5.24685e-05
5.23939e-05
5.2326e-05
5.22648e-05
5.22099e-05
5.2158e-05
5.20976e-05
5.20625e-05
5.2076e-05
5.2114e-05
5.21502e-05
5.21828e-05
5.2203e-05
5.22157e-05
5.22236e-05
5.22242e-05
5.22166e-05
5.22064e-05
5.21945e-05
5.21812e-05
5.21671e-05
5.21499e-05
5.21284e-05
5.21074e-05
5.20902e-05
5.2113e-05
5.21712e-05
5.22026e-05
5.22126e-05
9.02571e-05
0.00017867
0.000200363
0.000199848
0.000192281
0.000182844
0.000173276
0.000164142
0.000155577
0.000147621
0.000140264
0.000133466
0.000127185
0.000121383
0.000116021
0.000111071
0.000106496
0.000102271
9.83721e-05
9.47723e-05
9.14506e-05
8.83838e-05
8.55549e-05
8.29416e-05
8.05256e-05
7.82973e-05
7.62431e-05
7.43461e-05
7.25963e-05
7.09801e-05
6.94804e-05
6.80924e-05
6.68107e-05
6.56297e-05
0.000142841
0.000201743
0.00021289
0.000208283
0.00019891
0.000188495
0.000178273
0.000168629
0.000159654
0.000151346
0.00014367
0.000136585
0.000130044
0.000124007
0.000118437
0.000113298
0.000108556
0.00010419
0.000100189
9.65059e-05
9.31095e-05
8.99677e-05
8.70551e-05
8.43578e-05
8.18599e-05
7.95523e-05
7.74187e-05
7.54501e-05
7.36616e-05
0.000178055
0.000212724
0.000215647
0.000208337
0.000198141
0.00018754
0.000177335
0.000167766
0.000158888
0.000150693
0.000143114
0.000142443
0.000239174
0.000261025
0.000257372
0.000246014
0.000233204
0.000220831
0.000214435
0.000384042
0.000393418
0.000368626
0.000344388
0.000321881
0.000301069
0.000281845
0.000264094
0.000247706
0.000333923
0.00035696
0.00034884
0.000331238
0.000311518
0.000292132
0.000273831
0.000256799
0.000327543
0.000354414
0.000347656
0.000330561
0.000311044
0.00029174
0.000273477
0.000256468
0.00024072
0.000321384
0.000339582
0.000330842
0.000313985
0.0002954
0.000353017
0.000375631
0.000366484
0.000347714
0.000326822
0.000306304
0.000286939
0.000268914
0.000252226
0.000236801
0.000222557
0.000209406
0.000197268
0.000186063
0.00017572
0.000166171
0.000157353
0.000149212
0.000141697
0.000134761
0.000128355
0.000122436
0.00011697
0.000111944
0.000107315
0.000103187
9.97719e-05
9.68082e-05
9.41113e-05
9.14935e-05
8.89503e-05
8.64748e-05
8.4107e-05
8.18309e-05
7.96752e-05
7.76419e-05
7.57159e-05
7.39136e-05
7.22349e-05
7.06634e-05
6.92044e-05
6.78517e-05
6.65984e-05
6.54396e-05
6.43701e-05
6.33804e-05
6.24632e-05
6.16173e-05
6.08388e-05
6.01379e-05
5.95007e-05
5.89168e-05
5.83712e-05
5.78648e-05
5.73972e-05
5.69647e-05
5.65607e-05
5.61824e-05
5.58281e-05
5.55012e-05
5.52001e-05
5.49229e-05
5.46678e-05
5.44292e-05
5.42015e-05
5.39914e-05
5.37975e-05
5.36278e-05
5.34911e-05
5.33708e-05
0.000154596
0.000197558
0.000203888
0.000198229
0.000189034
0.000179179
0.000169611
0.00016064
0.000152316
0.000144613
0.000137522
0.000130989
0.000124952
0.000119361
0.000114435

