5e-05
5.02631e-05
5.04691e-05
5.06301e-05
5.07572e-05
5.08582e-05
5.09394e-05
5.10052e-05
5.10589e-05
5.11153e-05
5.11865e-05
5.12588e-05
5.13546e-05
5.14314e-05
5.14745e-05
5.15331e-05
5.16018e-05
5.16647e-05
5.17173e-05
5.17587e-05
5.17801e-05
5.17881e-05
5.17904e-05
5.17867e-05
5.2e-05
5.25245e-05
5.31916e-05
5.38761e-05
8.0405e-05
0.000174846
0.000199011
0.000199427
0.000192192
0.000182862
0.000173322
0.000164185
0.000155629
0.000147685
0.00014033
0.000133531
0.000127249
0.000121446
0.000116086
0.000111137
0.000106566
0.000102346
9.84498e-05
9.48491e-05
9.15233e-05
8.84532e-05
8.56147e-05
8.29875e-05
8.05496e-05
7.8295e-05
7.62159e-05
7.42989e-05
7.25309e-05
7.09018e-05
6.94011e-05
6.80181e-05
6.67378e-05
6.55498e-05
6.44506e-05
6.34379e-05
6.25064e-05
6.16497e-05
6.08618e-05
6.01372e-05
5.94693e-05
5.88528e-05
0.000151824
0.000200657
0.000208633
0.000203238
0.000193871
0.000183733
0.000173873
0.000164593
0.000155964
0.000147971
0.000140577
0.000133748
0.000127441
0.000121614
0.000116231
0.000111259
0.000106674
0.000102466
9.85763e-05
9.49809e-05
9.16621e-05
8.8598e-05
8.57684e-05
8.31525e-05
8.07334e-05
7.84931e-05
7.64215e-05
7.45062e-05
7.27373e-05
7.11052e-05
6.95991e-05
6.82055e-05
6.69146e-05
6.57222e-05
6.46218e-05
6.36343e-05
6.27666e-05
6.1983e-05
6.12553e-05
6.05766e-05
5.99372e-05
5.93393e-05
5.87816e-05
5.82606e-05
5.77676e-05
5.73043e-05
5.68739e-05
5.64749e-05
5.6105e-05
5.57625e-05
5.54454e-05
5.51491e-05
5.48731e-05
5.46181e-05
5.43795e-05
5.4155e-05
5.39481e-05
5.37551e-05
5.35773e-05
5.34321e-05
5.33171e-05
5.32164e-05
5.31243e-05
5.30376e-05
5.2958e-05
5.29116e-05
5.28788e-05
5.28424e-05
5.27869e-05
5.27118e-05
5.26341e-05
5.25603e-05
5.24904e-05
5.2421e-05
5.23558e-05
5.22954e-05
5.22712e-05
5.2331e-05
5.24121e-05
5.24736e-05
5.25121e-05
5.25279e-05
5.25825e-05
5.26967e-05
5.28171e-05
5.29533e-05
5.30907e-05
5.31813e-05
5.32064e-05
5.31979e-05
5.3171e-05
5.31652e-05
5.31643e-05
5.31519e-05
5.31122e-05
5.30485e-05
5.29719e-05
5.289e-05
5.27983e-05
5.2708e-05
5.26234e-05
5.25433e-05
5.2462e-05
5.23842e-05
5.23128e-05
5.22452e-05
5.2182e-05
5.2124e-05
5.20721e-05
5.20231e-05
5.19791e-05
5.19404e-05
5.19065e-05
5.18757e-05
5.1846e-05
5.18198e-05
5.1797e-05
5.17773e-05
5.17791e-05
5.17948e-05
5.18128e-05
5.18303e-05
5.1845e-05
5.1856e-05
5.18631e-05
5.18663e-05
5.18661e-05
5.1859e-05
5.18481e-05
5.18363e-05
5.1824e-05
5.18112e-05
5.17945e-05
5.17777e-05
5.17601e-05
5.17414e-05
5.17209e-05
5.16981e-05
5.16756e-05
5.16547e-05
5.16368e-05
5.16217e-05
5.16091e-05
5.15987e-05
5.15902e-05
5.15833e-05
5.15777e-05
5.15733e-05
5.1568e-05
5.15607e-05
5.15516e-05
5.15431e-05
5.15334e-05
5.15249e-05
5.15153e-05
5.15146e-05
5.15382e-05
5.15634e-05
5.15882e-05
0.000150314
0.000196119
0.000203404
0.000198068
0.000188991
0.000179181
0.000169632
0.000160645
0.000152288
0.000144553
0.000137402
0.000130795
0.000124692
0.000119055
0.000113849
0.000109045
0.000104611
0.00010052
9.67452e-05
9.32619e-05
9.00475e-05

