5e-05
5.02631e-05
5.04691e-05
5.06301e-05
5.07572e-05
5.08582e-05
5.09394e-05
5.10052e-05
5.10589e-05
5.11033e-05
5.11402e-05
5.11713e-05
5.11979e-05
5.12167e-05
5.12297e-05
5.12414e-05
5.12526e-05
5.12746e-05
5.13165e-05
5.1361e-05
5.13985e-05
5.14315e-05
5.14601e-05
5.14844e-05
5.1504e-05
5.15159e-05
5.15248e-05
5.15441e-05
5.76943e-05
0.000170065
0.000200473
0.000202631
0.000195706
0.000186245
0.000176454
0.000167051
0.000158245
0.000150072
0.000142512
0.000135527
0.000129077
0.000123121
0.000117623
0.000112547
0.00010786
0.000103532
9.95589e-05
9.59045e-05
9.25281e-05
8.941e-05
8.65297e-05
8.38682e-05
8.14085e-05
7.91349e-05
7.70334e-05
7.50909e-05
7.32956e-05
7.16364e-05
7.01031e-05
6.86862e-05
6.73769e-05
6.61673e-05
6.50497e-05
6.40173e-05
6.30636e-05
6.21827e-05
6.13691e-05
6.06184e-05
5.99486e-05
5.93449e-05
5.87854e-05
5.82951e-05
5.78572e-05
5.74527e-05
5.70734e-05
5.67152e-05
5.6376e-05
5.60546e-05
5.5752e-05
5.5496e-05
5.52699e-05
5.50581e-05
5.48556e-05
5.46604e-05
5.44718e-05
5.42902e-05
5.41157e-05
5.39667e-05
5.3849e-05
5.3741e-05
5.36364e-05
5.35329e-05
5.34285e-05
5.33191e-05
5.32118e-05
5.31082e-05
5.30087e-05
5.29137e-05
5.28233e-05
5.27375e-05
5.26566e-05
5.25803e-05
5.25086e-05
5.24393e-05
5.2372e-05
5.23094e-05
5.22516e-05
5.21983e-05
5.21498e-05
5.22874e-05
5.27484e-05
5.33694e-05
5.40254e-05
5.46782e-05
5.54072e-05
5.60573e-05
5.65258e-05
5.67781e-05
5.68375e-05
5.67552e-05
5.65809e-05
5.63547e-05
5.61268e-05
5.58971e-05
5.56618e-05
5.54241e-05
5.51876e-05
5.5083e-05
5.54234e-05
5.60201e-05
5.66744e-05
5.72377e-05
5.7611e-05
5.77636e-05
5.77884e-05
0.000146561
0.000194222
0.000202503
0.000197745
0.000188987
0.000179362
0.000169922
0.000161001
0.000152683
0.000144968
0.000137828
0.000131226
0.000125124
0.000119479
0.000114262
0.000109447
0.000105201
0.000101604
9.84169e-05
9.54304e-05
9.2607e-05
8.99936e-05
8.75032e-05
8.50974e-05
8.27933e-05
8.05985e-05
7.85203e-05
7.65629e-05
7.47273e-05
7.30117e-05
7.14124e-05
6.99245e-05
6.85424e-05
6.72601e-05
6.60718e-05
6.49713e-05
6.39499e-05
6.30037e-05
6.89004e-05
0.000178183
0.000207073
0.000208433
0.000200982
0.0001911
0.000180942
0.000171206
0.000162096
0.000153883
0.000146654
0.000140173
0.000134249
0.000128728
0.000123502
0.000118517
0.000113767
0.000109268
0.00010503
0.000156709
0.000223849
0.000236622
0.000231391
0.00022068
0.000208759
0.000197051
0.000185999
0.00017571
0.000166183
0.000157377
0.000149243
0.000141731
0.000134794
0.000128391
0.00012248
0.000117024
0.000111989
0.00010734
0.00010305
9.90898e-05
9.54343e-05
9.20601e-05
8.89455e-05
8.60687e-05
8.34241e-05
8.10039e-05
7.87753e-05
0.000170291
0.000214017
0.000219741
0.000213094
0.000202849
0.000191975
0.000183894
0.000275861
0.000294484
0.000288044
0.000274392
0.000259171
0.000244181
0.000229945
0.000216586
0.000204148
0.000192598
0.000181889
0.000171969
0.000162787
0.000154292
0.000146437
0.000139174
0.000132462
0.00012626
0.00012053
0.000115237
0.000110348
0.000105832
0.000101662

