5e-05
5.02631e-05
5.04691e-05
5.06301e-05
5.07572e-05
5.08582e-05
5.09394e-05
5.10052e-05
5.10589e-05
5.11033e-05
5.11402e-05
5.11713e-05
5.11975e-05
5.12149e-05
5.12343e-05
5.12745e-05
5.13193e-05
5.13623e-05
5.1401e-05
5.1433e-05
0.000147957
0.000196095
0.000204097
0.000198944
0.000189868
0.000180002
0.000170383
0.000161329
0.000152911
0.000145111
0.000137946
0.000131654
0.000126182
0.00012137
0.000117099
0.000113292
0.000109906
0.000106953
0.000104839
0.000266594
0.000310368
0.000292457
0.00027399
0.000256846
0.000241007
0.000226382
0.000212877
0.000200407
0.000188893
0.000178261
0.000168446
0.000159384
0.000151018
0.000143295
0.000136165
0.000129583
0.000123506
0.000117896
0.000112717
0.000107937
0.000103524
9.94509e-05
9.56907e-05
9.22193e-05
8.90147e-05
8.60564e-05
8.33255e-05
8.08042e-05
7.84767e-05
7.63279e-05
7.43443e-05
7.25132e-05
7.08229e-05
6.92625e-05
6.78222e-05
6.64929e-05
6.5266e-05
6.41338e-05
6.30887e-05
6.21239e-05
6.12332e-05
6.04113e-05
5.96529e-05
5.8953e-05
5.83068e-05
5.77106e-05
5.71605e-05
5.66529e-05
5.61845e-05
5.57521e-05
5.53529e-05
5.49843e-05
5.46442e-05
5.43305e-05
5.40409e-05
5.37736e-05
5.3527e-05
5.32994e-05
5.30893e-05
5.28956e-05
5.27171e-05
5.25525e-05
5.24007e-05
5.22606e-05
5.21314e-05
5.20122e-05
5.19026e-05
5.18018e-05
5.1709e-05
5.16234e-05
5.15444e-05
5.14716e-05
5.14046e-05
5.13429e-05
5.12862e-05
5.12339e-05
5.11857e-05
5.11413e-05
5.11006e-05
5.10632e-05
5.10287e-05
5.0997e-05
5.09679e-05
5.09411e-05
5.09166e-05
5.08941e-05
5.08735e-05
5.08546e-05
5.08374e-05
5.08217e-05
5.08073e-05
5.07943e-05
5.07826e-05
5.07718e-05
5.07621e-05
5.07534e-05
5.07505e-05
5.07564e-05
5.07618e-05
5.07653e-05
5.07664e-05
5.07658e-05
5.07638e-05
5.07609e-05
5.07681e-05
5.09031e-05
5.11241e-05
5.13185e-05
5.14403e-05
5.15071e-05
0.000155066
0.000197629
0.000203854
0.000198145
0.000188915
0.000179036
0.000169442
0.000160419
0.000152029
0.000144261
0.000137082
0.000130451
0.000124328
0.000118674
0.000113453
0.000108634
0.000104185
0.000100077
9.62859e-05
9.27859e-05
8.95551e-05
8.65725e-05
8.38189e-05
8.12771e-05
7.8931e-05
7.67651e-05
0.000158602
0.000213766
0.000223067
0.000217332
0.000207111
0.00019598
0.000185123
0.000174899
0.00026944
0.000292822
0.000288043
0.000274561
0.000258994
0.00024355
0.000228924
0.000260952
0.000319181
0.00032414
0.00031193
0.000294884
0.000277161
0.000260118
0.00024416
0.000229357
0.000215664
0.000203013
0.000191328
0.000180538
0.000170575
0.000161377
0.000152884
0.000145042
0.000137801
0.000131117
0.000124946
0.00011925
0.000113991
0.000109137
0.000104656
0.00010052
9.67009e-05
9.31762e-05
8.99227e-05
8.69197e-05
8.41478e-05
8.15892e-05
7.92277e-05
7.70475e-05
7.50349e-05
7.31772e-05
7.14627e-05
6.98803e-05
6.84193e-05
6.70707e-05
6.58261e-05
6.46776e-05
6.36177e-05
6.26391e-05
6.17357e-05
6.09021e-05
6.01329e-05
5.94231e-05
5.87676e-05
5.81623e-05
5.76022e-05
5.70843e-05
5.66062e-05
5.61655e-05
5.57596e-05
5.53856e-05
5.5041e-05
5.47234e-05
5.44302e-05
5.41599e-05

