5e-05
5.02631e-05
5.04691e-05
5.06301e-05
5.07572e-05
5.08582e-05
5.09394e-05
5.10052e-05
5.10589e-05
5.11033e-05
5.11402e-05
5.11713e-05
5.11977e-05
5.12132e-05
5.12233e-05
5.12328e-05
5.12421e-05
5.12517e-05
7.44255e-05
0.000176346
0.000202474
0.000203152
0.000250679
0.000305189
0.000309704
0.00029809
0.000281945
0.00026518
0.000249065
0.00023397
0.000219959
0.000207001
0.000195034
0.000183983
0.000173781
0.000164366
0.000155678
0.00014766
0.00014026
0.000133429
0.000127124
0.000121369
0.000116372
0.000111986
0.000108046
0.000104424
0.00010097
9.76505e-05
9.44841e-05
9.1472e-05
8.86195e-05
8.59081e-05
8.3336e-05
8.09195e-05
7.86738e-05
7.65951e-05
7.46711e-05
7.28883e-05
7.12396e-05
6.97132e-05
6.82999e-05
6.69943e-05
6.5791e-05
6.46826e-05
6.36617e-05
6.27193e-05
6.185e-05
6.10492e-05
6.03093e-05
5.96279e-05
5.9001e-05
5.84241e-05
5.78924e-05
5.74001e-05
5.69461e-05
5.65254e-05
5.61378e-05
5.57984e-05
5.55019e-05
5.52337e-05
5.49859e-05
0.000122586
0.000190313
0.000204851
0.000201756
0.000193205
0.000183493
0.000174191
0.00016545
0.000157273
0.000149657
0.000142545
0.000135896
0.000129677
0.000123856
0.000118438
0.000113405
0.000108734
0.000104403
0.000100392
9.66785e-05
9.32382e-05
9.00534e-05
8.71093e-05
8.43865e-05
8.1868e-05
7.95494e-05
7.76412e-05
7.6082e-05
7.47102e-05
7.34428e-05
7.22186e-05
7.10107e-05
6.98163e-05
6.86449e-05
6.75083e-05
6.64165e-05
6.53756e-05
6.44086e-05
6.351e-05
6.26608e-05
6.18594e-05
6.11042e-05
6.03974e-05
5.97405e-05
5.91308e-05
5.85653e-05
5.80309e-05
5.75325e-05
5.70726e-05
5.66489e-05
5.62586e-05
5.58993e-05
5.5566e-05
5.52563e-05
5.49701e-05
5.47313e-05
5.4525e-05
5.43462e-05
5.42371e-05
5.41492e-05
5.40583e-05
5.39655e-05
5.38626e-05
5.37545e-05
5.36532e-05
5.35776e-05
5.35013e-05
5.34073e-05
5.33056e-05
5.32067e-05
5.31063e-05
5.30089e-05
5.29254e-05
5.28496e-05
0.000143078
0.000194858
0.000204106
0.000199362
0.000190406
0.000180563
0.000170936
0.000161859
0.000153405
0.000145571
0.000138331
0.000131645
0.000125474
0.000119775
0.000114514
0.000109658
0.000105176
0.000101039
9.72217e-05
9.36959e-05
9.04396e-05
8.74357e-05
8.46652e-05
8.21101e-05
7.97534e-05
7.75766e-05
7.55682e-05
7.37158e-05
7.20073e-05
7.04265e-05
6.89658e-05
6.76158e-05
6.637e-05
6.52189e-05
6.41578e-05
6.31793e-05
6.22728e-05
6.14363e-05
6.0664e-05
5.99511e-05
5.92938e-05
5.86864e-05
5.81272e-05
5.76126e-05
5.7139e-05
5.67031e-05
5.63019e-05
5.59324e-05
5.55913e-05
5.52728e-05
5.49742e-05
5.46987e-05
5.44431e-05
5.42083e-05
5.40717e-05
5.42558e-05
5.45985e-05
5.4883e-05
5.50758e-05
5.51599e-05
5.51723e-05
5.51223e-05
5.50033e-05
5.48446e-05
5.46644e-05
5.44684e-05
5.42723e-05
5.40839e-05
5.39048e-05
5.37321e-05
5.35623e-05
5.34022e-05
5.32542e-05
5.31179e-05
5.2991e-05
5.28722e-05
5.27614e-05
5.26584e-05
5.25646e-05
5.24778e-05
5.2397e-05
6.15682e-05
0.000172031
0.000201324
0.000203084
0.000196022
0.000186509
0.000176691
0.000167262
0.000158434
0.000150241
0.000176655
0.00025452
0.000269021
0.000262659

