5e-05
5.02631e-05
5.04691e-05
5.06301e-05
5.07572e-05
5.08582e-05
5.09394e-05
5.10052e-05
5.10761e-05
5.1157e-05
5.12311e-05
5.12951e-05
5.13562e-05
5.14249e-05
5.15046e-05
5.16016e-05
5.16913e-05
5.17665e-05
5.18252e-05
7.39254e-05
0.000175397
0.000201415
0.000202147
0.000194799
0.00018524
0.000175459
0.000166101
0.000157349
0.000149232
0.000141719
0.000134777
0.000128368
0.000122453
0.000116989
0.00011194
0.000107278
0.000102977
9.90081e-05
9.53424e-05
9.19604e-05
8.88409e-05
8.59638e-05
8.33101e-05
8.08625e-05
7.86208e-05
7.65728e-05
7.4683e-05
7.29372e-05
7.13541e-05
6.98995e-05
6.85483e-05
6.72883e-05
6.61019e-05
6.49942e-05
6.39701e-05
6.30206e-05
6.21627e-05
6.1388e-05
6.07021e-05
6.00759e-05
5.9475e-05
5.89104e-05
5.83857e-05
5.78976e-05
5.74432e-05
0.000159219
0.000200874
0.000206524
0.00020053
0.000191139
0.000181141
0.000171453
0.000162344
0.000153878
0.000146042
0.000138799
0.00013211
0.00012593
0.00012022
0.000114948
0.000110078
0.000105578
0.00010142
9.75808e-05
9.40334e-05
9.07566e-05
8.77303e-05
8.49379e-05
8.23612e-05
7.99818e-05
7.7787e-05
7.57626e-05
7.38918e-05
7.21611e-05
7.05731e-05
6.91264e-05
6.77959e-05
6.65679e-05
6.54354e-05
6.43887e-05
6.34178e-05
6.25201e-05
6.16887e-05
6.09131e-05
6.0194e-05
5.95275e-05
5.89093e-05
5.83387e-05
5.78112e-05
5.73232e-05
5.68738e-05
5.64602e-05
5.60787e-05
5.57276e-05
5.5449e-05
5.5228e-05
5.50341e-05
5.48546e-05
5.46827e-05
5.45155e-05
5.43519e-05
5.41929e-05
5.40738e-05
5.40165e-05
5.39616e-05
5.38746e-05
5.37763e-05
5.36546e-05
5.35304e-05
5.34231e-05
5.36244e-05
5.41339e-05
5.47763e-05
5.52693e-05
0.000117848
0.000185703
0.000200764
0.000198215
0.000190143
0.00018065
0.000171159
0.000162145
0.000153731
0.000145934
0.000138769
0.000168907
0.00033429
0.000394099
0.000435202
0.000429505
0.000408717
0.000449044
0.000478012
0.000465637
0.000451718
0.000507568
0.000502306
0.000477873
0.000448581
0.000419214
0.0003913
0.000365254
0.000341114
0.000318795
0.00029818
0.000279145
0.000261572
0.000245349
0.000230373
0.000216548
0.000203785
0.000239547
0.000302461
0.000309667
0.000298684
0.000282746
0.000266023
0.000249878
0.000234717
0.000220627
0.000207583
0.000195525
0.000184388
0.000174102
0.000164606
0.000155839
0.000147745
0.000140273
0.000133375
0.000127007
0.000121129
0.000115703
0.000110695
0.000106071
0.000101803
9.7863e-05
9.42263e-05
9.08697e-05
8.7779e-05
8.49283e-05
8.22958e-05
7.98639e-05
7.76174e-05
7.55423e-05
7.36257e-05
7.18555e-05
7.02209e-05
6.87119e-05
6.73191e-05
6.60332e-05
6.48465e-05
6.37592e-05
6.27579e-05
6.18322e-05
6.0976e-05
6.01838e-05
5.94511e-05
5.87737e-05
5.81476e-05
5.75693e-05
5.70351e-05
5.65416e-05
5.60859e-05
5.56703e-05
5.5293e-05
5.49444e-05
5.4621e-05
5.43206e-05
5.40416e-05
5.37827e-05
5.35427e-05
5.33204e-05
5.31147e-05
5.29305e-05
5.27668e-05
5.26151e-05
5.2474e-05
5.23517e-05
5.22399e-05
5.21341e-05
5.20334e-05
5.19371e-05
5.18455e-05
5.17589e-05
5.16777e-05
5.16018e-05
5.1531e-05
5.14653e-05
5.1412e-05
5.1368e-05

