5e-05
5.02669e-05
5.04842e-05
5.06602e-05
5.08034e-05
5.09206e-05
5.10168e-05
5.10963e-05
5.11623e-05
5.12174e-05
5.12636e-05
5.13026e-05
5.13352e-05
5.13523e-05
5.13572e-05
5.13613e-05
5.13662e-05
5.1372e-05
5.13789e-05
5.13866e-05
5.13921e-05
5.13983e-05
5.14057e-05
5.14141e-05
5.14213e-05
5.14276e-05
5.14349e-05
5.14417e-05
0.000114591
0.000187513
0.000203815
0.000201306
0.000192954
0.000183169
0.000173425
0.000164185
0.000155588
0.000147679
0.000140396
0.000133677
0.000127471
0.000121735
0.000116431
0.000111518
0.000106971
0.000102784
9.89438e-05
9.54006e-05
9.2144e-05
8.91675e-05
8.64197e-05
8.38726e-05
8.14701e-05
7.9229e-05
7.71529e-05
7.52308e-05
7.34504e-05
0.000131248
0.0002019
0.000216784
0.000213193
0.000203913
0.000193291
0.000182776
0.000172827
0.000163559
0.000154976
0.000147041
0.00013971
0.000132942
0.000126695
0.000120968
0.000116035
0.000111826
0.000108232
0.000105397
0.000251313
0.000322862
0.000307833
0.000288646
0.00027054
0.000253736
0.000238191
0.000223824
0.000210553
0.000198299
0.00018699
0.000176569
0.000166953
0.000268379
0.000295013
0.00029119
0.000277888
0.000262246
0.000246651
0.000231857
0.000218063
0.000205284
0.000193471
0.000182562
0.000172504
0.00016324
0.000154692
0.000146791
0.000139493
0.000132755
0.000126531
0.000120779
0.000115468
0.000110563
0.000106035
0.000101853
9.7992e-05
9.44269e-05
9.11326e-05
8.80889e-05
8.52789e-05
8.26849e-05
8.02903e-05
7.8079e-05
7.60348e-05
7.41477e-05
7.2406e-05
7.07988e-05
6.93154e-05
6.79465e-05
6.66832e-05
6.55173e-05
6.44412e-05
6.34481e-05
6.25315e-05
6.16855e-05
6.09046e-05
6.01839e-05
5.95186e-05
5.89046e-05
5.83378e-05
5.78234e-05
5.73713e-05
5.69533e-05
5.65634e-05
5.62024e-05
5.58673e-05
5.55558e-05
5.52657e-05
5.49957e-05
5.47442e-05
5.451e-05
5.42921e-05
5.40913e-05
5.39258e-05
5.37817e-05
5.36502e-05
5.35272e-05
5.34053e-05
5.32871e-05
0.00011164
0.000186937
0.000204074
0.000201811
0.000193533
0.000183773
0.000174033
0.000164782
0.000156152
0.000148152
0.000140754
0.000133915
0.000127595
0.000121759
0.00011637
0.000111393
0.000106799
0.000102552
9.86316e-05
9.50121e-05
9.16709e-05
8.85867e-05
8.57398e-05
8.3112e-05
0.000177446
0.000219302
0.000224135
0.000216964
0.000206344
0.000195164
0.000184367
0.000174237
0.00016483
0.000156128
0.00014809
0.000140667
0.000133815
0.000127486
0.000121645
0.000116253
0.000111276
0.000106682
0.000102443
9.85298e-05
9.4918e-05
9.15844e-05
8.85057e-05
8.56608e-05
8.30323e-05
8.06065e-05
7.83682e-05
7.63029e-05
7.43973e-05
7.26391e-05
7.10167e-05
6.95197e-05
6.81384e-05
6.68638e-05
6.56876e-05
6.46023e-05
0.000121145
0.000195053
0.00021129
0.000208391
0.00019956
0.00018929
0.000179076
0.000169396
0.000160375
0.000152019
0.000144297
0.000137163
0.000130576
0.000124496
0.000118884
0.000113702
0.000108915
0.000104497
0.00010042
9.66579e-05
9.31862e-05
8.99826e-05
8.70263e-05
8.42983e-05
8.17808e-05
7.94576e-05
7.73136e-05
7.5335e-05
7.3509e-05
7.18231e-05
7.02637e-05
6.88242e-05
6.74961e-05
6.62708e-05

