5e-05
5.02631e-05
5.04691e-05
5.06301e-05
5.07572e-05
5.08582e-05
5.09394e-05
5.10052e-05
5.10589e-05
5.11033e-05
5.11402e-05
5.11713e-05
5.11975e-05
5.12168e-05
5.12333e-05
5.12481e-05
5.12618e-05
5.12746e-05
5.12867e-05
5.12984e-05
5.13096e-05
5.13178e-05
5.13244e-05
5.1326e-05
5.13246e-05
5.13248e-05
5.13267e-05
5.13387e-05
0.00013906
0.000193627
0.000203625
0.000199174
0.00019069
0.000181396
0.000172234
0.000163532
0.000155362
0.00014772
0.000140578
0.00013391
0.000127711
0.000121959
0.000116625
0.000111678
0.000107088
0.000102844
9.89171e-05
9.52857e-05
9.19272e-05
8.88242e-05
8.59593e-05
8.33133e-05
8.08568e-05
7.85821e-05
0.000165857
0.00021479
0.000222073
0.000215751
0.000205472
0.000194454
0.000183754
0.000173694
0.000164346
0.000155695
0.000147699
0.000140312
0.000133488
0.000127185
0.000195949
0.000247211
0.000253633
0.000245476
0.000233101
0.000220013
0.000207358
0.000195476
0.000184439
0.000174226
0.000164791
0.000156081
0.000175812
0.000255235
0.000270184
0.000263928
0.000251255
0.00023718
0.000223367
0.000210332
0.0001982
0.000186963
0.000176572
0.000166974
0.000158111
0.000149925
0.00017616
0.000252403
0.000266495
0.000260134
0.000247593
0.000233721
0.000220124
0.000207299
0.000195364
0.000184316
0.000174105
0.000164675
0.000155968
0.000235931
0.000271397
0.000271564
0.000260511
0.000246454
0.000232154
0.0002185
0.000205745
0.000193937
0.000183024
0.000172946
0.000163636
0.000155039
0.000147102
0.000139774
0.000133006
0.000126753
0.000194542
0.000245091
0.000251409
0.000243337
0.0002311
0.000218158
0.000205644
0.000193898
0.000182986
0.000172888
0.000163559
0.000154946
0.000146994
0.000139656
0.000132898
0.000126667
0.000120914
0.0001156
0.000110692
0.00010616
0.000101975
9.81106e-05
9.45389e-05
9.12388e-05
8.81917e-05
8.53783e-05
8.27808e-05
8.03832e-05
7.81898e-05
7.61682e-05
0.000148965
0.000205355
0.000215489
0.000210937
0.000201857
0.000191756
0.000181741
0.000172181
0.000163208
0.000154834
0.000147023
0.000139769
0.000133044
0.000216581
0.0002542
0.000255985
0.00024625
0.000233339
0.000220068
0.000207352
0.00019545
0.000184403
0.000174187
0.000164748
0.000156034
0.000147992
0.000140569
0.000133716
0.00012739
0.000121547
0.000116151
0.000111171
0.000106575
0.000102332
9.8415e-05
9.48003e-05
9.14656e-05
8.83893e-05
8.55513e-05
8.29331e-05
8.05146e-05
7.82791e-05
7.62164e-05
7.43141e-05
7.25802e-05
7.09967e-05
6.95348e-05
6.81833e-05
6.6929e-05
6.57672e-05
6.46885e-05
6.36907e-05
6.27676e-05
6.19107e-05
6.11148e-05
6.0379e-05
5.96998e-05
5.90729e-05
5.84927e-05
5.79543e-05
5.74545e-05
5.69918e-05
5.65651e-05
5.61885e-05
5.58501e-05
5.55419e-05
5.52587e-05
5.49966e-05
5.47526e-05
5.45207e-05
5.43042e-05
5.41027e-05
5.39124e-05
5.37318e-05
5.35588e-05
5.33951e-05
5.32439e-05
5.31292e-05
5.32798e-05
5.35924e-05
5.39593e-05
5.42995e-05
5.45622e-05
5.47285e-05
5.48027e-05
5.47974e-05
5.46991e-05
5.45545e-05
5.43952e-05
5.42246e-05
5.4259e-05
5.4655e-05
5.51609e-05
5.55353e-05
5.57736e-05
5.58755e-05

