5e-05
5.02631e-05
5.04691e-05
5.06301e-05
5.07572e-05
5.08582e-05
5.09394e-05
5.10052e-05
5.10589e-05
5.11033e-05
5.11402e-05
5.11728e-05
5.13086e-05
5.15961e-05
5.18625e-05
5.21283e-05
5.23666e-05
5.25368e-05
5.26485e-05
5.26847e-05
5.2652e-05
5.25807e-05
0.000146093
0.000196512
0.000205228
0.000200231
0.000191133
0.000181194
0.000171489
0.000191654
0.000270541
0.000284544
0.000277223
0.000263504
0.000248444
0.000233728
0.000220092
0.000207625
0.000196179
0.000185568
0.000175686
0.000166507
0.000157964
0.000150003
0.000142608
0.000135747
0.000129384
0.000123477
0.000117999
0.000112924
0.000108208
0.000103847
9.98142e-05
9.6089e-05
0.000194155
0.000230057
0.000232449
0.000224078
0.00021271
0.000200962
0.000189681
0.000179117
0.000169315
0.000160264
0.000151923
0.00014423
0.000137133
0.000130582
0.000124528
0.000118932
0.000113763
0.000108987
0.000104573
0.000194027
0.0002341
0.000237622
0.000229361
0.000217762
0.00020569
0.000194074
0.000183192
0.000173092
0.000163743
0.000155105
0.00014713
0.000139765
0.000132968
0.000126695
0.000120903
0.000115558
0.000110627
0.000106077
0.000101878
9.80015e-05
9.44205e-05
9.11234e-05
8.81056e-05
8.53299e-05
8.27706e-05
8.04078e-05
7.82305e-05
7.62618e-05
7.44909e-05
7.28656e-05
7.13588e-05
6.99753e-05
6.8715e-05
6.75249e-05
6.64027e-05
6.53516e-05
6.43675e-05
6.34464e-05
6.25853e-05
6.17749e-05
6.10119e-05
6.02978e-05
5.96344e-05
5.90142e-05
5.84375e-05
5.79049e-05
5.74121e-05
5.69524e-05
5.65286e-05
5.61579e-05
5.58199e-05
5.55165e-05
5.52604e-05
5.50156e-05
5.47913e-05
5.46144e-05
5.44597e-05
5.43083e-05
5.41437e-05
5.39802e-05
5.38541e-05
5.3741e-05
5.3624e-05
5.35123e-05
5.3405e-05
5.33122e-05
5.32445e-05
5.31841e-05
5.31253e-05
0.000102012
0.000183617
0.000202862
0.000201377
0.000248018
0.000301643
0.000306145
0.000294734
0.000278841
0.000262334
0.000246472
0.000231614
0.000217814
0.000236942
0.000304778
0.000313568
0.000303144
0.000287144
0.000270175
0.000253752
0.000238329
0.000224
0.000210743
0.000198496
0.00018719
0.000176754
0.000167122
0.00015823
0.000150023
0.000142448
0.000135458
0.000129006
0.000123046
0.000117542
0.000112463
0.000107776
0.000103451
9.94574e-05
9.5764e-05
9.23483e-05
8.91931e-05
8.62804e-05
8.35935e-05
8.11156e-05
7.88321e-05
7.6749e-05
7.48401e-05
7.3073e-05
7.14331e-05
6.99129e-05
9.01661e-05
0.000188449
0.000212806
0.000212406
0.000204163
0.000193853
0.000183416
0.000173471
0.000164203
0.000155609
0.000147647
0.000140288
0.000133487
0.000127203
0.000121399
0.000116033
0.00011107
0.000106484
0.00010225
9.83402e-05
9.47281e-05
0.000194116
0.000229346
0.000231556
0.000223173
0.000211846
0.000200154
0.000188934
0.000178432
0.000168689
0.000159816
0.000151851
0.000144579
0.000137901
0.000131717
0.000125916
0.00012046
0.000115369
0.000110627
0.000106215
0.000102115
9.82943e-05
9.47458e-05
9.14642e-05
8.84534e-05
8.56735e-05
8.30942e-05
8.66156e-05
0.000193063
0.000220457
0.000220658
0.000212197
0.000201409
0.000190435
0.000179976
0.000170205
0.000161135

