5e-05
5.02631e-05
5.04691e-05
5.06301e-05
5.07572e-05
5.08582e-05
5.09394e-05
5.10052e-05
5.1059e-05
5.11231e-05
5.11962e-05
5.12637e-05
5.1322e-05
5.13611e-05
5.13897e-05
5.14127e-05
5.14312e-05
5.1446e-05
5.14579e-05
8.827e-05
0.000180245
0.000202972
0.000202554
0.0001948
0.000185096
0.000175264
0.000165889
0.000157133
0.000149017
0.00014151
0.000134577
0.000128179
0.000122274
0.000116824
0.000111794
0.000107151
0.000102867
9.89111e-05
9.52597e-05
9.18907e-05
8.87822e-05
8.59126e-05
8.32626e-05
8.08175e-05
7.85616e-05
7.64804e-05
7.45599e-05
7.27851e-05
7.11469e-05
6.96332e-05
6.82355e-05
6.6945e-05
6.57511e-05
6.46449e-05
6.36247e-05
6.26846e-05
6.18157e-05
6.10147e-05
6.02764e-05
5.96698e-05
5.94114e-05
5.93717e-05
5.93698e-05
5.93245e-05
5.91839e-05
5.89531e-05
5.86668e-05
5.83404e-05
5.79888e-05
5.76251e-05
5.72593e-05
5.68988e-05
5.65485e-05
5.62118e-05
5.58866e-05
5.55705e-05
5.52736e-05
5.49928e-05
5.47264e-05
5.44794e-05
5.42515e-05
5.40404e-05
5.38433e-05
5.36593e-05
5.34893e-05
5.33338e-05
5.31891e-05
5.30556e-05
5.29314e-05
5.28174e-05
5.27139e-05
5.26199e-05
0.000101357
0.000184205
0.000203667
0.000202186
0.000194144
0.000184424
0.00017466
0.000165371
0.0001567
0.000148659
0.000141222
0.000134346
0.000127994
0.000122129
0.00011671
0.000111698
0.000107069
0.000102796
9.88525e-05
9.5213e-05
9.1854e-05
8.87534e-05
8.58858e-05
8.32383e-05
0.000190472
0.000222493
0.000224043
0.00021583
0.00020493
0.000193726
0.000182993
0.00024323
0.000289096
0.000291702
0.000280411
0.000265275
0.000249684
0.000234735
0.000220746
0.000207764
0.000195753
0.000184657
0.000174413
0.000164958
0.000156231
0.000148176
0.000140741
0.000133876
0.000127539
0.000121691
0.00011629
0.000111304
0.000158778
0.000227872
0.000240893
0.000235466
0.000224507
0.000264938
0.000314777
0.000317419
0.000304869
0.000292937
0.000363605
0.000370855
0.000357111
0.000337385
0.000316748
0.000296855
0.000278196
0.000260866
0.000244827
0.000230001
0.000216298
0.00020365
0.000191997
0.000181242
0.000171309
0.000162128
0.000153649
0.000145817
0.000138582
0.000131901
0.000125733
0.000120034
0.000114772
0.000109929
0.00010548
0.000101378
9.75914e-05
9.40929e-05
9.08496e-05
8.78482e-05
8.50749e-05
8.25125e-05
8.01442e-05
7.79525e-05
7.59279e-05
0.000115928
0.000198419
0.000217234
0.000214849
0.000205852
0.000195209
0.000184581
0.000174494
0.000249746
0.000285484
0.000285027
0.000273099
0.000335373
0.00035803
0.000349863
0.000332731
0.000313558
0.000294646
0.000276713
0.000259918
0.000244234
0.000229657
0.000217114
0.000300561
0.000316131
0.000307803
0.000292261
0.000275195
0.000258502
0.000242784
0.000321575
0.000336359
0.000326716
0.000309788
0.000365558
0.000384
0.000373098
0.000353423
0.000331953
0.000310996
0.000291259
0.000272905
0.000255915
0.000240216
0.000225721
0.000212353
0.000200018
0.000188634
0.000178125
0.000168419
0.000159464
0.000151219
0.000143606
0.000136574
0.000130091
0.000124118
0.000118606
0.000113513
0.000108807
0.000104656
0.000101264

