5e-05
5.02667e-05
5.04834e-05
5.06586e-05
5.08009e-05
5.09171e-05
5.10125e-05
5.10977e-05
5.12653e-05
5.14836e-05
5.16951e-05
5.1879e-05
5.20169e-05
5.20969e-05
5.21514e-05
5.22074e-05
5.22795e-05
5.23419e-05
5.24123e-05
5.24629e-05
5.24503e-05
5.24117e-05
5.23663e-05
5.23113e-05
5.22589e-05
5.2435e-05
5.29149e-05
5.35771e-05
5.46122e-05
9.8007e-05
0.00026644
0.00027361
0.000257796
0.000242069
0.000227433
0.000213889
0.000201374
0.000189815
0.000179143
0.00016929
0.000160197
0.000151805
0.00014406
0.000136915
0.000130322
0.000124254
0.000118672
0.000113527
0.00010878
0.00010441
0.000100399
9.67202e-05
0.00018292
0.000231544
0.000237966
0.000230632
0.000219291
0.000207245
0.000195579
0.000184619
0.000174414
0.00016496
0.000156227
0.000148163
0.000140718
0.000133844
0.000127498
0.000121643
0.000116241
0.000111254
0.000106651
0.000102397
9.84721e-05
9.48517e-05
9.15115e-05
8.84258e-05
8.55755e-05
8.29466e-05
8.05222e-05
7.82838e-05
7.6218e-05
7.43081e-05
7.25433e-05
7.09138e-05
6.94108e-05
6.80255e-05
6.67464e-05
6.55667e-05
6.44737e-05
6.34648e-05
6.25357e-05
6.16779e-05
6.08846e-05
6.01518e-05
5.95117e-05
5.91976e-05
5.91277e-05
5.91434e-05
5.91186e-05
5.90337e-05
5.88191e-05
5.85409e-05
5.82247e-05
5.78739e-05
5.75171e-05
5.71632e-05
5.68155e-05
5.6471e-05
5.61411e-05
5.58282e-05
5.5533e-05
5.52553e-05
5.49964e-05
5.47816e-05
5.45885e-05
5.44091e-05
5.42294e-05
5.40486e-05
5.38745e-05
5.37099e-05
5.35538e-05
5.3409e-05
5.32721e-05
5.31403e-05
5.30125e-05
5.2894e-05
5.27862e-05
5.26879e-05
5.25952e-05
5.25081e-05
5.24293e-05
5.23584e-05
5.23026e-05
5.22781e-05
5.22642e-05
5.22492e-05
5.22515e-05
5.22604e-05
5.22836e-05
5.24115e-05
5.2625e-05
5.28582e-05
5.30258e-05
5.31451e-05
5.32632e-05
5.34183e-05
5.34632e-05
5.34654e-05
5.34398e-05
5.33809e-05
5.32897e-05
5.31851e-05
5.30805e-05
5.29694e-05
5.286e-05
5.27542e-05
5.26541e-05
5.25612e-05
5.2503e-05
5.26789e-05
5.3013e-05
5.34209e-05
5.3744e-05
5.38805e-05
5.39353e-05
5.39652e-05
5.40108e-05
5.40391e-05
5.40336e-05
5.39759e-05
5.38901e-05
5.3787e-05
5.36762e-05
5.35636e-05
5.34544e-05
5.33495e-05
5.32459e-05
5.31396e-05
5.30565e-05
5.29896e-05
5.29254e-05
5.28634e-05
5.27979e-05
5.27314e-05
5.26573e-05
5.25835e-05
5.25132e-05
5.24495e-05
5.23891e-05
5.23289e-05
5.22696e-05
5.22096e-05
5.21536e-05
5.21047e-05
5.22691e-05
5.2871e-05
5.36782e-05
5.44678e-05
5.49588e-05
5.52379e-05
5.53709e-05
5.54162e-05
5.5372e-05
5.5276e-05
5.51476e-05
5.49776e-05
5.47816e-05
5.45833e-05
5.43889e-05
5.42006e-05
5.40237e-05
5.38924e-05
5.41013e-05
5.4487e-05
5.49402e-05
5.53206e-05
5.56074e-05
5.585e-05
5.60039e-05
5.60638e-05
5.60158e-05
5.59072e-05
5.57587e-05
5.55707e-05
5.5358e-05
5.51415e-05
5.49286e-05
5.47167e-05
5.45055e-05
5.42994e-05
5.41024e-05
5.39177e-05
5.37476e-05
5.35916e-05
5.34451e-05
5.33097e-05
5.31863e-05
5.30741e-05
5.29697e-05
0.000107909
0.000186247
0.000204333
0.000202353
0.000194138
0.000184372
0.000174612
0.000165393
0.000156841
0.00014891
0.000141567

