5e-05
5.02631e-05
5.04691e-05
5.06301e-05
5.07572e-05
5.08582e-05
5.09394e-05
5.10093e-05
5.10945e-05
5.12192e-05
5.13914e-05
5.15577e-05
5.1698e-05
5.18291e-05
5.19884e-05
5.21653e-05
5.23197e-05
5.24384e-05
7.51121e-05
0.000174924
0.000200736
0.000201452
0.000248727
0.000302935
0.000306876
0.000295398
0.000279754
0.000263581
0.000247979
0.000233244
0.00021959
0.000206967
0.000195279
0.000184431
0.000174375
0.000165063
0.000156442
0.000148464
0.000141084
0.000134258
0.000127948
0.000122115
0.000116718
0.00011173
0.000107114
0.000102859
9.89565e-05
9.5364e-05
9.23252e-05
9.00468e-05
8.82126e-05
8.64746e-05
8.45184e-05
8.24575e-05
8.04385e-05
7.84794e-05
7.65848e-05
7.47892e-05
7.30997e-05
7.15054e-05
6.99871e-05
6.85656e-05
6.72492e-05
6.6032e-05
6.49066e-05
6.38648e-05
6.29033e-05
6.20139e-05
6.11906e-05
6.04284e-05
5.97268e-05
5.90829e-05
5.8492e-05
5.79471e-05
5.74457e-05
5.6984e-05
5.65607e-05
5.61706e-05
5.58065e-05
5.54671e-05
5.51528e-05
0.000123406
0.00019175
0.000206382
0.000203211
0.000194544
0.00018457
0.000174684
0.000165324
0.000156602
0.000148522
0.00014105
0.00013415
0.000127779
0.000121898
0.000116471
0.000111484
0.000106897
0.00010267
9.87705e-05
9.51712e-05
9.18455e-05
8.87668e-05
8.59196e-05
8.32892e-05
8.08609e-05
7.86381e-05
7.65886e-05
7.46887e-05
7.29266e-05
7.12994e-05
6.97965e-05
6.84071e-05
6.71167e-05
6.59231e-05
6.48179e-05
6.3795e-05
6.28437e-05
6.19642e-05
6.11538e-05
6.04073e-05
5.97175e-05
5.90773e-05
5.84801e-05
5.79292e-05
5.74212e-05
5.69536e-05
5.65244e-05
5.61278e-05
5.57631e-05
5.54285e-05
5.51194e-05
5.48343e-05
5.45732e-05
5.43538e-05
5.41792e-05
5.40462e-05
5.39314e-05
5.38115e-05
5.37156e-05
5.36261e-05
5.3547e-05
5.35009e-05
5.34606e-05
5.34144e-05
5.33572e-05
5.32672e-05
5.32188e-05
5.31881e-05
5.31215e-05
5.30372e-05
5.29484e-05
5.28671e-05
5.27999e-05
5.27342e-05
0.000143213
0.000195124
0.00020438
0.000199625
0.000190644
0.000180767
0.000171104
0.000161997
0.000153526
0.000145694
0.000138462
0.000131786
0.000125625
0.000119933
0.000114674
0.000109818
0.000105333
0.000101194
9.73818e-05
9.38832e-05
9.06537e-05
8.76711e-05
8.49181e-05
8.2368e-05
8.0011e-05
7.78292e-05
7.58101e-05
7.39436e-05
7.22198e-05
7.06235e-05
6.91474e-05
6.7786e-05
6.65308e-05
6.53736e-05
6.43068e-05
6.33232e-05
6.24163e-05
6.15792e-05
6.08009e-05
6.00789e-05
5.94135e-05
5.88008e-05
5.82358e-05
5.77128e-05
5.72306e-05
5.67839e-05
5.63727e-05
5.59916e-05
5.56403e-05
5.53131e-05
5.501e-05
5.47273e-05
5.44661e-05
5.42248e-05
5.40017e-05
5.37965e-05
5.36068e-05
5.34336e-05
5.32754e-05
5.31286e-05
5.29947e-05
5.28745e-05
5.27827e-05
5.27033e-05
5.26326e-05
5.25624e-05
5.24916e-05
5.2417e-05
5.23457e-05
5.22805e-05
5.22208e-05
5.21631e-05
5.21069e-05
5.20553e-05
5.20075e-05
5.19601e-05
5.19134e-05
5.18709e-05
5.18291e-05
5.17883e-05
5.17525e-05
6.10059e-05
0.000172488
0.000202212
0.000204021
0.000196885
0.000187299
0.000177422
0.000167972
0.000159132
0.000150932
0.000177074
0.000254321
0.000268675
0.00026231

