5e-05
5.02667e-05
5.04834e-05
5.06586e-05
5.08009e-05
5.09171e-05
5.10125e-05
5.10912e-05
5.11565e-05
5.12109e-05
5.12566e-05
5.12951e-05
5.13298e-05
5.13804e-05
5.14578e-05
5.15578e-05
5.16553e-05
5.17419e-05
5.18144e-05
5.18709e-05
5.18891e-05
5.18913e-05
5.18857e-05
5.18583e-05
5.1821e-05
5.17873e-05
5.17581e-05
5.17334e-05
5.17128e-05
5.1696e-05
5.16826e-05
5.16723e-05
5.16645e-05
5.16555e-05
5.16429e-05
5.16304e-05
5.16207e-05
5.16139e-05
5.16098e-05
5.16078e-05
5.16078e-05
5.16094e-05
5.16123e-05
5.16161e-05
5.16185e-05
5.16193e-05
5.1621e-05
5.16247e-05
5.1654e-05
5.16981e-05
5.17437e-05
5.17797e-05
5.18004e-05
5.18169e-05
5.18302e-05
5.18386e-05
5.18406e-05
5.18409e-05
5.18401e-05
0.000126065
0.000190444
0.000203924
0.000200522
0.000191925
0.000182113
0.000172411
0.000246219
0.000284917
0.000285437
0.000273805
0.0002589
0.000243709
0.000229196
0.000215627
0.000203042
0.0001914
0.000180649
0.000170723
0.000161557
0.000153095
0.000197549
0.000260785
0.000270303
0.000262288
0.000249113
0.000234967
0.000221223
0.000208298
0.000196288
0.000185175
0.000174909
0.000165429
0.000156676
0.000148596
0.000141136
0.000134248
0.00012789
0.000122022
0.000116608
0.000111611
0.000107
0.000102763
9.88972e-05
9.53372e-05
9.20532e-05
8.90213e-05
8.62154e-05
8.3613e-05
8.12032e-05
7.8968e-05
7.69002e-05
7.4988e-05
7.322e-05
7.15803e-05
7.00538e-05
6.86407e-05
6.73327e-05
6.61257e-05
6.50123e-05
6.39855e-05
6.30386e-05
6.21654e-05
6.13602e-05
6.06176e-05
5.99328e-05
5.93003e-05
5.87133e-05
0.000145909
0.000198501
0.000207807
0.000202881
0.000193685
0.000183598
0.000173918
0.00016516
0.000157272
0.000150173
0.000143824
0.000138301
0.000133096
0.00012863
0.000263793
0.000339924
0.000322342
0.000301847
0.000282798
0.000265296
0.000249065
0.000234017
0.000258053
0.000330711
0.000339876
0.000328275
0.000310635
0.000291957
0.00027389
0.000257063
0.000241787
0.000227865
0.000215069
0.000203143
0.00019196
0.000181524
0.000171789
0.000162707
0.000154269
0.000146452
0.000139213
0.000132513
0.000126318
0.000120592
0.000115302
0.000110414
0.000105896
0.000101723
9.78923e-05
9.43603e-05
9.10975e-05
8.80859e-05
8.53053e-05
8.27372e-05
8.03604e-05
7.81576e-05
7.61194e-05
7.42354e-05
7.24952e-05
7.08895e-05
6.94038e-05
6.80283e-05
6.67568e-05
6.55846e-05
6.45022e-05
6.34998e-05
6.25734e-05
6.17176e-05
6.09273e-05
6.01997e-05
5.95275e-05
5.89078e-05
5.83377e-05
5.78129e-05
5.73272e-05
5.68799e-05
5.64686e-05
5.60887e-05
5.57368e-05
5.54131e-05
5.51147e-05
5.48373e-05
5.45816e-05
5.4343e-05
5.41211e-05
5.39174e-05
5.3731e-05
5.35603e-05
5.3404e-05
5.32602e-05
5.31251e-05
5.30011e-05
7.37921e-05
0.00017652
0.000202869
0.000203618
0.000196182
0.000186519
0.000176638
0.000167187
0.00015835
0.000150153
0.000142569
0.000242138
0.000267166
0.000264228
0.000252561
0.000238711
0.000224867
0.000211724
0.000199465
0.000188106
0.000177608
0.00016792
0.000159002
0.000199891
0.000263641
0.000273219
0.000265102
0.00025177
0.000237452
0.000223541
0.000210459

