5e-05
5.02631e-05
5.04691e-05
5.06301e-05
5.07572e-05
5.08582e-05
5.09394e-05
5.10052e-05
5.10589e-05
5.11033e-05
5.11402e-05
5.11715e-05
5.12137e-05
5.12647e-05
5.13384e-05
5.1414e-05
5.14831e-05
5.15422e-05
5.15887e-05
5.16122e-05
0.000161632
0.000198656
0.000203034
0.000196796
0.000187485
0.000177668
0.000168186
0.00015929
0.000151029
0.000143382
0.000136315
0.000129788
0.000123763
0.0001182
0.000113062
0.000108319
0.000103942
0.00017123
0.000229194
0.000238639
0.000232194
0.000221031
0.000208934
0.000197152
0.000186066
0.00017577
0.000166273
0.000157538
0.000149511
0.000142107
0.000135251
0.000128904
0.000123019
0.000117565
0.000112526
0.000107868
0.000103559
9.95768e-05
9.58912e-05
9.24851e-05
8.9336e-05
8.64263e-05
8.37409e-05
8.12628e-05
7.89733e-05
7.68597e-05
7.49098e-05
7.3111e-05
7.14486e-05
6.99116e-05
6.84926e-05
6.71786e-05
6.5966e-05
6.48485e-05
6.38164e-05
6.28607e-05
6.19775e-05
6.11712e-05
6.04522e-05
5.97986e-05
5.9198e-05
5.86384e-05
5.81137e-05
5.7622e-05
5.71632e-05
5.67378e-05
5.63416e-05
5.59677e-05
5.56167e-05
5.52895e-05
5.49884e-05
5.47112e-05
5.44554e-05
5.42212e-05
5.40071e-05
5.38113e-05
5.36322e-05
5.34684e-05
5.33421e-05
5.32766e-05
5.32352e-05
5.32e-05
5.31627e-05
5.31198e-05
5.30683e-05
5.29976e-05
5.29194e-05
5.28408e-05
5.27801e-05
5.27259e-05
5.26753e-05
5.26262e-05
5.25738e-05
5.25192e-05
5.24641e-05
5.24023e-05
5.23426e-05
5.22845e-05
5.22283e-05
5.21764e-05
5.21286e-05
5.20848e-05
5.20447e-05
5.20048e-05
5.19613e-05
5.19186e-05
5.18772e-05
5.18361e-05
5.17998e-05
5.17679e-05
5.17379e-05
5.17119e-05
0.000136793
0.000192766
0.000203406
0.000199134
0.000190375
0.00018063
0.000171075
0.000162111
0.00015378
0.000146053
0.000138901
0.000132274
0.000126135
0.000120451
0.000115221
0.000110404
0.000105966
0.000102122
0.00010777
0.000289756
0.000306416
0.000288063
0.000269955
0.000253138
0.000237588
0.000223224
0.000209958
0.000197708
0.000186399
0.000175958
0.000166318
0.000157419
0.000149204
0.000141621
0.00013462
0.000128157
0.00012219
0.000116682
0.000111597
0.000106903
0.000102569
9.85685e-05
9.48752e-05
9.1466e-05
8.83187e-05
8.54131e-05
8.27309e-05
8.02549e-05
7.79697e-05
7.58603e-05
7.39131e-05
7.21155e-05
7.04559e-05
6.89242e-05
6.75108e-05
6.62062e-05
6.50019e-05
6.389e-05
0.000172009
0.000212876
0.000217673
0.000210769
0.000200496
0.000189673
0.000179227
0.000169425
0.000258824
0.000289404
0.000287091
0.000274433
0.00030509
0.000357695
0.000358925
0.000343768
0.000324168
0.000304145
0.000284998
0.000267094
0.000250488
0.000235132
0.000220947
0.000308223
0.000326547
0.000318451
0.000302371
0.000284565
0.000349415
0.000370872
0.000361536
0.00034289
0.000322226
0.000301965
0.000282853
0.00026507
0.000248606
0.000233392
0.000219341
0.000206368
0.000194393
0.000183365
0.000173282
0.000163992
0.000155394
0.000147423
0.00014004
0.000133205
0.000126883
0.000121061
0.000115807
0.000186049
0.000235334
0.000241877
0.000234391
0.000222784
0.000210449
0.000198495
0.000187259
0.000176917

