5e-05
5.02667e-05
5.04834e-05
5.06586e-05
5.08009e-05
5.09171e-05
5.10125e-05
5.10912e-05
5.11585e-05
5.12873e-05
5.15188e-05
5.18025e-05
5.20731e-05
5.22877e-05
5.24398e-05
5.25492e-05
5.26223e-05
5.26652e-05
5.26841e-05
5.26831e-05
5.26574e-05
5.26253e-05
5.25815e-05
5.2511e-05
5.24434e-05
5.26021e-05
5.3057e-05
5.36745e-05
5.42349e-05
5.46439e-05
5.49605e-05
5.51569e-05
5.52207e-05
5.51891e-05
5.5101e-05
5.49737e-05
5.48292e-05
5.46754e-05
5.45178e-05
5.43567e-05
5.41932e-05
5.40353e-05
5.38846e-05
5.37418e-05
5.36071e-05
5.34805e-05
5.33619e-05
5.32512e-05
5.3148e-05
5.3052e-05
5.29618e-05
5.28717e-05
5.27788e-05
5.27054e-05
5.26728e-05
5.26668e-05
5.2675e-05
5.27261e-05
5.27895e-05
0.000135904
0.00019166
0.000202427
0.000198279
0.000189594
0.000179903
0.000170374
0.000161402
0.000153061
0.000145357
0.000138261
0.000131709
0.000125646
0.000120042
0.000114856
0.000110056
0.000105616
0.000101546
9.77991e-05
9.43406e-05
9.11435e-05
8.81857e-05
8.54477e-05
8.29055e-05
8.05727e-05
7.84237e-05
7.64384e-05
7.46015e-05
7.29003e-05
7.13242e-05
6.9872e-05
6.85536e-05
6.73177e-05
6.61663e-05
6.51008e-05
6.41191e-05
6.32451e-05
6.24481e-05
6.17007e-05
6.10042e-05
6.0352e-05
5.97356e-05
5.91504e-05
5.85952e-05
5.80793e-05
5.76111e-05
5.72081e-05
5.68453e-05
5.65118e-05
5.6201e-05
5.59023e-05
5.56211e-05
5.53578e-05
5.51113e-05
5.48807e-05
5.4665e-05
5.44633e-05
0.000109492
0.000186533
0.000204253
0.000202173
0.000193948
0.000184192
0.000174442
0.000165183
0.000156538
0.000148518
0.000141101
0.000134248
0.000127914
0.000122065
0.000116665
0.00011168
0.000107087
0.000102877
9.89951e-05
9.53953e-05
9.20658e-05
8.89958e-05
8.61859e-05
8.35989e-05
8.12369e-05
7.90658e-05
7.7061e-05
7.52045e-05
7.34826e-05
7.19149e-05
7.04875e-05
6.91947e-05
6.79912e-05
6.68506e-05
6.57731e-05
6.4761e-05
6.38702e-05
6.30763e-05
6.23649e-05
6.17436e-05
6.11605e-05
6.05814e-05
6.00206e-05
5.94575e-05
5.89139e-05
5.84058e-05
5.79495e-05
5.7522e-05
5.71193e-05
5.67306e-05
5.63686e-05
5.60292e-05
5.57106e-05
5.54114e-05
5.51323e-05
5.48696e-05
5.46282e-05
5.44257e-05
5.42715e-05
5.41653e-05
5.40686e-05
5.39733e-05
5.38739e-05
5.37756e-05
5.36725e-05
5.35624e-05
5.34571e-05
5.33569e-05
5.32512e-05
5.31478e-05
5.3048e-05
5.2956e-05
5.28681e-05
5.27847e-05
5.2706e-05
5.26277e-05
5.2556e-05
5.24908e-05
5.24283e-05
5.23687e-05
5.23108e-05
5.22582e-05
5.22118e-05
5.21701e-05
5.21309e-05
5.20965e-05
5.20667e-05
5.20406e-05
5.20118e-05
5.19831e-05
5.19542e-05
5.19243e-05
5.18985e-05
5.18769e-05
0.000120091
0.000188957
0.000203895
0.000200956
0.000192492
0.000182701
0.000172994
0.000163861
0.000155382
0.000147536
0.000140283
0.000133578
0.000127378
0.000121635
0.000116319
0.000111397
0.000106841
0.000102628
9.87309e-05
9.51281e-05
9.18016e-05
8.87561e-05
8.59618e-05
0.000156422
0.000214231
0.000224439
0.000219004
0.000208861
0.000197729
0.000186845
0.00017661
0.0001671
0.000158299
0.000150179
0.000142687
0.000135769
0.000129371
0.000123455
0.000117981
0.000112921

