5e-05
5.02631e-05
5.04691e-05
5.06301e-05
5.07572e-05
5.08582e-05
5.09394e-05
5.10052e-05
5.10589e-05
5.11033e-05
5.11402e-05
5.11728e-05
5.13086e-05
5.15961e-05
5.18625e-05
5.21283e-05
5.23666e-05
5.25368e-05
5.26485e-05
5.26847e-05
5.2652e-05
5.25807e-05
6.42063e-05
0.000173946
0.000202937
0.000204492
0.000197259
0.000187603
0.000177664
0.000168133
0.000159211
0.000150933
0.000143279
0.000136209
0.00012968
0.000123664
0.000118348
0.000113656
0.000109418
0.000105472
0.000101746
9.82504e-05
9.49557e-05
9.18386e-05
8.89156e-05
8.61821e-05
8.36307e-05
8.12414e-05
7.90105e-05
7.69324e-05
7.49838e-05
0.000105278
0.000196432
0.000218092
0.000216565
0.000207748
0.000197063
0.000186321
0.000176103
0.000166566
0.000157722
0.000149544
0.000141991
0.000135032
0.000128628
0.000122726
0.000117281
0.000112256
0.000107612
0.000103316
9.93477e-05
9.56796e-05
9.22894e-05
8.91576e-05
8.62627e-05
8.35903e-05
8.11169e-05
7.88314e-05
7.67232e-05
7.47766e-05
7.29816e-05
7.13253e-05
6.97905e-05
6.83723e-05
6.70643e-05
6.58547e-05
6.47401e-05
6.37126e-05
6.27636e-05
6.18885e-05
6.10831e-05
6.03422e-05
5.96603e-05
5.90293e-05
5.84446e-05
5.79134e-05
5.7449e-05
5.70302e-05
5.66467e-05
5.62925e-05
5.59692e-05
5.5712e-05
5.55211e-05
5.53543e-05
5.51938e-05
5.50531e-05
5.49401e-05
5.4809e-05
5.46645e-05
5.45159e-05
5.43648e-05
5.42128e-05
5.40616e-05
5.39066e-05
5.37485e-05
5.35928e-05
5.34449e-05
5.33005e-05
5.31631e-05
5.30361e-05
5.29176e-05
5.28035e-05
5.26987e-05
5.26224e-05
5.25563e-05
5.25038e-05
5.24793e-05
5.24483e-05
5.24214e-05
5.24267e-05
5.24402e-05
5.24441e-05
5.24228e-05
5.23916e-05
5.23876e-05
5.23872e-05
5.23744e-05
5.23587e-05
5.23401e-05
5.23292e-05
5.2337e-05
5.23464e-05
5.23521e-05
5.23458e-05
5.23211e-05
5.2303e-05
5.2285e-05
5.226e-05
5.2216e-05
5.21605e-05
5.21056e-05
5.20507e-05
5.20165e-05
5.19931e-05
5.19733e-05
5.19451e-05
5.1916e-05
5.1887e-05
5.1858e-05
5.18321e-05
5.18058e-05
5.17761e-05
5.17478e-05
5.17182e-05
5.16899e-05
5.16644e-05
5.16426e-05
5.1625e-05
5.16113e-05
5.16009e-05
5.15905e-05
5.15819e-05
5.15757e-05
5.15716e-05
5.1569e-05
5.15627e-05
5.15552e-05
5.15495e-05
5.15457e-05
5.15436e-05
0.000147649
0.000196186
0.000204332
0.000199205
0.000190118
0.000180233
0.000170595
0.000161525
0.000153116
0.000145347
0.000138163
0.00013152
0.00012538
0.000150137
0.0002343
0.000251845
0.000247312
0.000235997
0.000223106
0.000210374
0.000198341
0.000187155
0.000176794
0.000167203
0.000222688
0.000274324
0.000279534
0.000269703
0.000255585
0.000240807
0.000226562
0.000213204
0.000200801
0.000189324
0.000178721
0.00016893
0.000159893
0.00015155
0.000143846
0.000136734
0.000130167
0.000124106
0.000118514
0.00011349
0.000109084
0.000105099
0.000101456
9.80736e-05
9.48586e-05
9.17905e-05
8.89039e-05
8.61966e-05
8.36628e-05
8.12964e-05
7.90766e-05
7.70057e-05
7.5088e-05
7.33363e-05
7.17186e-05
7.02123e-05
6.88123e-05
6.75059e-05
6.6288e-05
6.51583e-05
6.41143e-05
6.31505e-05
6.22698e-05
6.14821e-05
6.07581e-05
6.00809e-05

