5e-05
5.02669e-05
5.04842e-05
5.06602e-05
5.08034e-05
5.09206e-05
5.10168e-05
5.10963e-05
5.11623e-05
5.12176e-05
5.12869e-05
5.13667e-05
5.145e-05
5.15795e-05
5.17152e-05
5.18422e-05
5.19518e-05
5.20405e-05
5.21036e-05
5.21321e-05
5.21392e-05
5.21334e-05
5.21062e-05
5.20584e-05
5.20096e-05
5.19646e-05
5.19248e-05
5.18901e-05
5.18601e-05
5.18323e-05
5.1807e-05
5.17857e-05
5.17666e-05
5.17455e-05
5.17271e-05
5.17123e-05
5.17008e-05
5.16922e-05
5.16818e-05
5.16705e-05
5.16618e-05
5.17241e-05
5.21378e-05
5.28088e-05
5.35304e-05
5.42706e-05
5.49984e-05
5.56676e-05
5.62303e-05
5.66457e-05
5.69114e-05
9.06085e-05
0.000217421
0.000391735
0.000395523
0.000374112
0.0003508
0.000328286
0.000307163
0.000287542
0.000269378
0.000252592
0.000331328
0.000359694
0.000353121
0.000335794
0.000315931
0.000296265
0.000333434
0.000378866
0.000376754
0.000359661
0.000338678
0.000317521
0.000297377
0.00027857
0.000261136
0.000245017
0.00023013
0.000216385
0.000203698
0.000191986
0.000181168
0.000171181
0.000161965
0.00015346
0.000145609
0.000138363
0.000131671
0.000125496
0.000119798
0.000114537
0.000109683
0.000105204
0.000101072
9.74136e-05
9.43517e-05
9.16952e-05
8.93016e-05
8.70693e-05
8.49327e-05
8.28598e-05
8.08447e-05
7.88957e-05
7.7025e-05
7.52433e-05
7.3557e-05
7.19693e-05
7.04803e-05
6.90881e-05
6.77896e-05
6.65808e-05
6.5457e-05
6.44087e-05
6.34298e-05
6.25195e-05
6.16765e-05
6.08975e-05
6.01782e-05
5.95142e-05
5.89014e-05
5.83359e-05
5.78142e-05
5.7333e-05
5.68875e-05
5.64901e-05
5.61379e-05
5.58169e-05
5.55161e-05
5.52369e-05
5.49777e-05
5.47329e-05
5.45027e-05
5.42887e-05
5.40889e-05
5.38997e-05
5.3724e-05
5.35769e-05
5.35134e-05
5.34754e-05
5.34269e-05
5.33792e-05
5.33298e-05
5.32681e-05
5.3199e-05
5.31215e-05
5.30415e-05
5.29576e-05
5.28744e-05
5.27873e-05
5.26948e-05
5.26027e-05
5.25172e-05
5.24392e-05
5.23682e-05
5.22986e-05
5.22252e-05
5.21557e-05
5.20921e-05
5.20336e-05
5.19821e-05
5.19358e-05
5.18925e-05
5.18532e-05
0.000134974
0.000193321
0.000204684
0.000200561
0.000191731
0.000181853
0.000172143
0.000162976
0.000154446
0.000146548
0.00013925
0.000132511
0.00012629
0.000120548
0.000115247
0.000110355
0.000105839
0.000101666
9.7814e-05
9.42584e-05
9.09738e-05
8.79407e-05
8.51381e-05
8.25513e-05
8.01623e-05
7.79562e-05
7.59209e-05
7.4041e-05
7.23049e-05
7.06987e-05
6.92129e-05
6.78415e-05
6.65755e-05
6.54061e-05
6.43281e-05
0.000132061
0.000198388
0.000212032
0.000208264
0.00019916
0.000188816
0.000189471
0.000277952
0.000294836
0.000287915
0.000273789
0.000258089
0.000242681
0.000228143
0.000214615
0.000202088
0.000190511
0.000179818
0.000169942
0.000160826
0.000152412
0.000144646
0.000137477
0.000130861
0.000124756
0.000119123
0.000113924
0.000109124
0.000104692
0.000100599
9.68219e-05
9.33354e-05
9.01162e-05
8.71459e-05
8.44055e-05
8.18772e-05
7.95446e-05
7.73924e-05
7.54034e-05
7.35637e-05
7.18661e-05
7.02987e-05
6.8851e-05
6.7516e-05
6.62824e-05
6.5144e-05
6.40946e-05
6.31263e-05
6.22263e-05
6.13917e-05
6.06226e-05

