5e-05
5.02669e-05
5.04842e-05
5.06602e-05
5.08034e-05
5.09206e-05
5.10168e-05
5.10963e-05
5.11623e-05
5.12174e-05
5.12636e-05
5.13049e-05
5.13677e-05
5.14272e-05
5.14686e-05
5.1505e-05
5.1537e-05
5.15614e-05
5.15757e-05
5.15818e-05
5.1578e-05
5.15692e-05
5.15604e-05
5.15471e-05
5.1534e-05
5.1524e-05
5.15173e-05
5.15135e-05
5.15121e-05
5.15095e-05
5.15057e-05
5.15036e-05
5.15034e-05
5.15014e-05
5.14964e-05
5.1492e-05
5.14878e-05
5.14862e-05
5.14873e-05
5.14906e-05
5.14959e-05
5.15028e-05
5.1511e-05
5.16233e-05
5.21004e-05
5.28311e-05
5.37353e-05
5.48235e-05
5.68268e-05
0.000234437
0.000271658
0.000256901
0.000316474
0.000364991
0.000364766
0.000348908
0.000328854
0.000308472
0.000289013
0.000270829
0.000253967
0.000238373
0.000223971
0.000210676
0.000198403
0.000187076
0.000176624
0.000166976
0.000158074
0.000149859
0.000142277
0.000135278
0.000128818
0.000122859
0.000117359
0.000112285
0.000107603
0.000103283
9.92963e-05
9.56155e-05
9.22161e-05
8.9077e-05
8.61804e-05
8.3508e-05
8.10422e-05
8.11964e-05
0.000192368
0.000221773
0.000222522
0.000214133
0.000203263
0.000192153
0.000181526
0.000171589
0.000162374
0.000153853
0.00014598
0.000138708
0.000131994
0.000125798
0.00012008
0.000114798
0.000169287
0.00023443
0.000245893
0.000239723
0.000228263
0.000215703
0.000203428
0.000191864
0.000181107
0.000171147
0.000161944
0.000153446
0.0001456
0.000138356
0.000131672
0.000125501
0.0001198
0.000114539
0.000109684
0.000105204
0.000101068
9.72491e-05
0.000130457
0.000214085
0.000232446
0.000229146
0.000219131
0.000207489
0.000195919
0.000184957
0.000174742
0.000165277
0.000156526
0.000148445
0.000140994
0.000134139
0.000127819
0.00012198
0.000116599
0.000111655
0.000107097
0.000102887
9.89973e-05
9.53948e-05
9.20557e-05
8.89674e-05
8.61047e-05
8.34535e-05
8.10047e-05
7.87435e-05
7.66545e-05
7.47201e-05
7.29341e-05
7.1286e-05
6.97655e-05
6.83625e-05
6.7062e-05
6.58579e-05
6.47473e-05
6.37234e-05
6.27761e-05
6.19006e-05
6.10935e-05
6.03478e-05
5.96609e-05
5.90259e-05
0.000156918
0.000202012
0.000208744
0.000202942
0.000193452
0.000183269
0.00017338
0.000164086
0.000155451
0.000147462
0.000140081
0.000133266
0.000126976
0.000121171
0.000115814
0.00011087
0.000106308
0.000102097
9.82073e-05
9.46175e-05
9.13043e-05
8.82439e-05
8.54195e-05
8.28134e-05
8.04087e-05
7.81894e-05
7.61358e-05
7.42358e-05
7.24796e-05
7.086e-05
6.93667e-05
6.79874e-05
6.67141e-05
6.55385e-05
6.44517e-05
6.34466e-05
6.25206e-05
6.16678e-05
6.08826e-05
6.01597e-05
5.94939e-05
5.88783e-05
5.83104e-05
5.7786e-05
5.72998e-05
5.68461e-05
5.64249e-05
5.60356e-05
5.56782e-05
5.53482e-05
0.000100093
0.000185253
0.00020554
0.000204213
0.000196086
0.000186208
0.000176275
0.000166825
0.000158004
0.000149841
0.000142308
0.000135353
0.000128934
0.00012301
0.000117536
0.000112481
0.000107811
0.000103496
9.95129e-05
9.58313e-05
9.24298e-05
8.92842e-05
8.63809e-05
8.37018e-05
8.12256e-05
7.89372e-05
7.68235e-05
7.48698e-05
7.3068e-05
7.14067e-05
6.98751e-05
6.84631e-05

