5e-05
5.02631e-05
5.04691e-05
5.06301e-05
5.07572e-05
5.08582e-05
5.09394e-05
5.10052e-05
5.10606e-05
5.11494e-05
5.12672e-05
5.13805e-05
5.14798e-05
0.00015688
0.000195917
0.000201109
0.000195271
0.000186211
0.000176575
0.000167234
0.000158443
0.000150263
0.00014269
0.000135682
0.000129211
0.000123445
0.000118398
0.00011388
0.000109741
0.000105688
0.000101788
0.000202039
0.000232292
0.000232907
0.000224026
0.000212546
0.000200805
0.000189567
0.000179053
0.000169296
0.00016027
0.00015193
0.000242885
0.000271081
0.000268974
0.000257345
0.000243275
0.000229137
0.000215705
0.000203184
0.000191582
0.000180849
0.000170924
0.000161749
0.000153279
0.000145461
0.000138242
0.000131578
0.000125427
0.00011975
0.000114522
0.00010971
0.000105273
0.000101208
9.78387e-05
9.52001e-05
9.32714e-05
0.000153865
0.000297344
0.00028945
0.000271463
0.000254548
0.000238891
0.000224424
0.000211063
0.000198727
0.000187337
0.000176822
0.000167115
0.000158154
0.000149882
0.000142246
0.000135197
0.000128689
0.000122682
0.000117136
0.000112017
0.000107291
0.000102928
9.8901e-05
9.51833e-05
9.17511e-05
8.85824e-05
8.56574e-05
8.29572e-05
8.04651e-05
7.81723e-05
7.60577e-05
7.41045e-05
7.22996e-05
7.06317e-05
6.90908e-05
6.76672e-05
6.63523e-05
6.51409e-05
6.40295e-05
6.30034e-05
6.20546e-05
6.11768e-05
6.03649e-05
5.96141e-05
5.89204e-05
5.82793e-05
5.7687e-05
5.7147e-05
5.66655e-05
5.63252e-05
5.60759e-05
5.58163e-05
5.55376e-05
5.52579e-05
5.49819e-05
5.47064e-05
5.44343e-05
5.41698e-05
5.39156e-05
5.36745e-05
5.34476e-05
5.32355e-05
5.30377e-05
5.28538e-05
5.26832e-05
5.25251e-05
5.23846e-05
5.22774e-05
5.22068e-05
5.21441e-05
5.20784e-05
5.20223e-05
5.1974e-05
5.19268e-05
5.18698e-05
5.18069e-05
5.17407e-05
5.16761e-05
5.16353e-05
5.16097e-05
5.15922e-05
5.15654e-05
5.15271e-05
5.14839e-05
5.14375e-05
5.139e-05
5.13429e-05
5.12971e-05
5.12531e-05
5.12114e-05
5.11722e-05
5.11355e-05
5.11013e-05
5.10695e-05
5.10401e-05
5.10128e-05
5.09877e-05
5.09645e-05
5.09431e-05
5.09234e-05
5.09054e-05
5.08889e-05
5.08737e-05
5.08599e-05
5.08472e-05
5.08356e-05
5.0825e-05
5.08154e-05
5.08068e-05
5.08083e-05
5.08153e-05
5.08217e-05
5.08259e-05
5.0827e-05
5.0826e-05
5.08236e-05
5.082e-05
5.08157e-05
5.0811e-05
5.08061e-05
5.08012e-05
5.07966e-05
5.07922e-05
5.07881e-05
5.07844e-05
5.07809e-05
5.07775e-05
5.07744e-05
5.07716e-05
5.07691e-05
5.07671e-05
5.07754e-05
5.079e-05
5.08038e-05
5.08142e-05
5.08216e-05
5.08259e-05
5.08281e-05
5.08288e-05
5.08284e-05
5.08268e-05
5.08247e-05
5.08224e-05
5.08201e-05
5.08178e-05
5.08155e-05
5.08131e-05
5.08105e-05
5.0808e-05
5.08059e-05
5.08042e-05
5.08027e-05
5.08012e-05
5.08e-05
5.07985e-05
5.07974e-05
5.07965e-05
5.07958e-05
5.07951e-05
5.07949e-05
5.0795e-05
5.07951e-05
5.07954e-05
5.07959e-05
5.07966e-05
5.07976e-05
5.0799e-05
5.08006e-05
5.08024e-05
5.08042e-05
5.08058e-05
5.08076e-05
5.08095e-05
5.08114e-05
5.08126e-05
5.08131e-05
5.08135e-05
5.08139e-05
5.08148e-05
5.08157e-05
5.08172e-05
5.0819e-05
5.08212e-05

