5e-05
5.02631e-05
5.04691e-05
5.06301e-05
5.07572e-05
5.08582e-05
5.09394e-05
5.10052e-05
5.10648e-05
5.11412e-05
5.12267e-05
5.1337e-05
5.14839e-05
5.16571e-05
5.1829e-05
5.20043e-05
5.21551e-05
5.2272e-05
5.23546e-05
5.23937e-05
5.23674e-05
5.23116e-05
0.000140777
0.000195289
0.000205354
0.000200781
0.000191789
0.00018185
0.000172112
0.000162924
0.000154372
0.000146457
0.000139145
0.000132394
0.000126163
0.000120414
0.000115109
0.000110215
0.000105698
0.000101525
9.76739e-05
9.41211e-05
9.08433e-05
8.78193e-05
8.50284e-05
8.24504e-05
8.00717e-05
7.78772e-05
7.58522e-05
7.39805e-05
7.22518e-05
0.000156083
0.000208932
0.000217765
0.000212171
0.000202283
0.000191529
0.000181056
0.00017121
0.000162061
0.000153595
0.000145767
0.000138534
0.000131855
0.000125684
0.000119982
0.000114717
0.000109858
0.000105371
0.000101226
9.73991e-05
9.3868e-05
9.06098e-05
8.76005e-05
8.48211e-05
8.2252e-05
7.9881e-05
7.76941e-05
7.56769e-05
7.38163e-05
7.21002e-05
7.05134e-05
6.90458e-05
6.76923e-05
6.64435e-05
6.52892e-05
6.42228e-05
6.32354e-05
6.23239e-05
6.14823e-05
6.07057e-05
5.9989e-05
5.93254e-05
5.87119e-05
5.81451e-05
5.76214e-05
5.71396e-05
5.6697e-05
5.62906e-05
5.59173e-05
5.55745e-05
5.52591e-05
5.49662e-05
5.46966e-05
5.4446e-05
5.42142e-05
5.3994e-05
5.3788e-05
5.36003e-05
5.34478e-05
5.33207e-05
5.32086e-05
5.31063e-05
5.29999e-05
5.28962e-05
5.27932e-05
5.26962e-05
5.26058e-05
5.25202e-05
5.24397e-05
5.2361e-05
5.2289e-05
5.2224e-05
5.21653e-05
5.21124e-05
5.20664e-05
0.000147755
0.000195439
0.000203342
0.000198218
0.000189206
0.000179407
0.000169851
0.000160853
0.000152487
0.000144746
0.000137616
0.000206118
0.000254608
0.000259658
0.000250855
0.000238119
0.00022477
0.000211913
0.000199858
0.00018864
0.000178235
0.000168601
0.000159685
0.000151459
0.000143891
0.000136911
0.000130526
0.000124701
0.000119302
0.000114389
0.000109839
0.000105585
0.000101603
9.79031e-05
9.44817e-05
9.13073e-05
8.83615e-05
8.56182e-05
8.30594e-05
8.06757e-05
7.84918e-05
7.64805e-05
7.46186e-05
7.2897e-05
7.1304e-05
6.98234e-05
6.84322e-05
6.71375e-05
6.59387e-05
6.48322e-05
6.3809e-05
6.28645e-05
6.19894e-05
6.11811e-05
6.04318e-05
5.97373e-05
5.90985e-05
5.85114e-05
5.79733e-05
5.75015e-05
5.71045e-05
0.00016967
0.000201955
0.000204667
0.000197851
0.000188349
0.000178464
0.00016895
0.000160031
0.000151748
0.000144074
0.000136979
0.000130425
0.000124374
0.000118786
0.000113624
0.000108853
0.000125965
0.000218661
0.000239717
0.000236919
0.000226676
0.000214582
0.000202511
0.000191057
0.000180379
0.000170487
0.000161344
0.000152901
0.000145104
0.000137906
0.00013126
0.000125123
0.000119458
0.000114228
0.000109401
0.000104987
0.00010115
9.7757e-05
9.46597e-05
9.1737e-05
8.89577e-05
8.63447e-05
8.38864e-05
8.15611e-05
7.94014e-05
7.74006e-05
7.55372e-05
7.37893e-05
7.21555e-05
7.06339e-05
6.92163e-05
6.79351e-05
6.70941e-05
6.66213e-05
6.65121e-05
8.00166e-05
0.000262395
0.000278252
0.000261731
0.000245617
0.000230668
0.000216845
0.000204074

