5e-05
5.02631e-05
5.04691e-05
5.06301e-05
5.07572e-05
5.08582e-05
5.09394e-05
5.10109e-05
5.10995e-05
5.12161e-05
5.13358e-05
5.14416e-05
5.15322e-05
5.16065e-05
5.16632e-05
5.17435e-05
5.18235e-05
5.18886e-05
5.19283e-05
5.19477e-05
0.000123038
0.000189133
0.000203333
0.000200214
0.000191716
0.000181938
0.000172248
0.000163077
0.000154531
0.000146609
0.000139284
0.000132517
0.000126271
0.000120502
0.000115179
0.000110266
0.000105735
0.000101556
9.76986e-05
9.41367e-05
9.08479e-05
8.78117e-05
8.50098e-05
8.24312e-05
8.00721e-05
7.79038e-05
7.59063e-05
7.4057e-05
7.23436e-05
7.07776e-05
6.93332e-05
6.79898e-05
6.67334e-05
6.55645e-05
6.44848e-05
6.34856e-05
6.25622e-05
6.17104e-05
6.09234e-05
6.0196e-05
5.95173e-05
5.88899e-05
5.84002e-05
5.82135e-05
5.81539e-05
5.80633e-05
5.79029e-05
5.76828e-05
5.74158e-05
5.71239e-05
5.68165e-05
5.64934e-05
5.61765e-05
5.58603e-05
5.5543e-05
5.52386e-05
5.49541e-05
5.46884e-05
5.44429e-05
5.42176e-05
5.40111e-05
5.38215e-05
5.36445e-05
5.3482e-05
5.33337e-05
5.31982e-05
6.88834e-05
0.000175204
0.000202879
0.000203995
0.000196664
0.000187033
0.000177152
0.000167683
0.000158819
0.000150598
0.000142995
0.000135974
0.000129491
0.000123508
0.000117982
0.000112877
0.000108159
0.0001038
9.97768e-05
9.6065e-05
9.26398e-05
0.000195474
0.000227948
0.000229393
0.000220898
0.000209674
0.000294961
0.000314848
0.000307887
0.000292781
0.000275845
0.00025918
0.000243434
0.000228772
0.000215193
0.000202631
0.000191031
0.000180336
0.000170489
0.000161397
0.000152994
0.000145228
0.000138055
0.000131433
0.000125317
0.00011967
0.000114454
0.000109635
0.000105181
0.000114825
0.000212401
0.000235269
0.000233099
0.000223692
0.000269958
0.000311412
0.000312026
0.000299638
0.000283685
0.000267229
0.000251294
0.000236252
0.000222201
0.00020916
0.000229676
0.000296724
0.000305709
0.000295673
0.000357048
0.000371233
0.000359898
0.000406064
0.000418857
0.000404536
0.000382259
0.000358569
0.000335609
0.000314142
0.000337087
0.000373462
0.000369189
0.000352153
0.000331784
0.00031132
0.000291806
0.000273545
0.000256586
0.000240888
0.000226365
0.000212945
0.000200551
0.000189106
0.000178539
0.000168955
0.000249176
0.000274406
0.000271409
0.00025954
0.000245416
0.000289798
0.000328205
0.00032657
0.000312241
0.000294575
0.000276725
0.000259714
0.000243819
0.000229074
0.000215429
0.00020282
0.000191177
0.000180429
0.000170504
0.000161342
0.000185576
0.000259255
0.00027138
0.000264308
0.000251669
0.000237826
0.000224196
0.000211264
0.000199186
0.000187962
0.000177561
0.000167939
0.000159042
0.000150817
0.00014321
0.000136172
0.000129663
0.00012365
0.000118098
0.000112972
0.00010824
0.000103874
0.00016889
0.000226632
0.000236138
0.00022984
0.00021884
0.000206903
0.00019527
0.000184319
0.00017414
0.000164721
0.000156016
0.000147977
0.000140557
0.000133709
0.000127389
0.000121572
0.00011621
0.000111258
0.00010668
0.000102451
9.85447e-05
9.4939e-05
9.16108e-05
8.85384e-05
8.56971e-05
8.30672e-05
8.06346e-05
7.83846e-05

