5e-05
5.02631e-05
5.04691e-05
5.06301e-05
5.07572e-05
5.08582e-05
5.09394e-05
5.10052e-05
5.10589e-05
5.11033e-05
5.11402e-05
5.11728e-05
5.13086e-05
5.15961e-05
5.18625e-05
5.21283e-05
5.23666e-05
5.25368e-05
5.26485e-05
5.26847e-05
5.2652e-05
5.25807e-05
9.05216e-05
0.000181768
0.000204215
0.000203628
0.000195758
0.000185976
0.000176079
0.000166642
0.000157825
0.00014965
0.000142093
0.000135114
0.000128668
0.000122731
0.000117487
0.00011286
0.000108684
0.000104794
0.00010112
9.76727e-05
9.44225e-05
9.13464e-05
8.84612e-05
8.57626e-05
8.32434e-05
8.0884e-05
7.86805e-05
7.66278e-05
7.47026e-05
7.29173e-05
7.12629e-05
6.97329e-05
6.83201e-05
6.70166e-05
6.58141e-05
6.47032e-05
6.36777e-05
6.27302e-05
6.18506e-05
6.10363e-05
6.02862e-05
5.96085e-05
5.90031e-05
5.84534e-05
5.79505e-05
5.74872e-05
5.70535e-05
5.66447e-05
5.62647e-05
5.5909e-05
5.55765e-05
5.52673e-05
5.4978e-05
5.47109e-05
5.44579e-05
5.4222e-05
5.40059e-05
5.38059e-05
5.36232e-05
5.34552e-05
0.00010433
0.000185785
0.000204871
0.000203197
0.000195007
0.000185162
0.000175288
0.000165904
0.00015715
0.00014904
0.000141544
0.00013462
0.000128224
0.000122328
0.000116911
0.000111921
0.000107317
0.000103067
9.91478e-05
9.55709e-05
9.23155e-05
8.93198e-05
8.65479e-05
8.39966e-05
8.16583e-05
7.94731e-05
7.74322e-05
7.55332e-05
7.37662e-05
7.21226e-05
7.05944e-05
6.91683e-05
6.78368e-05
6.6598e-05
6.54502e-05
6.43828e-05
6.33934e-05
6.24797e-05
6.16352e-05
6.08509e-05
6.01274e-05
5.948e-05
5.88866e-05
5.83474e-05
5.78736e-05
5.74279e-05
5.70181e-05
5.667e-05
5.63572e-05
5.606e-05
5.57607e-05
5.54729e-05
5.5232e-05
5.50129e-05
5.47982e-05
5.45962e-05
5.44055e-05
5.42359e-05
5.40971e-05
5.39712e-05
5.38519e-05
0.000162373
0.000199267
0.000203541
0.000197264
0.000187943
0.000178107
0.000168594
0.000159692
0.000257067
0.000279804
0.000275506
0.000262856
0.000248186
0.00023361
0.000219798
0.000206924
0.000194998
0.000183972
0.000173783
0.000164376
0.000155687
0.000147665
0.000140261
0.000133428
0.000127122
0.000121304
0.000115935
0.000110979
0.000106404
0.000102183
9.8288e-05
9.46937e-05
9.13717e-05
8.83035e-05
8.54725e-05
8.28606e-05
8.04509e-05
7.82258e-05
7.61647e-05
7.42559e-05
7.24917e-05
7.0863e-05
6.93615e-05
6.79779e-05
6.67044e-05
6.55537e-05
6.45056e-05
0.000164571
0.000205456
0.000210712
0.000204362
0.00019464
0.000184331
0.000174357
0.000164993
0.000156307
0.000148281
0.000140874
0.000134056
0.00012776
0.000121932
0.000116548
0.000111572
0.000106972
0.000102724
9.87932e-05
9.51557e-05
9.17938e-05
8.86888e-05
8.58217e-05
8.31721e-05
8.07258e-05
7.84679e-05
7.63853e-05
7.44623e-05
7.26846e-05
7.10441e-05
6.95274e-05
6.81287e-05
6.684e-05
6.57889e-05
6.50503e-05
6.44508e-05
6.3933e-05
6.34358e-05
6.28839e-05
6.22741e-05
6.16568e-05
6.10444e-05
6.04444e-05
5.98631e-05
5.92912e-05
5.87415e-05
5.8228e-05
5.77725e-05
0.000146634
0.000197486
0.000206334
0.000201372
0.000192248
0.000182256
0.000172492
0.000163293
0.000154747
0.000146861
0.000139576
0.000132841

