5e-05
5.02631e-05
5.04691e-05
5.06301e-05
5.07572e-05
5.08582e-05
5.09394e-05
5.10052e-05
5.10589e-05
5.11033e-05
5.11402e-05
5.11713e-05
5.11975e-05
5.12149e-05
5.12284e-05
5.1267e-05
5.13462e-05
5.14338e-05
5.15162e-05
5.15703e-05
5.1592e-05
5.16021e-05
5.16083e-05
5.16056e-05
5.15995e-05
5.15917e-05
5.15827e-05
5.15746e-05
0.000138916
0.000194077
0.000204305
0.000199853
0.000190973
0.000181132
0.000171481
0.000162373
0.000153898
0.000146051
0.000138798
0.0001321
0.000125916
0.000120206
0.000214391
0.000248257
0.000249093
0.000239395
0.000226841
0.00021401
0.000201736
0.00019026
0.000179616
0.00016977
0.000160664
0.000152256
0.000144496
0.000137353
0.0001308
0.000124779
0.000119229
0.000114098
0.000109343
0.000104939
0.000100869
9.71061e-05
9.36247e-05
9.04072e-05
8.74304e-05
8.46793e-05
8.21353e-05
7.97861e-05
7.76174e-05
7.56134e-05
7.37579e-05
7.20424e-05
7.04598e-05
6.90019e-05
6.76789e-05
6.64695e-05
6.53568e-05
6.433e-05
6.33804e-05
6.2493e-05
6.16611e-05
6.08881e-05
6.01739e-05
5.95134e-05
5.89004e-05
5.83346e-05
5.78128e-05
5.73312e-05
5.70081e-05
5.70281e-05
5.71816e-05
5.72262e-05
5.72243e-05
5.71689e-05
5.70538e-05
5.68853e-05
5.6676e-05
5.64384e-05
5.6174e-05
5.59006e-05
5.56227e-05
5.5353e-05
5.50949e-05
5.48499e-05
5.46184e-05
5.44007e-05
5.41966e-05
5.4006e-05
5.38282e-05
5.36627e-05
5.3509e-05
5.33656e-05
5.32265e-05
5.30958e-05
5.29755e-05
5.28622e-05
5.27575e-05
5.26618e-05
5.25747e-05
5.24954e-05
5.24231e-05
5.23572e-05
5.2297e-05
5.22385e-05
5.2181e-05
5.21247e-05
5.2071e-05
5.20219e-05
5.19896e-05
5.22182e-05
5.27104e-05
5.33054e-05
5.38479e-05
5.42365e-05
5.45014e-05
5.46503e-05
5.47585e-05
5.47985e-05
5.47751e-05
5.47053e-05
5.45939e-05
5.44542e-05
5.43043e-05
5.41835e-05
5.41297e-05
5.40961e-05
5.40741e-05
5.40267e-05
5.39504e-05
5.38783e-05
5.38538e-05
5.38919e-05
5.39346e-05
5.39206e-05
5.3883e-05
5.38368e-05
5.37666e-05
5.36717e-05
5.35558e-05
5.34337e-05
5.33077e-05
5.31867e-05
5.30646e-05
5.29404e-05
5.28253e-05
5.27192e-05
5.26217e-05
5.25341e-05
5.24529e-05
5.2373e-05
5.23007e-05
5.22365e-05
5.21866e-05
5.21655e-05
5.21669e-05
5.22042e-05
5.22495e-05
5.22739e-05
5.22773e-05
5.22746e-05
5.22673e-05
5.22615e-05
5.22847e-05
5.23136e-05
5.23371e-05
5.2352e-05
5.23575e-05
5.23474e-05
5.23221e-05
5.22901e-05
5.22533e-05
5.22164e-05
5.21802e-05
5.21422e-05
5.21035e-05
5.20655e-05
5.20271e-05
5.19915e-05
5.19573e-05
5.19206e-05
5.1887e-05
5.18551e-05
5.18213e-05
5.17906e-05
5.17611e-05
5.17335e-05
5.17085e-05
5.16866e-05
5.16658e-05
5.16458e-05
5.16277e-05
5.16127e-05
5.16004e-05
5.15877e-05
5.15767e-05
5.15661e-05
5.1556e-05
5.15481e-05
5.15422e-05
5.15379e-05
5.15349e-05
5.15288e-05
5.15207e-05
5.15142e-05
5.15094e-05
5.1504e-05
5.14954e-05
5.14859e-05
5.16435e-05
5.20289e-05
5.25488e-05
5.33665e-05
5.44129e-05
5.54602e-05
5.65723e-05
5.78598e-05
0.000116037
0.000269907
0.000267138
0.00025092
0.000235576
0.000221372
0.000208246
0.000196125
0.000184933
0.0001746
0.000165061
0.000156254

