5e-05
5.02631e-05
5.04691e-05
5.06301e-05
5.07572e-05
5.08582e-05
5.09394e-05
5.10052e-05
5.10714e-05
5.11509e-05
5.12253e-05
5.12901e-05
5.13411e-05
5.13695e-05
5.13944e-05
5.14676e-05
5.15574e-05
5.16434e-05
5.17176e-05
5.17689e-05
5.17807e-05
5.17806e-05
5.17768e-05
5.17632e-05
5.17466e-05
5.17276e-05
5.17089e-05
5.1692e-05
5.16768e-05
0.000137652
0.000193959
0.000204647
0.000200312
0.000191426
0.000181543
0.000171842
0.00016269
0.000154175
0.000146292
0.000139009
0.000132284
0.00012609
0.000120388
0.000115125
0.000110267
0.000105783
0.000101637
9.78291e-05
9.43671e-05
9.11926e-05
8.82627e-05
8.55499e-05
8.30276e-05
8.06802e-05
7.85021e-05
7.64821e-05
7.46092e-05
0.000112329
0.000197142
0.000216785
0.000214711
0.000205834
0.000195238
0.000189771
0.0002803
0.000298201
0.000291445
0.000277196
0.000261288
0.000245655
0.000230899
0.000217166
0.000204451
0.000192702
0.000181851
0.000171828
0.000162573
0.000154028
0.000146141
0.000138862
0.000132144
0.000125939
0.000120209
0.000114918
0.000110032
0.000105524
0.000101362
9.75203e-05
9.3976e-05
9.07061e-05
8.76879e-05
8.49004e-05
8.23259e-05
7.99482e-05
7.77518e-05
7.57253e-05
7.38565e-05
7.21345e-05
7.05743e-05
6.91715e-05
6.78917e-05
6.67134e-05
6.56224e-05
6.46065e-05
6.36539e-05
6.27671e-05
6.19424e-05
6.11755e-05
6.04628e-05
5.98007e-05
5.9186e-05
5.86154e-05
5.80849e-05
5.75892e-05
5.71298e-05
5.67048e-05
5.63118e-05
5.59484e-05
5.56126e-05
5.53023e-05
5.50156e-05
5.47508e-05
5.45062e-05
5.42804e-05
5.40718e-05
5.38792e-05
5.37014e-05
5.35372e-05
5.33857e-05
5.32428e-05
5.31097e-05
5.2987e-05
5.28742e-05
5.27705e-05
5.26727e-05
5.25811e-05
5.24972e-05
5.24203e-05
5.23447e-05
5.22707e-05
5.22211e-05
5.21886e-05
5.2183e-05
5.25106e-05
0.000115356
0.00026883
0.000266023
0.000250035
0.000234856
0.000220782
0.000207753
0.000195705
0.00018458
0.000174306
0.000164815
0.000156048
0.000147954
0.000140486
0.000133589
0.000127219
0.000121334
0.000115899
0.000110879
0.000106244
0.000101964
9.80121e-05
9.43635e-05
9.09948e-05
8.78849e-05
8.50138e-05
8.23632e-05
7.99161e-05
7.76573e-05
7.55724e-05
7.36549e-05
7.18873e-05
7.02546e-05
6.87455e-05
6.73508e-05
6.60618e-05
6.48711e-05
6.37711e-05
6.2755e-05
6.18166e-05
6.09502e-05
6.01501e-05
5.94115e-05
5.87297e-05
5.81003e-05
5.75199e-05
5.69844e-05
5.64901e-05
5.60338e-05
5.56124e-05
5.52237e-05
5.4865e-05
5.45338e-05
5.4228e-05
5.39459e-05
5.36856e-05
5.34456e-05
5.32241e-05
5.30196e-05
5.2831e-05
5.2657e-05
5.24967e-05
0.000155648
0.000202056
0.00020916
0.00020342
0.000193889
0.000183635
0.000173669
0.000164296
0.000155585
0.000147523
0.000140074
0.000133196
0.000126845
0.000120983
0.000115572
0.000110577
0.000105966
0.000101709
9.77883e-05
9.41729e-05
9.08351e-05
8.77523e-05
8.49047e-05
8.22745e-05
7.98451e-05
7.76016e-05
7.55299e-05
0.000181751
0.000219126
0.000222455
0.000214858
0.000204172
0.000193051
0.000182351
0.000269114
0.000296943
0.00029339
0.000280031
0.000264225
0.000248437
0.00023345
0.0002627
0.000322511
0.000327806

