5e-05
5.02669e-05
5.04842e-05
5.06602e-05
5.08034e-05
5.09206e-05
5.10168e-05
5.1098e-05
5.11951e-05
5.12939e-05
5.13916e-05
5.15126e-05
6.90741e-05
0.000171581
0.000198382
0.000199534
0.000192546
0.000183322
0.00017384
0.000237509
0.000281773
0.00028432
0.000273414
0.000258776
0.000243682
0.000229201
0.000215648
0.000203071
0.000191437
0.000180687
0.000170761
0.000161597
0.000153137
0.000145329
0.00013812
0.000131467
0.000125327
0.000119661
0.000114432
0.000109603
0.000105146
0.00010103
9.72283e-05
9.37283e-05
9.05247e-05
8.75777e-05
8.48609e-05
8.23528e-05
8.0029e-05
7.78805e-05
7.58952e-05
7.406e-05
7.23491e-05
7.07645e-05
6.93016e-05
6.79515e-05
6.67056e-05
6.55525e-05
6.44866e-05
6.3503e-05
6.2589e-05
6.17389e-05
6.1043e-05
6.07014e-05
6.05605e-05
6.05184e-05
6.04397e-05
6.03322e-05
6.01755e-05
5.99584e-05
5.96834e-05
5.93614e-05
5.90063e-05
5.86313e-05
5.8241e-05
5.78412e-05
5.74512e-05
5.70817e-05
5.7073e-05
5.77252e-05
0.000170202
0.000280601
0.000271408
0.000254961
0.000239385
0.000224941
0.000211583
0.000288445
0.000331725
0.000331323
0.000317055
0.000299105
0.000280893
0.000263518
0.000247288
0.000232242
0.000218333
0.000205489
0.000193634
0.000182692
0.000172594
0.000163274
0.000154671
0.000146747
0.000139452
0.000132724
0.00012651
0.000120773
0.000115475
0.000110583
0.000106065
0.000101893
9.80376e-05
9.44666e-05
9.1161e-05
8.81034e-05
8.52814e-05
8.26776e-05
8.02754e-05
7.80591e-05
7.60144e-05
7.41281e-05
7.24069e-05
7.08359e-05
6.93901e-05
6.80496e-05
6.6809e-05
6.56563e-05
6.45887e-05
6.36011e-05
6.26876e-05
6.18427e-05
6.10808e-05
6.03933e-05
5.9756e-05
0.000136105
0.000196428
0.000208318
0.000204214
0.000195222
0.000185132
0.000175224
0.000165873
0.000157159
0.000149082
0.000141613
0.000134716
0.000128361
0.000122491
0.000117067
0.000112048
0.000107407
0.000103116
9.91537e-05
9.5493e-05
9.21138e-05
0.000124114
0.000210248
0.000229621
0.000226622
0.000217058
0.000206042
0.000195114
0.000184689
0.000174848
0.00016562
0.000157043
0.000149089
0.000141718
0.000134891
0.000128571
0.000122715
0.000117296
0.000112284
0.000107646
0.000103355
9.93851e-05
9.57144e-05
9.23218e-05
8.91897e-05
8.63002e-05
8.36582e-05
8.12339e-05
7.89997e-05
7.6937e-05
7.50305e-05
7.32673e-05
7.16366e-05
7.01452e-05
6.87695e-05
6.74963e-05
6.63131e-05
6.52179e-05
6.42039e-05
6.32645e-05
6.2389e-05
6.15774e-05
6.08262e-05
6.0127e-05
5.94791e-05
5.88851e-05
5.83583e-05
5.78808e-05
5.74402e-05
5.70242e-05
5.66314e-05
5.62716e-05
5.596e-05
5.56778e-05
5.54173e-05
5.51713e-05
5.49254e-05
5.46899e-05
5.44704e-05
5.42661e-05
5.40741e-05
5.39109e-05
5.37732e-05
5.36503e-05
5.35369e-05
5.34301e-05
5.3323e-05
5.3218e-05
5.3113e-05
5.30132e-05
5.29149e-05
5.28222e-05
5.27361e-05
5.26534e-05
5.25745e-05
5.25018e-05
5.24351e-05
5.23725e-05
5.23118e-05
5.22563e-05
5.22057e-05
5.21598e-05
5.2118e-05
5.20855e-05
5.20717e-05
5.20606e-05
5.20519e-05
5.20395e-05
5.20272e-05
5.20151e-05
5.20027e-05
5.199e-05
5.19733e-05
5.19514e-05
5.19292e-05

