5e-05
5.02667e-05
5.04834e-05
5.06586e-05
5.08009e-05
5.09171e-05
5.10125e-05
5.10912e-05
5.11565e-05
5.12109e-05
5.12566e-05
5.12951e-05
5.13277e-05
5.13491e-05
5.13984e-05
5.14767e-05
5.15596e-05
5.16373e-05
5.17055e-05
5.17605e-05
5.179e-05
5.18027e-05
5.18087e-05
5.18064e-05
5.17982e-05
5.17893e-05
5.17809e-05
5.17731e-05
0.000152026
0.000197128
0.000204142
0.000198663
0.000189496
0.000179622
0.000170023
0.000160998
0.000152612
0.000144852
0.000137685
0.000131068
0.000124969
0.000119605
0.00011499
0.000207223
0.00023783
0.000238622
0.000229801
0.000218311
0.000206494
0.000195093
0.000184331
0.000174289
0.000164961
0.000156321
0.000148321
0.000140921
0.000134081
0.000127759
0.000121918
0.000116519
0.000111529
0.00010692
0.000102665
9.87365e-05
9.51093e-05
9.17568e-05
8.86636e-05
8.58069e-05
8.31683e-05
8.07321e-05
7.84858e-05
7.6415e-05
7.45063e-05
7.27461e-05
7.11208e-05
6.96444e-05
6.82972e-05
6.70786e-05
6.59742e-05
6.49504e-05
6.40017e-05
6.31125e-05
6.22776e-05
6.14933e-05
6.07589e-05
6.00762e-05
5.94407e-05
5.88533e-05
5.83075e-05
5.78025e-05
5.73356e-05
5.69017e-05
5.6502e-05
5.61282e-05
5.57747e-05
5.54482e-05
5.5149e-05
5.48751e-05
5.46245e-05
5.43952e-05
5.41855e-05
5.39935e-05
5.38178e-05
5.36569e-05
5.35095e-05
5.33739e-05
5.32451e-05
5.31262e-05
5.30152e-05
5.2911e-05
5.28158e-05
5.27291e-05
5.26502e-05
5.25768e-05
5.25066e-05
5.24426e-05
5.23846e-05
5.2332e-05
5.22844e-05
5.22412e-05
5.22019e-05
5.21841e-05
5.21887e-05
5.21828e-05
5.21725e-05
5.21627e-05
5.21528e-05
5.21422e-05
5.21292e-05
5.21186e-05
5.21367e-05
5.21623e-05
5.21866e-05
5.22006e-05
5.22048e-05
5.22045e-05
5.22002e-05
0.000128533
0.000190641
0.000203413
0.000199826
0.000191219
0.000181446
0.000171798
0.000162702
0.000154248
0.00014645
0.000139253
0.000132604
0.000126448
0.000120751
0.00011548
0.000110597
0.00010608
0.000101947
9.84617e-05
9.55365e-05
9.29475e-05
9.0501e-05
8.8198e-05
8.59533e-05
8.37811e-05
8.1691e-05
7.9686e-05
7.77655e-05
7.59307e-05
7.42323e-05
7.26368e-05
7.11458e-05
6.97528e-05
6.84488e-05
6.72194e-05
6.60901e-05
6.54202e-05
7.03063e-05
0.000256404
0.000287149
0.000271342
0.000254648
0.000239064
0.000224636
0.000211301
0.000198984
0.000187611
0.000177111
0.000167419
0.000158472
0.000150216
0.000142596
0.000135565
0.000129076
0.000123089
0.000117565
0.000112468
0.000107767
0.000103431
9.94319e-05
9.57427e-05
9.23371e-05
8.91936e-05
8.63166e-05
0.000169863
0.000217871
0.000225022
0.00021884
0.000208657
0.000197649
0.000186884
0.000176725
0.000167242
0.000158444
0.000150298
0.000142764
0.000135797
0.000129351
0.000123393
0.000117913
0.000112866
0.000108208
0.000103904
9.992e-05
9.62378e-05
9.28351e-05
8.96909e-05
8.6781e-05
8.40904e-05
8.1605e-05
7.93094e-05
7.71893e-05
7.52312e-05
7.3423e-05
7.17508e-05
7.02032e-05
6.8771e-05
6.74488e-05
6.62287e-05
6.51031e-05
6.40644e-05
6.31029e-05
6.22144e-05
0.000146598
0.000200956
0.000210682
0.000205745
0.0001964
0.000186128
0.00017608
0.00016661
0.000157801
0.000149647

