5e-05
5.02669e-05
5.04842e-05
5.06602e-05
5.08034e-05
5.09206e-05
5.10168e-05
5.10963e-05
5.12001e-05
5.13961e-05
5.16103e-05
5.18076e-05
5.1974e-05
5.21083e-05
5.22106e-05
5.23306e-05
5.24618e-05
5.2574e-05
5.26589e-05
5.27008e-05
0.000147335
0.000195698
0.000203859
0.000198789
0.000189752
0.00017991
0.00017031
0.000161272
0.000152867
0.000145075
0.000137895
0.000131311
0.000125258
0.00011967
0.000136395
0.000225911
0.000245624
0.000242144
0.000231465
0.000219028
0.000206658
0.000194931
0.000183999
0.000173869
0.000164502
0.000155845
0.00014785
0.000140472
0.0001337
0.000127486
0.000121727
0.000116391
0.000111474
0.000106978
0.000102854
9.90364e-05
9.54965e-05
9.22168e-05
8.91739e-05
8.63535e-05
8.37158e-05
8.12672e-05
7.90049e-05
7.69144e-05
7.49805e-05
7.31919e-05
7.15353e-05
7.00052e-05
6.85879e-05
6.72772e-05
6.60688e-05
6.49526e-05
6.39236e-05
6.29732e-05
6.20979e-05
6.12881e-05
6.05369e-05
5.98454e-05
5.92098e-05
5.86224e-05
5.80815e-05
5.75813e-05
5.71117e-05
5.66746e-05
5.62708e-05
5.59001e-05
5.55604e-05
5.52434e-05
5.49471e-05
5.4676e-05
5.44265e-05
5.41954e-05
5.39805e-05
5.37825e-05
5.36003e-05
5.34331e-05
5.32808e-05
5.31435e-05
5.30171e-05
5.29021e-05
5.27989e-05
5.27062e-05
5.26231e-05
5.25573e-05
5.25257e-05
5.25073e-05
5.24937e-05
5.24745e-05
5.24446e-05
5.24082e-05
5.23667e-05
5.23267e-05
5.22863e-05
5.22499e-05
5.22451e-05
5.22486e-05
5.22506e-05
5.22519e-05
5.22512e-05
5.22476e-05
5.22398e-05
5.22228e-05
5.21985e-05
5.21806e-05
5.21813e-05
5.21731e-05
5.21622e-05
5.21421e-05
5.21167e-05
5.211e-05
5.24259e-05
5.31123e-05
5.41136e-05
6.03816e-05
0.000241798
0.000262092
0.00024739
0.000232471
0.000218567
0.000205698
0.000193807
0.000182824
0.000172685
0.000163325
0.000154686
0.000146712
0.000139353
0.000132572
0.000126321
0.000120554
0.000115233
0.000110314
0.000105771
0.000101578
9.77086e-05
0.000207884
0.0002403
0.000241058
0.000231722
0.000219656
0.000207348
0.000283168
0.000315087
0.000311945
0.000297814
0.000360327
0.000381235
0.000371264
0.000351991
0.000330723
0.000309889
0.000290243
0.000271962
0.000255039
0.000239398
0.000224954
0.000211619
0.00019931
0.000187948
0.00017746
0.000167777
0.000158836
0.000150581
0.000142961
0.000135928
0.000129432
0.00012343
0.000117888
0.000112792
0.000108097
0.000103909
0.000146936
0.000215187
0.000229131
0.000225047
0.000215321
0.000204199
0.000193151
0.000182619
0.000172759
0.000163585
0.000250085
0.000277202
0.000274501
0.000262429
0.000247967
0.00023347
0.00021969
0.000206832
0.000195171
0.000284609
0.000303166
0.000296364
0.000281852
0.000265636
0.000249707
0.000234674
0.000220676
0.000207711
0.00019573
0.000184665
0.000174443
0.000165002
0.000156282
0.000148231
0.000140801
0.000133942
0.000127612
0.00015716
0.000235461
0.000251049
0.000245937
0.000234505
0.000221665
0.000209028
0.000197092
0.000185972
0.000175665
0.000166131
0.000157323
0.000149189
0.00014168
0.000134772
0.000128409
0.000122533
0.000117137
0.00011217
0.000107579
0.000103324
9.96309e-05

