5e-05
5.02669e-05
5.04842e-05
5.06602e-05
5.08034e-05
5.09206e-05
5.10168e-05
5.10963e-05
5.11623e-05
5.12174e-05
5.12636e-05
5.13026e-05
0.000153503
0.000196441
0.000202763
0.000197179
0.000188135
0.000178457
0.00016906
0.00016021
0.000151952
0.000144291
0.000137205
0.000130647
0.000124587
0.000118991
0.000113824
0.000109053
0.000104647
0.000100562
9.67802e-05
9.3288e-05
9.00666e-05
8.70957e-05
8.43561e-05
8.18298e-05
7.95003e-05
7.73522e-05
7.53715e-05
7.35451e-05
7.18608e-05
7.03076e-05
6.88752e-05
6.75527e-05
6.63296e-05
6.52093e-05
6.4198e-05
6.32729e-05
0.000158023
0.000202672
0.000209287
0.000203478
0.000194001
0.000183827
0.000173941
0.000164645
0.000156002
0.000182283
0.000258174
0.000271906
0.000265172
0.000252261
0.000238036
0.000224111
0.000210984
0.00019877
0.00018746
0.000177011
0.00016736
0.000158449
0.000150226
0.000142675
0.000136029
0.000130193
0.000124908
0.000120096
0.00011563
0.000111392
0.000107363
0.00010367
0.000146307
0.000216281
0.000230703
0.000226438
0.00021638
0.000204961
0.000193677
0.000274123
0.000298899
0.000294375
0.000280749
0.000264903
0.000249144
0.0002342
0.000220263
0.00020735
0.000195411
0.000184383
0.0001742
0.000164799
0.00015612
0.000148107
0.000140708
0.000133874
0.000127562
0.000121733
0.000116348
0.000111377
0.00010679
0.000102555
9.86437e-05
9.50303e-05
9.16957e-05
8.86163e-05
8.5775e-05
8.31802e-05
8.08017e-05
7.86212e-05
7.66367e-05
7.48125e-05
7.31352e-05
7.1627e-05
7.02463e-05
6.89629e-05
6.77427e-05
6.65926e-05
6.55116e-05
6.44975e-05
6.35545e-05
6.26794e-05
6.18853e-05
6.11779e-05
6.05206e-05
5.99009e-05
5.93122e-05
5.87641e-05
5.82641e-05
5.78626e-05
5.74981e-05
5.71464e-05
5.68162e-05
5.65061e-05
5.6213e-05
5.59352e-05
5.56705e-05
5.54895e-05
5.57973e-05
5.63952e-05
5.71447e-05
5.79457e-05
5.88059e-05
6.89401e-05
0.000252301
0.000276874
0.000261662
0.000245698
0.000230785
0.000216977
0.000204217
0.000192432
0.000181552
0.000171508
0.000162238
0.000153682
0.000145785
0.000138496
0.00013177
0.000125564
0.000119838
0.000114554
0.000109681
0.000105186
0.00010104
9.72124e-05
9.36819e-05
9.04255e-05
8.74217e-05
8.4651e-05
8.21468e-05
8.01411e-05
7.84955e-05
7.69674e-05
7.54911e-05
7.40717e-05
7.26932e-05
7.13529e-05
7.00559e-05
6.88092e-05
6.76059e-05
6.6463e-05
6.53793e-05
6.43639e-05
6.34163e-05
6.25311e-05
6.16989e-05
6.09223e-05
6.02032e-05
5.95349e-05
5.89279e-05
5.83833e-05
5.78783e-05
5.74088e-05
5.69706e-05
5.6561e-05
5.61816e-05
5.5831e-05
5.55033e-05
6.81177e-05
0.000176454
0.000204777
0.000206045
0.000198652
0.000188881
0.000178848
0.000169236
0.00016024
0.000151895
0.000144174
0.000137041
0.000130456
0.000124379
0.000118782
0.000113851
0.000109462
0.00010548
0.000101812
9.83867e-05
9.515e-05
9.20699e-05
8.91505e-05
8.64111e-05
8.38516e-05
8.1465e-05
7.92431e-05
7.71773e-05
7.52588e-05
7.34788e-05
7.18251e-05
7.02848e-05
6.88529e-05
6.75262e-05
6.62946e-05
6.5157e-05
6.4104e-05
6.31323e-05
6.22365e-05
6.14107e-05
6.06431e-05
5.99318e-05
5.92767e-05

