5e-05
5.02669e-05
5.04842e-05
5.06602e-05
5.08034e-05
5.09206e-05
5.10168e-05
5.1098e-05
5.11951e-05
5.12939e-05
5.13916e-05
5.15126e-05
5.16466e-05
5.17928e-05
5.18877e-05
5.20111e-05
5.21414e-05
5.22571e-05
5.23508e-05
5.24068e-05
5.24017e-05
5.23699e-05
5.23353e-05
5.2292e-05
5.22447e-05
5.21977e-05
5.21546e-05
5.21144e-05
5.20745e-05
5.20349e-05
5.19993e-05
5.19657e-05
5.19346e-05
5.19074e-05
5.18807e-05
5.18576e-05
5.18383e-05
5.18224e-05
5.18092e-05
5.17949e-05
5.17825e-05
5.17689e-05
5.17549e-05
5.17511e-05
5.17748e-05
5.1807e-05
5.18405e-05
5.18711e-05
5.18908e-05
5.19057e-05
5.19174e-05
5.19258e-05
5.19166e-05
5.1903e-05
5.18902e-05
5.18787e-05
5.18686e-05
5.18562e-05
5.18433e-05
5.18318e-05
0.000132612
0.000192372
0.000203919
0.000200026
0.00019171
0.000182455
0.000173301
0.00016462
0.000156481
0.000148872
0.000141765
0.000135134
0.000128954
0.000123201
0.000117846
0.000112864
0.000108244
0.000103969
0.000100355
9.76799e-05
0.000207085
0.000314649
0.000302838
0.000283974
0.000266168
0.000306534
0.000366126
0.000369254
0.000354217
0.000334148
0.000313494
0.000293696
0.00027517
0.000257985
0.000242093
0.000227417
0.000213869
0.000201365
0.000189826
0.000179176
0.000169348
0.000160278
0.000151905
0.000144193
0.000137095
0.000130549
0.000124502
0.000118919
0.000113764
0.000109003
0.000104607
0.000100546
0.000169119
0.000227918
0.000237748
0.000231483
0.000220411
0.000208372
0.000196634
0.000185585
0.000175312
0.000165805
0.00015704
0.000148963
0.000141511
0.000134626
0.000128267
0.000122389
0.00011696
0.000111946
0.000107315
0.000103039
9.911e-05
9.54987e-05
9.21623e-05
8.90791e-05
8.62245e-05
8.35855e-05
8.1142e-05
7.88777e-05
7.67937e-05
7.48941e-05
7.31461e-05
7.15233e-05
7.00171e-05
6.86219e-05
6.73355e-05
6.61604e-05
6.50728e-05
6.40634e-05
6.31196e-05
6.22402e-05
6.1422e-05
6.06649e-05
5.99633e-05
5.93158e-05
5.87134e-05
0.000125587
0.000194132
0.000208187
0.000204836
0.000196397
0.000186773
0.000177183
0.000167987
0.00015931
0.000151226
0.000143722
0.000136765
0.000130319
0.00012435
0.00011882
0.000113699
0.000108964
0.000104582
0.000100526
9.67737e-05
9.33037e-05
9.00965e-05
8.71355e-05
8.44039e-05
8.19077e-05
7.9618e-05
7.7508e-05
7.556e-05
7.37594e-05
7.20939e-05
7.05534e-05
6.91453e-05
6.78465e-05
6.66442e-05
6.55266e-05
6.44918e-05
6.35337e-05
6.26458e-05
6.18179e-05
6.10502e-05
6.03395e-05
5.96777e-05
5.90644e-05
5.85023e-05
5.80049e-05
5.75546e-05
5.7139e-05
5.67462e-05
5.63748e-05
5.60347e-05
5.57413e-05
5.54759e-05
5.5231e-05
5.49993e-05
5.47666e-05
5.45433e-05
5.4335e-05
5.41412e-05
5.39588e-05
5.38044e-05
5.3675e-05
5.35596e-05
5.34532e-05
5.33528e-05
5.32516e-05
5.31521e-05
5.30522e-05
5.2957e-05
5.28631e-05
5.27744e-05
5.2692e-05
5.26126e-05
5.25369e-05
5.24671e-05
5.2403e-05
5.23429e-05
5.22845e-05
5.2231e-05
5.21824e-05
5.21383e-05
5.20982e-05
5.20672e-05
5.20548e-05
5.2045e-05
0.000127654
0.00019037
0.000203311
0.000199787
0.000191207
0.000181454
0.000171815
0.000162694
0.000154196

