5e-05
5.02631e-05
5.04691e-05
5.06301e-05
5.07572e-05
5.08582e-05
5.09394e-05
5.10052e-05
5.10589e-05
5.11033e-05
5.11402e-05
5.11713e-05
5.11977e-05
5.12132e-05
5.12233e-05
5.12328e-05
5.12421e-05
5.12517e-05
5.12614e-05
5.12679e-05
5.12689e-05
5.12683e-05
5.12649e-05
5.12518e-05
5.12369e-05
5.1225e-05
5.12176e-05
5.12144e-05
5.12149e-05
5.12155e-05
5.12155e-05
5.12179e-05
5.12225e-05
5.12268e-05
5.12316e-05
5.12386e-05
5.12477e-05
5.12586e-05
5.12707e-05
5.12812e-05
5.12921e-05
5.1367e-05
5.17524e-05
5.23343e-05
5.29808e-05
5.35925e-05
5.40461e-05
5.43346e-05
5.44985e-05
5.45606e-05
5.4546e-05
5.44543e-05
0.000102003
0.00018493
0.000204636
0.000203191
0.000195089
0.000185274
0.000175406
0.000166017
0.000157249
0.000149122
0.000141611
0.000134675
0.000128273
0.000122364
0.000116909
0.000111875
0.000107227
0.000102939
9.89819e-05
9.53311e-05
9.19619e-05
8.88503e-05
8.59783e-05
8.33255e-05
8.08774e-05
7.86359e-05
7.65836e-05
7.46945e-05
7.29505e-05
7.1333e-05
6.98327e-05
6.84455e-05
6.7161e-05
6.59671e-05
6.50407e-05
6.45102e-05
6.40866e-05
6.36631e-05
6.32298e-05
6.27583e-05
6.22423e-05
6.16849e-05
6.10918e-05
6.04995e-05
5.99203e-05
5.93613e-05
5.8827e-05
5.83197e-05
5.78408e-05
5.73864e-05
5.69581e-05
5.65585e-05
5.61846e-05
5.58343e-05
5.55173e-05
5.54568e-05
5.56032e-05
5.58058e-05
5.59919e-05
5.61094e-05
5.614e-05
5.6089e-05
5.59729e-05
5.58106e-05
5.56182e-05
5.54075e-05
5.52069e-05
5.50157e-05
5.48196e-05
5.46211e-05
5.44223e-05
5.42293e-05
5.40466e-05
5.38747e-05
5.37133e-05
5.3552e-05
5.33979e-05
5.32559e-05
5.31256e-05
5.30062e-05
5.2897e-05
5.27945e-05
5.26978e-05
5.26083e-05
5.25511e-05
5.25125e-05
5.24884e-05
5.25222e-05
5.25661e-05
5.25969e-05
5.26165e-05
5.26173e-05
5.26049e-05
5.25921e-05
5.2598e-05
5.25971e-05
5.25725e-05
5.25351e-05
5.24953e-05
5.24496e-05
5.24027e-05
5.23658e-05
5.2333e-05
5.2302e-05
5.22624e-05
5.22202e-05
5.21778e-05
5.21367e-05
5.20988e-05
5.20638e-05
5.20278e-05
5.19843e-05
5.19368e-05
5.18915e-05
5.18501e-05
5.18129e-05
5.1777e-05
5.17442e-05
5.17141e-05
5.16867e-05
5.16623e-05
5.16415e-05
5.16201e-05
5.15987e-05
5.15811e-05
5.15672e-05
5.15568e-05
5.15491e-05
5.15408e-05
5.15341e-05
5.15295e-05
5.15268e-05
5.15206e-05
5.15134e-05
5.15053e-05
5.14981e-05
5.14905e-05
5.14848e-05
5.14806e-05
5.14735e-05
5.14674e-05
5.14615e-05
5.14562e-05
5.14519e-05
5.14475e-05
5.14448e-05
5.1444e-05
5.14447e-05
5.14466e-05
5.14495e-05
5.1453e-05
5.14564e-05
5.14557e-05
5.14506e-05
5.1446e-05
5.14405e-05
5.14366e-05
5.1513e-05
5.18939e-05
5.24182e-05
5.28703e-05
5.32178e-05
5.34448e-05
5.35891e-05
5.36607e-05
5.36541e-05
5.35992e-05
5.35148e-05
5.34072e-05
5.32926e-05
5.31795e-05
5.307e-05
5.29614e-05
5.28509e-05
5.27455e-05
5.2648e-05
5.25583e-05
0.000151242
0.000197698
0.000205085
0.000199684
0.000190492
0.00018056
0.000170893
0.000161799
0.00015336
0.000145567
0.000138372
0.000131727
0.000125587
0.000119911
0.000114662
0.000109813
0.000105337
0.000101204
9.73861e-05
9.38607e-05
9.06065e-05

