5e-05
5.02631e-05
5.04691e-05
5.06301e-05
5.07572e-05
5.08582e-05
5.09394e-05
5.10052e-05
5.10589e-05
5.11033e-05
5.11402e-05
5.11728e-05
5.13086e-05
5.15961e-05
5.18625e-05
5.21283e-05
5.23666e-05
5.25368e-05
5.26485e-05
5.26847e-05
0.000123263
0.000189969
0.000204236
0.000201098
0.000192548
0.000182708
0.000172957
0.000163727
0.000155128
0.000147159
0.000139791
0.000132986
0.000126704
0.000120907
0.000115553
0.000110623
0.00010631
0.000102543
9.91594e-05
9.60018e-05
9.30038e-05
9.01806e-05
8.75064e-05
8.4962e-05
8.25677e-05
8.03222e-05
7.82213e-05
7.6248e-05
7.44009e-05
7.26773e-05
7.10558e-05
6.95508e-05
6.81553e-05
6.68642e-05
6.5672e-05
6.45721e-05
6.35575e-05
6.26201e-05
6.17548e-05
6.09551e-05
6.0212e-05
5.95236e-05
5.88898e-05
5.83195e-05
5.78132e-05
5.73549e-05
5.69366e-05
5.65512e-05
5.61894e-05
5.58471e-05
5.55284e-05
5.52293e-05
5.49491e-05
5.46881e-05
5.44434e-05
5.42174e-05
5.40023e-05
5.38014e-05
5.36176e-05
5.34475e-05
5.32924e-05
5.31498e-05
5.30124e-05
5.28842e-05
5.2767e-05
5.26566e-05
5.25567e-05
5.2466e-05
5.23816e-05
5.23047e-05
5.22362e-05
5.21754e-05
5.21215e-05
0.000132159
0.000192518
0.000204522
0.000200596
0.000191855
0.000182029
0.000172352
0.000163215
0.000154749
0.000146957
0.000139765
0.000133116
0.000126985
0.000121342
0.000116105
0.000111248
0.000106749
0.000102582
9.87231e-05
9.51498e-05
9.18357e-05
8.87615e-05
8.59139e-05
0.000113764
0.000203799
0.000224745
0.000222663
0.000213371
0.000202254
0.000191117
0.000180555
0.000261469
0.00029137
0.000288741
0.000275981
0.000260637
0.000245273
0.000230679
0.000217055
0.000204404
0.000192697
0.000181909
0.000171952
0.000162747
0.000154245
0.000146393
0.000139151
0.000132484
0.000126331
0.000120649
0.000115392
0.00011052
0.000185116
0.000233769
0.000240092
0.000232628
0.000221126
0.00028594
0.000319361
0.000316392
0.000302094
0.000321723
0.000371384
0.000371042
0.000354827
0.000334381
0.000313622
0.000293809
0.000275291
0.000258118
0.000242236
0.000227565
0.000214019
0.000201515
0.000189975
0.000179325
0.000169495
0.000160421
0.000152045
0.000144315
0.000137181
0.000130596
0.000124514
0.000118898
0.000113714
0.000108931
0.000104517
0.000100442
9.66725e-05
9.31869e-05
8.99673e-05
8.6995e-05
8.42532e-05
8.17246e-05
7.93943e-05
7.7268e-05
7.53191e-05
0.000146544
0.000205899
0.000217009
0.000212202
0.000202576
0.000191898
0.000181425
0.000171546
0.000263679
0.000286125
0.000281422
0.000268354
0.000344673
0.000356974
0.000345505
0.000327056
0.000307312
0.000288151
0.000270133
0.000253381
0.000237874
0.000223545
0.000244961
0.000308558
0.000315792
0.000304753
0.000288469
0.00027134
0.000254805
0.000267434
0.00033072
0.000336719
0.000324227
0.000306612
0.000372788
0.000379573
0.000365493
0.000345487
0.000324524
0.00030424
0.000285172
0.000267428
0.000250979
0.000235755
0.000221662
0.000208629
0.000196592
0.000185499
0.000175258
0.000165791
0.000157042
0.000148953
0.000141473
0.000134563
0.000128183
0.000122293
0.000116865
0.00011188
0.000107281
0.000103027

