5e-05
5.02669e-05
5.04842e-05
5.06602e-05
5.08034e-05
5.09206e-05
5.10168e-05
5.10963e-05
5.11623e-05
5.12174e-05
5.12636e-05
5.13026e-05
5.1338e-05
5.1391e-05
5.14557e-05
5.15345e-05
5.16461e-05
5.17599e-05
5.18622e-05
5.19399e-05
5.19775e-05
5.19921e-05
5.19993e-05
5.19914e-05
5.19784e-05
5.19645e-05
5.19505e-05
5.19368e-05
5.1922e-05
0.00012775
0.00019154
0.000204736
0.00020119
0.00019251
0.00018264
0.000172893
0.000163677
0.000155097
0.000147153
0.000139812
0.000133035
0.000126779
0.000121005
0.000115674
0.000110752
0.000203868
0.000239837
0.000241781
0.000232836
0.000220896
0.000208608
0.000196821
0.000185774
0.000175515
0.00016602
0.000157248
0.000149144
0.00014166
0.000134746
0.000128359
0.000122455
0.000117001
0.000111965
0.000107317
0.000103026
9.90627e-05
9.54018e-05
9.2024e-05
8.89053e-05
8.60261e-05
8.33708e-05
8.09594e-05
7.90584e-05
7.76024e-05
7.63611e-05
7.52817e-05
7.42611e-05
7.3204e-05
7.21102e-05
7.11281e-05
7.02919e-05
6.94019e-05
6.83709e-05
6.7316e-05
6.62843e-05
6.5297e-05
6.43698e-05
6.35253e-05
6.27089e-05
6.19402e-05
6.12202e-05
6.05391e-05
5.99332e-05
0.000172504
0.000204754
0.000207301
0.000200278
0.000190567
0.00018049
0.000170806
0.000161733
0.000153313
0.000145522
0.00013832
0.000131668
0.000125523
0.000119847
0.000114607
0.000109772
0.000105307
0.000101184
9.73757e-05
9.38609e-05
9.0615e-05
8.762e-05
8.48833e-05
8.23739e-05
8.00726e-05
7.79764e-05
7.60492e-05
7.42769e-05
7.26809e-05
7.12191e-05
6.98609e-05
6.85717e-05
6.73579e-05
6.6218e-05
6.51496e-05
6.41565e-05
6.32351e-05
6.23983e-05
6.16514e-05
6.09577e-05
6.03045e-05
5.96847e-05
5.9108e-05
5.85815e-05
5.81556e-05
5.77686e-05
5.73961e-05
5.70467e-05
5.67189e-05
5.64095e-05
5.61165e-05
5.58379e-05
5.5644e-05
5.59399e-05
5.65268e-05
5.72662e-05
5.80579e-05
5.89095e-05
6.90357e-05
0.00025239
0.000276955
0.000261737
0.000245767
0.000230849
0.000217037
0.000204272
0.000192483
0.000181599
0.000171551
0.000162278
0.000153719
0.000145819
0.000138527
0.000131799
0.000125591
0.000119862
0.000114577
0.000109702
0.000105205
0.000158538
0.000232131
0.000246367
0.000241047
0.00022979
0.000217218
0.00020491
0.000193595
0.00018327
0.000173702
0.000164793
0.00015651
0.000148794
0.000141603
0.000134905
0.000128672
0.000122867
0.000117475
0.000112469
0.000107834
0.000103544
9.95735e-05
9.58934e-05
9.24877e-05
8.93417e-05
8.64332e-05
8.37581e-05
8.13045e-05
7.90372e-05
7.6941e-05
7.50011e-05
7.32052e-05
7.15461e-05
7.00142e-05
6.85961e-05
6.72825e-05
6.60668e-05
6.4944e-05
6.39072e-05
6.29486e-05
6.20646e-05
6.12498e-05
6.04964e-05
5.97972e-05
5.91527e-05
5.8555e-05
5.80022e-05
5.74934e-05
5.70252e-05
5.66071e-05
5.64561e-05
5.64795e-05
5.65715e-05
5.66633e-05
5.67093e-05
5.6677e-05
5.65548e-05
5.6366e-05
5.61471e-05
5.59145e-05
5.56757e-05
5.54366e-05
5.52012e-05
5.49723e-05
5.47519e-05
5.4538e-05
5.43268e-05
5.41219e-05
0.000159366
0.000200071
0.000205511
0.000199474
0.000190093
0.000180123
0.00017047
0.000161399
0.000152969
0.000145171

