5e-05
5.02631e-05
5.04691e-05
5.06301e-05
5.07572e-05
5.08582e-05
5.09394e-05
5.10052e-05
5.10589e-05
5.11033e-05
5.11402e-05
5.11713e-05
5.11979e-05
5.12174e-05
5.12251e-05
5.12313e-05
5.12377e-05
5.12449e-05
5.12527e-05
5.12613e-05
5.12704e-05
5.12802e-05
5.12903e-05
5.13008e-05
5.13106e-05
5.13182e-05
5.13262e-05
5.13347e-05
0.000129982
0.000191757
0.000204066
0.000200308
0.000192016
0.000182754
0.000173631
0.000164953
0.000156778
0.000149104
0.000141918
0.000135205
0.000128948
0.000123128
0.000117723
0.000112703
0.000108049
0.00010374
9.9754e-05
9.60656e-05
9.26485e-05
8.94907e-05
8.65731e-05
8.38762e-05
8.13811e-05
7.90733e-05
7.6944e-05
7.49795e-05
7.31654e-05
7.14908e-05
6.9945e-05
6.85174e-05
6.72011e-05
6.59882e-05
6.48706e-05
6.38557e-05
6.31919e-05
6.28622e-05
6.27008e-05
6.25871e-05
6.24344e-05
6.21922e-05
6.18479e-05
6.14356e-05
0.000101223
0.0002691
0.000272561
0.000256274
0.000240574
0.000226008
0.00021254
0.000200097
0.000188607
0.000178041
0.000168368
0.000159435
0.00015116
0.000143491
0.000136389
0.000129818
0.000123742
0.000118126
0.000112937
0.000108144
0.000103718
9.96303e-05
9.58562e-05
9.23716e-05
8.91546e-05
8.61847e-05
8.34433e-05
8.09127e-05
7.85765e-05
7.64203e-05
7.44298e-05
7.25924e-05
7.08963e-05
6.93306e-05
6.78857e-05
6.65519e-05
6.53207e-05
6.41842e-05
6.31354e-05
6.21674e-05
6.12739e-05
6.04492e-05
5.96883e-05
5.8986e-05
5.83376e-05
5.77392e-05
5.71868e-05
5.6677e-05
5.62064e-05
5.57721e-05
5.53717e-05
5.50023e-05
5.46612e-05
5.43464e-05
5.40558e-05
5.37876e-05
5.35403e-05
5.33121e-05
5.31015e-05
5.29336e-05
5.28673e-05
5.28106e-05
8.42178e-05
0.000179764
0.00020358
0.000203463
0.000195773
0.000186047
0.00017615
0.00016669
0.000157841
0.000149629
0.000142032
0.000135013
0.000128529
0.000122543
0.000117016
0.000111913
0.000107202
0.000102853
9.88388e-05
9.5133e-05
9.1712e-05
8.85542e-05
8.56393e-05
8.29486e-05
8.04648e-05
7.81731e-05
7.60676e-05
7.41268e-05
7.23344e-05
7.06778e-05
6.91465e-05
6.77313e-05
6.64234e-05
6.5215e-05
6.40988e-05
6.30678e-05
6.21158e-05
6.12367e-05
6.0425e-05
0.000139673
0.000200947
0.000212833
0.000208432
0.000199079
0.000188624
0.000178347
0.000168645
0.000159615
0.000151254
0.000143527
0.000136391
0.000129803
0.000123721
0.000118107
0.000112924
0.00010814
0.000103725
9.96483e-05
0.000202337
0.00023654
0.000238032
0.000229059
0.000217216
0.000205057
0.000193412
0.000182518
0.000172411
0.000163065
0.000154431
0.000146459
0.0001391
0.000132306
0.000126035
0.000120246
0.000114902
0.000109969
0.000105416
0.000101213
9.73327e-05
9.37514e-05
9.04456e-05
8.73942e-05
8.45776e-05
8.19778e-05
7.9578e-05
0.000115325
0.000203028
0.000223212
0.000220926
0.000211619
0.000200551
0.000189483
0.000247683
0.000295647
0.000298532
0.000286955
0.000271368
0.000255294
0.000239875
0.000225442
0.000212051
0.000199665
0.000188224
0.00017766
0.000167908
0.000158905
0.000150595
0.000142924
0.000135842
0.000129306
0.000123272
0.000117703
0.000112561
0.000107816
0.000103435
9.93912e-05

