5e-05
5.02631e-05
5.04691e-05
5.06301e-05
5.07572e-05
5.08582e-05
5.09394e-05
5.10052e-05
5.10709e-05
5.11502e-05
5.12246e-05
5.12913e-05
5.14058e-05
5.15718e-05
5.17134e-05
5.18378e-05
5.19547e-05
5.20892e-05
5.22057e-05
5.22834e-05
5.2308e-05
5.22948e-05
5.22643e-05
5.22063e-05
5.21434e-05
5.20827e-05
5.20274e-05
5.19778e-05
5.19335e-05
5.18917e-05
5.18523e-05
5.18161e-05
5.17846e-05
5.17541e-05
5.17227e-05
5.17077e-05
5.19443e-05
5.24294e-05
5.30241e-05
5.35309e-05
5.38479e-05
5.4044e-05
5.41271e-05
5.41412e-05
5.41089e-05
5.40434e-05
5.3955e-05
5.38518e-05
5.37398e-05
5.36449e-05
5.3598e-05
5.36152e-05
0.0001221
0.000188288
0.000202519
0.000199489
0.000191146
0.00018154
0.000172006
0.000162954
0.000154469
0.000146586
0.000142132
0.000241724
0.000264788
0.000261369
0.000249701
0.000235999
0.000222343
0.00028837
0.000321259
0.000318101
0.000303649
0.00028634
0.000269029
0.000252811
0.000237857
0.000224078
0.000211295
0.000199429
0.000188412
0.000178152
0.000168605
0.000159744
0.000151536
0.000143991
0.000137506
0.000132162
0.000243587
0.000333954
0.000315809
0.000295591
0.000276797
0.000259422
0.000243374
0.000228554
0.000214872
0.00020224
0.000190579
0.000179813
0.000169875
0.000160701
0.000152232
0.000144414
0.000137197
0.000130535
0.000124386
0.000118708
0.000113468
0.00010863
0.000104164
0.000100041
9.62344e-05
9.2721e-05
8.94779e-05
8.64845e-05
8.37211e-05
8.11704e-05
7.88155e-05
7.66415e-05
7.46343e-05
7.27814e-05
7.10713e-05
6.94928e-05
6.80398e-05
6.67043e-05
6.54712e-05
6.43313e-05
6.32797e-05
6.23155e-05
6.14246e-05
6.05995e-05
5.98352e-05
5.91274e-05
5.84725e-05
5.78672e-05
5.7316e-05
5.68188e-05
5.63626e-05
5.59592e-05
5.55869e-05
5.52356e-05
5.49046e-05
5.46058e-05
5.43386e-05
5.40857e-05
5.38438e-05
5.36236e-05
5.3415e-05
5.32152e-05
5.30263e-05
5.28486e-05
5.26825e-05
5.25352e-05
5.24009e-05
5.22747e-05
5.21556e-05
5.20434e-05
5.19381e-05
5.18397e-05
5.17479e-05
5.16625e-05
5.15832e-05
5.15099e-05
5.14422e-05
0.000159395
0.000201839
0.000207698
0.000201639
0.000192099
0.000181934
0.000172084
0.000162831
0.000154234
0.000146279
0.000138929
0.000132142
0.000125876
0.000120092
0.000114752
0.000109823
0.000105274
0.000101074
9.71973e-05
9.36188e-05
9.03156e-05
8.72664e-05
8.44518e-05
8.18546e-05
7.94675e-05
7.72671e-05
7.52351e-05
7.33572e-05
7.16219e-05
7.00182e-05
6.85364e-05
6.7167e-05
6.59039e-05
6.48334e-05
6.39248e-05
0.000155311
0.000201863
0.000209167
0.000203593
0.000194165
0.000183965
0.000221187
0.000285164
0.000293744
0.000284238
0.000269452
0.00025373
0.000238501
0.000224197
0.000210907
0.000198609
0.000187247
0.000176754
0.000167067
0.000158125
0.00014987
0.000142249
0.000135215
0.000128721
0.000122727
0.000117194
0.000112087
0.000107372
0.00010302
9.90031e-05
9.52947e-05
9.18716e-05
8.87118e-05
8.5795e-05
8.31024e-05
8.06167e-05
7.83224e-05
7.62047e-05
7.42502e-05
7.24462e-05
7.07812e-05
6.92444e-05
6.78257e-05
6.65159e-05
6.5307e-05
6.41913e-05
6.31617e-05
6.22112e-05
6.13338e-05
6.05236e-05

