5e-05
5.02669e-05
5.04842e-05
5.06602e-05
5.08034e-05
5.09206e-05
5.10168e-05
5.10963e-05
5.11623e-05
5.12174e-05
5.12636e-05
5.13049e-05
5.13677e-05
5.14272e-05
5.14686e-05
5.1505e-05
5.1537e-05
5.15614e-05
5.15757e-05
5.15818e-05
5.1578e-05
5.15692e-05
5.15604e-05
5.15471e-05
5.1534e-05
5.1524e-05
5.15173e-05
5.15135e-05
5.15121e-05
5.15095e-05
5.15057e-05
5.15036e-05
5.15034e-05
5.15014e-05
5.14964e-05
5.1492e-05
5.14878e-05
5.14862e-05
5.14873e-05
5.14906e-05
5.14959e-05
5.15028e-05
5.1511e-05
5.16233e-05
5.21004e-05
5.28311e-05
5.37353e-05
5.48235e-05
5.68268e-05
0.000234437
0.000271658
0.000256901
0.000241296
0.000226725
0.000213238
0.000200773
0.000189261
0.000178631
0.000168816
0.000159758
0.000239072
0.000287719
0.000291214
0.000280206
0.000265152
0.000249575
0.000234621
0.000220618
0.000207627
0.000195615
0.00018452
0.000174274
0.000164817
0.00015609
0.000148035
0.000140603
0.000133744
0.000127414
0.000121572
0.000116178
0.000111198
0.000106599
0.000102356
9.84397e-05
9.48259e-05
9.14911e-05
8.84112e-05
8.55676e-05
8.29433e-05
8.05189e-05
7.82814e-05
7.62166e-05
7.43089e-05
7.25485e-05
7.09246e-05
6.94266e-05
6.80418e-05
6.67611e-05
6.5579e-05
6.4489e-05
6.34841e-05
6.25533e-05
6.16923e-05
6.08962e-05
6.01611e-05
5.94825e-05
5.88578e-05
5.82829e-05
5.77537e-05
5.72667e-05
5.6816e-05
5.63969e-05
5.60111e-05
5.56564e-05
5.53276e-05
5.50247e-05
5.47465e-05
5.44899e-05
5.42492e-05
5.40278e-05
5.3825e-05
5.36393e-05
5.34677e-05
5.33088e-05
5.31612e-05
5.30211e-05
5.28909e-05
5.27704e-05
5.26599e-05
5.25598e-05
5.24693e-05
5.23875e-05
5.23136e-05
5.22436e-05
5.21768e-05
5.21164e-05
5.20708e-05
5.20529e-05
5.20434e-05
5.20308e-05
5.20271e-05
5.20478e-05
5.20723e-05
5.20936e-05
5.21088e-05
5.21112e-05
5.20999e-05
5.20836e-05
5.20566e-05
5.20231e-05
5.19908e-05
5.19604e-05
5.19305e-05
5.1897e-05
5.18657e-05
5.18375e-05
5.18122e-05
5.17895e-05
5.17632e-05
5.17353e-05
5.17105e-05
5.1689e-05
5.16669e-05
5.16455e-05
5.16269e-05
5.1609e-05
5.15939e-05
5.15792e-05
5.15624e-05
5.15431e-05
5.1524e-05
5.15059e-05
5.14906e-05
5.14758e-05
5.14628e-05
5.14534e-05
5.14474e-05
5.14443e-05
5.14422e-05
5.14406e-05
5.1441e-05
5.14433e-05
5.14471e-05
5.14521e-05
5.14581e-05
5.14642e-05
5.14675e-05
5.14712e-05
5.14753e-05
5.14771e-05
5.14795e-05
5.14828e-05
5.14869e-05
5.14913e-05
5.14903e-05
5.14851e-05
5.14781e-05
5.14732e-05
5.14704e-05
5.1467e-05
5.14639e-05
5.80033e-05
0.000170976
0.000201459
0.000203568
0.000196564
0.000187021
0.000177155
0.000167686
0.000158818
0.000150588
0.000142977
0.000135944
0.000129445
0.000123442
0.0001179
0.000127436
0.000224168
0.000246292
0.000243494
0.000232918
0.000220405
0.000207908
0.000196046
0.000184986
0.000174739
0.000165266
0.00015653
0.000148477
0.000141046
0.000134189
0.00012786
0.000122014
0.000116614
0.000111626
0.000107019
0.000102764
9.88327e-05
9.52005e-05
9.18419e-05
8.87419e-05
8.58813e-05
8.32375e-05
8.07945e-05
0.000186068
0.000219756
0.000221962
0.000214062
0.000203354
0.000192296

