5e-05
5.02631e-05
5.04691e-05
5.06301e-05
5.07572e-05
5.08582e-05
5.09394e-05
5.10052e-05
5.10589e-05
5.11153e-05
5.11865e-05
5.12544e-05
5.13135e-05
0.000163963
0.000199086
0.000202817
0.000196379
0.000187039
0.00017727
0.000167886
0.000159063
0.000150858
0.000143265
0.000136247
0.000129978
0.000124496
0.000119607
0.000115159
0.000111025
0.000107023
0.00020087
0.000234284
0.000235861
0.000227163
0.000215601
0.000203691
0.000192263
0.000181559
0.000171619
0.00016242
0.000153918
0.000146076
0.00013886
0.00013223
0.000126134
0.000120523
0.000115432
0.00011083
0.000106608
0.00010269
9.90321e-05
9.56047e-05
9.23392e-05
8.92895e-05
8.6457e-05
8.38293e-05
8.13936e-05
7.91355e-05
7.70403e-05
7.51015e-05
7.33079e-05
7.16455e-05
7.01056e-05
6.86823e-05
6.73667e-05
6.61448e-05
6.50118e-05
6.39671e-05
6.30046e-05
6.21183e-05
6.1302e-05
6.0549e-05
5.9853e-05
5.92121e-05
5.8622e-05
5.80787e-05
5.75786e-05
5.71181e-05
5.66939e-05
5.63031e-05
5.5943e-05
5.5611e-05
5.5305e-05
5.50228e-05
5.47624e-05
5.45221e-05
5.43003e-05
5.40955e-05
5.39064e-05
5.37316e-05
5.35701e-05
5.34209e-05
5.32829e-05
5.31532e-05
5.30307e-05
5.29183e-05
5.28466e-05
5.2821e-05
5.281e-05
5.28005e-05
5.27802e-05
5.27487e-05
5.27111e-05
5.26622e-05
5.26103e-05
5.25831e-05
5.25635e-05
5.25344e-05
5.25036e-05
5.24708e-05
5.24358e-05
5.23987e-05
5.23602e-05
5.23208e-05
5.22769e-05
5.22276e-05
5.21796e-05
5.21309e-05
5.20853e-05
5.20415e-05
5.19988e-05
5.19598e-05
5.19245e-05
5.18927e-05
5.18614e-05
5.18321e-05
5.18059e-05
5.17825e-05
5.18961e-05
5.23124e-05
5.28368e-05
5.34349e-05
5.40253e-05
0.000140989
0.000190276
0.000199295
0.000194895
0.000186422
0.000177056
0.000167848
0.000159134
0.000151
0.000143448
0.000136451
0.000129977
0.000124003
0.0001185
0.000113437
0.000108742
0.000104399
0.000100381
9.66629e-05
0.00017925
0.000225715
0.000231772
0.000224635
0.000213663
0.000202037
0.000190789
0.000180418
0.000281499
0.000379546
0.00036168
0.000338227
0.000316211
0.000295833
0.000277001
0.000259607
0.000243544
0.000228712
0.000215019
0.000202384
0.000190799
0.000180131
0.000170263
0.000161125
0.000152666
0.000144841
0.000137608
0.000130925
0.000124751
0.000119049
0.000113784
0.000108922
0.000104433
0.000100288
9.64621e-05
9.29302e-05
8.96697e-05
8.66598e-05
8.38814e-05
8.1317e-05
7.89498e-05
7.67645e-05
7.47472e-05
7.28852e-05
7.11664e-05
6.958e-05
6.81158e-05
6.67641e-05
6.55164e-05
6.43647e-05
6.33017e-05
6.23204e-05
6.14148e-05
6.05788e-05
9.83396e-05
0.000191179
0.00021358
0.000212476
0.000203959
0.000193517
0.000182991
0.000172968
0.000163611
0.000154937
0.000146918
0.000139519
0.00013269
0.000126385
0.000120563
0.000115186
0.000110222
0.000105638
0.000101407
9.75002e-05
9.38934e-05
9.05637e-05
8.74897e-05
8.46518e-05
8.20336e-05
7.96249e-05
7.74025e-05
7.53498e-05
7.34559e-05
7.17147e-05
7.01065e-05
6.8622e-05
6.72585e-05
6.59976e-05
6.48299e-05
6.37479e-05
6.27462e-05
6.18206e-05
6.10488e-05
6.03975e-05
5.97833e-05
5.91839e-05
5.86004e-05
5.80389e-05

