5e-05
5.02631e-05
5.04691e-05
5.06301e-05
5.07572e-05
5.08582e-05
5.09394e-05
5.10052e-05
5.10714e-05
5.11509e-05
5.12253e-05
5.12901e-05
5.13411e-05
5.13695e-05
5.13944e-05
5.14676e-05
5.15574e-05
5.16434e-05
5.17176e-05
0.00015201
0.000196032
0.000202767
0.000197294
0.000188211
0.000178433
0.000168925
0.000159983
0.000151671
0.000143979
0.000136867
0.000130295
0.000124229
0.00011863
0.000113463
0.000108692
0.000104289
0.000100226
9.64777e-05
9.30187e-05
8.9827e-05
8.68818e-05
8.4178e-05
8.16982e-05
7.94096e-05
7.72979e-05
7.5348e-05
7.35423e-05
7.18944e-05
7.04264e-05
6.90926e-05
6.78618e-05
6.67174e-05
6.56431e-05
6.46322e-05
6.3688e-05
6.2807e-05
6.19855e-05
6.12199e-05
6.05019e-05
5.98334e-05
5.92127e-05
5.86328e-05
5.80948e-05
5.7597e-05
5.71335e-05
5.66978e-05
5.62942e-05
5.59225e-05
5.55805e-05
5.52659e-05
5.49765e-05
5.47104e-05
5.44657e-05
5.42407e-05
5.4033e-05
5.38363e-05
5.36529e-05
5.3482e-05
5.33253e-05
5.31822e-05
5.30515e-05
0.000167783
0.000201427
0.000204555
0.000197826
0.000188303
0.000178375
0.000168818
0.000159863
0.000151551
0.000234623
0.000270523
0.000270883
0.000259932
0.000245936
0.000231681
0.000218063
0.000205336
0.000193563
0.000182715
0.000172708
0.000163473
0.000154943
0.00014706
0.000139768
0.000133029
0.000126802
0.000121049
0.000115733
0.000110821
0.000106284
0.000102092
9.82192e-05
9.46378e-05
9.133e-05
8.82756e-05
8.54553e-05
8.28512e-05
8.0447e-05
7.82274e-05
7.61781e-05
7.42863e-05
7.25397e-05
7.09274e-05
6.9439e-05
6.80649e-05
6.67964e-05
6.56255e-05
6.45445e-05
6.35437e-05
6.26186e-05
6.17649e-05
6.09772e-05
6.02505e-05
0.000172114
0.000205601
0.000208465
0.000201458
0.000191669
0.000181484
0.000171705
0.000162557
0.00015409
0.000146591
0.000202206
0.000349003
0.000340032
0.000318354
0.000297922
0.000279
0.000261494
0.000245314
0.000230376
0.000216581
0.00020384
0.000192072
0.000181208
0.000171184
0.000161927
0.000153378
0.000145482
0.00013819
0.00013423
0.000243361
0.000269489
0.000266757
0.000254989
0.000240942
0.000226878
0.000213519
0.000201057
0.000189507
0.000178831
0.00016897
0.000159873
0.000151477
0.000143725
0.000136567
0.000129958
0.000123856
0.000118222
0.00011302
0.000108217
0.000103784
9.96906e-05
9.59121e-05
9.2424e-05
8.9204e-05
8.62317e-05
8.34884e-05
8.09563e-05
7.8619e-05
7.64613e-05
7.44694e-05
7.2631e-05
7.09339e-05
6.93672e-05
6.7921e-05
6.65861e-05
6.5354e-05
6.42169e-05
6.31672e-05
6.21983e-05
6.13039e-05
6.04786e-05
5.97169e-05
5.90142e-05
5.83658e-05
5.77671e-05
5.72145e-05
5.67044e-05
5.62336e-05
5.57992e-05
5.53984e-05
5.50284e-05
5.4687e-05
5.4372e-05
5.40814e-05
5.38133e-05
5.3566e-05
5.33379e-05
5.31275e-05
5.29334e-05
5.27545e-05
5.25971e-05
5.24562e-05
5.23257e-05
5.22037e-05
5.20892e-05
5.1982e-05
5.18816e-05
5.1788e-05
5.17009e-05
5.16201e-05
5.15504e-05
5.14933e-05
5.14406e-05
5.13962e-05
5.13619e-05
5.13276e-05
5.12918e-05
5.12551e-05
5.12184e-05
5.11822e-05
5.1147e-05
5.11133e-05
5.10813e-05
5.10511e-05
5.10228e-05
5.09963e-05

