5e-05
5.02669e-05
5.04842e-05
5.06602e-05
5.08034e-05
5.09206e-05
5.10168e-05
5.10963e-05
5.11623e-05
5.12174e-05
5.12636e-05
5.13049e-05
5.13677e-05
5.14272e-05
5.14686e-05
5.1505e-05
5.1537e-05
5.15614e-05
5.15757e-05
5.15818e-05
5.1578e-05
5.15692e-05
5.15604e-05
5.15471e-05
5.1534e-05
5.1524e-05
5.15173e-05
5.15135e-05
5.15121e-05
5.15095e-05
5.15057e-05
5.15036e-05
5.15034e-05
5.15014e-05
5.14964e-05
5.1492e-05
5.14878e-05
5.14862e-05
5.14873e-05
5.14906e-05
5.14959e-05
5.15028e-05
5.1511e-05
5.16233e-05
5.21004e-05
5.28311e-05
5.37353e-05
5.48235e-05
5.68268e-05
0.000234437
0.000271658
0.000256901
0.000296525
0.000359832
0.000364601
0.000350345
0.000330729
0.000310391
0.00029085
0.000272547
0.00025556
0.000239847
0.000225332
0.000211932
0.000199563
0.000188147
0.000233651
0.000296104
0.000303565
0.000293202
0.000277708
0.000261366
0.00024558
0.00023077
0.000217018
0.000204296
0.000192545
0.000181696
0.000171681
0.000162436
0.000153899
0.000146017
0.000138743
0.000132029
0.000125833
0.000120114
0.000114834
0.000109959
0.000105459
0.000101304
9.74682e-05
9.39282e-05
9.06588e-05
8.76414e-05
8.48571e-05
8.22879e-05
9.49521e-05
0.000196925
0.000222097
0.000221482
0.000212709
0.000201788
0.000190732
0.000180191
0.000170344
0.000161215
0.000152776
0.000144983
0.000137789
0.000131148
0.000125018
0.000119355
0.000114129
0.000109306
0.000104852
0.000100742
9.69485e-05
9.34472e-05
9.02114e-05
8.72251e-05
8.44699e-05
8.19282e-05
7.95816e-05
7.7415e-05
7.5414e-05
7.3563e-05
7.18535e-05
7.02751e-05
6.88188e-05
6.74763e-05
6.6239e-05
6.50986e-05
6.40474e-05
6.30752e-05
6.21756e-05
6.13465e-05
6.05913e-05
5.99183e-05
5.9304e-05
5.87332e-05
5.82142e-05
5.77592e-05
5.73446e-05
5.69605e-05
5.66015e-05
5.62586e-05
5.59283e-05
5.56177e-05
5.5319e-05
5.50347e-05
5.47709e-05
5.45267e-05
5.42995e-05
5.40839e-05
5.38844e-05
5.3701e-05
5.35324e-05
5.33775e-05
5.32291e-05
5.30885e-05
5.29597e-05
9.68962e-05
0.000183298
0.000204096
0.000203
0.000195008
0.000185228
0.000175372
0.000259891
0.000289925
0.000302957
0.000369064
0.000374049
0.000359359
0.000339158
0.000318227
0.000298122
0.000279295
0.000261824
0.000245664
0.000230738
0.000216957
0.000204236
0.000192495
0.000181657
0.000171653
0.000162416
0.000153889
0.000146019
0.000138752
0.000132044
0.000125853
0.00012014
0.000114866
0.000109992
0.000105489
0.00010133
9.74925e-05
9.39516e-05
9.06821e-05
8.7664e-05
8.48776e-05
8.2304e-05
7.99263e-05
7.77333e-05
7.57109e-05
7.38461e-05
7.21264e-05
7.05406e-05
6.90757e-05
6.77237e-05
6.64756e-05
6.53214e-05
6.42509e-05
6.32604e-05
6.23456e-05
6.15031e-05
6.07252e-05
6.00081e-05
5.93456e-05
5.87356e-05
5.81721e-05
5.76511e-05
5.71708e-05
5.67296e-05
5.6323e-05
5.59474e-05
5.56133e-05
5.53189e-05
5.50498e-05
5.48044e-05
5.45791e-05
5.43666e-05
5.41678e-05
5.39814e-05
5.38055e-05
5.36424e-05
5.34875e-05
5.33416e-05
5.32013e-05
5.30721e-05
8.23056e-05
0.00017889
0.000203161
0.000203225
0.000195591
0.000185897
0.000176039
0.000166627
0.000157833

