5e-05
5.02631e-05
5.04691e-05
5.06301e-05
5.07572e-05
5.08582e-05
5.09394e-05
5.10093e-05
5.10945e-05
5.12192e-05
5.13914e-05
5.15577e-05
5.1698e-05
5.18291e-05
5.19884e-05
5.21653e-05
5.23197e-05
5.24384e-05
5.25182e-05
5.25351e-05
5.24965e-05
5.24447e-05
5.23819e-05
5.23021e-05
5.2373e-05
5.26361e-05
5.29786e-05
5.33204e-05
5.35652e-05
5.36672e-05
5.37815e-05
5.38937e-05
5.39701e-05
5.39842e-05
5.39573e-05
5.39029e-05
5.38284e-05
5.37398e-05
5.36423e-05
5.35397e-05
5.34352e-05
5.33306e-05
5.32224e-05
5.31159e-05
5.30063e-05
5.29114e-05
5.28493e-05
5.28016e-05
5.30352e-05
5.37775e-05
5.47319e-05
5.5568e-05
5.59881e-05
5.61207e-05
5.61265e-05
5.60366e-05
5.58675e-05
5.56647e-05
5.54456e-05
0.000139375
0.000195659
0.000206352
0.000201943
0.000192952
0.000182958
0.000173146
0.000163888
0.000155271
0.00014729
0.000139913
0.000133102
0.000126817
0.000121018
0.000115666
0.000110727
0.000106169
0.000101964
9.80834e-05
9.44969e-05
9.11829e-05
8.81226e-05
8.52964e-05
8.26843e-05
8.02723e-05
7.80452e-05
7.59916e-05
7.4097e-05
7.23485e-05
7.07337e-05
6.92422e-05
6.78636e-05
6.65884e-05
6.5411e-05
6.43248e-05
6.33222e-05
6.23983e-05
6.15685e-05
6.08196e-05
6.0135e-05
5.95059e-05
5.89254e-05
5.83864e-05
5.78802e-05
5.74077e-05
5.69693e-05
5.65646e-05
5.62098e-05
5.58847e-05
5.55765e-05
5.52839e-05
5.50131e-05
5.47624e-05
5.45288e-05
5.43055e-05
5.40968e-05
5.39009e-05
0.000109437
0.000187199
0.000205056
0.000202977
0.000194674
0.000184814
0.000174953
0.000165584
0.000156845
0.000148749
0.000141265
0.000134355
0.000127976
0.000122087
0.000116653
0.000111637
0.000107007
0.000102735
9.88122e-05
9.52195e-05
9.19312e-05
8.89036e-05
8.6095e-05
8.3517e-05
8.11362e-05
7.89421e-05
7.69435e-05
7.51008e-05
7.33909e-05
7.17978e-05
7.02901e-05
6.89329e-05
6.7694e-05
6.65121e-05
6.53983e-05
6.43592e-05
6.34006e-05
6.25235e-05
6.17102e-05
6.09505e-05
6.02347e-05
5.95724e-05
5.89538e-05
5.83744e-05
5.78364e-05
5.73387e-05
5.68797e-05
5.64572e-05
5.60765e-05
5.57305e-05
5.5414e-05
5.51245e-05
5.48522e-05
5.4597e-05
5.43598e-05
5.41389e-05
5.39354e-05
5.37568e-05
5.36123e-05
5.34789e-05
5.33544e-05
5.32398e-05
5.31252e-05
5.30166e-05
5.29102e-05
5.2807e-05
5.2709e-05
5.26178e-05
5.25286e-05
5.24437e-05
5.23665e-05
5.22968e-05
5.2234e-05
5.21774e-05
5.21264e-05
5.20803e-05
5.20379e-05
5.19932e-05
5.19484e-05
5.19081e-05
5.18724e-05
5.18401e-05
5.18088e-05
5.17805e-05
5.17528e-05
5.17284e-05
5.17045e-05
5.16828e-05
5.16598e-05
5.16376e-05
5.16142e-05
5.15923e-05
5.15719e-05
5.15528e-05
0.000120184
0.000189397
0.000204407
0.000201454
0.000192948
0.000183108
0.000173342
0.000164111
0.000155515
0.000147554
0.000140191
0.000133385
0.000127091
0.000121279
0.000115914
0.000110962
0.000106388
0.000102163
9.82628e-05
9.46624e-05
9.13356e-05
8.82615e-05
8.54244e-05
0.00015724
0.000216111
0.000226489
0.000220952
0.000210639
0.000199325
0.000188266
0.000177869
0.000168208
0.000159271
0.000151036
0.000143436
0.000136422
0.00012994
0.000123944
0.000118404
0.000113284

