5e-05
5.02631e-05
5.04691e-05
5.06301e-05
5.07572e-05
5.08582e-05
5.09394e-05
5.10052e-05
5.10606e-05
5.11494e-05
5.12672e-05
5.13805e-05
5.14798e-05
5.15841e-05
5.16736e-05
5.17483e-05
5.18074e-05
5.18513e-05
5.18815e-05
5.18989e-05
0.000123225
0.00018956
0.000203704
0.000200541
0.000192018
0.000182397
0.000173146
0.000164532
0.000156537
0.000148899
0.000141682
0.00013495
0.000128685
0.00012287
0.000117471
0.000112465
0.000107825
0.000103531
9.9561e-05
9.58916e-05
9.25007e-05
8.93678e-05
8.64713e-05
8.37936e-05
8.13211e-05
7.90363e-05
7.69247e-05
7.4973e-05
7.31873e-05
7.15534e-05
7.00471e-05
6.86492e-05
6.73476e-05
6.61355e-05
6.50162e-05
6.39839e-05
6.30294e-05
6.21475e-05
6.13345e-05
6.0585e-05
5.99059e-05
5.9293e-05
5.8733e-05
5.82457e-05
5.81795e-05
5.85901e-05
5.94761e-05
0.000122668
0.000268545
0.000262866
0.000246923
0.000231894
0.000217979
0.00020512
0.000193243
0.000182277
0.000172152
0.000162804
0.000154175
0.000146209
0.000138856
0.000132067
0.000125801
0.000120016
0.000114675
0.000109745
0.00012151
0.000226967
0.000251685
0.000249393
0.000238638
0.000225737
0.000212804
0.000200513
0.000189046
0.00017842
0.000168603
0.000159539
0.000151168
0.000143438
0.000136301
0.000129711
0.000123627
0.00011801
0.000112827
0.000108049
0.000103639
0.000208871
0.00024169
0.000242494
0.000233077
0.000220884
0.000308612
0.000328841
0.000321172
0.000305069
0.000287191
0.000269725
0.000253224
0.000237832
0.000223559
0.000210351
0.000198132
0.000186834
0.000176391
0.00016674
0.000157824
0.00014959
0.000141986
0.000134965
0.000128482
0.000122497
0.000116971
0.000111876
0.000107195
0.00011671
0.00021454
0.000237607
0.000235523
0.000225572
0.000275426
0.000320201
0.000320924
0.00030756
0.000290374
0.000272851
0.000256115
0.000240477
0.000225964
0.000212529
0.000233368
0.000301679
0.000310786
0.000300582
0.000366946
0.000382686
0.000370953
0.000420122
0.000433711
0.000418716
0.000395394
0.000370603
0.000346596
0.000324048
0.000349447
0.000389263
0.000384836
0.00036658
0.000344851
0.000323115
0.000302473
0.00028322
0.000265378
0.000248885
0.000233652
0.000219588
0.000206613
0.000194642
0.00018359
0.000173387
0.000258787
0.000285497
0.000282156
0.000269429
0.000254361
0.000300637
0.000340531
0.000338594
0.000323463
0.000304904
0.000286192
0.000268375
0.00025174
0.00023632
0.000222064
0.000208895
0.000196737
0.000185513
0.000175162
0.000165613
0.000189841
0.000264209
0.000277102
0.000269801
0.000256442
0.000241831
0.000227558
0.000214111
0.000201603
0.000190026
0.000179327
0.000169446
0.000160324
0.000151902
0.000144128
0.000136951
0.000130326
0.00012421
0.000118565
0.000113354
0.000108543
0.000104102
0.000170323
0.000229088
0.000238764
0.000232358
0.000221167
0.00020902
0.000197183
0.000186041
0.000175683
0.000166095
0.000157236
0.000149055
0.000141503
0.000134532
0.000128096
0.000122155
0.000116672
0.00011161
0.000106937
0.000102623
9.86402e-05
9.49634e-05
9.15694e-05
8.84369e-05
8.55453e-05
8.28766e-05
8.04136e-05
7.81404e-05

