5e-05
5.02631e-05
5.04691e-05
5.06301e-05
5.07572e-05
5.08582e-05
5.09394e-05
5.10109e-05
5.10995e-05
5.12161e-05
5.13358e-05
5.14416e-05
5.15322e-05
5.16065e-05
5.16632e-05
5.17435e-05
5.18235e-05
5.18886e-05
5.19283e-05
5.19477e-05
5.19589e-05
5.19557e-05
5.19306e-05
5.18872e-05
5.1844e-05
5.18054e-05
5.17719e-05
5.17433e-05
5.17155e-05
5.16844e-05
5.16524e-05
5.16217e-05
5.15941e-05
5.15667e-05
5.1543e-05
5.15234e-05
5.15086e-05
5.14981e-05
5.14897e-05
5.14805e-05
5.14712e-05
5.14625e-05
5.14552e-05
5.14564e-05
5.14788e-05
5.15088e-05
5.15407e-05
0.000137603
0.000192952
0.000203341
0.000199016
0.000190223
0.00018044
0.000170829
0.000161759
0.000153317
0.000145499
0.000138275
0.000131603
0.000125442
0.000119747
0.000114489
0.000109725
0.000207967
0.000236042
0.000235974
0.00022687
0.000215299
0.000203482
0.000192156
0.000181534
0.000171646
0.000162484
0.000153997
0.000146136
0.000138867
0.000132153
0.000125952
0.000120227
0.000114944
0.000110069
0.000105569
0.000101414
9.75785e-05
9.40399e-05
9.07747e-05
8.77584e-05
8.49685e-05
8.23894e-05
8.00209e-05
7.7856e-05
7.58551e-05
7.4004e-05
7.2287e-05
7.06963e-05
6.92286e-05
6.7875e-05
6.66266e-05
6.5475e-05
6.44125e-05
6.34301e-05
6.25193e-05
6.16727e-05
6.08876e-05
6.01642e-05
5.94979e-05
0.000154804
0.000200982
0.000208107
0.000202494
0.000193114
0.00018301
0.000173183
0.000163952
0.000155389
0.000147459
0.000140131
0.000133361
0.000127103
0.000121321
0.000115981
0.000111039
0.000106478
0.000102283
9.84369e-05
9.48845e-05
9.15948e-05
8.85491e-05
8.57346e-05
8.31346e-05
8.07325e-05
7.85128e-05
7.64616e-05
7.45633e-05
7.28058e-05
7.11782e-05
6.96714e-05
6.82962e-05
6.72877e-05
6.66852e-05
6.63521e-05
6.60593e-05
6.57596e-05
6.55135e-05
6.52132e-05
6.47381e-05
6.40873e-05
6.33394e-05
6.25486e-05
6.17703e-05
6.10169e-05
6.02984e-05
5.96263e-05
5.90739e-05
5.88333e-05
5.86961e-05
5.85136e-05
5.82389e-05
5.78932e-05
5.75236e-05
5.71766e-05
5.68416e-05
5.65144e-05
5.63134e-05
5.65396e-05
5.67847e-05
5.69775e-05
5.70691e-05
5.69958e-05
5.68302e-05
5.65941e-05
5.63177e-05
5.60256e-05
5.57351e-05
5.54431e-05
5.51628e-05
5.48991e-05
5.46523e-05
5.44227e-05
5.43809e-05
5.45294e-05
5.46393e-05
0.000148116
0.000193799
0.000201331
0.000196299
0.000187471
0.000177864
0.000168483
0.000159628
0.00015138
0.000143738
0.000136668
0.00013013
0.000124081
0.000118491
0.00011333
0.000108568
0.000104168
0.000100105
9.63568e-05
9.28973e-05
8.98749e-05
8.73144e-05
8.50482e-05
8.28972e-05
8.07907e-05
7.87497e-05
7.68124e-05
7.49808e-05
7.32608e-05
7.16558e-05
7.0161e-05
6.87697e-05
6.74702e-05
6.62552e-05
6.51215e-05
6.40706e-05
6.30998e-05
6.22018e-05
6.1374e-05
6.06103e-05
5.99042e-05
5.92487e-05
5.86432e-05
5.8084e-05
5.75682e-05
5.70947e-05
5.66583e-05
5.62536e-05
5.58825e-05
5.55424e-05
5.52271e-05
5.49352e-05
5.46677e-05
5.44231e-05
5.41994e-05
5.40091e-05
5.38417e-05
0.000154099
0.000198025
0.00020461
0.00019899
0.000189775
0.000179883
0.000170274
0.000161235
0.000152827
0.000145041
0.000137843

