5e-05
5.02631e-05
5.04691e-05
5.06301e-05
5.07572e-05
5.08582e-05
5.09394e-05
5.10052e-05
5.10709e-05
5.11502e-05
5.12246e-05
5.12913e-05
5.14058e-05
5.15718e-05
5.17134e-05
5.18378e-05
5.19547e-05
5.20892e-05
5.22057e-05
5.22834e-05
0.00015235
0.000196167
0.000202875
0.000197407
0.000188308
0.000178511
0.000168987
0.000160032
0.00015171
0.000144007
0.000136889
0.000130316
0.00012425
0.000118648
0.000113473
0.000108711
0.000104565
0.000101004
9.78645e-05
9.49237e-05
9.20583e-05
8.93166e-05
8.66878e-05
8.41985e-05
8.18554e-05
7.96566e-05
7.7599e-05
7.56779e-05
7.38879e-05
7.22438e-05
7.0767e-05
6.94642e-05
6.82524e-05
6.7083e-05
6.59886e-05
6.49754e-05
6.40681e-05
6.32315e-05
6.24489e-05
6.17004e-05
6.09594e-05
6.02509e-05
5.95892e-05
5.8973e-05
5.84025e-05
5.78731e-05
5.73845e-05
5.69319e-05
5.65135e-05
5.61235e-05
5.57618e-05
5.54277e-05
5.51205e-05
5.48393e-05
5.46178e-05
5.46481e-05
5.48492e-05
5.51136e-05
5.53111e-05
5.54346e-05
5.54872e-05
5.54468e-05
0.000166632
0.000199385
0.000202449
0.000195888
0.000187037
0.000178432
0.000286435
0.000373563
0.000352396
0.000419571
0.000441662
0.000429123
0.000406081
0.000380841
0.00035617
0.000332923
0.000311299
0.000291282
0.000272784
0.000255701
0.00023993
0.00022537
0.000211929
0.000199521
0.000188067
0.000177494
0.000167734
0.000158724
0.000150406
0.000142728
0.00013564
0.000129097
0.000123057
0.000117482
0.000112335
0.000107585
0.000103199
9.91501e-05
9.54124e-05
9.1962e-05
8.87772e-05
8.58375e-05
8.31278e-05
8.06322e-05
7.83283e-05
7.61999e-05
7.42359e-05
7.24293e-05
7.07608e-05
6.92179e-05
6.7791e-05
6.64715e-05
6.5252e-05
0.000179812
0.000213612
0.000216058
0.000208502
0.000198157
0.000187457
0.000177176
0.000167542
0.000158608
0.000150353
0.000142721
0.000135666
0.000129155
0.000123139
0.000117579
0.000112442
0.000107696
0.000103313
9.9273e-05
9.55452e-05
9.2102e-05
8.89208e-05
8.5982e-05
8.32674e-05
8.07602e-05
7.84449e-05
7.63069e-05
7.43329e-05
7.52796e-05
0.000188725
0.000218949
0.000220063
0.000211873
0.000201141
0.000190141
0.000179612
0.000169764
0.000160628
0.000152179
0.000144374
0.000137168
0.000130516
0.000124375
0.000118706
0.000113473
0.000108643
0.000104184
0.000100068
9.62683e-05
9.27613e-05
8.95239e-05
8.65356e-05
8.37772e-05
8.12319e-05
7.88926e-05
7.67365e-05
7.47452e-05
7.29051e-05
7.12045e-05
6.96329e-05
6.81807e-05
6.68386e-05
6.56008e-05
6.45536e-05
6.36665e-05
6.28405e-05
6.20584e-05
6.13217e-05
6.06103e-05
5.99193e-05
5.92603e-05
5.86372e-05
5.8052e-05
5.7505e-05
5.69956e-05
5.65225e-05
5.60834e-05
5.56761e-05
5.52992e-05
5.49502e-05
5.46277e-05
5.43297e-05
5.40547e-05
5.38006e-05
5.35661e-05
5.33497e-05
5.315e-05
5.29658e-05
5.27959e-05
5.26392e-05
5.24948e-05
5.23618e-05
5.22391e-05
5.2126e-05
5.20218e-05
5.19255e-05
5.18368e-05
5.17551e-05
5.16796e-05
5.16099e-05
5.15455e-05
5.14863e-05
5.14319e-05
5.1382e-05
5.13362e-05
5.12942e-05
5.12556e-05
5.12199e-05
5.11869e-05
5.11565e-05
5.11288e-05
5.11035e-05
5.108e-05
5.10584e-05
5.10383e-05

