5e-05
5.02631e-05
5.04691e-05
5.06301e-05
5.07572e-05
5.08582e-05
5.09394e-05
5.10052e-05
5.10589e-05
5.11153e-05
5.11865e-05
5.12544e-05
5.13135e-05
5.13525e-05
5.13775e-05
5.13974e-05
5.14137e-05
5.14395e-05
5.14872e-05
5.15655e-05
5.16138e-05
5.16444e-05
5.16711e-05
5.16922e-05
5.19229e-05
5.24417e-05
5.30931e-05
5.37584e-05
5.43446e-05
5.47006e-05
5.47867e-05
5.47633e-05
5.46854e-05
5.45723e-05
5.44309e-05
5.42735e-05
5.4113e-05
5.39539e-05
5.37989e-05
5.36497e-05
5.35074e-05
5.33842e-05
5.32943e-05
5.32426e-05
5.32189e-05
5.32143e-05
5.32982e-05
5.34732e-05
5.36613e-05
5.38135e-05
5.39136e-05
0.000114017
0.000186178
0.000202458
0.000200083
0.000191878
0.000182224
0.000245753
0.000289389
0.000291288
0.000279818
0.000264672
0.000249116
0.000234214
0.000220269
0.000207325
0.00019535
0.000184288
0.000174076
0.000164651
0.000155952
0.000147922
0.000140508
0.000133666
0.000127352
0.000121524
0.000116146
0.000111183
0.000106602
0.000102374
9.84718e-05
9.48701e-05
9.15457e-05
8.84771e-05
8.56446e-05
8.303e-05
8.06164e-05
7.83884e-05
7.63315e-05
7.44326e-05
7.26796e-05
7.10611e-05
6.95669e-05
6.81852e-05
6.6907e-05
6.57278e-05
6.46712e-05
6.37365e-05
6.28863e-05
6.21021e-05
6.13666e-05
6.06749e-05
6.00279e-05
5.94166e-05
5.88454e-05
5.83387e-05
5.78766e-05
5.74391e-05
5.70312e-05
5.66503e-05
5.62939e-05
5.59602e-05
5.56479e-05
5.53557e-05
0.000134101
0.000193892
0.000205723
0.000201713
0.000192866
0.000182928
0.000173143
0.0001639
0.000155296
0.00014733
0.000139965
0.000133164
0.000126885
0.000121089
0.000115874
0.000111372
0.000107356
0.000103762
0.000100483
9.73877e-05
9.43672e-05
9.14295e-05
8.86284e-05
8.60192e-05
8.35765e-05
8.12799e-05
7.91266e-05
7.71111e-05
7.52281e-05
7.34722e-05
7.18386e-05
7.03343e-05
6.89577e-05
6.77031e-05
6.65251e-05
6.54275e-05
6.44055e-05
6.34535e-05
6.25896e-05
6.17922e-05
6.1041e-05
6.03339e-05
5.97005e-05
5.91228e-05
5.85919e-05
5.82933e-05
0.000168742
0.000275449
0.000265583
0.000249517
0.000234321
0.000220239
0.000207219
0.000195189
0.000184079
0.000173819
0.000164347
0.000155607
0.000147618
0.00014027
0.000133467
0.000127158
0.00012131
0.000115897
0.000110889
0.00010626
0.000101983
9.80313e-05
9.43817e-05
9.10114e-05
8.78993e-05
8.5026e-05
8.23732e-05
7.99246e-05
7.7664e-05
7.55771e-05
7.36508e-05
7.1873e-05
7.02319e-05
6.87168e-05
6.73182e-05
6.60274e-05
6.48359e-05
6.37362e-05
6.27213e-05
6.17844e-05
6.09195e-05
6.01212e-05
5.93844e-05
5.87044e-05
5.80767e-05
5.74974e-05
5.69628e-05
5.64694e-05
5.60138e-05
5.55932e-05
5.52049e-05
5.48464e-05
5.45155e-05
5.42104e-05
5.39288e-05
5.36688e-05
5.34294e-05
5.32155e-05
5.30212e-05
5.28409e-05
5.26729e-05
5.25161e-05
5.237e-05
5.22343e-05
5.21087e-05
5.19923e-05
5.18844e-05
5.17845e-05
5.1692e-05
5.16063e-05
5.15288e-05
5.14654e-05
5.1408e-05
5.13539e-05
5.13049e-05
5.12667e-05
5.12306e-05
5.11973e-05
5.11736e-05
5.11493e-05
5.11231e-05
5.10951e-05
5.10661e-05
5.10385e-05
5.10957e-05
5.12097e-05
5.13018e-05
5.13545e-05
5.13729e-05
5.13672e-05

