5e-05
5.02669e-05
5.04842e-05
5.06602e-05
5.08034e-05
5.09206e-05
5.10168e-05
5.10963e-05
5.11623e-05
5.12174e-05
5.12636e-05
5.13026e-05
5.13359e-05
5.13767e-05
5.14257e-05
5.14744e-05
5.15195e-05
5.15575e-05
5.15848e-05
5.16057e-05
5.16028e-05
5.15896e-05
5.15955e-05
5.16009e-05
5.16055e-05
5.16125e-05
5.16212e-05
5.16306e-05
5.16401e-05
5.16493e-05
5.1655e-05
5.16587e-05
5.16625e-05
5.16664e-05
5.16684e-05
5.16686e-05
5.16693e-05
5.16708e-05
5.16711e-05
5.16689e-05
5.16675e-05
5.16672e-05
5.16678e-05
5.16692e-05
5.16713e-05
5.1674e-05
5.1677e-05
5.16803e-05
5.16865e-05
5.17207e-05
5.17572e-05
5.17864e-05
5.18209e-05
5.18855e-05
5.19548e-05
5.20181e-05
5.20629e-05
5.20922e-05
5.21068e-05
5.21062e-05
0.000162024
0.000199361
0.000203771
0.0001975
0.000188151
0.000178295
0.000168777
0.000159847
0.000151555
0.000143883
0.000136794
0.000130248
0.000124205
0.000118629
0.000113482
0.000108732
0.000104348
0.000100302
9.65676e-05
9.31211e-05
8.99399e-05
8.70038e-05
8.42903e-05
0.000180595
0.000220728
0.000224945
0.000217539
0.00020681
0.000273808
0.000309697
0.00030805
0.000294576
0.000278063
0.000261423
0.000245581
0.000230786
0.000217069
0.000204386
0.000192665
0.00018184
0.000171846
0.000162619
0.000154101
0.000146238
0.000138973
0.000132266
0.000126072
0.000120352
0.000115091
0.000110254
0.000105784
0.000101652
9.78294e-05
9.42888e-05
9.10177e-05
8.79984e-05
8.52117e-05
8.26482e-05
8.05666e-05
7.90333e-05
7.79409e-05
7.73926e-05
0.000180074
0.000297346
0.000288634
0.00027098
0.000254189
0.000238609
0.000224202
0.000210892
0.000198601
0.000187253
0.000176777
0.000167108
0.000158182
0.000149943
0.000142339
0.000135324
0.00012887
0.000122924
0.000117435
0.00011237
0.000107697
0.000103384
9.93987e-05
9.57214e-05
9.23493e-05
8.92467e-05
8.63957e-05
8.37895e-05
8.13852e-05
7.91514e-05
7.70786e-05
7.51556e-05
7.33692e-05
7.17128e-05
7.01777e-05
6.87754e-05
6.748e-05
6.62829e-05
6.51775e-05
6.41533e-05
6.32008e-05
6.23158e-05
6.14914e-05
6.07277e-05
6.00225e-05
5.93717e-05
5.8768e-05
5.821e-05
7.56557e-05
0.000180378
0.000207232
0.000207897
0.000200216
0.00019027
0.000180118
0.000170629
0.00016194
0.000153943
0.00014653
0.000139649
0.000133243
0.000127249
0.000121605
0.000116342
0.00011146
0.000106934
0.000102742
9.88609e-05
9.52671e-05
9.19314e-05
8.88413e-05
8.59843e-05
8.33408e-05
8.08946e-05
7.86339e-05
7.65444e-05
7.46128e-05
7.28303e-05
7.11835e-05
6.96612e-05
6.82552e-05
6.69592e-05
6.5765e-05
6.46647e-05
6.3651e-05
6.2717e-05
6.18563e-05
6.10614e-05
6.03269e-05
5.965e-05
5.90263e-05
5.84516e-05
5.79205e-05
5.74285e-05
5.69734e-05
5.66532e-05
5.66813e-05
5.68733e-05
5.70665e-05
5.72171e-05
5.72455e-05
5.71681e-05
5.70028e-05
5.67758e-05
5.6514e-05
5.62372e-05
5.5958e-05
5.56781e-05
5.54085e-05
5.51489e-05
5.48988e-05
5.46635e-05
5.44431e-05
5.42374e-05
5.40457e-05
5.38674e-05
5.36995e-05
5.35349e-05
5.33774e-05
5.32301e-05
5.30932e-05
5.29684e-05
5.28536e-05
5.27471e-05
5.26505e-05
5.25631e-05
5.2484e-05
5.24126e-05

