5e-05
5.02631e-05
5.04691e-05
5.06301e-05
5.07572e-05
5.08582e-05
5.09394e-05
5.10052e-05
5.10709e-05
5.11502e-05
5.12246e-05
5.12913e-05
5.14058e-05
0.000106981
0.000182497
0.00019999
0.000198147
0.000190277
0.000180884
0.000171454
0.000162449
0.000154014
0.000146179
0.000138906
0.000132179
0.000125966
0.00012023
0.000114937
0.000110052
0.000105542
0.000101378
9.7534e-05
9.39876e-05
9.07124e-05
8.76857e-05
8.49058e-05
8.259e-05
8.07189e-05
7.91387e-05
7.76376e-05
7.61012e-05
7.45864e-05
7.30901e-05
7.16463e-05
7.02681e-05
6.89602e-05
6.7725e-05
6.65631e-05
6.54739e-05
6.44767e-05
6.3597e-05
6.28455e-05
6.21426e-05
6.14429e-05
6.07822e-05
6.01693e-05
5.96314e-05
5.9136e-05
5.86682e-05
5.82104e-05
5.77377e-05
5.72769e-05
5.68438e-05
5.64388e-05
5.60631e-05
5.57135e-05
5.5391e-05
5.50916e-05
5.48147e-05
5.45553e-05
5.43142e-05
5.40914e-05
5.38869e-05
5.37006e-05
5.35666e-05
5.36777e-05
5.39534e-05
5.42868e-05
5.45478e-05
5.473e-05
5.48368e-05
5.48463e-05
5.47795e-05
5.46699e-05
5.45398e-05
5.44523e-05
5.48516e-05
5.58624e-05
0.000173154
0.000268936
0.00025579
0.000240186
0.000225652
0.000212209
0.000199791
0.000188322
0.000177733
0.000167956
0.000158931
0.000150599
0.000142907
0.000135806
0.000129251
0.0001232
0.000117614
0.000112458
0.000107698
0.000103304
9.92474e-05
9.55028e-05
9.20458e-05
8.88545e-05
8.59083e-05
8.31888e-05
8.06787e-05
7.83617e-05
7.62229e-05
7.42486e-05
7.2426e-05
7.07431e-05
6.91895e-05
6.77552e-05
6.64315e-05
6.52098e-05
6.4086e-05
6.30545e-05
6.2102e-05
6.12211e-05
6.04087e-05
5.96653e-05
5.89781e-05
5.83411e-05
5.77504e-05
5.72029e-05
5.66959e-05
5.62272e-05
5.58021e-05
5.54213e-05
5.50725e-05
0.000145897
0.000198833
0.000208255
0.00020333
0.000194079
0.000183932
0.000174007
0.000164646
0.000155941
0.000147878
0.00014042
0.000133527
0.000127161
0.000121282
0.00011586
0.000110857
0.000106237
0.000101969
9.80269e-05
9.43863e-05
9.10242e-05
8.79198e-05
8.50534e-05
8.24069e-05
7.99637e-05
7.77084e-05
7.56266e-05
7.37047e-05
7.19305e-05
7.02925e-05
6.87807e-05
6.73852e-05
6.60971e-05
6.4908e-05
6.38104e-05
6.27972e-05
6.18622e-05
6.09992e-05
6.02027e-05
5.94676e-05
5.87891e-05
5.8163e-05
5.7585e-05
5.70518e-05
5.65597e-05
5.61056e-05
5.56865e-05
5.52997e-05
5.49428e-05
5.46144e-05
5.43216e-05
5.40546e-05
5.38072e-05
5.35768e-05
5.33622e-05
5.31625e-05
5.29765e-05
5.28034e-05
5.26446e-05
5.25936e-05
5.2626e-05
5.26489e-05
5.26503e-05
5.2637e-05
5.25933e-05
5.25186e-05
5.24286e-05
5.23308e-05
5.22305e-05
5.2131e-05
5.20348e-05
5.19431e-05
5.18561e-05
5.17738e-05
5.16969e-05
5.16249e-05
5.1558e-05
5.14961e-05
5.14389e-05
5.13859e-05
5.13371e-05
5.12921e-05
0.000161721
0.00020161
0.000206672
0.000200417
0.000190883
0.000180789
0.000171026
0.00016186
0.000153347
0.00014547
0.000138192
0.000131472
0.000125268
0.000119541
0.000114254
0.000109373
0.000104868
0.00010071
9.68719e-05
9.33289e-05
9.00586e-05
8.70396e-05
8.42526e-05
8.168e-05
7.93055e-05
7.71138e-05
7.50906e-05
7.3223e-05
7.14988e-05

