5e-05
5.02669e-05
5.04842e-05
5.06602e-05
5.08034e-05
5.09206e-05
5.10168e-05
5.10963e-05
5.11623e-05
5.12176e-05
5.12869e-05
5.13667e-05
5.145e-05
5.15795e-05
5.17152e-05
5.18422e-05
5.19518e-05
5.20405e-05
5.21036e-05
5.21321e-05
5.21392e-05
5.21334e-05
9.045e-05
0.00018116
0.000203462
0.000202878
0.000195054
0.000185329
0.000175491
0.000166114
0.000157356
0.000149238
0.000141732
0.000134797
0.000128394
0.000122485
0.000117032
0.000112001
0.000107354
0.000103062
9.91021e-05
9.55171e-05
9.25637e-05
9.01267e-05
8.79791e-05
8.60708e-05
8.43537e-05
8.27659e-05
8.12452e-05
7.97374e-05
7.82277e-05
7.67415e-05
0.000128702
0.000287755
0.000289728
0.000272796
0.000255969
0.000240288
0.000225773
0.000212354
0.000199952
0.000188497
0.000177922
0.00016816
0.000159152
0.000150839
0.000143167
0.000136087
0.000129555
0.000123527
0.000117965
0.000112834
0.0001081
0.000103731
9.97022e-05
9.59817e-05
9.2548e-05
8.93776e-05
8.64519e-05
8.37517e-05
8.12616e-05
7.89626e-05
7.68349e-05
7.48695e-05
7.3058e-05
7.13882e-05
6.98472e-05
0.000127395
0.000202068
0.00021817
0.000214869
0.000205577
0.00019485
0.000184211
0.000174137
0.000164906
0.00015667
0.000149228
0.000142412
0.000136097
0.000130191
0.000124639
0.000119412
0.000114498
0.00010989
0.000105581
0.000101562
9.78216e-05
9.4345e-05
9.1118e-05
8.81258e-05
8.53534e-05
8.27863e-05
8.04057e-05
7.81968e-05
7.61512e-05
7.42601e-05
7.25137e-05
7.09013e-05
6.94129e-05
6.8039e-05
6.6771e-05
6.56008e-05
6.45209e-05
6.35228e-05
6.26152e-05
6.17921e-05
6.10364e-05
6.03343e-05
5.96846e-05
5.90835e-05
5.8523e-05
5.80014e-05
5.75185e-05
5.70703e-05
5.66519e-05
5.62646e-05
5.59221e-05
5.56783e-05
5.54739e-05
5.52718e-05
5.50822e-05
5.49019e-05
5.47193e-05
5.45386e-05
5.43581e-05
5.41831e-05
5.40114e-05
5.38472e-05
5.36853e-05
5.35238e-05
5.33679e-05
5.32236e-05
5.30912e-05
5.29701e-05
5.28543e-05
5.27382e-05
5.26292e-05
5.25291e-05
5.24371e-05
5.23546e-05
5.22796e-05
5.22099e-05
5.21462e-05
5.2088e-05
5.20322e-05
5.19828e-05
5.19395e-05
5.19019e-05
5.18692e-05
5.18409e-05
5.18164e-05
5.17952e-05
5.17769e-05
5.1761e-05
5.17472e-05
5.17352e-05
5.17248e-05
5.17156e-05
5.17076e-05
5.17003e-05
5.16903e-05
5.16803e-05
5.16717e-05
5.16613e-05
9.61191e-05
0.000182418
0.000203223
0.000202183
0.000194253
0.000184535
0.000174737
0.000165408
0.000156695
0.000148615
0.000222712
0.000266331
0.000269351
0.000259316
0.000245644
0.000231505
0.000217933
0.000205227
0.000261611
0.000305377
0.000306491
0.00029398
0.000277769
0.000261205
0.000245364
0.000230554
0.000216817
0.000204114
0.000192381
0.000181545
0.000171541
0.000162304
0.000153775
0.000145901
0.000138635
0.000131927
0.000125736
0.000120023
0.000114752
0.000109887
0.000105398
0.000101254
9.7427e-05
9.38927e-05
9.06312e-05
8.76206e-05
8.48408e-05
8.22761e-05
7.99101e-05
7.77275e-05
7.57139e-05
7.38562e-05
7.21391e-05
7.05504e-05
6.90845e-05
6.77309e-05
6.64806e-05
6.53278e-05
6.42625e-05
6.32794e-05
6.23733e-05
6.15374e-05
6.07596e-05
6.00377e-05
5.93728e-05

