5e-05
5.02669e-05
5.04842e-05
5.06602e-05
5.08034e-05
5.09206e-05
5.10168e-05
5.10963e-05
5.11623e-05
5.12174e-05
5.12636e-05
5.13026e-05
5.1338e-05
5.1391e-05
5.14557e-05
5.15345e-05
5.16461e-05
5.17599e-05
5.18622e-05
5.19399e-05
5.19775e-05
5.19921e-05
5.19993e-05
5.19914e-05
5.19784e-05
5.19645e-05
5.19505e-05
5.19368e-05
5.1922e-05
0.000136821
0.000193875
0.000204813
0.000200547
0.00019167
0.000181781
0.00017207
0.000162908
0.000154383
0.000146493
0.000139202
0.000132472
0.000126259
0.000120525
0.000115232
0.000110343
0.000105839
0.000101703
9.78948e-05
9.43816e-05
9.11553e-05
8.8177e-05
8.54204e-05
8.28591e-05
8.0485e-05
7.82873e-05
7.62573e-05
7.43791e-05
7.26425e-05
7.10351e-05
6.95458e-05
6.81641e-05
6.6884e-05
6.57015e-05
6.46097e-05
6.36023e-05
0.000166117
0.000206415
0.000211394
0.000204912
0.000195115
0.00018476
0.000174788
0.00016575
0.000157656
0.000150268
0.00014351
0.000137245
0.000131346
0.000125782
0.000120673
0.000116028
0.000111622
0.000107345
0.000103293
9.94955e-05
9.59547e-05
9.26704e-05
8.96501e-05
8.68252e-05
8.42023e-05
8.17707e-05
7.95096e-05
7.74142e-05
7.54693e-05
7.36666e-05
7.19996e-05
7.04588e-05
6.9035e-05
6.77195e-05
6.65044e-05
6.53822e-05
6.43458e-05
6.33869e-05
6.24972e-05
6.16735e-05
6.09098e-05
6.02009e-05
5.95471e-05
5.89449e-05
5.83884e-05
5.78727e-05
5.73939e-05
5.6953e-05
5.65447e-05
5.61692e-05
5.58506e-05
5.55733e-05
5.53325e-05
5.51385e-05
5.49671e-05
5.48157e-05
5.47159e-05
5.46354e-05
5.45522e-05
5.444e-05
5.43126e-05
5.41757e-05
5.40331e-05
5.38948e-05
5.37623e-05
5.36538e-05
5.35792e-05
5.35061e-05
5.34258e-05
5.33349e-05
5.32464e-05
5.31706e-05
5.31607e-05
5.31577e-05
5.31397e-05
5.31175e-05
5.30918e-05
5.30613e-05
5.30257e-05
5.29847e-05
5.30102e-05
5.35086e-05
5.42825e-05
5.51944e-05
5.61454e-05
5.7144e-05
6.74059e-05
0.000250885
0.000275567
0.000260455
0.000244584
0.000229757
0.000216028
0.000203341
0.000191623
0.000180805
0.000170819
0.000161602
0.000153095
0.000145243
0.000137995
0.000131308
0.000125138
0.000119444
0.000114191
0.000109346
0.000104876
0.000100754
9.69485e-05
9.34383e-05
9.02005e-05
8.72141e-05
8.44593e-05
8.19699e-05
7.99778e-05
7.83447e-05
7.68283e-05
7.53626e-05
7.39531e-05
7.25838e-05
7.12518e-05
6.99626e-05
0.000104563
0.000193113
0.000214287
0.000212888
0.000204343
0.000193948
0.000184965
0.000278842
0.000298563
0.000292378
0.000278271
0.00026236
0.000246694
0.00023189
0.000218103
0.000205331
0.000193522
0.000182615
0.000172545
0.000163244
0.000154654
0.000146721
0.000139397
0.000132636
0.000126393
0.000120631
0.000115314
0.000110404
0.000105868
0.000101681
9.78136e-05
9.42423e-05
9.09473e-05
8.7907e-05
8.51146e-05
0.000132661
0.000203423
0.00021848
0.000215163
0.000206141
0.000195699
0.000185262
0.000175307
0.000165988
0.000157326
0.000149296
0.000141861
0.000134981
0.000128619
0.000122736
0.000117296
0.000112259
0.0001076
0.000103295
9.93131e-05
9.56368e-05
9.22405e-05
8.91056e-05
8.62128e-05
8.35436e-05
8.10744e-05
7.87922e-05
7.66871e-05

