5e-05
5.02631e-05
5.04691e-05
5.06301e-05
5.07572e-05
5.08582e-05
5.09394e-05
5.10052e-05
5.10648e-05
5.11412e-05
5.12267e-05
5.1337e-05
5.14839e-05
5.16571e-05
5.1829e-05
5.20043e-05
5.21551e-05
5.2272e-05
5.23546e-05
5.23937e-05
0.000123076
0.000189904
0.000204242
0.000201106
0.000192555
0.000182714
0.000172961
0.000163731
0.000155132
0.000147162
0.000139792
0.000132987
0.000126707
0.00012091
0.000115562
0.000110628
0.000106076
0.000101876
9.79999e-05
9.44188e-05
9.11142e-05
8.80657e-05
8.52536e-05
8.26593e-05
8.02651e-05
7.80533e-05
7.60127e-05
7.41302e-05
7.23933e-05
7.07876e-05
0.000150637
0.000206476
0.000216442
0.000211277
0.000201568
0.000190908
0.000180483
0.000170672
0.00016156
0.00015313
0.000145344
0.000138147
0.000131499
0.000125361
0.000119689
0.000114448
0.000109609
0.000105142
0.000101018
9.72071e-05
9.36895e-05
9.04437e-05
8.74487e-05
8.46825e-05
8.21275e-05
7.97654e-05
7.75856e-05
7.55751e-05
7.37209e-05
7.20107e-05
7.04334e-05
6.89747e-05
6.76255e-05
6.63811e-05
6.52331e-05
6.4172e-05
6.31914e-05
6.22833e-05
6.1445e-05
6.0671e-05
5.99568e-05
5.92976e-05
5.86871e-05
5.81228e-05
5.76013e-05
5.71194e-05
5.66761e-05
5.62692e-05
5.58957e-05
5.55528e-05
5.5238e-05
5.49485e-05
5.46795e-05
5.44319e-05
5.42016e-05
5.39886e-05
5.37858e-05
5.35958e-05
5.34229e-05
5.3284e-05
5.31694e-05
5.3069e-05
5.29774e-05
5.28809e-05
5.27864e-05
5.26918e-05
5.26026e-05
5.25194e-05
5.24405e-05
5.23661e-05
5.2293e-05
5.22263e-05
5.21661e-05
5.21118e-05
5.20631e-05
5.20209e-05
5.20045e-05
5.19944e-05
5.19862e-05
5.19749e-05
5.19599e-05
0.000163529
0.000199496
0.000203466
0.000197071
0.000187706
0.00017789
0.000168428
0.000159569
0.000151404
0.000143893
0.000136963
0.000130559
0.00012466
0.000119214
0.000114163
0.000109472
0.000105121
0.000206599
0.000236269
0.000236409
0.00022721
0.000215552
0.000203761
0.000192482
0.00018201
0.000172284
0.000163236
0.000154825
0.000147034
0.000139836
0.000133174
0.00012701
0.000121295
0.000115993
0.000111077
0.000106556
0.000102387
9.85335e-05
9.49733e-05
9.1683e-05
8.86355e-05
8.57979e-05
8.31682e-05
8.07368e-05
7.84926e-05
7.64192e-05
7.45052e-05
7.27351e-05
7.11006e-05
6.95887e-05
6.81902e-05
6.69014e-05
6.57144e-05
6.46226e-05
6.36396e-05
6.27396e-05
6.19286e-05
6.11953e-05
6.05194e-05
5.98951e-05
5.93155e-05
5.87712e-05
5.82592e-05
5.77819e-05
5.73362e-05
5.69131e-05
5.65161e-05
5.61478e-05
5.58066e-05
5.54907e-05
5.51946e-05
5.49164e-05
5.46589e-05
5.44168e-05
5.4189e-05
5.39757e-05
7.47016e-05
0.00017743
0.000203713
0.000204375
0.000196871
0.000187155
0.000177227
0.000167734
0.000158856
0.00015062
0.000150828
0.00024701
0.000268111
0.00026389
0.000251836
0.000237928
0.000224355
0.000290076
0.000317983
0.000313735
0.000299367
0.00028247
0.000265587
0.000249518
0.000234523
0.000220623
0.000207758
0.000195847
0.00018483
0.000174646
0.000165232
0.000156569
0.000148913
0.00014215
0.000136234
0.000144378
0.000321808
0.000333097
0.000312359
0.000292353
0.000273811
0.00025667
0.000240837

