5e-05
5.02669e-05
5.04842e-05
5.06602e-05
5.08034e-05
5.09206e-05
5.10168e-05
5.10963e-05
5.11819e-05
5.13156e-05
5.14593e-05
5.15908e-05
5.17027e-05
5.17801e-05
5.18584e-05
5.19431e-05
5.20171e-05
5.20765e-05
5.21173e-05
5.21289e-05
5.21132e-05
5.20848e-05
5.20529e-05
5.20092e-05
5.19613e-05
5.19182e-05
5.18805e-05
5.18481e-05
5.18158e-05
5.17739e-05
5.17346e-05
5.17016e-05
5.16745e-05
5.16494e-05
5.16225e-05
5.16e-05
5.15828e-05
5.15704e-05
5.15612e-05
5.15538e-05
5.15499e-05
5.15491e-05
5.155e-05
5.15487e-05
5.15452e-05
5.15464e-05
5.15751e-05
0.00016126
0.000198114
0.000202452
0.00019625
0.000186996
0.000177233
0.000167798
0.000159026
0.00025635
0.000279179
0.00027495
0.000262341
0.000247707
0.000233167
0.000219387
0.000206545
0.000194648
0.000183652
0.000173497
0.000164121
0.000155467
0.000147481
0.00014011
0.000133305
0.000127014
0.000121206
0.000115847
0.000110902
0.000106339
0.000102126
9.82388e-05
9.46519e-05
9.13391e-05
8.82824e-05
8.54626e-05
8.28614e-05
8.04617e-05
7.82479e-05
7.62055e-05
7.43154e-05
7.2567e-05
7.09486e-05
6.94507e-05
6.80648e-05
6.67836e-05
6.55978e-05
6.45033e-05
6.34947e-05
6.25645e-05
6.17087e-05
6.09204e-05
6.01931e-05
5.95243e-05
5.89096e-05
5.83432e-05
5.78196e-05
5.73382e-05
5.6896e-05
5.64896e-05
5.61112e-05
5.57597e-05
5.54368e-05
0.000112568
0.000188297
0.000205457
0.00020315
0.000194771
0.000184886
0.00017502
0.000165657
0.000156927
0.00014884
0.000141367
0.000134466
0.000128095
0.000122209
0.000116772
0.000111751
0.000107116
0.000102838
9.88907e-05
9.52464e-05
9.1897e-05
8.90787e-05
8.67895e-05
0.000171254
0.000213505
0.000219279
0.000213056
0.000203133
0.000192546
0.000182264
0.000172566
0.000163534
0.000155155
0.000147372
0.00014016
0.000133478
0.000127287
0.000121544
0.000116223
0.0001113
0.000106742
0.000102521
9.86123e-05
9.49974e-05
9.16525e-05
8.85619e-05
8.57088e-05
8.30748e-05
8.06585e-05
7.84407e-05
7.63928e-05
7.44997e-05
7.27506e-05
7.1137e-05
6.9647e-05
6.82657e-05
6.69859e-05
6.58062e-05
6.4716e-05
6.37109e-05
6.2785e-05
6.19275e-05
6.11346e-05
6.04027e-05
5.97274e-05
5.91262e-05
5.85894e-05
5.81009e-05
5.76526e-05
5.72354e-05
5.68363e-05
5.64564e-05
5.6096e-05
5.57599e-05
5.54503e-05
5.51643e-05
5.48941e-05
5.46449e-05
5.44164e-05
5.42013e-05
5.39977e-05
5.38277e-05
5.3686e-05
0.000150357
0.000196604
0.000204011
0.000198697
0.000189602
0.000179761
0.000170179
0.000161157
0.000152767
0.000145001
0.000137824
0.000131194
0.000125074
0.000119425
0.000114207
0.000109388
0.00010494
0.000100836
9.70498e-05
9.3555e-05
9.03285e-05
8.73521e-05
8.46056e-05
8.20685e-05
7.97274e-05
7.75643e-05
7.55688e-05
0.000127455
0.000202252
0.000218432
0.000215167
0.000205875
0.000195138
0.000184485
0.000174395
0.000164995
0.000156288
0.000148236
0.000140797
0.000133932
0.000127597
0.000121751
0.000116357
0.000111375
0.000106777
0.000102532
9.86129e-05
9.50165e-05
9.17138e-05
8.86651e-05
8.58521e-05
8.3252e-05
8.08472e-05
7.86261e-05
7.65748e-05
7.468e-05
7.29247e-05
7.13004e-05

