5e-05
5.02631e-05
5.04691e-05
5.06301e-05
5.07572e-05
5.08582e-05
5.09394e-05
5.10052e-05
5.10589e-05
5.11033e-05
5.11402e-05
5.11713e-05
5.11979e-05
0.000163431
0.000199732
0.000203779
0.000197375
0.000187976
0.000178101
0.000168573
0.000159638
0.000151341
0.000143667
0.000136578
0.000211536
0.000256921
0.000260969
0.000251687
0.000238641
0.000225053
0.000212022
0.000200101
0.000189256
0.000179326
0.000170164
0.000161647
0.00015369
0.000146241
0.000139271
0.00013276
0.000126691
0.000121044
0.000115799
0.000110927
0.000106409
0.000102227
9.83569e-05
9.47759e-05
9.14579e-05
8.83917e-05
8.55586e-05
8.29396e-05
8.05166e-05
7.82753e-05
7.62073e-05
7.42995e-05
7.25377e-05
7.09113e-05
0.000116245
0.000197095
0.000215415
0.000212959
0.000204033
0.000193514
0.000183277
0.000173848
0.0001652
0.000157221
0.000149798
0.000142841
0.000136297
0.000130161
0.000164665
0.000327664
0.000326622
0.000306179
0.000286642
0.000268534
0.000251796
0.000236336
0.000222059
0.000208921
0.000196874
0.00018575
0.000175451
0.000165915
0.000157089
0.000148926
0.000141381
0.000134409
0.000127968
0.00012202
0.000116526
0.000111454
0.000106771
0.000102447
9.84555e-05
9.47705e-05
9.13691e-05
8.82291e-05
8.53304e-05
8.26549e-05
8.01851e-05
7.79052e-05
7.58006e-05
7.38579e-05
7.20649e-05
7.04098e-05
6.8882e-05
6.74717e-05
6.61701e-05
6.49688e-05
6.38599e-05
6.28364e-05
6.1892e-05
6.10202e-05
6.02155e-05
5.94727e-05
5.8787e-05
5.81541e-05
5.757e-05
5.70308e-05
0.000151756
0.000203635
0.000212396
0.000207018
0.00019742
0.000186966
0.000176767
0.000167164
0.000158234
0.000149995
0.00014247
0.000135526
0.000129091
0.000123125
0.000117622
0.00011255
0.000107861
0.000103513
9.94841e-05
0.000201795
0.000235817
0.000237332
0.000228412
0.000216619
0.000204504
0.000192898
0.000280839
0.000305928
0.000301027
0.000286844
0.000270428
0.00025413
0.000238691
0.000224304
0.000210976
0.000198658
0.000187281
0.000176778
0.000167091
0.000158152
0.0001499
0.00014228
0.000135243
0.000128746
0.000122747
0.000117209
0.000112095
0.000107374
0.000103016
9.89919e-05
9.52774e-05
9.18485e-05
8.86832e-05
8.57613e-05
8.30641e-05
8.05743e-05
7.82761e-05
7.61547e-05
7.41965e-05
7.2389e-05
7.07206e-05
6.91806e-05
6.77591e-05
6.64471e-05
6.52361e-05
6.41184e-05
6.30868e-05
6.21346e-05
6.12558e-05
6.04447e-05
5.9696e-05
5.90049e-05
5.83672e-05
5.77786e-05
5.72354e-05
5.67342e-05
5.62717e-05
5.5845e-05
5.54512e-05
5.5088e-05
5.47528e-05
5.44436e-05
5.41584e-05
5.38952e-05
5.36523e-05
5.34283e-05
5.32216e-05
5.30311e-05
5.28553e-05
5.26931e-05
5.25436e-05
5.24058e-05
5.22789e-05
5.21619e-05
5.20541e-05
5.19547e-05
5.18633e-05
5.1779e-05
5.17009e-05
5.16285e-05
5.15619e-05
5.15008e-05
5.14447e-05
5.13932e-05
5.1346e-05
5.13024e-05
5.12624e-05
5.12255e-05
5.11916e-05
5.11607e-05
5.11322e-05
5.1106e-05
5.10822e-05
5.10601e-05
5.10401e-05
5.10219e-05
5.10054e-05
5.09904e-05
5.09769e-05
5.09647e-05
5.09536e-05
5.09437e-05
5.09347e-05
5.09266e-05
5.09194e-05
5.09129e-05
5.09071e-05
5.09019e-05

