5e-05
5.02669e-05
5.04842e-05
5.06602e-05
5.08034e-05
5.09206e-05
5.10168e-05
5.10963e-05
5.11623e-05
5.12176e-05
5.12869e-05
5.13667e-05
5.145e-05
5.15795e-05
5.17152e-05
5.18422e-05
5.19518e-05
5.20405e-05
5.21036e-05
5.21321e-05
5.21392e-05
0.000118781
0.000188324
0.000203646
0.000200843
0.000192418
0.000182633
0.000172911
0.000163701
0.000258429
0.000282589
0.000278604
0.000265888
0.000251038
0.000236259
0.00022225
0.000209193
0.000197099
0.000185917
0.000175588
0.000166053
0.000157321
0.000149616
0.000142792
0.000136596
0.00013095
0.000125782
0.000121009
0.000116548
0.000112326
0.000108311
0.000104512
0.000154337
0.000373197
0.000421597
0.000414275
0.000393622
0.000369826
0.000346208
0.000323826
0.000302956
0.000283617
0.000265741
0.000249232
0.000233992
0.000219925
0.000206942
0.000194959
0.0001839
0.000173694
0.000164275
0.000155583
0.000218228
0.000272327
0.000278346
0.000268812
0.000254816
0.000240108
0.000225916
0.000212604
0.000200246
0.000188812
0.000178243
0.000168483
0.000159474
0.000151161
0.000143487
0.000136403
0.000129863
0.000123827
0.000118257
0.000113115
0.00010837
0.000103992
9.99525e-05
9.63806e-05
9.33981e-05
9.0815e-05
8.8489e-05
8.63191e-05
8.42402e-05
8.22206e-05
8.02546e-05
7.83509e-05
7.65222e-05
7.47791e-05
7.31285e-05
7.15738e-05
7.01152e-05
6.87511e-05
6.74785e-05
6.62936e-05
6.51918e-05
6.41639e-05
6.32038e-05
6.23109e-05
6.14839e-05
6.07198e-05
6.00141e-05
5.93627e-05
5.87616e-05
5.82069e-05
5.76951e-05
5.7223e-05
5.6786e-05
5.63964e-05
5.60514e-05
5.57371e-05
5.54424e-05
5.51688e-05
5.49149e-05
5.46749e-05
5.44492e-05
5.42393e-05
5.40433e-05
5.38576e-05
5.36852e-05
5.3541e-05
5.34802e-05
5.34448e-05
5.33987e-05
5.33532e-05
6.23678e-05
0.000171261
0.000200311
0.000202099
0.000217605
0.000294147
0.000306274
0.000297314
0.000282084
0.000265617
0.000249589
0.000234509
0.000220491
0.000207513
0.000295798
0.000314052
0.000306599
0.000291359
0.000274415
0.000257786
0.000242095
0.000227493
0.000213975
0.00020148
0.000189943
0.000179294
0.000169465
0.000160394
0.000152022
0.000144295
0.000137164
0.000130582
0.000124507
0.0001189
0.000113725
0.000108949
0.00010454
0.000100471
9.67144e-05
9.32435e-05
9.00388e-05
8.7081e-05
8.43482e-05
8.18245e-05
7.94922e-05
7.73395e-05
7.53511e-05
7.3515e-05
7.18212e-05
7.02564e-05
6.88113e-05
0.000174263
0.00021046
0.000213934
0.00020684
0.000196747
0.000186211
0.000176066
0.000166557
0.000157731
0.000149568
0.000142028
0.000135061
0.000128625
0.000122683
0.000117199
0.000112139
0.00010747
0.000103163
9.91854e-05
9.55148e-05
0.000173962
0.000224783
0.000232185
0.000225424
0.000214499
0.000202803
0.000191452
0.000180784
0.000170871
0.0001617
0.000153228
0.000145407
0.000138188
0.000131522
0.000125368
0.000119686
0.000114441
0.0001096
0.00010513
0.000101006
9.71998e-05
9.36879e-05
9.04472e-05
8.74568e-05
8.4694e-05
8.214e-05
7.97831e-05
0.000176296
0.000216845
0.00022138
0.000214255
0.000203783
0.000192777
0.000182157
0.000172189
0.000162929
0.000154363

