5e-05
5.02631e-05
5.04691e-05
5.06301e-05
5.07572e-05
5.08582e-05
5.09394e-05
5.10052e-05
5.10709e-05
5.11502e-05
5.12246e-05
5.12913e-05
5.14058e-05
0.000156134
0.00019495
0.000200149
0.000194395
0.000185476
0.000175991
0.000166778
0.000158078
0.00014996
0.00014243
0.000135443
0.000202605
0.000254064
0.000260183
0.000251594
0.00023877
0.000225248
0.000212184
0.000199926
0.000188543
0.000178011
0.000168276
0.000159302
0.000151267
0.000144116
0.000155411
0.000239122
0.000256786
0.00025232
0.000240952
0.000227914
0.000214976
0.000202699
0.000191235
0.000180596
0.000170746
0.000161658
0.000153307
0.000145658
0.000138589
0.000132012
0.000125925
0.000120304
0.000115143
0.000110379
0.000105972
0.000101877
9.80472e-05
0.000107133
0.000206599
0.000230608
0.000229209
0.000219806
0.000208333
0.000196779
0.000185783
0.000175514
0.000165993
0.000157191
0.000149063
0.00014156
0.000134671
0.000128547
0.000123066
0.000118086
0.000113442
0.000109096
0.000105023
0.000101174
9.75454e-05
9.41477e-05
9.09825e-05
8.80931e-05
8.5906e-05
8.45292e-05
0.000199616
0.000293364
0.00027834
0.000261002
0.000244868
0.000229948
0.000216165
0.000203438
0.000191686
0.000180837
0.000170821
0.000161575
0.000153039
0.000145159
0.000137886
0.000131171
0.000124972
0.00011925
0.000113968
0.000109092
0.00010459
0.000100435
9.65986e-05
9.30572e-05
8.9788e-05
8.67702e-05
8.39847e-05
8.14136e-05
7.90401e-05
7.68492e-05
7.48266e-05
7.29592e-05
7.12352e-05
6.96436e-05
6.81747e-05
6.6819e-05
6.55715e-05
6.44258e-05
6.33678e-05
6.23897e-05
6.14874e-05
6.0661e-05
5.98973e-05
5.91896e-05
5.85337e-05
5.7926e-05
5.73634e-05
5.68434e-05
5.63709e-05
5.59463e-05
5.55572e-05
5.52157e-05
5.49006e-05
5.46021e-05
5.43198e-05
5.4066e-05
5.38402e-05
5.36257e-05
5.34192e-05
5.32316e-05
5.30531e-05
5.28812e-05
5.27179e-05
5.2564e-05
5.24197e-05
5.22927e-05
5.2177e-05
5.2068e-05
5.19648e-05
0.000127039
0.000193862
0.000207885
0.000204414
0.000195558
0.000185437
0.000175424
0.00016595
0.000157126
0.000148952
0.000141398
0.00013442
0.000127979
0.000122032
0.000116543
0.000111475
0.000106797
0.000102479
9.84932e-05
9.48139e-05
9.14176e-05
8.82825e-05
8.53887e-05
8.27174e-05
8.02517e-05
7.79757e-05
7.58749e-05
7.39358e-05
7.21458e-05
7.04936e-05
6.89685e-05
6.75618e-05
6.62736e-05
6.50876e-05
6.39919e-05
6.29785e-05
6.20411e-05
6.11741e-05
6.03722e-05
5.96305e-05
5.89468e-05
5.84113e-05
5.79964e-05
5.76063e-05
5.72266e-05
5.68614e-05
5.6493e-05
5.61185e-05
5.57517e-05
5.53984e-05
5.50622e-05
5.47451e-05
5.44478e-05
5.41706e-05
0.000149615
0.000199919
0.000208387
0.000203131
0.000193778
0.000183594
0.000173661
0.000164307
0.000155609
0.000147559
0.00014012
0.000133251
0.000126909
0.000121054
0.00011565
0.000110661
0.000106056
0.000101805
9.78817e-05
9.42595e-05
9.0916e-05
8.78297e-05
8.49807e-05
8.23507e-05
7.99228e-05
7.76818e-05
7.56134e-05
7.37044e-05
7.19424e-05
7.03161e-05
6.8815e-05
6.74293e-05
6.615e-05
6.49692e-05
6.38795e-05
6.28739e-05
6.19455e-05
6.10885e-05
6.02972e-05

