5e-05
5.02631e-05
5.04691e-05
5.06301e-05
5.07572e-05
5.08582e-05
5.09394e-05
5.10052e-05
5.10606e-05
5.11494e-05
5.12672e-05
5.13805e-05
5.14798e-05
5.15841e-05
5.16736e-05
5.17483e-05
5.18074e-05
5.18513e-05
5.18815e-05
5.18989e-05
5.18958e-05
5.18806e-05
5.18617e-05
5.18345e-05
5.18083e-05
5.19936e-05
5.24393e-05
5.29929e-05
5.35348e-05
5.38027e-05
5.38926e-05
5.39081e-05
5.38731e-05
5.38103e-05
5.37206e-05
5.3616e-05
5.34999e-05
5.33829e-05
5.32686e-05
5.31583e-05
5.30529e-05
5.29529e-05
5.28561e-05
5.27629e-05
5.26761e-05
5.25936e-05
5.2515e-05
5.244e-05
5.23868e-05
5.23521e-05
5.23221e-05
5.22869e-05
0.000158073
0.000198659
0.000204133
0.000198178
0.000188894
0.00017902
0.000169456
0.000160475
0.000152144
0.000144449
0.000137345
0.000130815
0.00012517
0.00012043
0.000116561
0.000175365
0.00031719
0.000307771
0.000288375
0.00027016
0.000253303
0.000237728
0.000223344
0.000210063
0.000197802
0.000186482
0.000176033
0.000166386
0.000157481
0.000149261
0.000141672
0.000134667
0.0001282
0.00012223
0.000116719
0.000111631
0.000106935
0.0001026
9.85978e-05
9.4903e-05
9.1492e-05
8.83433e-05
8.54366e-05
8.27539e-05
8.02851e-05
7.80081e-05
7.59049e-05
7.39616e-05
7.21659e-05
7.05071e-05
6.89746e-05
6.75591e-05
6.62549e-05
6.50579e-05
6.39528e-05
6.2931e-05
6.19858e-05
6.11117e-05
0.000126623
0.000199373
0.000214991
0.000211664
0.000202475
0.000191907
0.000181532
0.00017178
0.000186242
0.000267739
0.000282876
0.000276063
0.000262583
0.000247641
0.000232976
0.000219132
0.000206242
0.000194304
0.00025363
0.000299853
0.000301985
0.00028999
0.000274111
0.000257799
0.000242193
0.000227621
0.000214107
0.000201601
0.000190053
0.000179394
0.00016955
0.00016045
0.000152039
0.000144267
0.000137089
0.000130481
0.000124393
0.00011878
0.000113588
0.000108781
0.000104336
0.000100226
9.64274e-05
9.29176e-05
8.96754e-05
8.66808e-05
8.39153e-05
8.13616e-05
7.90039e-05
7.6827e-05
7.48174e-05
7.29621e-05
7.12494e-05
6.96684e-05
6.8209e-05
6.68618e-05
6.56182e-05
6.44704e-05
6.3411e-05
6.24331e-05
6.15305e-05
6.06974e-05
5.99285e-05
5.92188e-05
5.85638e-05
5.79595e-05
5.74111e-05
5.69104e-05
5.64482e-05
5.60198e-05
5.56216e-05
5.5252e-05
5.49093e-05
5.45916e-05
5.42973e-05
5.40249e-05
5.37729e-05
5.354e-05
5.33248e-05
5.3126e-05
5.29425e-05
5.27731e-05
5.26167e-05
5.24722e-05
5.23388e-05
5.22157e-05
5.21022e-05
5.19977e-05
5.19114e-05
5.18387e-05
5.17718e-05
5.17078e-05
5.16465e-05
5.15874e-05
5.1531e-05
5.14777e-05
5.14274e-05
5.13797e-05
5.13351e-05
5.12936e-05
5.1255e-05
5.12193e-05
5.11862e-05
5.11553e-05
0.000127717
0.000192988
0.000206547
0.000202999
0.000194196
0.000184168
0.000174256
0.000164881
0.000156149
0.000148063
0.000140589
0.000133686
0.000127313
0.000121431
0.000116
0.000110987
0.00010636
0.000102089
9.81462e-05
9.45072e-05
9.11483e-05
8.80481e-05
8.51863e-05
8.25445e-05
8.01061e-05
7.78555e-05
7.57779e-05
7.38596e-05
7.20882e-05
0.000123089
0.000201673
0.000219022
0.000216051
0.000206775
0.000195965
0.000185213

