5e-05
5.02631e-05
5.04691e-05
5.06301e-05
5.07572e-05
5.08582e-05
5.09394e-05
5.10052e-05
5.10714e-05
5.11509e-05
5.12253e-05
5.12901e-05
5.13444e-05
5.13812e-05
5.14059e-05
5.1447e-05
5.14991e-05
5.15444e-05
5.15792e-05
6.07887e-05
0.000171329
0.000200936
0.00020281
0.000195777
0.000186263
0.000176438
0.000167011
0.000158187
0.00015
0.000142422
0.000135419
0.000128954
0.000122987
0.000117482
0.000112399
0.000107709
0.000103381
9.93903e-05
9.57322e-05
9.23682e-05
8.92668e-05
8.64039e-05
8.37593e-05
8.1315e-05
7.90555e-05
7.69664e-05
7.50348e-05
7.32444e-05
7.15834e-05
7.00449e-05
6.86194e-05
6.73029e-05
6.60846e-05
6.49568e-05
6.39165e-05
6.29575e-05
6.20736e-05
6.12572e-05
6.05025e-05
0.000110452
0.000190917
0.000209432
0.000207332
0.000198797
0.000188647
0.000269953
0.00029955
0.000296429
0.000283072
0.000267142
0.0002512
0.000236059
0.000221938
0.000208855
0.000196762
0.000185595
0.000175286
0.00016579
0.000157042
0.000148972
0.000141523
0.000134639
0.00012827
0.000122385
0.000116952
0.000111935
0.000107302
0.000188606
0.000234098
0.000239347
0.000231542
0.000219979
0.000207806
0.000196052
0.000185025
0.000174787
0.000165313
0.000156561
0.000148481
0.000141021
0.000134133
0.000127777
0.000121907
0.000116488
0.000111487
0.000106889
0.000102653
9.87463e-05
9.51372e-05
9.20062e-05
8.94256e-05
8.7118e-05
8.50238e-05
8.30588e-05
8.1165e-05
7.93178e-05
7.75098e-05
7.57392e-05
7.40469e-05
7.24343e-05
7.09111e-05
6.9485e-05
6.81504e-05
6.69041e-05
6.57416e-05
6.46576e-05
6.36538e-05
6.27221e-05
6.18576e-05
6.10587e-05
6.03219e-05
5.96629e-05
5.91468e-05
5.87363e-05
5.83638e-05
5.8016e-05
5.77345e-05
5.74821e-05
5.72113e-05
5.69147e-05
5.66177e-05
5.63248e-05
5.60404e-05
5.60606e-05
5.69083e-05
0.000233008
0.000270749
0.000255576
0.000239984
0.000225479
0.000212059
0.000199659
0.000188205
0.000177629
0.000167864
0.000158848
0.000150524
0.00014284
0.000135746
0.000129199
0.000123163
0.000117591
0.000112449
0.000107707
0.000103328
9.92818e-05
9.55433e-05
9.20894e-05
8.88992e-05
8.59529e-05
8.32321e-05
8.07196e-05
7.83998e-05
7.6258e-05
7.42805e-05
7.24547e-05
7.07691e-05
6.9213e-05
6.77765e-05
6.64503e-05
6.52262e-05
6.40964e-05
6.30537e-05
6.2091e-05
6.12024e-05
6.03821e-05
5.96249e-05
5.89261e-05
5.82814e-05
5.76865e-05
5.71374e-05
5.66304e-05
5.61624e-05
0.000101591
0.000190155
0.000211103
0.000209404
0.000200926
0.000190733
0.000180484
0.000170709
0.000161565
0.000153077
0.00014522
0.000137958
0.000131249
0.000125053
0.000119331
0.000114049
0.000109172
0.000104669
0.000100512
9.66751e-05
9.31326e-05
8.98623e-05
8.68435e-05
0.00017354
0.000223775
0.000230999
0.000224197
0.000213282
0.000201612
0.00019029
0.000179651
0.000169764
0.000160615
0.000152162
0.000144357
0.000137151
0.000130498
0.000124357
0.000118689
0.000113456
0.000108626
0.000104167
0.000100051
9.62515e-05
0.000143907
0.000219692
0.000235191
0.000230818
0.000220352
0.000208476
0.000196759
0.000185682
0.000175364
0.000240794
0.000286038
0.000288566
0.000318792

