5e-05
5.02669e-05
5.04842e-05
5.06602e-05
5.08034e-05
5.09206e-05
5.10168e-05
5.10963e-05
5.12001e-05
5.13961e-05
5.16103e-05
5.18076e-05
5.1974e-05
5.21083e-05
5.22106e-05
5.23306e-05
5.24618e-05
5.2574e-05
5.26589e-05
5.27008e-05
5.26726e-05
5.26146e-05
5.25476e-05
5.24685e-05
5.23939e-05
5.2326e-05
5.22648e-05
5.22099e-05
5.2158e-05
5.20976e-05
5.20625e-05
5.2076e-05
5.2114e-05
5.21502e-05
5.21828e-05
5.2203e-05
5.22157e-05
5.22236e-05
5.22242e-05
5.22166e-05
5.22064e-05
5.21945e-05
5.21812e-05
5.21671e-05
5.21499e-05
5.21284e-05
5.21074e-05
5.20902e-05
5.2113e-05
5.21712e-05
5.22026e-05
5.22126e-05
5.22293e-05
5.2289e-05
5.23688e-05
5.24331e-05
5.24762e-05
5.25041e-05
5.25144e-05
0.000138295
0.000193053
0.000203368
0.000199005
0.000190197
0.000180418
0.00017082
0.00016176
0.000191656
0.000264672
0.000277132
0.000269711
0.000256353
0.000291674
0.000340645
0.000341611
0.000367692
0.000407414
0.000402072
0.000382697
0.000359845
0.000337041
0.000315402
0.000295217
0.00027651
0.000259217
0.000243248
0.000228505
0.000214892
0.000202322
0.00019072
0.000180011
0.000170124
0.000160997
0.000152571
0.000144793
0.000137615
0.00013099
0.000124878
0.000119237
0.000114031
0.000109228
0.000104796
0.000100708
9.69457e-05
9.35013e-05
9.03326e-05
8.74108e-05
8.47071e-05
8.2199e-05
7.9875e-05
7.77218e-05
7.57324e-05
7.38924e-05
7.21949e-05
7.06567e-05
6.92447e-05
6.79398e-05
6.67349e-05
6.56207e-05
6.45892e-05
6.36326e-05
6.27396e-05
6.19067e-05
6.11425e-05
6.04541e-05
5.98099e-05
5.92119e-05
5.86498e-05
5.8124e-05
5.76555e-05
5.7545e-05
5.78379e-05
5.84758e-05
6.44084e-05
0.000299773
0.000373905
0.00037267
0.000356009
0.000335373
0.000314483
0.000294559
0.000275945
0.000258685
0.000242727
0.000313041
0.000348127
0.000344275
0.00032824
0.000396976
0.000411001
0.000397314
0.000375524
0.000352249
0.000329676
0.000308466
0.000288753
0.00027051
0.000253655
0.000238093
0.000223732
0.000297489
0.000324433
0.000319235
0.000304089
0.000286547
0.000269139
0.00025265
0.000237285
0.000223042
0.000209873
0.000197705
0.000186468
0.000176092
0.000166514
0.00015767
0.000149507
0.000141972
0.000135017
0.000128598
0.000122673
0.000117203
0.00011215
0.000107484
0.000103178
9.9203e-05
9.55312e-05
9.21354e-05
8.89989e-05
8.61239e-05
8.34796e-05
8.11845e-05
7.94608e-05
7.80587e-05
7.68033e-05
7.55162e-05
7.42014e-05
7.28598e-05
7.15388e-05
7.0229e-05
6.89653e-05
6.77554e-05
6.65895e-05
6.54889e-05
6.4458e-05
6.34843e-05
6.25773e-05
6.17341e-05
6.09511e-05
6.02265e-05
5.95578e-05
5.89381e-05
5.83624e-05
5.78318e-05
5.73444e-05
5.69122e-05
5.65229e-05
5.6168e-05
5.58338e-05
5.55224e-05
5.52349e-05
5.49687e-05
5.47181e-05
5.44814e-05
5.4258e-05
5.40518e-05
5.38621e-05
5.36878e-05
5.35276e-05
5.33767e-05
5.32299e-05
5.30945e-05
5.29696e-05
5.28635e-05
5.27856e-05
5.27195e-05
5.26585e-05
5.25947e-05
5.25253e-05
5.24522e-05
5.23822e-05
5.23157e-05
5.22548e-05
5.2222e-05
5.22053e-05
5.21886e-05
5.22005e-05
5.22262e-05
5.22437e-05
5.22434e-05
5.24776e-05

