5e-05
5.02667e-05
5.04834e-05
5.06586e-05
5.08009e-05
5.09171e-05
5.10125e-05
5.10912e-05
5.11565e-05
5.12109e-05
5.12566e-05
5.12951e-05
5.13277e-05
5.13491e-05
5.13984e-05
5.14767e-05
5.15596e-05
5.16373e-05
5.17055e-05
5.17605e-05
5.179e-05
5.18027e-05
5.18087e-05
5.18064e-05
5.17982e-05
5.17893e-05
5.17809e-05
5.17731e-05
5.17639e-05
5.17417e-05
5.17116e-05
5.16845e-05
5.16621e-05
5.16441e-05
5.16302e-05
5.16199e-05
5.16128e-05
5.16085e-05
5.16064e-05
5.16064e-05
5.16157e-05
5.1892e-05
5.24823e-05
5.31118e-05
5.37023e-05
5.42067e-05
5.457e-05
5.48269e-05
5.49824e-05
5.50231e-05
0.000126577
0.00018997
0.000203307
0.000199961
0.000248087
0.000300239
0.000304318
0.000292894
0.000277108
0.000260726
0.000244975
0.000230219
0.000216524
0.000203854
0.00019215
0.000181338
0.000171358
0.000232566
0.000279349
0.00028272
0.000272127
0.000257639
0.000242646
0.000289416
0.000331118
0.000330167
0.00031583
0.000297991
0.000279961
0.00026277
0.00024671
0.000231808
0.000218014
0.000205261
0.000193474
0.000182588
0.000172534
0.000163251
0.000154679
0.000146765
0.000139458
0.00013271
0.000126482
0.000120728
0.000219879
0.000247608
0.000246523
0.000236346
0.000223797
0.000211131
0.000199066
0.000187803
0.000177362
0.000167711
0.000158797
0.000150568
0.000142967
0.00013595
0.000129471
0.000123489
0.000117967
0.000112871
0.000108168
0.000103827
9.98161e-05
9.61148e-05
9.26991e-05
8.9547e-05
8.66382e-05
8.39537e-05
8.14763e-05
7.92077e-05
7.71346e-05
7.52108e-05
7.34301e-05
7.17859e-05
7.02673e-05
6.8864e-05
6.75654e-05
6.6368e-05
6.52905e-05
6.43048e-05
6.33956e-05
6.25477e-05
6.17565e-05
6.10217e-05
6.03396e-05
5.97046e-05
5.91061e-05
5.85439e-05
5.80211e-05
7.69287e-05
0.000179062
0.000205077
0.000205553
0.000197967
0.000188232
0.000178312
0.000168829
0.000159946
0.000151693
0.000186892
0.000256922
0.000268859
0.000261665
0.000249036
0.000235599
0.000222607
0.000210317
0.000198846
0.000188109
0.000178088
0.000168749
0.000160051
0.000151952
0.000144414
0.000202244
0.000254811
0.000261386
0.000252978
0.000240214
0.00026154
0.000321602
0.000326494
0.000319425
0.000488185
0.000502024
0.000470045
0.0004382
0.000408547
0.000381105
0.000355745
0.000332325
0.0003107
0.000290737
0.000272309
0.000255298
0.000239597
0.000225106
0.000211731
0.000199386
0.000187993
0.000177479
0.000167776
0.000158823
0.000150561
0.000142938
0.000135904
0.000129411
0.000123417
0.000117909
0.000113067
0.000108759
0.000173213
0.000228397
0.000237344
0.000231015
0.00022007
0.000208183
0.000196567
0.000185613
0.000175412
0.000165959
0.000157212
0.000149121
0.000141643
0.000134761
0.000128419
0.000122565
0.000117157
0.000112154
0.000107531
0.00010326
9.93146e-05
9.56648e-05
9.22912e-05
8.91753e-05
8.62977e-05
8.36402e-05
8.11862e-05
7.89201e-05
7.68252e-05
7.48876e-05
7.30952e-05
7.14405e-05
6.99136e-05
6.85046e-05
6.72045e-05
6.60015e-05
6.48901e-05
6.38637e-05
6.29139e-05
6.20379e-05
6.12303e-05
6.04857e-05
5.97992e-05
5.91662e-05
5.85826e-05
5.80444e-05
5.7548e-05

