5e-05
5.02631e-05
5.04691e-05
5.06301e-05
5.08524e-05
5.14809e-05
5.23566e-05
5.32916e-05
5.41437e-05
5.48064e-05
5.52308e-05
5.54351e-05
5.5471e-05
5.53696e-05
5.51985e-05
5.50378e-05
5.4878e-05
5.47104e-05
5.45373e-05
5.43545e-05
5.41642e-05
5.39769e-05
0.000119738
0.000190667
0.000206187
0.000203302
0.000194719
0.000184761
0.000174866
0.000165491
0.000156756
0.000148666
0.000141192
0.000134289
0.000127915
0.000122032
0.000116603
0.000111595
0.000106972
0.000102705
9.87671e-05
9.51337e-05
9.17812e-05
8.86857e-05
8.58274e-05
8.319e-05
8.07566e-05
7.85083e-05
7.64325e-05
7.45174e-05
7.27507e-05
7.11189e-05
6.96184e-05
6.82462e-05
6.69853e-05
6.58236e-05
6.4747e-05
6.37512e-05
6.28307e-05
6.19779e-05
6.11726e-05
6.04249e-05
5.97337e-05
5.91161e-05
5.85618e-05
5.80553e-05
5.75888e-05
5.7157e-05
5.67561e-05
5.63833e-05
5.60358e-05
5.57044e-05
5.53942e-05
0.00013588
0.000194616
0.000206079
0.000201889
0.000193202
0.00018374
0.000174546
0.000165874
0.000157697
0.000149993
0.00014272
0.000135907
0.000129557
0.000123663
0.000118198
0.000113128
0.000108433
0.00010409
0.00010007
9.63526e-05
9.29168e-05
8.974e-05
8.68061e-05
8.40973e-05
8.15968e-05
7.92856e-05
7.71511e-05
7.51806e-05
7.33806e-05
0.000177564
0.000212859
0.000215961
0.000208709
0.000198513
0.000187883
0.000183092
0.000273143
0.000291183
0.000284875
0.000271146
0.000255744
0.000240573
0.000226261
0.000212954
0.000200627
0.000189225
0.000178683
0.000168966
0.000160015
0.000151752
0.00014412
0.000137067
0.000130549
0.000124524
0.000118956
0.000113809
0.000109048
0.000104647
0.000100582
9.68223e-05
9.33446e-05
9.01329e-05
8.71712e-05
8.46174e-05
0.000123968
0.000285958
0.000284483
0.000267283
0.000250771
0.00023544
0.000221258
0.000208153
0.000196048
0.000283635
0.000320167
0.000318198
0.000304083
0.000286816
0.000269418
0.000252855
0.000237393
0.000223059
0.000209807
0.000197566
0.000186263
0.000175829
0.000166196
0.000243831
0.000287006
0.0002888
0.000277355
0.000262281
0.000246815
0.000232004
0.000218148
0.000205294
0.000193406
0.000182425
0.000172286
0.000162925
0.000154285
0.000146308
0.000138944
0.000132148
0.000125881
0.000120098
0.000114758
0.000109827
0.000105273
0.000101069
9.71873e-05
9.36035e-05
9.02945e-05
8.72397e-05
8.44197e-05
8.18163e-05
7.94127e-05
7.7194e-05
7.5146e-05
7.32554e-05
7.15105e-05
6.99e-05
6.84132e-05
6.7041e-05
6.57757e-05
6.46156e-05
6.35462e-05
6.25578e-05
6.16437e-05
6.07983e-05
6.00168e-05
5.92943e-05
5.86266e-05
5.80098e-05
5.744e-05
5.69139e-05
5.6428e-05
5.59796e-05
5.55656e-05
5.51834e-05
5.48307e-05
5.45052e-05
5.42048e-05
5.39278e-05
5.36762e-05
5.34515e-05
5.32445e-05
5.30518e-05
5.28721e-05
5.27045e-05
5.25485e-05
5.24034e-05
5.22688e-05
5.21439e-05
5.20284e-05
5.19215e-05
5.18227e-05
5.17315e-05
5.16474e-05
5.15698e-05
5.14983e-05
5.14324e-05
5.13716e-05
5.13156e-05
5.1264e-05
5.12165e-05
5.11729e-05
5.11329e-05
5.10961e-05
5.10622e-05
5.1031e-05
5.10024e-05
5.09761e-05
5.0952e-05
5.09299e-05
5.09096e-05
5.08912e-05

