5e-05
5.02631e-05
5.04691e-05
5.06301e-05
5.07572e-05
5.08582e-05
5.09394e-05
5.10052e-05
5.10589e-05
5.11033e-05
5.11402e-05
5.11713e-05
5.11975e-05
5.12149e-05
5.12284e-05
5.1267e-05
5.13462e-05
5.14338e-05
5.15162e-05
5.15703e-05
5.1592e-05
5.16021e-05
5.16083e-05
5.16056e-05
5.15995e-05
5.15917e-05
5.15827e-05
5.15746e-05
5.15667e-05
5.15546e-05
5.15611e-05
5.15777e-05
5.1595e-05
5.16086e-05
5.16189e-05
5.16244e-05
5.16288e-05
5.16323e-05
5.1635e-05
5.1637e-05
5.16382e-05
5.16388e-05
5.16345e-05
5.1626e-05
5.16183e-05
5.16117e-05
5.16037e-05
5.15947e-05
5.15843e-05
5.15754e-05
5.15673e-05
9.04577e-05
0.000181306
0.000203598
0.000202991
0.000195146
0.000185443
0.000175664
0.000166354
0.000157653
0.000149567
0.000142077
0.000135153
0.000128756
0.000122841
0.000117377
0.000112327
0.000107662
0.000103351
9.93706e-05
9.56962e-05
9.23022e-05
8.91636e-05
8.62637e-05
8.35876e-05
8.11205e-05
7.88657e-05
7.67962e-05
7.48896e-05
7.31299e-05
7.15037e-05
6.99918e-05
6.85833e-05
6.72781e-05
6.60726e-05
0.000143127
0.000201866
0.000212942
0.000208321
0.000198948
0.000188637
0.000178838
0.000169729
0.000161157
0.000153176
0.000145748
0.000138824
0.000132369
0.000126357
0.000120762
0.000115552
0.000110714
0.000106221
0.000102061
9.82123e-05
9.46522e-05
9.13606e-05
8.8318e-05
8.55063e-05
8.29084e-05
8.05085e-05
7.82918e-05
7.62445e-05
7.4353e-05
0.000179951
0.000214976
0.000217858
0.000210387
0.000200002
0.000189215
0.000178846
0.000169133
0.000160119
0.000151782
0.00014408
0.000143348
0.000240754
0.000262708
0.000259034
0.000247397
0.000233825
0.000220563
0.000208278
0.000196969
0.000186486
0.000176684
0.000167537
0.000158996
0.000151082
0.000143716
0.000136857
0.000130476
0.000222207
0.000252538
0.000252123
0.000241924
0.000229187
0.000216296
0.000204011
0.000192507
0.00026606
0.000296427
0.000293748
0.000280811
0.00026529
0.000249678
0.000234815
0.000220935
0.000208045
0.000290007
0.000310325
0.000303784
0.000289007
0.000272348
0.000332078
0.000356608
0.000349008
0.000331589
0.000311929
0.00029255
0.000274238
0.000257183
0.000241391
0.000226797
0.00021333
0.00020092
0.000189485
0.000178965
0.000169265
0.000160293
0.000151991
0.000144322
0.000137238
0.000130699
0.000124692
0.000119154
0.000114038
0.000109309
0.000104936
0.000100883
9.71264e-05
9.36497e-05
9.0433e-05
8.74608e-05
8.47149e-05
8.21754e-05
7.98277e-05
7.76582e-05
7.56521e-05
7.38001e-05
7.20891e-05
7.05047e-05
6.90422e-05
6.76914e-05
6.64401e-05
6.52854e-05
6.42183e-05
6.3233e-05
6.23239e-05
6.14859e-05
6.07116e-05
5.99962e-05
5.93361e-05
5.87284e-05
5.8169e-05
5.76513e-05
5.71741e-05
5.67331e-05
5.63258e-05
5.59512e-05
5.56067e-05
5.52899e-05
5.49985e-05
5.47261e-05
5.44721e-05
5.42387e-05
5.40245e-05
5.38257e-05
5.36386e-05
5.34644e-05
5.34698e-05
5.37148e-05
5.41051e-05
5.48031e-05
0.000149895
0.000190697
0.000197556
0.000193524
0.000242865
0.000387478
0.000375891
0.000351395
0.000328356
0.000307028
0.000287321
0.000269121
0.000252317
0.000236803
0.000222482
0.000209261

