5e-05
5.02631e-05
5.04691e-05
5.06301e-05
5.07572e-05
5.08582e-05
5.09394e-05
5.10052e-05
5.10589e-05
5.11033e-05
5.11402e-05
5.11713e-05
5.11977e-05
5.12132e-05
5.12233e-05
5.12328e-05
5.12421e-05
5.12517e-05
5.12614e-05
5.12679e-05
5.12689e-05
5.12683e-05
5.12649e-05
5.12518e-05
5.12369e-05
5.1225e-05
5.12176e-05
5.12144e-05
6.21423e-05
0.000172793
0.000202121
0.000203818
0.000196662
0.000187058
0.000177161
0.000167672
0.000158794
0.000150558
0.000142943
0.000135908
0.000129413
0.000123482
0.000118323
0.000113787
0.000109709
0.000105959
0.000102387
9.89585e-05
9.56915e-05
9.25866e-05
8.96484e-05
8.68579e-05
8.42127e-05
8.17288e-05
7.94209e-05
7.72848e-05
7.53078e-05
7.34761e-05
7.17821e-05
7.0214e-05
6.87623e-05
6.74211e-05
6.6185e-05
6.50463e-05
6.39974e-05
6.30292e-05
6.21361e-05
6.13133e-05
6.0553e-05
5.9853e-05
5.92087e-05
5.86158e-05
5.80694e-05
5.75635e-05
5.7097e-05
5.66647e-05
5.62664e-05
5.59171e-05
5.56114e-05
5.53348e-05
5.50792e-05
5.48358e-05
5.46038e-05
5.43875e-05
5.41838e-05
5.39877e-05
5.39823e-05
5.4302e-05
5.46632e-05
5.49643e-05
5.51998e-05
5.53456e-05
5.53996e-05
5.53682e-05
5.52608e-05
5.51167e-05
5.49514e-05
5.47744e-05
5.45928e-05
5.44111e-05
5.42326e-05
5.40557e-05
5.38835e-05
5.37202e-05
5.35645e-05
5.34157e-05
5.32846e-05
5.33958e-05
5.37007e-05
5.40496e-05
5.43706e-05
5.46128e-05
5.47584e-05
5.48137e-05
5.47957e-05
5.47238e-05
5.4615e-05
5.44814e-05
5.4352e-05
5.42265e-05
5.40912e-05
5.39486e-05
5.38016e-05
5.36563e-05
5.35177e-05
5.33864e-05
5.32625e-05
5.31359e-05
5.30138e-05
5.29013e-05
5.27983e-05
5.27041e-05
5.26181e-05
5.2537e-05
5.24601e-05
5.23889e-05
5.23486e-05
5.23255e-05
5.23158e-05
5.23628e-05
5.2419e-05
5.24612e-05
5.24911e-05
5.25016e-05
5.24981e-05
5.24935e-05
5.2507e-05
5.25131e-05
5.2495e-05
5.24635e-05
5.24292e-05
5.23886e-05
5.23464e-05
5.23139e-05
5.2285e-05
5.22577e-05
5.22215e-05
5.21824e-05
5.21429e-05
5.21045e-05
5.20691e-05
5.20364e-05
5.20025e-05
0.000109668
0.000186736
0.000204396
0.000202287
0.000194006
0.000184182
0.000174363
0.000165041
0.000156347
0.000148292
0.000216358
0.000264628
0.000269213
0.00025968
0.000246148
0.000232031
0.000218441
0.000205703
0.000193878
0.000182942
0.00017284
0.000163508
0.000154891
0.000146935
0.000139591
0.00013281
0.000126553
0.000120777
0.000115442
0.000110518
0.000105972
0.000101776
9.79027e-05
9.43269e-05
9.10275e-05
8.79834e-05
8.51748e-05
8.25835e-05
8.01924e-05
7.79861e-05
7.59495e-05
7.40657e-05
7.23223e-05
7.0713e-05
6.92262e-05
6.78548e-05
6.6669e-05
6.58846e-05
6.53332e-05
6.47924e-05
6.42233e-05
6.36041e-05
6.29673e-05
6.23179e-05
6.16457e-05
6.09764e-05
6.03248e-05
5.96936e-05
5.90957e-05
5.85365e-05
5.8015e-05
5.75263e-05
5.70648e-05
5.66354e-05
5.62389e-05
5.58731e-05
5.55343e-05
5.522e-05
5.49287e-05
5.46591e-05
5.44115e-05
5.41827e-05
5.39708e-05
5.37765e-05
5.3612e-05
5.34775e-05
5.33593e-05
5.32487e-05
5.31421e-05
5.30361e-05
5.29278e-05
5.28255e-05
5.27306e-05
5.26427e-05
5.25581e-05
5.24792e-05
5.24066e-05

