5e-05
5.02667e-05
5.04834e-05
5.06586e-05
5.08009e-05
5.09171e-05
5.10125e-05
5.10912e-05
5.11565e-05
5.12109e-05
5.12566e-05
5.12951e-05
5.13298e-05
5.13804e-05
5.14578e-05
5.15578e-05
5.16553e-05
5.17419e-05
5.18144e-05
5.18709e-05
5.18891e-05
5.18913e-05
5.18857e-05
5.18583e-05
5.1821e-05
5.17873e-05
5.17581e-05
5.17334e-05
5.17128e-05
5.1696e-05
5.16826e-05
5.16723e-05
5.16645e-05
5.16555e-05
5.16429e-05
5.16304e-05
5.16207e-05
5.16139e-05
5.16098e-05
5.16078e-05
5.16078e-05
5.16094e-05
5.16123e-05
5.16161e-05
5.16185e-05
5.16193e-05
5.1621e-05
5.16247e-05
5.1654e-05
5.16981e-05
5.17437e-05
5.17797e-05
5.18004e-05
5.18169e-05
5.18302e-05
5.18386e-05
5.18406e-05
5.18409e-05
5.18401e-05
0.000104415
0.000184622
0.000203432
0.000201749
0.000193636
0.000183891
0.000174121
0.000164833
0.000156167
0.000148135
0.00014071
0.000133855
0.000127528
0.000121688
0.000116297
0.000111317
0.000106717
0.000102473
9.85564e-05
9.49384e-05
9.15978e-05
8.85153e-05
8.5666e-05
8.3037e-05
8.06127e-05
7.83771e-05
7.63156e-05
7.44106e-05
7.26499e-05
7.10263e-05
6.95296e-05
6.81499e-05
6.6876e-05
6.56995e-05
6.46145e-05
6.36112e-05
6.26831e-05
6.18272e-05
6.10389e-05
6.03129e-05
5.96444e-05
5.90287e-05
5.84803e-05
5.80187e-05
5.76015e-05
5.72188e-05
5.68652e-05
5.65315e-05
5.62113e-05
5.59082e-05
5.56178e-05
5.53452e-05
5.50903e-05
5.48522e-05
5.46246e-05
5.44017e-05
5.4192e-05
5.39949e-05
5.38133e-05
5.36466e-05
5.34936e-05
5.33534e-05
5.32248e-05
5.31069e-05
5.29989e-05
5.28999e-05
5.28081e-05
5.27202e-05
5.26371e-05
5.25542e-05
5.2475e-05
5.24029e-05
5.23381e-05
5.22808e-05
5.24178e-05
5.29074e-05
5.36179e-05
5.44768e-05
5.54822e-05
5.67496e-05
5.78142e-05
5.91362e-05
0.000199642
0.000280705
0.000267676
0.000251384
0.000236215
0.000222295
0.000209369
0.000197373
0.000186245
0.000175929
0.00016638
0.000157553
0.000149394
0.000141856
0.000134897
0.000128611
0.000123164
0.000118345
0.000113964
0.000109809
0.000105801
0.00010199
9.83693e-05
9.49314e-05
9.1705e-05
8.86978e-05
8.58995e-05
8.32979e-05
8.08867e-05
7.86542e-05
7.65884e-05
7.46769e-05
7.29063e-05
7.12695e-05
6.97803e-05
6.84096e-05
6.71421e-05
6.59722e-05
6.48918e-05
6.38931e-05
6.29651e-05
6.20997e-05
6.12961e-05
6.05518e-05
5.98637e-05
5.92291e-05
5.86399e-05
5.8092e-05
5.75844e-05
5.71174e-05
5.6686e-05
5.62846e-05
5.59129e-05
5.55692e-05
5.52516e-05
5.49604e-05
5.4691e-05
5.44431e-05
5.42162e-05
5.40084e-05
5.38151e-05
5.36379e-05
5.34759e-05
5.3326e-05
5.31865e-05
5.3059e-05
5.29415e-05
5.28312e-05
5.27297e-05
5.26335e-05
5.2543e-05
5.24607e-05
5.23862e-05
5.2319e-05
5.22581e-05
5.22024e-05
5.21487e-05
5.20997e-05
5.20556e-05
5.20127e-05
5.19729e-05
5.19317e-05
5.18897e-05
5.18523e-05
5.18196e-05
5.17911e-05
5.17665e-05
8.85917e-05
0.000180552
0.00020327
0.000202831
0.000195053
0.000185339
0.000175499
0.000166116
0.000157353
0.000149227
0.000141714
0.000134777
0.000128381
0.000122501
0.000117083
0.000112072
0.000107445
0.000103172
9.92258e-05
9.55815e-05
9.22154e-05
8.91044e-05

