5e-05
5.02631e-05
5.04691e-05
5.06301e-05
5.07572e-05
5.08582e-05
5.09394e-05
5.10052e-05
5.10589e-05
5.11033e-05
5.11402e-05
5.11713e-05
5.12069e-05
5.12467e-05
5.12914e-05
5.1392e-05
5.15224e-05
5.16887e-05
5.18372e-05
5.19485e-05
5.2007e-05
5.20368e-05
6.36769e-05
0.000172999
0.000201965
0.000203579
0.000196416
0.000186825
0.000176949
0.000167477
0.000158612
0.00015039
0.000154406
0.000248562
0.000268727
0.000264164
0.000251984
0.000238001
0.000224153
0.000242296
0.000310304
0.000318491
0.000307626
0.000291588
0.00027476
0.000258514
0.000243187
0.000228866
0.000215613
0.000203343
0.000191928
0.000181297
0.000171421
0.000162275
0.00015381
0.000145986
0.000138756
0.000132076
0.000125905
0.000120202
0.000114914
0.000110019
0.000105499
0.000101329
9.75034e-05
9.39831e-05
9.07361e-05
8.77377e-05
8.4971e-05
8.24181e-05
8.00601e-05
7.78745e-05
7.58495e-05
0.000139158
0.00020517
0.000218258
0.000214014
0.000204496
0.00019378
0.000183222
0.000173245
0.000163948
0.000155329
0.000147356
0.00013999
0.000133191
0.000126914
0.000121121
0.00011577
0.000110829
0.000106265
0.000102049
9.81557e-05
9.45607e-05
9.12424e-05
8.81773e-05
8.53485e-05
8.27394e-05
8.03333e-05
7.81141e-05
7.60628e-05
7.41658e-05
7.24101e-05
7.07911e-05
6.9299e-05
6.79241e-05
6.66571e-05
6.54911e-05
6.44403e-05
6.34847e-05
6.26011e-05
6.17846e-05
6.10295e-05
6.03263e-05
5.96755e-05
5.91013e-05
5.85763e-05
5.80873e-05
5.76268e-05
5.71958e-05
5.67939e-05
5.6419e-05
5.6066e-05
5.57323e-05
5.54188e-05
5.51279e-05
5.48585e-05
5.46086e-05
5.43737e-05
5.41562e-05
5.39556e-05
5.3768e-05
5.35935e-05
5.3433e-05
5.32845e-05
5.3161e-05
5.30662e-05
5.30042e-05
5.29643e-05
5.29329e-05
5.29242e-05
5.29198e-05
5.29457e-05
5.29714e-05
5.29702e-05
5.29561e-05
5.29223e-05
5.28708e-05
5.284e-05
5.30757e-05
5.34216e-05
5.36951e-05
5.38678e-05
5.39656e-05
5.40014e-05
5.39675e-05
0.000153472
0.000197514
0.000204207
0.000198648
0.000189482
0.000179634
0.00017006
0.000161054
0.00015268
0.000144927
0.000137763
0.000131147
0.000125039
0.0001194
0.000114187
0.000109375
0.00010493
0.000100827
0.000184087
0.000230456
0.000236157
0.00022866
0.000217346
0.000205404
0.000193876
0.000183059
0.000173036
0.000163776
0.000155217
0.000147307
0.000139994
0.000133236
0.000126992
0.00012122
0.000115887
0.00011095
0.000106387
0.000102173
9.82765e-05
9.46794e-05
9.13563e-05
8.82844e-05
8.54537e-05
8.28633e-05
8.0479e-05
7.82789e-05
7.62426e-05
7.43572e-05
7.26119e-05
7.09998e-05
6.95077e-05
6.81237e-05
6.68442e-05
6.56641e-05
6.45757e-05
6.35688e-05
6.26396e-05
6.1782e-05
6.09874e-05
6.02529e-05
5.9575e-05
5.89475e-05
5.83673e-05
5.78332e-05
5.734e-05
5.68846e-05
5.64636e-05
5.60748e-05
5.57149e-05
5.53841e-05
5.50804e-05
5.48017e-05
5.45457e-05
5.43055e-05
5.40817e-05
5.38745e-05
5.36831e-05
5.35064e-05
5.33448e-05
5.31974e-05
5.30628e-05
5.29567e-05
5.28729e-05
5.27982e-05
5.2754e-05
5.27202e-05
5.26852e-05
5.26335e-05
5.25786e-05
5.25197e-05
0.000120896
0.00018863
0.000203234
0.00020026

