5e-05
5.02669e-05
5.04842e-05
5.06602e-05
5.08034e-05
5.09206e-05
5.10168e-05
5.10963e-05
5.11819e-05
5.13156e-05
5.14593e-05
5.15908e-05
5.17027e-05
5.17801e-05
5.18584e-05
5.19431e-05
5.20171e-05
5.20765e-05
5.21173e-05
5.21289e-05
0.000132798
0.000192115
0.000203906
0.000199992
0.000191256
0.000181429
0.000171752
0.000162613
0.000154102
0.000146209
0.000138914
0.00013218
0.000125966
0.000138026
0.000231565
0.000252211
0.00024863
0.000237545
0.000224639
0.000211807
0.000199648
0.000188318
0.000177823
0.000168121
0.000159157
0.000150885
0.000143277
0.000136262
0.000129787
0.000123812
0.000118288
0.000113177
0.00010845
0.000104084
0.00010005
9.63241e-05
9.28812e-05
8.97038e-05
8.67691e-05
8.40617e-05
8.15632e-05
7.92523e-05
7.71205e-05
7.51524e-05
7.33362e-05
7.16598e-05
7.01123e-05
6.86859e-05
6.73713e-05
6.61599e-05
6.50399e-05
6.39981e-05
6.30348e-05
6.21479e-05
6.13316e-05
6.05797e-05
5.98849e-05
5.92455e-05
5.86565e-05
5.81111e-05
5.76092e-05
5.71476e-05
5.67233e-05
5.63332e-05
5.59745e-05
5.56446e-05
5.53353e-05
5.50462e-05
5.47749e-05
5.45204e-05
5.42824e-05
5.40609e-05
5.38533e-05
5.36617e-05
5.34866e-05
5.33259e-05
5.31804e-05
5.30478e-05
5.29257e-05
5.28157e-05
5.27168e-05
5.26265e-05
5.25424e-05
5.24668e-05
5.23991e-05
5.23384e-05
5.22792e-05
5.22223e-05
5.21714e-05
5.21258e-05
5.20818e-05
5.20412e-05
5.20019e-05
5.19647e-05
0.000116219
0.000187996
0.000203924
0.000201294
0.000192906
0.000183114
0.000173372
0.000164136
0.000155522
0.000147539
0.000140158
0.000133341
0.000127047
0.000121239
0.000115876
0.000110941
0.000106658
0.000103018
9.98238e-05
9.68936e-05
9.41998e-05
9.15316e-05
8.88432e-05
8.63152e-05
8.39505e-05
8.17238e-05
7.96469e-05
7.77064e-05
7.58753e-05
7.41582e-05
7.2551e-05
7.10442e-05
6.96246e-05
6.82952e-05
6.70578e-05
6.59006e-05
6.48203e-05
6.38099e-05
6.28706e-05
6.19958e-05
6.11853e-05
6.0437e-05
5.9746e-05
5.91233e-05
5.85612e-05
5.80417e-05
5.75595e-05
5.71129e-05
5.67016e-05
5.63214e-05
0.00014535
0.00019746
0.000206651
0.000201755
0.00019263
0.000182623
0.000172838
0.000163617
0.000155039
0.0001471
0.000139785
0.000133048
0.000126836
0.000121103
0.000115807
0.000110905
0.000106368
0.00010217
9.82919e-05
9.47123e-05
9.14077e-05
8.8351e-05
8.55295e-05
8.29265e-05
0.000172161
0.000217785
0.000223813
0.000217051
0.000206579
0.000195456
0.000184684
0.000174563
0.000165155
0.000156448
0.000148401
0.000140965
0.000134097
0.000127756
0.0001219
0.000116494
0.000111504
0.000106897
0.000102643
9.87134e-05
9.50856e-05
9.17392e-05
8.86525e-05
0.000186262
0.000223788
0.000227018
0.000219199
0.000208264
0.000196892
0.000185952
0.000175703
0.000166191
0.00015739
0.000149257
0.000141742
0.000134801
0.000128396
0.000122484
0.000117026
0.000111991
0.000107344
0.000103049
9.90825e-05
9.54238e-05
9.2049e-05
8.89362e-05
8.60648e-05
8.34124e-05
8.09645e-05
7.87032e-05
7.66166e-05
7.47113e-05
7.29697e-05
7.13621e-05
6.98794e-05
6.85074e-05
6.72362e-05
6.60616e-05
6.49763e-05
6.39732e-05
6.30411e-05
6.21767e-05

