5e-05
5.02669e-05
5.04842e-05
5.06602e-05
5.09083e-05
5.16585e-05
5.3162e-05
0.000220147
0.000275599
0.000262127
0.000246234
0.000231327
0.000217556
0.000204875
0.000193159
0.000182361
0.000172388
0.000163167
0.00015464
0.000146755
0.00022861
0.000275201
0.000278768
0.000268453
0.000254224
0.00023947
0.000225295
0.000212021
0.000199703
0.00018831
0.000177785
0.00016807
0.000159102
0.000150822
0.00014318
0.000136128
0.000129619
0.000123612
0.000118069
0.000112953
0.000108231
0.000103873
9.98509e-05
9.61382e-05
9.27081e-05
8.95418e-05
8.66196e-05
8.39227e-05
8.14336e-05
0.000132168
0.000207862
0.000224043
0.00022047
0.000210807
0.000199698
0.00018869
0.000178271
0.000194144
0.00027394
0.000288085
0.000280668
0.000266744
0.00025145
0.000236496
0.000222404
0.000209299
0.00019717
0.000185961
0.00017561
0.000166056
0.000157236
0.000149096
0.000141583
0.00013465
0.000128251
0.000122344
0.000116934
0.000112216
0.000108049
0.000104236
0.000100702
9.7377e-05
9.41454e-05
9.107e-05
0.000167123
0.000218286
0.000226258
0.000220029
0.000209586
0.000198325
0.000187363
0.000177036
0.00016754
0.000159058
0.000151298
0.000144112
0.000137419
0.000131177
0.000125305
0.000119824
0.000114723
0.000110011
0.000105662
0.000101632
9.78954e-05
9.44276e-05
9.12029e-05
8.82138e-05
8.54423e-05
8.28728e-05
8.04878e-05
7.82791e-05
7.62364e-05
7.43476e-05
7.26025e-05
7.09855e-05
6.949e-05
6.81061e-05
6.68256e-05
6.56455e-05
6.45584e-05
6.35573e-05
6.26312e-05
6.17707e-05
0.000131764
0.000196847
0.00021011
0.000206302
0.000197304
0.00018711
0.000177052
0.000167545
0.000158688
0.000150484
0.000142896
0.000135882
0.000129403
0.000123422
0.000117919
0.000184571
0.000238017
0.000245606
0.000238281
0.00022658
0.000214076
0.00020197
0.000190599
0.000180024
0.000170227
0.000161152
0.000152756
0.000144986
0.000137808
0.000131171
0.000125042
0.000119384
0.000114156
0.00010933
0.000104876
0.000100764
9.69671e-05
9.34646e-05
9.02339e-05
8.72506e-05
8.44933e-05
8.19485e-05
7.96023e-05
7.74371e-05
7.54377e-05
7.35923e-05
7.18885e-05
7.03178e-05
6.88662e-05
6.75219e-05
6.62811e-05
6.51384e-05
6.40864e-05
6.31179e-05
6.22263e-05
6.14053e-05
6.06445e-05
5.99412e-05
5.92938e-05
5.8697e-05
5.81448e-05
5.76365e-05
5.71689e-05
5.67367e-05
5.63368e-05
5.5969e-05
5.56295e-05
5.53116e-05
5.50182e-05
5.47449e-05
5.44885e-05
5.42527e-05
5.40344e-05
5.38348e-05
5.36471e-05
5.347e-05
5.33079e-05
5.31607e-05
5.30248e-05
5.29013e-05
5.27898e-05
5.26892e-05
5.25954e-05
5.25039e-05
5.24185e-05
5.23408e-05
5.22715e-05
5.22099e-05
5.21546e-05
5.21021e-05
5.2052e-05
5.20044e-05
5.19596e-05
5.1919e-05
5.18838e-05
5.18534e-05
5.18273e-05
5.17993e-05
5.17698e-05
5.17416e-05
5.17137e-05
5.16876e-05
5.16654e-05
5.16475e-05
5.16329e-05
5.16186e-05
5.16104e-05
5.1791e-05
5.21868e-05
5.27425e-05
5.33966e-05
5.40627e-05
5.46265e-05
5.49656e-05
5.51407e-05
5.5153e-05
5.50804e-05
5.49641e-05
5.48256e-05
5.46732e-05
5.45042e-05
5.43277e-05
5.41783e-05
5.41031e-05
5.40503e-05
5.39869e-05

