5e-05
5.02631e-05
5.04691e-05
5.06301e-05
5.07572e-05
5.08582e-05
5.09394e-05
5.10052e-05
5.10589e-05
5.11033e-05
5.11402e-05
5.11713e-05
5.12069e-05
5.12467e-05
5.12914e-05
5.1392e-05
5.15224e-05
5.16887e-05
5.18372e-05
5.19485e-05
5.2007e-05
5.20368e-05
5.20386e-05
5.20022e-05
5.19553e-05
5.19091e-05
5.18658e-05
5.18272e-05
0.000139314
0.000194533
0.000204848
0.000200381
0.000191449
0.000181546
0.000171835
0.000162676
0.000154156
0.000146271
0.000138985
0.000132255
0.000126041
0.000120369
0.000210434
0.000242678
0.000243608
0.000234574
0.000222755
0.000210582
0.000198933
0.000188013
0.000177801
0.000168264
0.000159393
0.000151173
0.000143562
0.000136526
0.000130023
0.000124015
0.000118464
0.000113333
0.000108572
0.000104166
0.000100095
9.63408e-05
9.28988e-05
8.97324e-05
8.68122e-05
8.41155e-05
8.16274e-05
7.93315e-05
7.72108e-05
7.52443e-05
7.34215e-05
7.17352e-05
7.0179e-05
6.87658e-05
6.74726e-05
6.62833e-05
6.51823e-05
6.41624e-05
6.32197e-05
6.23407e-05
6.1519e-05
6.07534e-05
6.00444e-05
5.93907e-05
5.87884e-05
5.82322e-05
5.77169e-05
5.72393e-05
5.67954e-05
5.63828e-05
5.60004e-05
5.56464e-05
5.532e-05
5.50167e-05
5.47374e-05
5.44818e-05
5.42482e-05
5.40346e-05
5.38346e-05
5.36465e-05
5.34685e-05
5.33058e-05
5.3158e-05
5.30241e-05
5.29027e-05
5.27942e-05
5.27196e-05
5.26651e-05
5.26133e-05
5.25647e-05
5.25185e-05
5.24696e-05
5.24229e-05
5.24063e-05
5.2396e-05
5.23822e-05
5.23603e-05
5.23342e-05
5.23061e-05
5.22763e-05
5.22418e-05
5.22021e-05
5.216e-05
5.21197e-05
5.20815e-05
5.20451e-05
5.20073e-05
5.19718e-05
5.19391e-05
5.19066e-05
5.18752e-05
5.18467e-05
5.18202e-05
5.18093e-05
5.18185e-05
5.18524e-05
5.1901e-05
5.19513e-05
5.20182e-05
5.20834e-05
5.21736e-05
5.22587e-05
5.23123e-05
5.23487e-05
5.23617e-05
5.23532e-05
5.23623e-05
5.26347e-05
5.30145e-05
5.33193e-05
5.35209e-05
5.36453e-05
5.37058e-05
5.36946e-05
5.36108e-05
5.34896e-05
5.3362e-05
5.32395e-05
5.31398e-05
5.3046e-05
5.29547e-05
5.28656e-05
5.278e-05
5.26972e-05
5.26201e-05
5.25492e-05
5.2484e-05
5.24225e-05
5.23597e-05
5.23008e-05
5.22436e-05
5.21912e-05
5.21428e-05
5.20965e-05
5.2055e-05
5.20161e-05
5.19764e-05
5.1959e-05
5.1958e-05
5.19592e-05
5.19834e-05
5.20197e-05
5.20488e-05
5.20697e-05
5.2078e-05
5.20791e-05
5.20751e-05
5.20625e-05
5.20465e-05
5.20179e-05
5.19864e-05
5.19542e-05
5.19191e-05
5.18861e-05
5.18532e-05
5.18184e-05
5.17914e-05
5.1789e-05
5.17938e-05
5.17991e-05
5.17987e-05
5.17926e-05
5.17822e-05
5.17716e-05
5.17578e-05
5.17385e-05
5.17188e-05
5.17015e-05
5.16866e-05
5.16707e-05
5.16563e-05
5.16431e-05
5.1628e-05
5.16131e-05
5.15995e-05
5.15851e-05
5.15709e-05
5.15594e-05
5.15485e-05
5.15384e-05
5.15285e-05
5.15191e-05
5.15094e-05
5.1502e-05
5.14968e-05
5.14936e-05
5.14919e-05
5.14865e-05
5.14794e-05
5.14723e-05
5.14656e-05
5.14593e-05
5.14552e-05
5.1453e-05
5.14526e-05
5.14703e-05
5.15008e-05
5.15316e-05
5.15847e-05
5.16408e-05
5.16888e-05
5.17138e-05
5.17295e-05
5.17359e-05
5.174e-05
5.17588e-05
5.1784e-05
5.18e-05

