5e-05
5.02669e-05
5.04842e-05
5.06602e-05
5.08034e-05
5.09206e-05
5.10168e-05
5.10963e-05
5.12001e-05
5.13961e-05
5.16103e-05
5.18076e-05
5.1974e-05
0.000107476
0.000182941
0.000200298
0.000198429
0.000190549
0.00018114
0.000171689
0.000162647
0.00015418
0.00014632
0.000139037
0.000132309
0.000126097
0.000120365
0.000115074
0.000110189
0.000105667
0.000101513
9.77248e-05
9.42532e-05
9.10495e-05
8.80914e-05
8.53509e-05
8.2815e-05
8.04703e-05
7.82992e-05
7.62869e-05
7.44261e-05
7.27058e-05
7.11156e-05
6.96457e-05
6.82847e-05
6.70227e-05
6.58565e-05
6.47823e-05
6.38293e-05
6.29866e-05
0.000173803
0.000205939
0.00020838
0.0002013
0.000191594
0.00018153
0.000171846
0.000162765
0.000154321
0.0001465
0.000139241
0.000132524
0.000126322
0.000120593
0.000115301
0.000110413
0.000105894
0.000101723
9.78668e-05
9.43051e-05
9.10187e-05
8.79842e-05
8.51844e-05
8.25994e-05
8.02152e-05
7.80125e-05
7.59754e-05
7.4097e-05
7.23657e-05
7.07668e-05
6.92922e-05
6.79301e-05
6.66648e-05
6.54933e-05
6.44114e-05
6.34149e-05
6.24974e-05
6.1647e-05
6.08584e-05
6.01329e-05
5.94638e-05
5.88454e-05
5.8273e-05
5.7745e-05
5.72582e-05
5.68097e-05
5.63978e-05
5.60208e-05
5.56732e-05
5.53541e-05
5.50623e-05
5.47956e-05
5.45519e-05
5.43378e-05
5.41692e-05
5.40245e-05
5.38942e-05
5.37674e-05
5.36381e-05
5.35099e-05
5.33837e-05
5.32655e-05
5.31529e-05
5.30499e-05
5.29836e-05
5.29304e-05
5.28799e-05
5.28328e-05
5.27874e-05
5.27426e-05
5.26968e-05
5.26446e-05
5.25879e-05
5.25401e-05
5.25131e-05
5.24794e-05
5.2445e-05
5.24032e-05
5.23577e-05
5.23324e-05
5.26312e-05
5.33019e-05
5.42886e-05
6.05431e-05
0.000241947
0.00026223
0.000247517
0.000232588
0.000218676
0.000205798
0.000193899
0.000182909
0.000172763
0.000163398
0.000154753
0.000146773
0.00013941
0.000132624
0.00012637
0.000120599
0.000115275
0.000110353
0.00016639
0.00023757
0.000250772
0.000244919
0.000233289
0.000220412
0.000207789
0.000195889
0.000184836
0.000174609
0.000165157
0.000156428
0.000148373
0.000140948
0.000134094
0.000127769
0.000121919
0.000116517
0.000111523
0.000106911
0.000102651
9.87192e-05
9.50876e-05
9.17356e-05
8.86424e-05
8.57879e-05
8.31538e-05
8.07229e-05
7.84776e-05
7.64023e-05
7.44847e-05
7.27153e-05
0.000108788
0.000196466
0.000217055
0.00021524
0.000206396
0.000195788
0.000185289
0.000175705
0.000166952
0.000158879
0.000151288
0.000144149
0.000137431
0.000131145
0.000125253
0.000119759
0.000114644
0.000109873
0.000105445
0.000101342
9.75323e-05
9.40076e-05
9.07479e-05
8.77342e-05
8.49504e-05
8.23809e-05
8.00064e-05
7.78109e-05
7.57851e-05
7.39173e-05
0.000181015
0.000214444
0.000216857
0.000209307
0.000198965
0.000188258
0.000177974
0.000168339
0.000159391
0.000151111
0.000143461
0.000136398
0.000129879
0.000123861
0.000118302
0.000113164
0.000108421
0.000104042
0.000100009
9.63066e-05
9.28945e-05
8.97447e-05
8.68295e-05
8.41281e-05
8.16252e-05
7.93123e-05
7.71753e-05
7.52031e-05
7.34059e-05
0.000170611
0.000211267
0.000216076
0.000209351
0.000199303
0.000188692
0.000178667

