5e-05
5.02631e-05
5.04691e-05
5.06301e-05
5.07572e-05
5.08582e-05
5.09394e-05
5.10052e-05
5.10589e-05
5.11033e-05
5.11402e-05
5.11715e-05
0.000107843
0.000184662
0.000202245
0.000200262
0.000192173
0.000182547
0.000237902
0.000287548
0.00029144
0.0002806
0.000265615
0.000250056
0.000235097
0.000221086
0.000208082
0.000196056
0.000184945
0.000174684
0.000165208
0.000156458
0.000148383
0.000140926
0.000134041
0.000127685
0.000121819
0.000116406
0.000111407
0.000106793
0.000102535
9.86069e-05
9.49825e-05
9.16383e-05
8.85528e-05
8.57164e-05
8.31295e-05
8.07824e-05
7.86551e-05
7.66981e-05
7.48711e-05
7.31665e-05
7.15661e-05
7.00688e-05
6.86806e-05
6.73938e-05
6.61972e-05
6.50872e-05
6.40532e-05
6.3095e-05
6.22055e-05
6.13817e-05
6.06218e-05
5.99212e-05
5.92725e-05
5.86736e-05
5.81219e-05
5.76138e-05
5.71429e-05
5.67057e-05
9.28385e-05
0.000183695
0.000205874
0.000205126
0.000197138
0.000187251
0.000177258
0.000167745
0.000158885
0.000150682
0.0001431
0.000136092
0.000129613
0.000123625
0.000118091
0.000112982
0.000108261
0.000103895
9.98597e-05
9.61309e-05
9.26898e-05
8.95139e-05
8.65824e-05
8.38782e-05
8.13839e-05
7.90832e-05
7.69612e-05
7.50038e-05
7.32217e-05
7.16278e-05
7.01756e-05
6.88379e-05
6.75983e-05
6.64455e-05
6.53695e-05
6.4353e-05
6.34018e-05
6.25172e-05
6.17126e-05
6.09716e-05
6.02871e-05
5.96527e-05
5.90601e-05
5.85069e-05
0.000126952
0.000193535
0.000207539
0.00020413
0.000195354
0.000185314
0.00017538
0.000165981
0.000157225
0.000149113
0.000141608
0.000134675
0.000205033
0.000254075
0.000259421
0.000250626
0.000237784
0.000224307
0.000211322
0.000199159
0.000187874
0.000177461
0.000167844
0.000158962
0.000150775
0.00014327
0.000136352
0.000129953
0.000124035
0.000121369
0.000221966
0.000246456
0.000244407
0.000245961
0.000321119
0.000330936
0.000328559
0.000495831
0.00049776
0.000465118
0.000433548
0.000404207
0.000377061
0.00035198
0.000328817
0.00030743
0.000380853
0.000400922
0.000389641
0.000368962
0.000346337
0.000324236
0.000303415
0.000284049
0.000266123
0.000249558
0.00023426
0.000220136
0.000207097
0.00019506
0.000183948
0.000173691
0.000164222
0.00015548
0.000147411
0.000139962
0.000133087
0.00012674
0.000120881
0.000115472
0.000110479
0.00010587
0.000101616
9.76895e-05
9.40646e-05
9.07183e-05
8.76293e-05
8.47778e-05
8.21454e-05
7.97153e-05
7.7472e-05
7.54055e-05
7.35037e-05
7.1748e-05
7.01258e-05
6.86267e-05
6.72413e-05
6.59614e-05
6.47791e-05
6.36873e-05
6.26791e-05
6.17481e-05
6.08885e-05
6.00951e-05
5.93632e-05
5.86873e-05
5.80633e-05
5.74871e-05
5.69552e-05
5.64644e-05
5.60114e-05
5.55933e-05
5.52073e-05
5.48512e-05
5.45229e-05
5.422e-05
5.39404e-05
5.36824e-05
5.34443e-05
5.32251e-05
5.30232e-05
5.28367e-05
5.26647e-05
5.25059e-05
5.23594e-05
5.22241e-05
5.20993e-05
5.20117e-05
5.20273e-05
5.20598e-05
5.20676e-05
5.20406e-05
5.1991e-05
5.1925e-05
5.18526e-05
5.17988e-05
5.18703e-05
5.1957e-05
5.19873e-05
5.19749e-05
5.19373e-05
5.18913e-05
5.18448e-05
5.17915e-05
5.17331e-05
5.17764e-05

