5e-05
5.02669e-05
5.04842e-05
5.06602e-05
5.08034e-05
5.09206e-05
5.10168e-05
5.10963e-05
5.11623e-05
5.1231e-05
5.13163e-05
5.13978e-05
5.14698e-05
0.000142114
0.000193552
0.000202767
0.000198088
0.000189228
0.000179483
0.000169946
0.000160946
0.000152566
0.000144807
0.000137636
0.000131018
0.000125131
0.00012001
0.000200015
0.000238919
0.000242318
0.000233984
0.000222302
0.000210117
0.000198362
0.000187316
0.000177039
0.00016751
0.000158691
0.000150533
0.000142991
0.000136019
0.000129573
0.000123612
0.000118105
0.000113018
0.000108318
0.000103973
9.99634e-05
9.6284e-05
9.28993e-05
8.9779e-05
8.6899e-05
8.42191e-05
8.17234e-05
7.94159e-05
7.72863e-05
7.53204e-05
7.35024e-05
7.1821e-05
7.02695e-05
6.88357e-05
6.75121e-05
6.62921e-05
6.51678e-05
6.41285e-05
6.31706e-05
6.23085e-05
0.000140623
0.000197382
0.000208082
0.000203653
0.000194633
0.000184603
0.000174755
0.000165474
0.000156854
0.000148873
0.000141493
0.000134694
0.000128433
0.000122647
0.000117286
0.000112322
0.000107717
0.000103454
9.95054e-05
9.58453e-05
9.24634e-05
8.93401e-05
8.64515e-05
8.37838e-05
8.13215e-05
7.90489e-05
7.69464e-05
7.49975e-05
7.31989e-05
7.15403e-05
7.00109e-05
6.86009e-05
6.73009e-05
6.61023e-05
6.49971e-05
0.000133401
0.000198409
0.00021165
0.000207786
0.000198685
0.000188379
0.000178211
0.0001686
0.000159652
0.000151367
0.00014371
0.000136641
0.000130111
0.000124081
0.000118531
0.000113428
0.000108724
0.000174495
0.000230723
0.000239585
0.000232948
0.000221719
0.000209598
0.00019782
0.000186747
0.000176455
0.000166924
0.000158101
0.00014995
0.000142422
0.000135468
0.000129044
0.000123141
0.000117702
0.000112678
0.000108038
0.000103751
9.97772e-05
9.60978e-05
9.26983e-05
8.95549e-05
8.66507e-05
8.39697e-05
8.1513e-05
7.92713e-05
7.7243e-05
7.53794e-05
7.37387e-05
0.000182513
0.000212885
0.000214468
0.000206796
0.000196559
0.00018602
0.00017591
0.000166441
0.000157647
0.000149506
0.000141982
0.000135033
0.000183124
0.000247448
0.000257994
0.000250938
0.000238643
0.000225304
0.000212303
0.000200068
0.000188695
0.000178167
0.000168438
0.00015945
0.000151152
0.00014349
0.000136417
0.00012989
0.000123867
0.000118309
0.000113177
0.000108441
0.000104072
0.00010004
9.63202e-05
9.2888e-05
8.97208e-05
8.67942e-05
8.40903e-05
8.15907e-05
7.92788e-05
7.71462e-05
7.51796e-05
7.33663e-05
7.16942e-05
7.01525e-05
6.87308e-05
6.74197e-05
6.62107e-05
6.50956e-05
6.40671e-05
6.31184e-05
6.22432e-05
6.14358e-05
6.06907e-05
5.99989e-05
5.93559e-05
5.87574e-05
5.82058e-05
5.76981e-05
5.72309e-05
5.68009e-05
5.64052e-05
5.6041e-05
5.57058e-05
5.53969e-05
5.51083e-05
5.4842e-05
5.4595e-05
5.43652e-05
5.41515e-05
5.39533e-05
5.37718e-05
5.36054e-05
5.34494e-05
5.3306e-05
5.31751e-05
5.30706e-05
5.29941e-05
5.29239e-05
5.28567e-05
5.27923e-05
5.27272e-05
5.26625e-05
5.25986e-05
5.25389e-05
5.24834e-05
5.24316e-05
5.23834e-05
5.23384e-05
5.22874e-05
5.22343e-05
5.21859e-05
5.21423e-05
5.21033e-05
5.20666e-05
5.20285e-05
5.19921e-05
5.1954e-05
5.1919e-05

