5e-05
5.02631e-05
5.04691e-05
5.06301e-05
5.08524e-05
5.14809e-05
5.23566e-05
5.32916e-05
5.41437e-05
5.48064e-05
5.52308e-05
5.54351e-05
5.5471e-05
5.53696e-05
5.51985e-05
5.50378e-05
5.4878e-05
5.47104e-05
5.45373e-05
5.43545e-05
0.000142133
0.00019587
0.000205707
0.000201087
0.000192064
0.000182099
0.000172338
0.000163134
0.000154569
0.00014664
0.000139314
0.000132553
0.000126312
0.000120552
0.000115233
0.000110325
0.000105797
0.000101619
9.77635e-05
9.4204e-05
9.09198e-05
8.78897e-05
8.50941e-05
8.25128e-05
8.0129e-05
7.79298e-05
7.59008e-05
7.40258e-05
7.22947e-05
7.06977e-05
6.92246e-05
6.78639e-05
6.66137e-05
6.54725e-05
6.44248e-05
6.346e-05
6.25652e-05
6.17371e-05
6.09715e-05
6.02616e-05
5.95882e-05
5.89623e-05
5.83836e-05
5.78698e-05
5.74114e-05
5.69933e-05
5.66084e-05
5.6252e-05
5.59207e-05
5.56121e-05
5.53239e-05
5.50473e-05
5.47875e-05
5.45453e-05
5.43165e-05
5.41012e-05
5.39417e-05
5.40918e-05
5.44621e-05
5.4912e-05
5.53366e-05
5.5623e-05
5.57546e-05
5.57222e-05
0.000153164
0.000196718
0.000203364
0.000197884
0.000188801
0.000179017
0.000169498
0.000160536
0.0001522
0.000220447
0.000267025
0.000270961
0.000261149
0.000247464
0.000233236
0.000219553
0.000206733
0.000194853
0.000183878
0.00017377
0.000164454
0.000155845
0.000147877
0.000140507
0.000133711
0.000127457
0.000121686
0.000116357
0.000111432
0.000106879
0.000102659
9.8782e-05
9.52174e-05
9.19227e-05
8.88708e-05
8.6042e-05
8.3447e-05
8.10707e-05
7.88777e-05
7.68483e-05
7.49677e-05
7.32238e-05
7.16065e-05
7.01066e-05
6.87158e-05
6.74215e-05
6.62212e-05
6.51101e-05
6.40776e-05
6.31174e-05
6.22297e-05
6.14133e-05
6.08399e-05
0.000102019
0.0003302
0.000380791
0.000376759
0.000359143
0.000338038
0.000316856
0.000296708
0.000277901
0.000260466
0.000244345
0.000229454
0.000215703
0.000203007
0.000191287
0.000279893
0.000311652
0.000308579
0.000294592
0.000277842
0.000261742
0.000348692
0.000362903
0.000351665
0.00033291
0.000312714
0.000293077
0.000274609
0.000257442
0.000335718
0.000355438
0.000346325
0.000328514
0.000308838
0.000289562
0.000271386
0.000254475
0.000238819
0.000224351
0.000210991
0.000198664
0.000187285
0.000176779
0.00016708
0.000158124
0.000149857
0.000142224
0.000135178
0.000128672
0.000122667
0.000117123
0.000112005
0.000107281
0.000102919
9.88935e-05
9.51772e-05
9.17469e-05
8.85805e-05
8.56575e-05
8.29595e-05
8.04703e-05
7.81805e-05
7.60681e-05
7.4117e-05
7.23142e-05
7.06484e-05
6.91095e-05
6.7688e-05
6.6375e-05
6.51624e-05
6.40427e-05
6.30089e-05
6.20545e-05
6.11735e-05
6.03601e-05
5.96093e-05
5.89164e-05
5.82767e-05
5.76863e-05
5.71416e-05
5.6643e-05
5.61902e-05
8.38903e-05
0.000182916
0.000207739
0.000207715
0.000199791
0.000189754
0.000179551
0.00016981
0.000160706
0.000152264
0.000144457
0.000137246
0.000130588
0.000124442
0.000118768
0.00011353
0.000108695
0.000104231
0.000100112
9.63085e-05
9.27981e-05
8.95577e-05
8.65667e-05
8.38057e-05
8.12571e-05
7.89046e-05
7.6733e-05
7.47286e-05
7.28785e-05
7.11708e-05
6.95945e-05

