5e-05
5.02631e-05
5.04691e-05
5.06301e-05
5.07572e-05
5.08582e-05
5.09394e-05
5.10052e-05
5.10671e-05
5.11772e-05
5.12985e-05
5.14354e-05
5.15737e-05
5.16556e-05
5.17059e-05
5.17625e-05
5.18271e-05
5.19048e-05
5.1998e-05
5.20712e-05
5.21074e-05
5.212e-05
5.21198e-05
5.20919e-05
5.20495e-05
5.20052e-05
5.19637e-05
5.19255e-05
5.18907e-05
5.1856e-05
5.18211e-05
5.17895e-05
5.17619e-05
5.17354e-05
5.17114e-05
5.16909e-05
5.16735e-05
5.1659e-05
5.16469e-05
5.1634e-05
5.16196e-05
5.16062e-05
5.15926e-05
5.15813e-05
5.15726e-05
5.15659e-05
5.15612e-05
5.15581e-05
5.15575e-05
5.15754e-05
5.16006e-05
5.16276e-05
5.1651e-05
5.16671e-05
5.16801e-05
5.16903e-05
5.16968e-05
5.16948e-05
5.16859e-05
0.000105144
0.00018517
0.000203915
0.000202173
0.000194009
0.000184219
0.000174406
0.000165082
0.000156385
0.000148325
0.000173219
0.000253004
0.000268168
0.000262054
0.000249489
0.000235506
0.000221779
0.000208828
0.000196777
0.000185618
0.000175307
0.000165787
0.000156996
0.000148879
0.000141386
0.000134471
0.000128086
0.000122193
0.000116754
0.000111732
0.000107097
0.000102817
9.8867e-05
9.52225e-05
9.18596e-05
8.87564e-05
8.59386e-05
8.36197e-05
8.1684e-05
7.99936e-05
7.84413e-05
7.6952e-05
7.54857e-05
7.40102e-05
7.25433e-05
7.11252e-05
6.97905e-05
6.85622e-05
6.74046e-05
6.63093e-05
6.52664e-05
6.42792e-05
6.33471e-05
6.24759e-05
6.16638e-05
6.08994e-05
6.01878e-05
5.95288e-05
5.89191e-05
5.83694e-05
5.78828e-05
5.7433e-05
5.70167e-05
5.66251e-05
5.62556e-05
5.59178e-05
5.56328e-05
5.53702e-05
5.51194e-05
5.48822e-05
5.46555e-05
5.44431e-05
5.42445e-05
5.40588e-05
5.38852e-05
5.37221e-05
5.35616e-05
5.34109e-05
5.32724e-05
5.31685e-05
5.30876e-05
5.30162e-05
5.29493e-05
5.28846e-05
5.28208e-05
5.27577e-05
5.26933e-05
5.26239e-05
5.25535e-05
5.24802e-05
5.24081e-05
5.23353e-05
5.22642e-05
5.21952e-05
5.21309e-05
5.20715e-05
5.20163e-05
5.19639e-05
5.19133e-05
5.18644e-05
5.18196e-05
5.17796e-05
5.17435e-05
5.1711e-05
5.16804e-05
5.16541e-05
5.16441e-05
5.1885e-05
5.23768e-05
5.29687e-05
5.34153e-05
5.369e-05
5.3874e-05
5.39521e-05
5.39431e-05
5.38899e-05
5.3803e-05
5.36973e-05
5.35765e-05
5.3446e-05
5.33188e-05
5.31971e-05
5.30817e-05
5.29691e-05
5.286e-05
5.27469e-05
5.26401e-05
5.25431e-05
5.24554e-05
5.23764e-05
5.23054e-05
5.22416e-05
5.21834e-05
5.21287e-05
5.20794e-05
5.20354e-05
5.19938e-05
5.19549e-05
5.19187e-05
5.18808e-05
5.18467e-05
5.18168e-05
5.17908e-05
5.17674e-05
5.17441e-05
5.17235e-05
5.17024e-05
5.16805e-05
5.16611e-05
5.1643e-05
5.16258e-05
5.16115e-05
5.15984e-05
5.15854e-05
5.15746e-05
5.15661e-05
5.15571e-05
5.15487e-05
5.1542e-05
5.15371e-05
5.15333e-05
5.15276e-05
5.15198e-05
5.15127e-05
0.000142085
0.000194901
0.000204436
0.000199748
0.00019078
0.000180904
0.000171239
0.000162128
0.000153658
0.000145838
0.000138616
0.000131943
0.000125782
0.000120093
0.00011484
0.000109989
0.000105509
0.000101367
9.75421e-05
9.40102e-05
9.07485e-05
8.77337e-05
8.49497e-05
8.2379e-05
8.00013e-05
7.78046e-05
7.57774e-05

