5e-05
5.02631e-05
5.04691e-05
5.06301e-05
5.07572e-05
5.08582e-05
5.09394e-05
5.10052e-05
5.10589e-05
5.11033e-05
5.11402e-05
5.11713e-05
5.11975e-05
5.12168e-05
5.12333e-05
5.12481e-05
5.12618e-05
5.12746e-05
5.12867e-05
5.12984e-05
5.13096e-05
5.13178e-05
5.13244e-05
5.1326e-05
5.13246e-05
5.13248e-05
5.13267e-05
5.13387e-05
0.000114962
0.000187391
0.000203323
0.000200706
0.000192721
0.000183483
0.000174233
0.000165403
0.000157098
0.000149325
0.000142061
0.000135279
0.000128975
0.000123126
0.000117702
0.000112672
0.000108006
0.000103691
9.96993e-05
9.60077e-05
9.25937e-05
8.94395e-05
8.65273e-05
8.38376e-05
8.13408e-05
7.90289e-05
7.68956e-05
7.49271e-05
7.31125e-05
7.14613e-05
6.99443e-05
6.85431e-05
6.72481e-05
6.60504e-05
6.49455e-05
6.39256e-05
6.29807e-05
6.21062e-05
6.12948e-05
6.05414e-05
5.98453e-05
5.92013e-05
5.86051e-05
5.80557e-05
5.75502e-05
5.70854e-05
5.66566e-05
5.62572e-05
5.58884e-05
5.55465e-05
5.5232e-05
5.49434e-05
5.46931e-05
5.44795e-05
5.42878e-05
5.41127e-05
5.39505e-05
5.37988e-05
5.36561e-05
5.35215e-05
5.33944e-05
5.32735e-05
5.31549e-05
5.30431e-05
5.29386e-05
5.28387e-05
5.27431e-05
5.26511e-05
5.25654e-05
5.24855e-05
5.24091e-05
5.2339e-05
5.22724e-05
5.22096e-05
5.21499e-05
5.20956e-05
5.20439e-05
5.19968e-05
5.19521e-05
5.19073e-05
5.18638e-05
5.1824e-05
5.17892e-05
5.17593e-05
5.17336e-05
5.17112e-05
5.16979e-05
5.17053e-05
5.17184e-05
5.17319e-05
5.174e-05
5.17463e-05
5.17506e-05
5.1753e-05
5.17526e-05
5.17467e-05
5.17385e-05
5.3133e-05
0.000168474
0.000200751
0.000203478
0.000196681
0.000187202
0.00017735
0.000167875
0.000158995
0.000150754
0.000143131
0.00013609
0.000129591
0.000123608
0.000118091
0.000112997
0.000108292
0.000103946
9.99324e-05
9.62263e-05
9.28039e-05
8.96402e-05
8.67167e-05
8.40173e-05
8.15249e-05
7.92236e-05
7.70996e-05
7.51586e-05
7.33701e-05
7.17187e-05
7.03751e-05
6.95008e-05
6.88466e-05
6.81591e-05
6.74643e-05
6.67021e-05
6.58816e-05
6.50446e-05
6.4206e-05
6.33577e-05
6.25353e-05
6.17472e-05
6.10023e-05
6.02977e-05
5.96331e-05
0.000150865
0.000200813
0.000209153
0.000203853
0.000194486
0.000184294
0.000174354
0.000164995
0.000156295
0.000148243
0.000140805
0.000133935
0.000127593
0.000121734
0.000116324
0.000111331
0.000106722
0.000102468
9.85404e-05
9.4916e-05
9.15725e-05
8.8488e-05
8.56424e-05
8.30172e-05
0.000143976
0.000210856
0.000224053
0.000219538
0.000209632
0.000221178
0.000296595
0.000308226
0.000299006
0.000283614
0.000267032
0.000250906
0.000292955
0.0003366
0.000336115
0.000321612
0.000303386
0.000284897
0.000267255
0.00025077
0.000235481
0.000221344
0.000208285
0.000196245
0.000185139
0.000174891
0.000165432
0.000156699
0.000148636
0.000141186
0.000134306
0.000127954
0.000122086
0.000116664
0.000111652
0.000107022
0.000102748
9.88271e-05
9.54643e-05
9.25336e-05
8.99065e-05
8.7483e-05
8.51944e-05
8.30056e-05
8.09058e-05
7.88936e-05
7.69426e-05
7.50879e-05
7.33499e-05
7.1722e-05
7.04111e-05
6.95653e-05
0.000133774
0.000194908
0.000207539
0.00020398

