5e-05
5.02631e-05
5.04691e-05
5.06301e-05
5.07572e-05
5.08582e-05
5.09394e-05
5.10093e-05
5.10945e-05
5.12192e-05
5.13914e-05
5.15577e-05
5.1698e-05
5.18291e-05
5.19884e-05
5.21653e-05
5.23197e-05
5.24384e-05
5.25182e-05
5.25351e-05
0.000160906
0.000198927
0.000203635
0.000197473
0.000188232
0.000178676
0.000169542
0.000160995
0.000152987
0.000145454
0.000138514
0.000132113
0.000126176
0.000120639
0.000115487
0.000110702
0.000106261
0.000102141
9.83223e-05
9.47846e-05
9.1509e-05
8.84772e-05
8.56667e-05
8.30658e-05
8.06535e-05
7.8433e-05
7.64087e-05
7.45497e-05
7.31113e-05
7.231e-05
7.18395e-05
7.13603e-05
7.05662e-05
6.9578e-05
6.85492e-05
6.75042e-05
6.64534e-05
6.54367e-05
6.44663e-05
6.35358e-05
6.26302e-05
6.17743e-05
6.09801e-05
6.02449e-05
5.95644e-05
5.89333e-05
5.8351e-05
5.78116e-05
5.73113e-05
5.68475e-05
5.64212e-05
5.60314e-05
5.56751e-05
5.53468e-05
5.50453e-05
5.47682e-05
5.45153e-05
5.42824e-05
5.40635e-05
5.38581e-05
5.36675e-05
5.34904e-05
5.33236e-05
5.72091e-05
0.000171432
0.000202546
0.000204802
0.00019778
0.000188166
0.000178211
0.00016865
0.000159693
0.00015138
0.00024092
0.00027226
0.000271063
0.000259586
0.000245463
0.000231218
0.000217654
0.00020499
0.000193247
0.000182381
0.000172339
0.000163066
0.000154504
0.00014662
0.000139344
0.000132619
0.000126403
0.000120664
0.000115366
0.000110473
0.000105948
0.000101769
9.79082e-05
9.43411e-05
9.10413e-05
8.79939e-05
8.51823e-05
8.25884e-05
8.01932e-05
7.79787e-05
7.59283e-05
7.4036e-05
7.22896e-05
7.06789e-05
6.91944e-05
6.78237e-05
6.65598e-05
6.53951e-05
6.43197e-05
6.33273e-05
6.24132e-05
6.1591e-05
6.086e-05
6.02134e-05
5.96244e-05
0.000163032
0.000201577
0.000206314
0.000200063
0.000190661
0.000180732
0.000171127
0.000162097
0.000153674
0.000145915
0.000138761
0.000132116
0.000125959
0.00012779
0.000226526
0.000249496
0.000246838
0.000236167
0.000223472
0.000245149
0.000310362
0.000318076
0.000307084
0.000290698
0.000273424
0.00025674
0.000241094
0.000242456
0.000317244
0.00032763
0.000317025
0.000300269
0.000282403
0.000265082
0.00024881
0.0002337
0.000219738
0.000206838
0.000194925
0.000183927
0.000173765
0.000164381
0.000155713
0.000147706
0.000140311
0.000133485
0.000127178
0.000121354
0.000115979
0.000111018
0.000106441
0.000102217
9.83184e-05
9.4721e-05
9.14002e-05
8.83291e-05
8.54907e-05
8.28715e-05
8.04553e-05
7.82254e-05
7.61655e-05
7.42646e-05
7.25083e-05
7.08881e-05
6.93911e-05
6.80096e-05
6.67314e-05
6.55504e-05
6.44573e-05
6.3448e-05
6.25161e-05
6.16555e-05
6.08619e-05
6.0129e-05
5.94544e-05
5.88332e-05
5.82591e-05
5.77307e-05
5.72464e-05
5.68185e-05
5.64289e-05
0.00011951
0.000190093
0.000205569
0.000202735
0.000194209
0.000184304
0.000174461
0.000165131
0.000156433
0.000148376
0.000140928
0.000134045
0.000127688
0.00012182
0.0001164
0.000111395
0.000106777
0.000102514
9.85737e-05
9.49339e-05
9.15783e-05
8.85047e-05
8.56761e-05
8.30711e-05
8.069e-05
7.84976e-05
7.64751e-05
7.46023e-05
7.28606e-05
7.12477e-05
6.9754e-05

