5e-05
5.02669e-05
5.04842e-05
5.06602e-05
5.08034e-05
5.09206e-05
5.10168e-05
5.10963e-05
5.11623e-05
5.12176e-05
5.12869e-05
5.13667e-05
0.000107222
0.000182829
0.000200286
0.000198423
0.000190512
0.000181068
0.000171597
0.000162572
0.000154134
0.000146303
0.000139041
0.000138408
0.000237449
0.000260094
0.00025676
0.000245347
0.000231946
0.00021859
0.000205922
0.000194113
0.000183172
0.000173055
0.000163713
0.000155089
0.00014713
0.000139784
0.000213538
0.000257778
0.000261423
0.000251967
0.000239176
0.000226211
0.000213856
0.000202358
0.00019173
0.000181897
0.000172759
0.000164216
0.000156212
0.00014873
0.000195156
0.000349099
0.000346357
0.00032507
0.000304224
0.000284834
0.000266893
0.000250313
0.000234992
0.000301126
0.000344079
0.000342933
0.00032784
0.000309085
0.000290116
0.000272037
0.000255155
0.000239506
0.00022504
0.00021168
0.000199348
0.000187964
0.000177459
0.000167761
0.000158808
0.000150544
0.000142915
0.000135874
0.000129376
0.000123378
0.000117836
0.000112718
0.000107997
0.000103641
9.96199e-05
9.59093e-05
9.24819e-05
8.93198e-05
8.6403e-05
8.37101e-05
8.1226e-05
7.89348e-05
7.68219e-05
7.50284e-05
7.36875e-05
7.26198e-05
7.16928e-05
7.08142e-05
6.99274e-05
6.90082e-05
6.8058e-05
6.70921e-05
6.6129e-05
6.51849e-05
6.4272e-05
6.33981e-05
6.25681e-05
6.17843e-05
6.10473e-05
6.03568e-05
5.97115e-05
5.9105e-05
5.85338e-05
5.8e-05
5.75044e-05
5.70462e-05
5.6623e-05
5.62324e-05
5.58719e-05
5.55393e-05
5.52327e-05
5.49499e-05
5.46876e-05
5.44593e-05
5.42633e-05
5.40865e-05
5.39187e-05
5.37623e-05
5.36164e-05
5.34763e-05
5.33427e-05
5.32179e-05
5.31005e-05
5.29872e-05
5.28817e-05
5.27993e-05
5.27956e-05
5.28128e-05
5.28153e-05
5.28146e-05
5.28086e-05
5.2787e-05
5.27548e-05
5.27115e-05
5.2663e-05
5.26082e-05
5.25519e-05
5.24896e-05
5.242e-05
5.2349e-05
5.2283e-05
5.2223e-05
5.21686e-05
5.21144e-05
5.28247e-05
0.000168798
0.000201523
0.000204343
0.000197522
0.000187985
0.000178067
0.000168528
0.000159591
0.000151294
0.000143621
0.000136535
0.000129995
0.000123958
0.000118388
0.000113247
0.000108503
0.000104124
0.000100084
9.63548e-05
9.29132e-05
8.97369e-05
8.68052e-05
8.40993e-05
8.16017e-05
7.92927e-05
7.71606e-05
7.51929e-05
7.33741e-05
7.16941e-05
7.01407e-05
6.8707e-05
6.73823e-05
6.61588e-05
6.50306e-05
6.39879e-05
6.30248e-05
6.21321e-05
6.13048e-05
6.05415e-05
5.98367e-05
5.91855e-05
5.85857e-05
5.80336e-05
5.75232e-05
5.70539e-05
5.66226e-05
5.62253e-05
5.58543e-05
5.55079e-05
5.51871e-05
5.48924e-05
5.46227e-05
5.43761e-05
8.68138e-05
0.000180987
0.000204355
0.000204066
0.000196279
0.0001865
0.000176581
0.000167115
0.000158271
0.000150073
0.000142493
0.000135492
0.000129029
0.000123066
0.000117562
0.000112483
0.000107794
0.000103464
9.94657e-05
9.57758e-05
9.23697e-05
8.92247e-05
8.6323e-05
8.36459e-05
8.1176e-05
7.88973e-05
7.67949e-05
7.48518e-05
7.30545e-05
7.13961e-05
6.98648e-05
6.84505e-05
6.71462e-05
6.5941e-05
6.48289e-05
6.38037e-05
6.28578e-05
6.19785e-05
6.11629e-05
6.04114e-05

