5e-05
5.02631e-05
5.04691e-05
5.06301e-05
5.07572e-05
5.08582e-05
5.09394e-05
5.10052e-05
5.10589e-05
5.11033e-05
5.11402e-05
5.11728e-05
5.13086e-05
5.15961e-05
5.18625e-05
5.21283e-05
5.23666e-05
5.25368e-05
5.26485e-05
5.26847e-05
5.2652e-05
5.25807e-05
5.25046e-05
5.24156e-05
5.2327e-05
5.22464e-05
5.21744e-05
5.21106e-05
5.20514e-05
5.19929e-05
5.19366e-05
5.18843e-05
5.18373e-05
5.17957e-05
5.17552e-05
5.17306e-05
5.19451e-05
5.23577e-05
5.28329e-05
5.32371e-05
5.35269e-05
5.37389e-05
5.38665e-05
5.39084e-05
5.39017e-05
5.38601e-05
5.37937e-05
5.36985e-05
5.35851e-05
5.34618e-05
5.33177e-05
5.31765e-05
5.30399e-05
5.29109e-05
5.27915e-05
5.26819e-05
5.25815e-05
5.24879e-05
5.24016e-05
5.2321e-05
0.000161035
0.000200289
0.000205234
0.000199029
0.000189628
0.000179696
0.000170098
0.000161091
0.000221006
0.000271968
0.000277057
0.000267316
0.000253343
0.00031251
0.00034415
0.000339444
0.000385889
0.000409344
0.000398738
0.000377854
0.000354759
0.000332128
0.000310779
0.000290914
0.000272525
0.000255528
0.000239834
0.000225346
0.00021197
0.000199624
0.000188229
0.000177713
0.000168007
0.000159046
0.000150771
0.000143142
0.000136125
0.000129657
0.00012369
0.000118181
0.000113099
0.00010845
0.000104204
0.000100295
9.66789e-05
9.33487e-05
9.02913e-05
8.74424e-05
8.47889e-05
8.23242e-05
8.00351e-05
7.79095e-05
7.59364e-05
7.40995e-05
7.2389e-05
7.08001e-05
6.93293e-05
6.79637e-05
6.66989e-05
6.55311e-05
6.4452e-05
6.34511e-05
6.25277e-05
6.16957e-05
6.0932e-05
6.02355e-05
5.96166e-05
5.90368e-05
5.85034e-05
5.80411e-05
5.76229e-05
5.72283e-05
5.68392e-05
5.64685e-05
5.61511e-05
0.00015452
0.000198044
0.000204524
0.000198901
0.000189715
0.000179879
0.000170329
0.000161349
0.000152992
0.000145239
0.000239414
0.000266348
0.000264118
0.000265993
0.000339327
0.000348212
0.000336077
0.000317865
0.000298659
0.000280107
0.000262688
0.000246508
0.000231536
0.000217701
0.000204926
0.000196069
0.000284849
0.000302172
0.00029504
0.000280486
0.000264309
0.000248433
0.000233455
0.00021952
0.000206621
0.000194699
0.00018369
0.000173527
0.000164148
0.00015549
0.000147494
0.000140111
0.000133297
0.000127008
0.000121204
0.000115845
0.000110892
0.000106313
0.000102084
9.81805e-05
9.45787e-05
9.12563e-05
8.81931e-05
8.53903e-05
8.2817e-05
8.04366e-05
7.82306e-05
7.61877e-05
7.42989e-05
7.25485e-05
7.09282e-05
6.94326e-05
6.80532e-05
6.67917e-05
6.56381e-05
6.45814e-05
6.36279e-05
6.27463e-05
6.19172e-05
6.11473e-05
6.04307e-05
5.97629e-05
5.91437e-05
5.85639e-05
5.80193e-05
5.75127e-05
5.70433e-05
5.66092e-05
5.62056e-05
5.58325e-05
5.54886e-05
5.51727e-05
5.48805e-05
5.46084e-05
5.43577e-05
5.41239e-05
5.39094e-05
5.3714e-05
5.3672e-05
5.38651e-05
5.41255e-05
5.44015e-05
5.46372e-05
5.47617e-05
5.47764e-05
5.47356e-05
5.46553e-05
5.45465e-05
5.44186e-05
5.42653e-05
5.4102e-05
5.39452e-05
5.3819e-05
5.37019e-05
5.35808e-05
5.34595e-05
5.33334e-05
5.32052e-05
5.30813e-05
5.29659e-05
5.28592e-05
5.27697e-05
5.27124e-05
5.26627e-05
5.26079e-05

