5e-05
5.02667e-05
5.04834e-05
5.06586e-05
5.08009e-05
5.09171e-05
5.10125e-05
5.10912e-05
5.11565e-05
5.12109e-05
5.12566e-05
5.12951e-05
5.13283e-05
5.1373e-05
5.14221e-05
5.147e-05
5.1514e-05
5.15527e-05
5.1585e-05
0.0001395
0.0001938
0.000203937
0.000199468
0.000190577
0.000180727
0.000171072
0.000161968
0.0001535
0.000145663
0.000138415
0.00013172
0.000125542
0.000119841
0.000173114
0.000238114
0.000249334
0.000242911
0.000231215
0.000218436
0.000205955
0.0001942
0.000183271
0.000173157
0.00016381
0.000155179
0.000147213
0.000139862
0.000133077
0.000126815
0.000121032
0.000115693
0.000110755
0.000106197
0.000102002
9.81349e-05
9.45619e-05
9.12578e-05
8.82071e-05
8.53915e-05
8.27914e-05
8.03763e-05
7.8142e-05
7.60822e-05
7.41842e-05
7.24336e-05
7.0819e-05
6.93315e-05
6.79614e-05
6.66963e-05
6.55233e-05
6.44419e-05
6.34422e-05
6.25197e-05
6.16709e-05
6.08885e-05
6.01637e-05
5.94942e-05
5.88777e-05
5.83113e-05
5.7791e-05
5.7313e-05
5.68673e-05
5.64523e-05
5.60688e-05
5.57151e-05
5.53881e-05
5.50885e-05
5.48142e-05
5.4558e-05
5.43186e-05
5.40997e-05
5.39001e-05
5.37185e-05
5.35527e-05
5.33982e-05
5.3251e-05
5.31156e-05
5.29929e-05
5.28765e-05
5.27667e-05
5.26656e-05
5.25758e-05
5.25186e-05
5.24828e-05
5.24484e-05
0.000122899
0.000189347
0.000203469
0.000200298
0.000191827
0.000182102
0.000172461
0.000163332
0.000154823
0.00014693
0.000139627
0.00013288
0.00012664
0.000120878
0.000115559
0.00011065
0.000106119
0.000101935
9.80912e-05
9.45931e-05
9.13661e-05
8.83984e-05
8.56854e-05
0.000111917
0.000201155
0.000222051
0.000220155
0.000211102
0.000200218
0.000189294
0.000178937
0.000169348
0.000240214
0.000277765
0.000278441
0.000267296
0.000252937
0.000238271
0.000224234
0.000283289
0.000317662
0.000315234
0.000301283
0.000284387
0.000267365
0.00025114
0.000235978
0.000221922
0.000208907
0.000196865
0.000185745
0.000175489
0.000166017
0.000157267
0.000149184
0.000141716
0.00013481
0.000128435
0.000122547
0.00011711
0.000112083
0.000107438
0.000103144
9.91735e-05
9.55016e-05
9.21132e-05
8.89846e-05
8.60973e-05
8.34313e-05
8.09732e-05
7.87081e-05
7.66207e-05
7.46911e-05
7.2908e-05
7.12647e-05
6.97511e-05
6.8357e-05
6.70684e-05
6.58757e-05
6.47708e-05
6.37529e-05
6.28164e-05
6.1952e-05
6.1155e-05
6.04219e-05
5.97474e-05
5.91181e-05
5.85357e-05
5.80005e-05
5.75057e-05
5.70452e-05
5.66193e-05
5.62288e-05
5.58711e-05
5.55425e-05
5.52374e-05
5.49549e-05
5.46961e-05
5.44595e-05
5.4238e-05
5.40317e-05
5.38401e-05
5.36597e-05
5.34915e-05
5.33346e-05
5.31904e-05
5.306e-05
5.29424e-05
5.28366e-05
5.27413e-05
5.26556e-05
5.25774e-05
5.25032e-05
5.2434e-05
5.23691e-05
5.23083e-05
5.22518e-05
5.22589e-05
5.26154e-05
5.31855e-05
5.37712e-05
5.42289e-05
5.44904e-05
5.46086e-05
5.4648e-05
5.47191e-05
0.000117821
0.000273802
0.000275337
0.000259427
0.000243637
0.000228912
0.000215269
0.000202674
0.000191043
0.000180299
0.00017038
0.000161238
0.000152818
0.000145077
0.000137935
0.000131342
0.000125247
0.000119615
0.000114407

