5e-05
5.02631e-05
5.04691e-05
5.06301e-05
5.07572e-05
5.08582e-05
5.09394e-05
5.10052e-05
5.10589e-05
5.11153e-05
5.11865e-05
5.12588e-05
5.13546e-05
0.000107774
0.000184507
0.000202088
0.000200112
0.000192037
0.000182428
0.000172809
0.000163658
0.000155111
0.000147185
0.000139853
0.000133297
0.000127572
0.000122469
0.000117827
0.000113459
0.000109082
0.000154574
0.000224381
0.00023804
0.000233068
0.000222389
0.000210419
0.000198633
0.000187493
0.000177117
0.000167502
0.000158613
0.0001504
0.000142815
0.00013581
0.000129343
0.000123372
0.000117859
0.000112766
0.000108063
0.000103721
9.97087e-05
9.59979e-05
9.25598e-05
8.93817e-05
8.64502e-05
8.37464e-05
8.1252e-05
7.89525e-05
7.68328e-05
7.48784e-05
7.30706e-05
0.000178194
0.000214271
0.0002175
0.000210141
0.000199796
0.000189028
0.000178669
0.000168964
0.000159955
0.000151621
0.000143919
0.000136809
0.000130248
0.000124193
0.000118626
0.000113501
0.00010877
0.000104401
0.000100361
9.66242e-05
9.3173e-05
8.99845e-05
8.70372e-05
8.43126e-05
8.17947e-05
7.94751e-05
7.73579e-05
7.53989e-05
7.35854e-05
7.19116e-05
7.0366e-05
6.89382e-05
6.76162e-05
6.63917e-05
6.52539e-05
6.42002e-05
6.32246e-05
6.23231e-05
6.14916e-05
6.07246e-05
6.00133e-05
5.93523e-05
5.87413e-05
5.81776e-05
5.76856e-05
5.72752e-05
5.69138e-05
5.65759e-05
5.6257e-05
5.59496e-05
5.56583e-05
5.53836e-05
5.51239e-05
5.4872e-05
5.46314e-05
5.44065e-05
5.41971e-05
5.40024e-05
5.38216e-05
5.36536e-05
5.34951e-05
5.33463e-05
5.32087e-05
5.30784e-05
5.29539e-05
8.71764e-05
0.000180469
0.000203588
0.000203214
0.000195458
0.000185762
0.000175937
0.000166566
0.000157812
0.000149723
0.000142253
0.000135348
0.00012895
0.000123019
0.000117536
0.000112472
0.000107796
0.000103475
9.94844e-05
9.58005e-05
9.24315e-05
8.94037e-05
8.66344e-05
8.40649e-05
8.16745e-05
7.94482e-05
7.7433e-05
7.56366e-05
7.39933e-05
7.25014e-05
7.11359e-05
6.98391e-05
6.85835e-05
6.73927e-05
6.62745e-05
6.52612e-05
6.43304e-05
6.34595e-05
6.26273e-05
6.1832e-05
6.10801e-05
6.03748e-05
5.97077e-05
5.90862e-05
5.85111e-05
5.79784e-05
5.74793e-05
5.70157e-05
5.65882e-05
5.61919e-05
5.58253e-05
5.54872e-05
5.51767e-05
5.4889e-05
5.46247e-05
5.43826e-05
5.41609e-05
5.39568e-05
5.37671e-05
5.35932e-05
5.3434e-05
5.32885e-05
5.31741e-05
5.30826e-05
5.30016e-05
5.29276e-05
5.2858e-05
5.27911e-05
5.27262e-05
5.26631e-05
5.26017e-05
5.2538e-05
5.24749e-05
5.24149e-05
5.23581e-05
5.23042e-05
5.22496e-05
5.21978e-05
5.2148e-05
5.20994e-05
5.20515e-05
5.20032e-05
5.19572e-05
5.19147e-05
5.18768e-05
5.18433e-05
5.18136e-05
5.17875e-05
5.17645e-05
5.17442e-05
5.17262e-05
5.17104e-05
5.16945e-05
5.16776e-05
5.16595e-05
5.16427e-05
5.16253e-05
5.16097e-05
5.15936e-05
5.15869e-05
5.16049e-05
5.1625e-05
5.1645e-05
5.16608e-05
5.16683e-05
5.167e-05
5.16702e-05
5.16692e-05
5.16672e-05
5.16644e-05
5.16576e-05
5.16494e-05
5.16413e-05
5.16304e-05
5.16167e-05
5.16008e-05
5.15829e-05
5.15644e-05
5.15486e-05
5.15357e-05
5.15253e-05
5.15173e-05
5.15112e-05
5.15068e-05

