5e-05
5.02631e-05
5.04691e-05
5.06301e-05
5.07572e-05
5.08582e-05
5.09394e-05
5.10052e-05
5.10671e-05
5.11772e-05
5.12985e-05
5.14354e-05
5.15737e-05
5.16556e-05
5.17059e-05
5.17625e-05
5.18271e-05
5.19048e-05
5.1998e-05
0.000160161
0.000197105
0.000201577
0.000195469
0.000254428
0.000299792
0.000301704
0.000289692
0.000273864
0.000257621
0.000242064
0.000227507
0.000214003
0.000201516
0.00018998
0.000179328
0.000169497
0.000160422
0.000152047
0.000144316
0.000137179
0.000130587
0.000124503
0.000118885
0.0001137
0.000108915
0.0001045
0.000100425
9.66652e-05
9.31967e-05
9.00132e-05
8.70831e-05
8.43821e-05
8.18872e-05
7.95786e-05
7.74457e-05
7.5475e-05
7.36528e-05
7.19627e-05
7.03955e-05
6.89462e-05
6.75977e-05
6.63426e-05
6.51827e-05
6.41131e-05
6.31265e-05
6.22176e-05
6.13791e-05
6.06067e-05
5.98943e-05
5.92389e-05
5.86339e-05
5.80768e-05
5.7562e-05
5.70873e-05
5.66462e-05
5.62408e-05
5.58688e-05
5.55269e-05
5.52105e-05
5.49199e-05
5.46535e-05
5.44064e-05
5.41759e-05
5.39644e-05
5.37702e-05
5.35897e-05
5.34244e-05
5.32725e-05
5.31313e-05
5.30014e-05
5.28805e-05
5.27701e-05
5.26698e-05
5.25785e-05
5.24954e-05
5.24654e-05
5.27201e-05
5.31601e-05
5.36627e-05
5.41348e-05
5.45142e-05
5.47731e-05
5.489e-05
5.48932e-05
5.48321e-05
5.47501e-05
5.46781e-05
5.4588e-05
5.44781e-05
5.43448e-05
5.41973e-05
5.40403e-05
5.38846e-05
5.37331e-05
5.35784e-05
5.34297e-05
5.32902e-05
5.31602e-05
5.30533e-05
5.29754e-05
5.29029e-05
5.28349e-05
5.27648e-05
5.26921e-05
5.26283e-05
5.25962e-05
5.25671e-05
5.25318e-05
5.24935e-05
5.24504e-05
5.24076e-05
5.23655e-05
5.23243e-05
5.2284e-05
0.000118842
0.000188728
0.000204021
0.00020119
0.000192753
0.000182983
0.000173284
0.000164094
0.000155526
0.000147586
0.000140242
0.000218222
0.000259733
0.000262453
0.000252695
0.000239453
0.000225766
0.000212625
0.000200317
0.000188896
0.000178333
0.000168574
0.000159561
0.000204417
0.000266482
0.000275342
0.000266854
0.000253289
0.000238795
0.000224736
0.000211527
0.000199268
0.000188173
0.000178191
0.000169111
0.000160629
0.000152661
0.000145236
0.00013829
0.000131796
0.000125758
0.000120145
0.000114939
0.000194061
0.000238672
0.000243442
0.000235295
0.000223449
0.00021102
0.000277951
0.000311772
0.000309389
0.000295618
0.000278928
0.000262155
0.000246202
0.000231316
0.000217519
0.000204763
0.000192982
0.000182106
0.000172064
0.000162794
0.000154236
0.000146332
0.000139036
0.000132303
0.000126089
0.000120353
0.000115056
0.000110168
0.000105654
0.000101484
9.76353e-05
9.40825e-05
9.08025e-05
8.77761e-05
8.49825e-05
8.24028e-05
8.00227e-05
7.7827e-05
7.5799e-05
7.39267e-05
7.21996e-05
7.06064e-05
6.91365e-05
6.77774e-05
6.65202e-05
6.53598e-05
6.42887e-05
6.32987e-05
6.23859e-05
6.15446e-05
6.07684e-05
6.00501e-05
5.9388e-05
5.87778e-05
5.82193e-05
5.77259e-05
5.72739e-05
5.68537e-05
5.6465e-05
5.61053e-05
5.57717e-05
5.54621e-05
5.51739e-05
5.49024e-05
5.46498e-05
5.44156e-05
5.41981e-05
5.39934e-05
5.38035e-05
5.36274e-05
5.34602e-05
5.33041e-05
5.31606e-05

