5e-05
5.02631e-05
5.04691e-05
5.06301e-05
5.07572e-05
5.08582e-05
5.09394e-05
5.10052e-05
5.1059e-05
5.11231e-05
5.11962e-05
5.12637e-05
5.1322e-05
5.13611e-05
5.13897e-05
5.14127e-05
5.14312e-05
5.1446e-05
5.14579e-05
5.14666e-05
5.14641e-05
5.14595e-05
5.14537e-05
0.000153783
0.000198173
0.000204853
0.000199227
0.000189979
0.00018005
0.000170402
0.000161332
0.000152906
0.00014511
0.000137908
0.000131258
0.000125119
0.000119453
0.000114222
0.000109394
0.000104938
0.000100827
9.7031e-05
9.35261e-05
9.02919e-05
8.73076e-05
8.45539e-05
8.20128e-05
7.96649e-05
7.74978e-05
7.54959e-05
7.36473e-05
7.19408e-05
7.03628e-05
6.8902e-05
6.75546e-05
6.63123e-05
6.51644e-05
6.4106e-05
6.31301e-05
6.2304e-05
6.18432e-05
6.16165e-05
6.14419e-05
6.12373e-05
6.09497e-05
6.05831e-05
6.01715e-05
5.97294e-05
5.9271e-05
5.88087e-05
5.83519e-05
5.79074e-05
5.74796e-05
5.70713e-05
5.668e-05
5.6303e-05
5.59497e-05
5.5617e-05
5.53025e-05
5.50113e-05
5.47424e-05
5.44936e-05
5.42617e-05
5.40455e-05
5.38458e-05
5.36629e-05
5.34929e-05
5.3336e-05
5.31903e-05
5.30564e-05
5.29345e-05
5.28235e-05
5.27223e-05
5.26314e-05
5.25729e-05
5.25297e-05
5.24932e-05
5.24593e-05
5.24259e-05
5.23922e-05
5.23578e-05
5.23228e-05
5.22867e-05
5.2246e-05
5.22057e-05
5.21669e-05
5.21264e-05
5.20799e-05
5.20346e-05
5.19931e-05
5.19555e-05
5.19216e-05
5.1891e-05
5.18629e-05
5.18316e-05
5.18023e-05
5.17742e-05
5.17477e-05
5.17218e-05
5.16968e-05
5.1674e-05
5.16546e-05
5.16384e-05
5.16242e-05
5.16098e-05
5.15928e-05
5.15766e-05
5.15635e-05
5.15531e-05
5.15451e-05
5.15393e-05
5.15328e-05
5.15209e-05
5.151e-05
5.15016e-05
5.14956e-05
5.14916e-05
5.14895e-05
5.14881e-05
5.14851e-05
5.14831e-05
5.1482e-05
5.14793e-05
5.14763e-05
5.14764e-05
5.14937e-05
5.1518e-05
5.15685e-05
5.16289e-05
5.16858e-05
5.1729e-05
5.17555e-05
5.17831e-05
5.18151e-05
5.18651e-05
5.19211e-05
5.19705e-05
5.20114e-05
5.20419e-05
5.2062e-05
5.20726e-05
5.2075e-05
5.20708e-05
5.20585e-05
5.20347e-05
5.20145e-05
5.20198e-05
5.20262e-05
5.20282e-05
5.20181e-05
5.20047e-05
5.1987e-05
5.19659e-05
5.19447e-05
5.19237e-05
5.18998e-05
5.18761e-05
5.18687e-05
5.18835e-05
5.19023e-05
5.19196e-05
8.40063e-05
0.000178336
0.000201958
0.000201894
0.000194304
0.000184702
0.00017494
0.00016562
0.00015691
0.000148824
0.000141344
0.000134435
0.000128056
0.000122169
0.000116735
0.00011172
0.000107086
0.000102804
9.88524e-05
9.52058e-05
9.18412e-05
8.89183e-05
8.65814e-05
8.46106e-05
8.27612e-05
8.09888e-05
7.92735e-05
7.75861e-05
7.58949e-05
7.42522e-05
7.26789e-05
7.11733e-05
6.97326e-05
6.8379e-05
6.71121e-05
6.59306e-05
6.48357e-05
6.38397e-05
6.29196e-05
6.20679e-05
6.1277e-05
6.05455e-05
5.98651e-05
5.92308e-05
5.86447e-05
5.81035e-05
5.76039e-05
5.71428e-05
5.67173e-05
5.63247e-05
5.59623e-05
5.56275e-05
9.82046e-05
0.000184029
0.000204593
0.000203424
0.000195414
0.000185631
0.000175784
0.000166431
0.000157699
0.000149602
0.000142123
0.000135227
0.000128861
0.000122981
0.000117546
0.000112724
0.000108711

