5e-05
5.02669e-05
5.04842e-05
5.06602e-05
5.08034e-05
5.09206e-05
5.10168e-05
5.10963e-05
5.11623e-05
5.12176e-05
5.12869e-05
5.13667e-05
5.145e-05
5.15795e-05
5.17152e-05
5.18422e-05
5.19518e-05
5.20405e-05
5.21036e-05
5.21321e-05
5.21392e-05
5.21334e-05
5.21062e-05
5.20584e-05
5.20096e-05
5.19646e-05
5.19248e-05
5.18901e-05
5.18601e-05
5.18323e-05
5.1807e-05
5.17857e-05
5.17666e-05
5.17455e-05
5.17271e-05
5.17123e-05
5.17008e-05
5.16922e-05
5.16818e-05
5.16705e-05
5.16618e-05
5.17241e-05
5.21378e-05
5.28088e-05
5.35304e-05
5.42706e-05
5.49984e-05
5.56676e-05
5.62303e-05
5.66457e-05
5.69114e-05
5.70641e-05
0.000110537
0.000270987
0.00027425
0.000258507
0.000242778
0.000228112
0.000214533
0.000293757
0.000334972
0.000333779
0.00031914
0.000300965
0.000282587
0.000265072
0.000248717
0.000233556
0.000219542
0.000206599
0.000194652
0.000183625
0.000173449
0.000164056
0.000155389
0.000147387
0.000140001
0.000133182
0.000126889
0.00012108
0.00011572
0.000110771
0.000106198
0.000101975
9.80797e-05
9.44861e-05
9.11693e-05
8.81085e-05
8.52808e-05
8.26724e-05
8.02667e-05
7.80455e-05
7.59969e-05
7.41078e-05
7.23659e-05
7.0915e-05
6.98904e-05
6.91146e-05
6.84571e-05
6.78273e-05
6.71701e-05
6.64629e-05
6.57084e-05
6.49231e-05
6.41268e-05
6.33367e-05
6.25658e-05
6.18232e-05
6.11142e-05
6.04422e-05
5.98084e-05
5.92132e-05
5.86558e-05
0.000171599
0.00020489
0.000207756
0.000200791
0.000191053
0.000180924
0.000171182
0.000162055
0.000153583
0.000145747
0.000138508
0.000131822
0.000125664
0.000119994
0.000114763
0.00010993
0.000105468
0.000101346
9.75366e-05
9.40155e-05
9.07637e-05
8.77595e-05
8.49816e-05
8.24163e-05
8.00631e-05
7.79632e-05
7.60455e-05
7.42617e-05
7.26122e-05
7.10841e-05
6.96574e-05
6.83281e-05
6.70875e-05
6.59338e-05
6.48587e-05
9.9111e-05
0.000188797
0.000210461
0.00020934
0.000201024
0.000190842
0.000180582
0.000232469
0.000285585
0.000290654
0.000280194
0.00026533
0.000249819
0.000321092
0.000343676
0.000336106
0.000319344
0.000300506
0.00028196
0.000264444
0.00024814
0.000233045
0.000219096
0.000206215
0.000194324
0.000183348
0.000173216
0.000163865
0.000155233
0.000147265
0.00013991
0.000133122
0.000126855
0.000121067
0.000115723
0.00011079
0.000106235
0.000102028
9.81427e-05
9.45561e-05
9.1244e-05
8.81859e-05
8.53642e-05
8.27582e-05
8.03519e-05
7.8127e-05
7.60701e-05
7.41715e-05
9.78115e-05
0.000192952
0.000216018
0.00021504
0.000206477
0.000195938
0.000185304
0.000175177
0.000165717
0.000156943
0.00014883
0.000141338
0.000134423
0.000128042
0.000122152
0.000116715
0.000111697
0.000107065
0.000195816
0.000236177
0.000239689
0.000231312
0.000219576
0.000207367
0.000195624
0.000184621
0.00017441
0.000164967
0.000156246
0.000148194
0.000140759
0.000133895
0.000127557
0.000121708
0.000116308
0.000111322
0.000106722
0.000102476
9.85585e-05
9.49434e-05
9.16073e-05
8.85254e-05
8.56768e-05
8.3048e-05
8.06209e-05
7.83795e-05
7.63119e-05
7.4402e-05
7.26394e-05
7.10137e-05
6.95135e-05
6.81224e-05
6.68345e-05
6.5647e-05

