5e-05
5.02631e-05
5.04691e-05
5.06301e-05
5.07572e-05
5.08582e-05
5.09394e-05
5.10052e-05
5.10761e-05
5.1157e-05
5.12311e-05
5.12951e-05
5.13562e-05
5.14249e-05
5.15046e-05
5.16016e-05
5.16913e-05
5.17665e-05
5.18252e-05
5.18553e-05
5.18578e-05
5.18573e-05
5.18531e-05
5.18364e-05
5.18136e-05
5.17895e-05
5.17666e-05
5.17463e-05
5.17277e-05
5.17046e-05
5.16805e-05
5.16595e-05
5.16412e-05
5.16222e-05
5.15984e-05
5.15758e-05
5.15574e-05
5.15418e-05
5.15255e-05
5.15122e-05
5.15026e-05
5.14961e-05
5.14925e-05
5.14911e-05
5.15076e-05
5.15441e-05
5.15787e-05
5.16092e-05
5.16659e-05
5.1725e-05
5.17711e-05
5.1801e-05
0.000151641
0.000196681
0.000203681
0.000198241
0.000189127
0.000179325
0.000169823
0.000160893
0.000152571
0.000144859
0.00013773
0.000131143
0.000125058
0.000119433
0.000114231
0.000109447
0.000105033
0.00010096
9.71989e-05
9.37244e-05
9.0509e-05
8.75373e-05
8.47918e-05
8.22552e-05
7.99116e-05
7.77443e-05
7.57392e-05
7.38873e-05
7.21743e-05
7.05877e-05
6.91204e-05
6.77644e-05
6.65094e-05
0.000107343
0.000192693
0.000212666
0.000210878
0.000202269
0.000191928
0.00018156
0.000171704
0.000162504
0.000153988
0.000146134
0.000138885
0.000132192
0.000126014
0.00012031
0.00011504
0.000110173
0.000190766
0.000236608
0.000241852
0.000233923
0.000222206
0.000209875
0.00019797
0.0001868
0.000176429
0.000166834
0.000157971
0.000149787
0.000142277
0.000135381
0.000129025
0.000123156
0.000117733
0.000112718
0.00010808
0.00010379
9.98579e-05
9.62805e-05
0.000160426
0.0002193
0.00022965
0.000224023
0.000213563
0.000202101
0.000191186
0.000181225
0.000172133
0.000163616
0.000155535
0.000147905
0.000140792
0.000134219
0.00012807
0.000122308
0.000116942
0.000111972
0.000107372
0.000103125
9.92466e-05
0.000132421
0.00030061
0.000304333
0.000285791
0.00026783
0.000251176
0.000235777
0.000221555
0.000208428
0.000196309
0.000185117
0.000174792
0.000165261
0.000156458
0.000148329
0.00014082
0.000133887
0.000127484
0.000121573
0.000116115
0.000111076
0.000106424
0.000104077
0.000217467
0.000246464
0.000245799
0.000235743
0.00022321
0.000210523
0.000198494
0.000187279
0.000176867
0.00016722
0.000158292
0.000150035
0.000142403
0.000135352
0.000128838
0.000122824
0.00011727
0.000112142
0.000107407
0.000103037
9.90015e-05
9.52765e-05
9.1838e-05
8.86642e-05
8.57344e-05
8.30298e-05
8.05331e-05
7.82285e-05
7.61014e-05
7.41383e-05
7.2334e-05
7.06707e-05
6.91344e-05
6.77144e-05
6.6402e-05
6.51892e-05
6.40685e-05
6.30332e-05
6.20769e-05
6.1194e-05
6.03792e-05
5.96269e-05
5.89327e-05
5.83001e-05
5.77185e-05
5.71803e-05
5.66817e-05
5.62197e-05
5.57917e-05
5.53956e-05
0.000133984
0.000197349
0.000210084
0.00020609
0.000196981
0.000186708
0.000176591
0.000167031
0.00015813
0.000149885
0.000142263
0.000135223
0.000128723
0.00012272
0.000117179
0.000112069
0.000107359
0.00010301
9.89942e-05
9.52952e-05
9.18818e-05
8.87282e-05
8.5814e-05
8.31206e-05
8.06314e-05
7.83317e-05
7.62074e-05
7.42456e-05
7.24339e-05
7.07611e-05
6.92243e-05
6.78108e-05

