5e-05
5.02631e-05
5.04691e-05
5.06301e-05
5.07572e-05
5.08582e-05
5.09394e-05
5.10052e-05
5.10589e-05
5.11153e-05
5.11865e-05
5.12544e-05
5.13135e-05
5.13525e-05
5.13775e-05
5.13974e-05
5.14137e-05
5.14395e-05
5.14872e-05
5.15655e-05
5.16138e-05
5.16444e-05
5.16711e-05
5.16922e-05
5.19229e-05
5.24417e-05
5.30931e-05
5.37584e-05
5.43446e-05
5.47006e-05
5.47867e-05
5.47633e-05
5.46854e-05
5.45723e-05
5.44309e-05
5.42735e-05
5.4113e-05
5.39539e-05
5.37989e-05
5.36497e-05
5.35074e-05
5.33842e-05
5.32943e-05
5.32426e-05
5.32189e-05
5.32143e-05
5.32982e-05
5.34732e-05
5.36613e-05
5.38135e-05
5.39136e-05
8.14423e-05
0.000177216
0.000201476
0.000201693
0.000194231
0.000184695
0.000174974
0.000165675
0.000156978
0.000148909
0.000159225
0.000248687
0.000267217
0.000262234
0.000250029
0.000236137
0.000222409
0.000209428
0.00019734
0.000186147
0.000175802
0.000166247
0.000157427
0.000149286
0.000141772
0.000134838
0.000128437
0.00012253
0.000117077
0.000112044
0.000107399
0.000103112
9.91538e-05
9.55004e-05
9.21281e-05
8.9015e-05
8.61412e-05
8.34883e-05
8.10392e-05
7.87782e-05
7.66908e-05
7.47638e-05
7.29825e-05
7.13355e-05
6.98158e-05
6.84449e-05
6.72201e-05
6.6102e-05
6.50706e-05
6.41069e-05
6.32045e-05
6.2363e-05
6.15721e-05
6.08352e-05
6.01756e-05
5.95722e-05
5.90043e-05
5.84761e-05
5.79841e-05
5.75252e-05
5.70968e-05
5.66971e-05
5.63243e-05
5.59726e-05
5.56392e-05
5.53289e-05
5.5038e-05
5.47689e-05
5.45188e-05
5.42857e-05
5.40708e-05
5.38732e-05
5.36915e-05
5.3522e-05
5.3365e-05
5.32209e-05
5.30888e-05
5.31019e-05
5.34255e-05
5.38643e-05
5.43835e-05
5.49009e-05
5.53099e-05
5.55246e-05
5.55732e-05
5.55289e-05
5.54645e-05
5.5371e-05
5.52429e-05
5.50914e-05
5.49238e-05
5.47467e-05
5.45655e-05
5.43854e-05
5.42231e-05
5.40852e-05
5.3974e-05
5.38515e-05
5.37284e-05
5.36058e-05
5.34841e-05
5.33867e-05
6.85593e-05
0.000174317
0.000201951
0.000203119
0.000195878
0.000186333
0.000176716
0.000278184
0.000376524
0.000358906
0.000335673
0.000313855
0.000293659
0.000274995
0.000257754
0.000241834
0.000227134
0.000213562
0.000201039
0.000189557
0.000178985
0.000169205
0.000160148
0.000151764
0.000144009
0.00013684
0.000130216
0.000124097
0.000118445
0.000113226
0.000108407
0.000103957
9.98494e-05
9.60569e-05
9.25562e-05
8.93245e-05
8.63411e-05
8.35872e-05
8.10455e-05
7.86991e-05
7.65331e-05
7.45335e-05
7.2688e-05
7.09844e-05
6.9412e-05
6.79607e-05
6.66209e-05
6.53842e-05
6.42427e-05
6.3189e-05
6.22164e-05
6.13188e-05
6.04902e-05
5.97255e-05
5.90197e-05
5.8368e-05
5.77664e-05
5.7211e-05
5.66983e-05
5.6225e-05
5.57885e-05
5.53855e-05
5.50136e-05
5.46708e-05
5.43614e-05
5.4079e-05
5.38174e-05
5.35743e-05
9.93355e-05
0.000187372
0.000208458
0.000207197
0.000198901
0.000205293
0.000291706
0.000307067
0.000299013
0.000283924
0.000267366
0.000251182
0.000235931
0.000221747
0.000208624
0.000196496
0.000185296
0.000174963
0.000165422
0.00015661
0.000148472
0.000140956
0.000134018
0.000127695
0.00012192
0.000116576
0.00011161
0.000106995
0.000102713

