5e-05
5.02631e-05
5.04691e-05
5.06301e-05
5.07572e-05
5.08582e-05
5.09394e-05
5.10052e-05
5.10714e-05
5.11509e-05
5.12253e-05
5.12901e-05
5.13444e-05
5.13812e-05
5.14059e-05
5.1447e-05
5.14991e-05
5.15444e-05
5.15792e-05
5.16074e-05
5.16186e-05
5.16119e-05
5.16036e-05
5.15925e-05
5.15781e-05
5.15623e-05
5.15484e-05
5.15369e-05
5.15276e-05
5.15125e-05
5.14961e-05
5.14824e-05
5.14721e-05
5.14647e-05
5.1458e-05
5.1453e-05
5.14503e-05
5.14521e-05
5.14797e-05
5.1518e-05
5.15573e-05
5.15936e-05
5.16253e-05
5.16517e-05
5.16727e-05
5.16889e-05
6.20981e-05
0.000171825
0.000201012
0.000202764
0.000195697
0.00018618
0.000176363
0.000166943
0.000158125
0.000149945
0.000142381
0.000135393
0.000128939
0.000122978
0.000117465
0.000112376
0.00010768
0.000103346
9.93423e-05
9.56463e-05
9.22334e-05
8.90835e-05
8.6178e-05
8.34979e-05
8.10248e-05
7.87444e-05
7.66418e-05
7.47031e-05
7.29154e-05
7.1267e-05
6.9747e-05
6.83646e-05
6.71072e-05
6.59515e-05
6.48851e-05
6.38935e-05
6.29634e-05
6.21002e-05
6.13016e-05
6.05631e-05
5.98802e-05
5.92462e-05
5.86494e-05
5.80954e-05
5.7582e-05
5.71081e-05
5.66705e-05
5.62658e-05
5.58936e-05
5.55511e-05
5.52334e-05
5.49413e-05
5.4673e-05
5.44242e-05
5.41947e-05
5.39839e-05
5.37877e-05
5.36056e-05
6.6277e-05
0.000173876
0.000202047
0.000203416
0.000196206
0.000186786
0.000177418
0.000168517
0.000160224
0.000152497
0.000145272
0.000138498
0.000132141
0.000126171
0.000120601
0.000115409
0.000110582
0.000106106
0.000101956
9.81103e-05
9.45486e-05
9.12498e-05
8.82015e-05
8.53825e-05
8.27757e-05
8.03685e-05
7.81472e-05
7.61177e-05
0.000131756
0.000200918
0.000215474
0.000211946
0.000202878
0.000192516
0.000182226
0.000172443
0.000163307
0.000154826
0.000146974
0.000140005
0.000134399
0.000304541
0.000423438
0.000438454
0.000423877
0.000400513
0.000375471
0.000351141
0.000328261
0.000306992
0.000287307
0.000269117
0.000252318
0.000236809
0.00022249
0.000209275
0.000197082
0.000185827
0.000235376
0.000294922
0.000301559
0.000291033
0.000275573
0.000259319
0.00024363
0.000228911
0.000215242
0.000202595
0.00019091
0.000180119
0.000170157
0.00016096
0.00015247
0.000144633
0.000137397
0.000130719
0.000124553
0.000118862
0.000113609
0.000108759
0.000104283
0.00010015
9.63356e-05
9.28143e-05
8.95641e-05
8.65641e-05
8.37948e-05
8.12383e-05
7.88783e-05
7.66999e-05
7.46896e-05
7.28401e-05
7.12129e-05
6.97444e-05
6.83929e-05
6.71192e-05
6.59114e-05
6.47725e-05
6.37079e-05
6.27163e-05
6.17952e-05
6.0941e-05
6.01501e-05
5.94186e-05
5.87421e-05
0.00012165
0.000195616
0.000211806
0.000208821
0.000199895
0.000189531
0.000179232
0.000169475
0.000160381
0.000151956
0.000144169
0.000238714
0.000270019
0.000268899
0.000257534
0.00024349
0.000229303
0.000215786
0.000203163
0.000191461
0.000180642
0.000170649
0.000161423
0.000152905
0.000145041
0.000137783
0.000131082
0.000124897
0.000119188
0.000113925
0.000109072
0.000104592
0.000100455
9.66358e-05
9.31195e-05
8.98736e-05
8.68742e-05
8.41024e-05
8.15409e-05
7.91741e-05
7.69877e-05

