5e-05
5.02667e-05
5.04834e-05
5.06586e-05
5.08009e-05
5.09171e-05
5.10125e-05
5.10912e-05
5.11565e-05
5.12109e-05
5.12566e-05
5.12951e-05
5.89865e-05
0.00017078
0.000200513
0.000202425
0.000195472
0.000186058
0.000176333
0.000166992
0.000158227
0.000150079
0.000142536
0.000135561
0.000129115
0.000123162
0.000117666
0.000112593
0.000107908
0.000103569
9.95541e-05
9.58487e-05
9.24308e-05
8.92784e-05
8.6371e-05
8.36897e-05
8.1217e-05
7.89365e-05
7.68334e-05
7.48938e-05
7.31127e-05
7.17362e-05
7.08009e-05
7.0022e-05
6.93123e-05
6.86165e-05
6.7872e-05
6.71062e-05
6.70407e-05
0.000175747
0.000206169
0.000208195
0.000201017
0.000191247
0.000181129
0.000171402
0.000162287
0.000153819
0.000211376
0.000264964
0.000271256
0.00026218
0.000248677
0.000234448
0.000220705
0.000207806
0.000195829
0.000184746
0.000174505
0.000165048
0.000156319
0.000148265
0.000140832
0.000133972
0.00012764
0.000121818
0.00011646
0.000111538
0.000107015
0.000102836
9.89747e-05
0.000172192
0.0002243
0.000232218
0.000225655
0.000214807
0.000203141
0.000205627
0.000287959
0.000302304
0.000294228
0.000279433
0.00026325
0.000247437
0.000232533
0.000218671
0.000205841
0.000193988
0.000183044
0.000172942
0.000163618
0.000155013
0.00014707
0.00013974
0.000132974
0.000126729
0.00012096
0.000115635
0.000110718
0.000106178
0.000101987
9.812e-05
9.45513e-05
9.12563e-05
8.82123e-05
8.54032e-05
8.2811e-05
8.04191e-05
7.8212e-05
7.61754e-05
7.4296e-05
7.25795e-05
7.1016e-05
6.95626e-05
6.82161e-05
6.69729e-05
6.58243e-05
6.47626e-05
6.37793e-05
6.2873e-05
6.20643e-05
6.13265e-05
6.06463e-05
6.00099e-05
5.94137e-05
5.88591e-05
5.83432e-05
5.78617e-05
5.74049e-05
5.69735e-05
5.65714e-05
5.61998e-05
5.58494e-05
5.55283e-05
5.52595e-05
5.50273e-05
5.4844e-05
5.46854e-05
5.45374e-05
5.43828e-05
5.42256e-05
5.40701e-05
5.3908e-05
5.37496e-05
5.364e-05
5.38687e-05
5.43719e-05
5.49479e-05
5.54229e-05
5.58168e-05
5.60617e-05
5.61877e-05
5.6219e-05
5.61724e-05
5.60597e-05
5.58938e-05
5.57359e-05
5.55624e-05
5.53842e-05
5.5203e-05
5.50176e-05
5.48209e-05
5.46449e-05
5.48548e-05
6.05532e-05
0.000247401
0.000278838
0.00026367
0.000247566
0.000232526
0.000218601
0.00020573
0.000193842
0.000182864
0.000172729
0.000163373
0.000154738
0.000146769
0.000139414
0.000132627
0.000126364
0.000120586
0.000115254
0.000110335
0.000105798
0.000101614
9.77539e-05
9.41938e-05
9.09072e-05
8.78737e-05
8.50981e-05
8.27785e-05
8.07997e-05
7.90356e-05
7.73599e-05
7.57287e-05
7.41347e-05
7.25869e-05
0.00012266
0.000199933
0.000217133
0.000214311
0.000205247
0.000194646
0.000184079
0.000174052
0.000164726
0.000156096
0.000148119
0.000140749
0.000133933
0.000127636
0.000121819
0.000116447
0.00011148
0.00010689
0.000102652
9.87381e-05
9.51242e-05
9.17872e-05
8.87061e-05
8.58588e-05
8.32266e-05
8.07931e-05
7.85466e-05
7.64733e-05
7.456e-05
7.27943e-05
7.11616e-05
6.96535e-05
6.82608e-05
6.6973e-05
6.57849e-05
6.46892e-05
6.36786e-05
6.27466e-05
6.18871e-05
6.10943e-05
6.03629e-05
5.96883e-05

