5e-05
5.02631e-05
5.04691e-05
5.06301e-05
5.07572e-05
5.08582e-05
5.09394e-05
5.10052e-05
5.10709e-05
5.11502e-05
5.12246e-05
5.12913e-05
5.14058e-05
5.15718e-05
5.17134e-05
5.18378e-05
5.19547e-05
5.20892e-05
5.22057e-05
5.22834e-05
5.2308e-05
5.22948e-05
5.22643e-05
5.22063e-05
5.21434e-05
5.20827e-05
5.20274e-05
5.19778e-05
5.19335e-05
5.18917e-05
5.18523e-05
5.18161e-05
5.17846e-05
5.17541e-05
5.17227e-05
5.17077e-05
5.19443e-05
5.24294e-05
5.30241e-05
5.35309e-05
5.38479e-05
5.4044e-05
5.41271e-05
5.41412e-05
5.41089e-05
5.40434e-05
5.3955e-05
5.38518e-05
5.37398e-05
5.36449e-05
5.3598e-05
5.36152e-05
5.36219e-05
5.35773e-05
5.35214e-05
5.34667e-05
5.34442e-05
5.34244e-05
5.33958e-05
8.16091e-05
0.000178291
0.000202763
0.000202934
0.000195359
0.000185701
0.000175866
0.000166471
0.000157689
0.000234722
0.000274057
0.00027533
0.000264444
0.000250244
0.000235709
0.000221837
0.000209096
0.000197451
0.000186762
0.000176841
0.000167622
0.00015905
0.000151047
0.000143584
0.000136647
0.000130214
0.000124309
0.000119337
0.00011539
0.000228105
0.000319662
0.000302616
0.000283412
0.000265554
0.000249044
0.000233793
0.00021971
0.000206708
0.000194704
0.000183622
0.000173391
0.000163947
0.000155229
0.000147181
0.000139751
0.000134083
0.000244396
0.000271291
0.000268706
0.000256883
0.000242723
0.000228533
0.00021505
0.000202471
0.000190814
0.000180037
0.000170084
0.000160894
0.00015241
0.000144578
0.000137348
0.000130674
0.000124512
0.000118825
0.000113575
0.000108733
0.000104269
0.000100147
9.63416e-05
9.28289e-05
8.95929e-05
8.66048e-05
8.38438e-05
8.12924e-05
7.89349e-05
7.67571e-05
7.47459e-05
7.2897e-05
7.12019e-05
6.96399e-05
6.82157e-05
6.69011e-05
6.56799e-05
6.45459e-05
6.35059e-05
6.25544e-05
6.16698e-05
6.08448e-05
6.00864e-05
6.24715e-05
0.00017755
0.000208894
0.000210897
0.000203459
0.000193392
0.000183003
0.000173034
0.000163699
0.000155034
0.000147019
0.000139613
0.000132774
0.000126459
0.000120629
0.000115248
0.00018825
0.000242086
0.000249534
0.00024187
0.000280793
0.000333676
0.000336198
0.000322599
0.000304564
0.00028603
0.000268273
0.000251657
0.000236242
0.000221986
0.000208817
0.000196658
0.000185433
0.00017507
0.000165504
0.000156674
0.000148523
0.000140998
0.000134052
0.000127641
0.000121723
0.000116271
0.000111241
0.000106597
0.000102308
9.83464e-05
9.46881e-05
9.13095e-05
8.81892e-05
8.53098e-05
8.27474e-05
8.04615e-05
7.83442e-05
7.63701e-05
7.45331e-05
7.2806e-05
7.11773e-05
6.96528e-05
6.82307e-05
6.69079e-05
6.568e-05
6.45421e-05
6.34887e-05
6.25141e-05
6.16124e-05
6.0779e-05
6.00088e-05
5.92973e-05
5.86403e-05
6.42481e-05
0.000177646
0.000207922
0.000209613
0.000202139
0.000192131
0.000181823
0.000171939
0.000162689
0.000154107
0.000146169
0.000138837
0.000132067
0.000125817
0.000120047
0.000114721
0.000109805
0.000105266
0.000101077
9.72093e-05
9.36396e-05
9.03446e-05
8.73032e-05
8.44959e-05
8.19047e-05
7.95126e-05
7.73043e-05
7.52659e-05
7.33846e-05
7.16481e-05
7.00451e-05
6.85655e-05
6.71993e-05

