5e-05
5.02631e-05
5.04691e-05
5.06301e-05
5.08524e-05
5.14809e-05
5.23566e-05
5.32916e-05
5.41437e-05
5.48064e-05
5.52308e-05
5.54351e-05
5.5471e-05
5.53696e-05
5.51985e-05
5.50378e-05
5.4878e-05
5.47104e-05
5.45373e-05
5.43545e-05
5.41642e-05
5.39769e-05
5.38887e-05
0.000169757
0.000203052
0.000205969
0.000199094
0.000189458
0.000179428
0.00016978
0.000160742
0.000152355
0.000144601
0.000137437
0.000130821
0.000124714
0.00011908
0.000113881
0.000109083
0.000104653
0.000100565
9.67937e-05
9.33136e-05
9.01002e-05
8.71332e-05
8.43954e-05
8.18693e-05
7.95355e-05
7.73808e-05
7.53928e-05
7.35587e-05
7.18647e-05
7.0307e-05
6.88818e-05
6.7572e-05
6.63652e-05
6.5247e-05
6.42127e-05
6.32568e-05
6.23712e-05
6.15356e-05
6.076e-05
6.00431e-05
5.94017e-05
5.88255e-05
5.82987e-05
5.78134e-05
5.73644e-05
5.69475e-05
5.656e-05
5.61989e-05
5.5855e-05
5.55332e-05
5.52336e-05
5.49519e-05
5.46878e-05
5.44832e-05
5.45916e-05
5.49235e-05
5.5338e-05
5.57298e-05
5.5986e-05
6.64494e-05
0.000171828
0.000199914
0.000201503
0.000194521
0.000185143
0.000175456
0.000166152
0.000157434
0.000149335
0.000141838
0.000134907
0.000128503
0.000122589
0.000117129
0.000112089
0.000107434
0.000103135
9.91668e-05
9.55227e-05
9.21732e-05
8.91121e-05
8.63028e-05
8.37021e-05
8.12804e-05
7.90303e-05
7.69613e-05
7.50708e-05
7.33272e-05
7.17156e-05
7.02232e-05
6.88386e-05
6.75433e-05
6.6366e-05
6.52937e-05
6.42997e-05
6.33715e-05
6.25032e-05
6.17179e-05
6.10122e-05
6.03614e-05
5.97556e-05
5.91892e-05
5.86584e-05
5.81609e-05
5.76947e-05
5.72582e-05
5.68448e-05
5.64577e-05
5.60973e-05
5.57577e-05
5.54372e-05
5.514e-05
5.48686e-05
5.47984e-05
9.64418e-05
0.000260548
0.000261027
0.00024563
0.000230782
0.000216988
0.00029525
0.000337421
0.000336431
0.00032172
0.000303379
0.000284807
0.000267096
0.00025055
0.000326384
0.000357138
0.000351454
0.000334477
0.000314767
0.000295182
0.000276624
0.000259328
0.000243306
0.000228495
0.000214817
0.000202187
0.000190528
0.000179764
0.000169828
0.000160656
0.000152189
0.000144373
0.000137158
0.000130498
0.000124349
0.000118674
0.000113435
0.000108599
0.000104135
0.000100014
9.62185e-05
9.27156e-05
8.94808e-05
8.6493e-05
8.37334e-05
8.11852e-05
7.88324e-05
7.66597e-05
7.46534e-05
7.28012e-05
7.10913e-05
6.95126e-05
6.8055e-05
0.000148297
0.000207782
0.00021875
0.00021375
0.000203933
0.000193081
0.000182447
0.000172419
0.000163098
0.00015447
0.000146496
0.00013913
0.000132327
0.000126047
0.000120248
0.000114894
0.000109951
0.000105388
0.000101175
9.72863e-05
9.36966e-05
9.03827e-05
8.73236e-05
8.44999e-05
8.18933e-05
7.94872e-05
7.72664e-05
7.52205e-05
7.33394e-05
7.16034e-05
6.99991e-05
6.85164e-05
6.71461e-05
6.58797e-05
6.47097e-05
6.36289e-05
6.26306e-05
6.17088e-05
6.08577e-05
6.00719e-05
5.93464e-05
5.86768e-05
5.80588e-05
5.74884e-05
5.69619e-05
5.6476e-05
5.60275e-05
5.56137e-05
0.000120169
0.000193523
0.000209616
0.000206711
0.000197919
0.0001877
0.000177543
0.000167919
0.000158948
0.000150639
0.000142958
0.000135864

