5e-05
5.02669e-05
5.04842e-05
5.06602e-05
5.08034e-05
5.09206e-05
5.10168e-05
5.10963e-05
5.11818e-05
5.12786e-05
5.13907e-05
5.15194e-05
5.16366e-05
5.1708e-05
5.17481e-05
5.17782e-05
0.000133282
0.000191686
0.000203204
0.000264643
0.000308356
0.000309305
0.000296602
0.000280197
0.000263436
0.000247409
0.000232427
0.000218533
0.000206357
0.000295661
0.000313295
0.000305672
0.000290416
0.000359943
0.000374316
0.000362589
0.000343162
0.000322275
0.00030198
0.000282898
0.000265166
0.000248759
0.000233603
0.000219609
0.000206693
0.000194768
0.000183757
0.000173597
0.000173772
0.00026163
0.000279276
0.000273419
0.000260388
0.000245718
0.000231262
0.000217606
0.000276859
0.000313403
0.000311796
0.000298161
0.000281393
0.000264474
0.00024836
0.000233316
0.000219372
0.000206479
0.000194565
0.000183561
0.000173399
0.000164018
0.00015536
0.000147372
0.00014
0.000133192
0.000126902
0.000121099
0.000115742
0.000110796
0.00010623
0.000102018
9.81326e-05
9.45452e-05
9.12323e-05
8.81738e-05
8.53524e-05
8.27507e-05
8.03517e-05
7.81395e-05
7.60996e-05
7.42172e-05
7.24777e-05
7.08726e-05
6.93885e-05
6.80131e-05
6.6744e-05
6.55746e-05
6.44952e-05
6.3497e-05
6.25751e-05
6.17261e-05
6.09439e-05
6.02204e-05
5.9554e-05
5.89493e-05
5.84189e-05
5.79344e-05
5.74826e-05
5.7063e-05
5.66752e-05
5.63161e-05
5.59832e-05
5.56743e-05
5.53861e-05
5.51136e-05
5.48605e-05
5.4626e-05
5.44047e-05
5.41988e-05
5.40088e-05
5.38335e-05
5.36707e-05
5.35169e-05
5.3372e-05
0.000146291
0.00019614
0.000204679
0.000199654
0.000190613
0.000180744
0.000171109
0.000162033
0.000153593
0.000244724
0.000272937
0.000270684
0.000258972
0.000244919
0.000230857
0.000217479
0.000204999
0.000193456
0.000182761
0.000172841
0.00016407
0.000324186
0.00045288
0.000443592
0.000419027
0.000392655
0.000367055
0.000342988
0.000320623
0.000299938
0.00028083
0.000263186
0.000246897
0.000231868
0.000317469
0.000338593
0.000330815
0.000314254
0.00029574
0.000277536
0.000260346
0.000244344
0.000229528
0.000215855
0.00020324
0.000191588
0.000262866
0.000299133
0.000298178
0.000285438
0.000269593
0.000253561
0.000238272
0.000223988
0.000210745
0.000198504
0.0001872
0.000176765
0.000167133
0.000158244
0.00015004
0.000142466
0.000135473
0.00012902
0.000123088
0.000117623
0.000112576
0.000107911
0.0001036
9.96136e-05
9.59294e-05
0.000188809
0.000227919
0.000231447
0.000223494
0.000212297
0.000259398
0.00030846
0.000311086
0.000298821
0.000282445
0.000265593
0.00024944
0.000234324
0.000220299
0.000296408
0.000320418
0.000314465
0.000299308
0.000282008
0.0002649
0.000248707
0.000233623
0.000219653
0.000206738
0.000194808
0.000183792
0.000173622
0.000164232
0.000155563
0.000147556
0.000140165
0.000133356
0.000127086
0.000200283
0.000246039
0.000250807
0.000242279
0.000229956
0.00021705
0.000204609
0.000192943
0.000182112
0.000172092
0.000162836
0.000154313
0.000146466
0.000139235
0.000132544
0.000126357
0.00012063
0.000115341
0.000110479
0.00010601
0.000101877
9.80539e-05
9.45213e-05

