5e-05
5.02669e-05
5.04842e-05
5.06602e-05
5.08034e-05
5.09206e-05
5.10168e-05
5.10963e-05
5.11623e-05
5.1231e-05
5.13163e-05
5.13978e-05
5.14698e-05
5.15268e-05
5.15622e-05
5.15898e-05
5.16118e-05
5.16294e-05
5.16433e-05
5.16519e-05
5.16493e-05
5.16386e-05
5.16282e-05
0.000162181
0.000199421
0.000203439
0.000197413
0.000188649
0.000179428
0.000170336
0.000161601
0.000153434
0.000145835
0.000138778
0.000132229
0.000126158
0.000120531
0.00011532
0.000110496
0.000106031
0.000101901
9.80779e-05
9.45382e-05
9.12664e-05
8.82433e-05
8.54475e-05
8.28617e-05
8.04748e-05
7.82938e-05
7.62922e-05
7.44488e-05
7.27474e-05
7.11555e-05
6.96642e-05
6.82838e-05
6.70101e-05
6.58343e-05
6.47456e-05
6.37375e-05
6.28075e-05
6.19474e-05
6.11533e-05
6.04222e-05
5.97492e-05
5.91266e-05
5.85532e-05
5.80461e-05
5.75947e-05
5.72099e-05
5.68708e-05
5.6557e-05
5.62568e-05
5.59747e-05
5.57089e-05
5.54753e-05
5.52764e-05
5.50929e-05
5.49181e-05
5.47736e-05
5.46567e-05
5.45428e-05
5.44184e-05
5.42875e-05
5.41441e-05
5.40007e-05
5.38539e-05
5.37036e-05
5.35618e-05
5.34294e-05
5.33017e-05
5.31827e-05
5.30731e-05
5.29724e-05
5.28747e-05
5.27765e-05
5.26864e-05
5.26048e-05
5.25313e-05
5.24652e-05
5.24058e-05
5.23523e-05
5.23043e-05
5.22575e-05
5.2209e-05
5.21652e-05
5.21263e-05
0.000134251
0.000192655
0.000204089
0.000200032
0.000191263
0.00018144
0.000171779
0.000162656
0.000255304
0.000280915
0.000277438
0.000264963
0.000250274
0.000235622
0.000221714
0.000208743
0.000196722
0.000185608
0.000175345
0.000165886
0.00015716
0.000149105
0.000141664
0.000134779
0.000128419
0.000122546
0.00011712
0.000112107
0.000107506
0.000103269
9.93544e-05
9.57391e-05
9.23979e-05
8.92967e-05
8.64231e-05
8.37674e-05
8.13107e-05
7.90404e-05
7.69444e-05
7.50279e-05
7.32848e-05
7.17168e-05
7.0278e-05
6.89413e-05
6.76946e-05
6.65323e-05
6.5447e-05
6.4428e-05
6.34821e-05
6.2605e-05
6.17873e-05
6.10241e-05
6.0312e-05
5.96459e-05
5.9028e-05
5.84558e-05
5.79284e-05
5.74397e-05
5.69899e-05
5.65736e-05
5.61891e-05
5.58332e-05
5.5503e-05
5.51997e-05
5.49218e-05
5.46642e-05
5.44256e-05
5.42012e-05
5.39946e-05
5.38028e-05
5.36249e-05
5.34628e-05
5.33157e-05
5.31822e-05
5.30576e-05
5.2944e-05
5.28412e-05
5.27484e-05
5.26645e-05
5.25887e-05
9.56294e-05
0.000182215
0.000203149
0.000202165
0.000194258
0.000184549
0.00017476
0.00016544
0.00015674
0.000148678
0.000141225
0.000134342
0.000127989
0.000122124
0.000116711
0.000111715
0.000107103
0.000102847
9.89181e-05
9.52872e-05
9.19311e-05
8.88281e-05
8.59646e-05
8.33227e-05
8.08854e-05
7.86367e-05
7.65622e-05
7.46483e-05
7.28825e-05
0.000118557
0.00019839
0.000216345
0.000213746
0.000204745
0.000194162
0.00018361
0.000173601
0.000164271
0.000155623
0.00014763
0.000140249
0.000133451
0.000127194
0.00012142
0.000116086
0.00011116
0.000106608
0.000102401
9.85126e-05
9.49229e-05
9.16087e-05
8.85489e-05
8.57238e-05
8.31155e-05
8.06982e-05
7.84608e-05
7.6396e-05
7.4491e-05
7.27338e-05
7.11109e-05
6.96087e-05
6.82206e-05
6.69348e-05
6.5748e-05

