5e-05
5.02631e-05
5.04691e-05
5.06301e-05
5.07572e-05
5.08582e-05
5.09394e-05
5.10109e-05
5.10995e-05
5.12161e-05
5.13358e-05
5.14416e-05
5.15322e-05
5.16065e-05
5.16632e-05
5.17435e-05
5.18235e-05
5.18886e-05
5.19283e-05
5.19477e-05
5.19589e-05
5.19557e-05
0.000139257
0.000194468
0.000204799
0.00020034
0.00019141
0.000181513
0.000171807
0.000162646
0.000154118
0.000146222
0.000138925
0.000132185
0.000125964
0.000120222
0.000114926
0.00011004
0.00010553
0.000189155
0.000234702
0.000239925
0.000232075
0.00022047
0.000208279
0.000196522
0.000185497
0.000175253
0.000165771
0.000157025
0.000148951
0.000141487
0.000171767
0.000247801
0.000262057
0.000255973
0.000243729
0.000230145
0.00021682
0.000204248
0.000192543
0.000181705
0.000171779
0.000162877
0.000154771
0.000147252
0.000140235
0.000133685
0.000127575
0.00022447
0.000250757
0.00024918
0.000238761
0.000226037
0.000213199
0.000200968
0.000189546
0.000178956
0.000169164
0.000160121
0.000151774
0.000144068
0.000136953
0.000130385
0.000124324
0.000118731
0.000113565
0.000108791
0.00010438
0.000100321
9.65954e-05
9.31538e-05
8.99727e-05
8.7028e-05
8.43039e-05
8.17901e-05
7.94707e-05
7.73307e-05
7.53561e-05
7.3534e-05
7.18503e-05
7.02921e-05
6.88479e-05
6.75112e-05
6.62785e-05
6.51421e-05
6.40944e-05
6.31455e-05
6.22786e-05
6.14761e-05
6.07351e-05
6.00515e-05
5.94169e-05
5.88428e-05
5.83301e-05
5.7852e-05
5.74096e-05
5.69985e-05
5.66104e-05
5.62483e-05
5.59114e-05
5.55879e-05
5.52898e-05
5.50305e-05
5.48174e-05
5.46186e-05
5.44247e-05
5.42368e-05
5.40603e-05
5.38956e-05
5.37414e-05
5.35969e-05
5.34614e-05
5.33314e-05
5.32063e-05
5.30855e-05
5.29698e-05
5.28787e-05
5.30555e-05
5.35473e-05
5.42243e-05
5.48639e-05
5.54249e-05
5.59734e-05
5.64066e-05
5.66085e-05
5.65827e-05
0.000155324
0.000197964
0.00020427
0.000198621
0.000189418
0.000179541
0.000170014
0.000161326
0.000153337
0.000145887
0.000138898
0.000132353
0.000126259
0.000120627
0.000115414
0.000110584
0.000106225
0.000102614
9.93169e-05
9.62397e-05
9.33127e-05
9.04528e-05
8.77149e-05
8.51043e-05
8.26359e-05
8.03204e-05
7.8162e-05
7.61458e-05
7.42738e-05
7.25407e-05
7.09376e-05
6.9456e-05
6.82583e-05
6.73399e-05
6.64648e-05
6.5624e-05
6.47973e-05
6.39954e-05
6.3207e-05
6.24239e-05
6.16756e-05
6.09666e-05
6.02879e-05
5.96461e-05
5.90469e-05
5.84844e-05
5.79557e-05
5.74554e-05
5.69879e-05
5.65556e-05
5.61582e-05
5.57874e-05
5.54444e-05
5.51299e-05
5.48402e-05
5.47437e-05
5.48842e-05
5.51114e-05
5.5262e-05
5.52802e-05
5.57702e-05
0.000167943
0.000199839
0.000202593
0.000195901
0.000186529
0.000176768
0.000167365
0.000158539
0.000150334
0.000142739
0.000135723
0.000129243
0.000123261
0.000117739
0.000112641
0.000107931
0.000103582
9.9568e-05
9.58628e-05
9.24451e-05
8.92908e-05
8.63772e-05
8.36901e-05
8.1212e-05
7.89232e-05
7.68094e-05
7.48602e-05
7.30631e-05
7.14063e-05
6.9893e-05
6.85044e-05
6.722e-05
6.6028e-05
6.49244e-05
6.39033e-05
6.2961e-05
6.20913e-05
6.12885e-05
6.05423e-05
5.98464e-05
0.000145934
0.000199769

