5e-05
5.02669e-05
5.04842e-05
5.06602e-05
5.08034e-05
5.09206e-05
5.10168e-05
5.10963e-05
5.11623e-05
5.12174e-05
5.12636e-05
5.13026e-05
5.13512e-05
5.1429e-05
5.14946e-05
5.15838e-05
5.16912e-05
5.17934e-05
5.18792e-05
5.19263e-05
5.19266e-05
5.19097e-05
0.00014878
0.000196675
0.000204566
0.000199344
0.000190224
0.00018033
0.000170689
0.000161613
0.000153174
0.000145366
0.000138154
0.000131497
0.000125353
0.000119683
0.000114451
0.000109623
0.000105168
0.000101057
9.72627e-05
9.37591e-05
9.05228e-05
8.75347e-05
8.4774e-05
8.22266e-05
7.98764e-05
7.7708e-05
7.57075e-05
7.38618e-05
7.21564e-05
7.05759e-05
6.91089e-05
6.7752e-05
6.65012e-05
6.53462e-05
6.42806e-05
6.32978e-05
6.2416e-05
6.16169e-05
6.08618e-05
6.01543e-05
5.95027e-05
5.8903e-05
5.8351e-05
5.78388e-05
5.73605e-05
5.69196e-05
5.65083e-05
5.61271e-05
5.57768e-05
5.54495e-05
5.51467e-05
5.99122e-05
0.000172786
0.000203308
0.00020534
0.000198223
0.000188562
0.000178582
0.000169006
0.000160041
0.000151716
0.000144015
0.0001369
0.000130333
0.000124267
0.000118669
0.000113501
0.000108732
0.000104331
0.00010027
9.65199e-05
9.30594e-05
8.98658e-05
8.69176e-05
8.41982e-05
8.16898e-05
7.93725e-05
7.72327e-05
7.52539e-05
7.34421e-05
7.17822e-05
7.02562e-05
6.88744e-05
6.76228e-05
6.64645e-05
6.53913e-05
6.43882e-05
6.34516e-05
6.2583e-05
6.17779e-05
6.10285e-05
6.03305e-05
5.96834e-05
5.91041e-05
5.85801e-05
5.80863e-05
5.76239e-05
5.7196e-05
5.67996e-05
5.64344e-05
5.61266e-05
5.5848e-05
5.55894e-05
5.53484e-05
5.51199e-05
5.48977e-05
5.46879e-05
5.45098e-05
5.47135e-05
5.5424e-05
8.66301e-05
0.000264495
0.000277481
0.000261541
0.00024555
0.000230657
0.000216865
0.000204118
0.000192345
0.000181474
0.000171439
0.00016218
0.000153649
0.000145796
0.000138568
0.000131914
0.00012576
0.00012007
0.000114811
0.000109952
0.000105455
0.000101294
9.74519e-05
9.3902e-05
9.06199e-05
8.75897e-05
8.47922e-05
8.22096e-05
7.98257e-05
7.76266e-05
7.55999e-05
7.37306e-05
7.20016e-05
7.04062e-05
6.89531e-05
6.76216e-05
6.63953e-05
6.52648e-05
6.42228e-05
6.32581e-05
6.23599e-05
6.15271e-05
6.07558e-05
6.00416e-05
5.93813e-05
5.87657e-05
5.81953e-05
5.76705e-05
5.71832e-05
9.64948e-05
0.000186451
0.000208187
0.000207178
0.000198993
0.000188961
0.00017886
0.000169248
0.000160274
0.000151951
0.000144246
0.000137124
0.000130547
0.000124473
0.000118865
0.000113688
0.000108906
0.000104493
0.00010042
9.66582e-05
9.31851e-05
8.99766e-05
8.7014e-05
8.42718e-05
8.17364e-05
7.93945e-05
7.72322e-05
7.52366e-05
7.3396e-05
7.16995e-05
7.01358e-05
6.86945e-05
6.73661e-05
6.61416e-05
6.5126e-05
6.44884e-05
6.40028e-05
6.35737e-05
6.31649e-05
6.2738e-05
6.22683e-05
6.17297e-05
6.11446e-05
6.05487e-05
5.99691e-05
5.94121e-05
5.88753e-05
5.83622e-05
5.78789e-05
5.74258e-05
5.70019e-05
5.66062e-05
5.6235e-05
5.58864e-05
5.55628e-05
5.52629e-05
5.49854e-05
5.47285e-05
5.44874e-05
5.42632e-05
5.4053e-05
5.38591e-05
5.36809e-05
5.35173e-05
5.33671e-05
5.32293e-05
5.31028e-05
8.35992e-05
0.000179341

