5e-05
5.02669e-05
5.04842e-05
5.06602e-05
5.08034e-05
5.09206e-05
5.10168e-05
5.10963e-05
5.11623e-05
5.12174e-05
5.12636e-05
5.13095e-05
5.14275e-05
5.16623e-05
5.19402e-05
5.22773e-05
5.26037e-05
5.28783e-05
5.30878e-05
0.000103339
0.000183195
0.000202089
0.000200553
0.000192575
0.000182929
0.000173241
0.000164028
0.000155432
0.000147465
0.000140097
0.000133293
0.000127012
0.000121215
0.000115862
0.000110921
0.000106362
0.000102155
9.82729e-05
9.46866e-05
9.13729e-05
8.83154e-05
8.54927e-05
8.28827e-05
8.04742e-05
7.8253e-05
7.62047e-05
7.43157e-05
7.25738e-05
7.09673e-05
6.94858e-05
6.81156e-05
6.68503e-05
6.56797e-05
6.46163e-05
6.36576e-05
6.27782e-05
6.19559e-05
6.1195e-05
6.04918e-05
5.98387e-05
5.92197e-05
5.86398e-05
5.81045e-05
5.7611e-05
5.71525e-05
5.67294e-05
5.63399e-05
5.59816e-05
5.56519e-05
5.53486e-05
5.50693e-05
5.48045e-05
5.45554e-05
5.43267e-05
5.41169e-05
5.3917e-05
5.37302e-05
5.35596e-05
5.34011e-05
5.32563e-05
5.31248e-05
5.30038e-05
5.28916e-05
5.2787e-05
5.26906e-05
5.26003e-05
5.25157e-05
5.24355e-05
5.23631e-05
5.22989e-05
5.22419e-05
5.21915e-05
5.21465e-05
5.21031e-05
5.20643e-05
5.20302e-05
5.20003e-05
5.19742e-05
5.19513e-05
5.19312e-05
5.19097e-05
5.18896e-05
5.18721e-05
5.18561e-05
5.18383e-05
5.18225e-05
5.18052e-05
5.17832e-05
5.17623e-05
5.17448e-05
5.17307e-05
5.17186e-05
5.17048e-05
5.16892e-05
5.1674e-05
5.16619e-05
5.16528e-05
5.16466e-05
5.16426e-05
5.16407e-05
5.16405e-05
5.16415e-05
5.16437e-05
5.16467e-05
5.16504e-05
5.16545e-05
5.16589e-05
5.16635e-05
5.16681e-05
5.16728e-05
5.16766e-05
5.16761e-05
5.16739e-05
5.16919e-05
5.17248e-05
5.17539e-05
5.17812e-05
5.18058e-05
5.18268e-05
5.18644e-05
5.19227e-05
5.19804e-05
5.20252e-05
5.20533e-05
5.20673e-05
0.000121706
0.000188326
0.000202663
0.000286049
0.000309307
0.000303851
0.000289846
0.000340562
0.000365409
0.000357882
0.000340408
0.000320611
0.000300987
0.000282347
0.000264931
0.000248746
0.0002338
0.000307976
0.00032731
0.000319648
0.000303748
0.000286024
0.000268608
0.000252165
0.000236857
0.00022267
0.000209549
0.000197426
0.000186231
0.000175888
0.000166336
0.00015752
0.000149379
0.000141862
0.000134923
0.000128515
0.000122595
0.00011713
0.000112083
0.000107425
0.000103129
9.91664e-05
9.55118e-05
9.21411e-05
8.90304e-05
8.61529e-05
8.34917e-05
8.1037e-05
7.87739e-05
7.6715e-05
7.52341e-05
8.76489e-05
0.000271705
0.000293016
0.00027686
0.000259812
0.000243891
0.000229136
0.000215488
0.000203023
0.0001917
0.000181236
0.000171508
0.000162464
0.000154074
0.000146295
0.000139089
0.000132417
0.000126243
0.000120531
0.000115246
0.000110361
0.000105847
0.000101674
9.78206e-05
9.42624e-05
9.09773e-05
8.79415e-05
8.51376e-05
8.25452e-05
8.01524e-05
7.79423e-05
7.59033e-05
7.40229e-05
7.22891e-05
7.06904e-05
6.92162e-05
6.78568e-05
6.66008e-05
6.54403e-05
6.43699e-05
6.33829e-05
6.24728e-05
6.16328e-05
6.08546e-05
6.01424e-05
5.95056e-05
5.89259e-05
5.85437e-05
5.86356e-05
5.90623e-05
6.01205e-05
0.000228932
0.000278357
0.000263981

