5e-05
5.02667e-05
5.04834e-05
5.06586e-05
5.08009e-05
5.09171e-05
5.10125e-05
5.10912e-05
5.11584e-05
5.12431e-05
5.13311e-05
5.14109e-05
5.14735e-05
5.15102e-05
5.15317e-05
5.15715e-05
5.16244e-05
5.16758e-05
5.17215e-05
5.17572e-05
5.17745e-05
5.1785e-05
5.17921e-05
5.17934e-05
5.17858e-05
5.17771e-05
5.17688e-05
5.17612e-05
5.17544e-05
0.000162751
0.000199482
0.000203696
0.000197362
0.000187996
0.000178142
0.00016863
0.000159708
0.000151422
0.000143755
0.000136672
0.000130134
0.000124098
0.000118526
0.00011338
0.000108632
0.000104249
0.000100211
9.65054e-05
9.30799e-05
8.99202e-05
8.70004e-05
8.42991e-05
8.17865e-05
7.94629e-05
7.73191e-05
7.53418e-05
7.35181e-05
7.1836e-05
7.02847e-05
6.88537e-05
6.75289e-05
6.62992e-05
6.51643e-05
6.41184e-05
6.31548e-05
6.22666e-05
6.14446e-05
6.0687e-05
5.99892e-05
5.93466e-05
5.87549e-05
5.82099e-05
5.77079e-05
5.72454e-05
5.68194e-05
5.64268e-05
5.60649e-05
5.57314e-05
5.5424e-05
5.51405e-05
5.48795e-05
5.46631e-05
5.44816e-05
5.43185e-05
5.41675e-05
5.40233e-05
5.38796e-05
5.37427e-05
5.3613e-05
5.34902e-05
5.35346e-05
5.40326e-05
5.49235e-05
0.000105176
0.000270248
0.000274977
0.000258928
0.000243111
0.000228394
0.000214777
0.000202194
0.000190576
0.000179866
0.000169985
0.000160865
0.000152447
0.000144674
0.000137499
0.000130877
0.000124765
0.000119123
0.000113914
0.000109108
0.000104672
0.000100574
9.67908e-05
9.33006e-05
9.00806e-05
8.7109e-05
8.43652e-05
8.18339e-05
7.94979e-05
7.73403e-05
7.53498e-05
7.35139e-05
7.18205e-05
0.000144613
0.000207925
0.000220152
0.000215525
0.00020578
0.000194904
0.00018424
0.000174205
0.000164883
0.000156434
0.000199679
0.000356365
0.000353441
0.000331537
0.000310214
0.000290373
0.000272011
0.00025504
0.00023939
0.00022497
0.000211695
0.000199459
0.000188157
0.000177705
0.000168037
0.000159095
0.000150828
0.000143194
0.000136166
0.000129684
0.000123696
0.000118186
0.000113102
0.000108401
0.000104052
0.000100026
9.63136e-05
9.28977e-05
8.97357e-05
8.68093e-05
8.4104e-05
8.1599e-05
7.92794e-05
7.71355e-05
0.000104912
0.000199444
0.000222012
0.000220573
0.000211579
0.000200634
0.000189622
0.000179143
0.000169361
0.000160298
0.000152103
0.000144738
0.000138004
0.000131763
0.000125904
0.000120405
0.000115285
0.000110553
0.000106152
0.000102056
9.82678e-05
9.48466e-05
9.21001e-05
8.97171e-05
8.74159e-05
0.000188349
0.000219751
0.000221468
0.000213548
0.000202914
0.000270382
0.000305464
0.000303866
0.000290652
0.000274398
0.000257993
0.000242366
0.00032338
0.000339167
0.00032967
0.000312617
0.000294021
0.000275874
0.000258782
0.000242888
0.000228173
0.000214577
0.000202023
0.000190433
0.000179734
0.000169858
0.000160741
0.000152325
0.000144556
0.000137385
0.000130766
0.000124657
0.000119017
0.00011381
0.000109004
0.000104569
0.000100473
9.66904e-05
9.31985e-05
8.99749e-05
8.69986e-05
8.42522e-05
8.17163e-05
7.93755e-05
7.72157e-05
7.5223e-05
7.33802e-05
7.16766e-05
7.01039e-05
6.86523e-05
6.73137e-05
6.60794e-05
0.000177904
0.000210044
0.000212241

