5e-05
5.02667e-05
5.04834e-05
5.06586e-05
5.08009e-05
5.09171e-05
5.10125e-05
5.10912e-05
5.11585e-05
5.12873e-05
5.15188e-05
5.18025e-05
5.20731e-05
5.22877e-05
5.24398e-05
5.25492e-05
5.26223e-05
5.26652e-05
5.26841e-05
5.26831e-05
5.26574e-05
5.26253e-05
0.000127284
0.000191103
0.000204328
0.000200759
0.000192506
0.000183319
0.000174227
0.00016552
0.00015735
0.000149687
0.000142488
0.000135748
0.000129467
0.000123622
0.0001182
0.000113174
0.000108519
0.000104206
0.00010021
9.65141e-05
9.30975e-05
8.99398e-05
8.70221e-05
8.43264e-05
8.18363e-05
7.95364e-05
7.74123e-05
7.54507e-05
7.36384e-05
7.19587e-05
7.03983e-05
6.89702e-05
6.76871e-05
6.65267e-05
6.54693e-05
6.45368e-05
6.36922e-05
6.29011e-05
6.21178e-05
6.13668e-05
6.06631e-05
6.00098e-05
5.94038e-05
5.88373e-05
5.83374e-05
5.78844e-05
5.74858e-05
5.71418e-05
5.68246e-05
5.65187e-05
5.62295e-05
5.59492e-05
5.56788e-05
5.54196e-05
5.52079e-05
5.50242e-05
5.48544e-05
5.46931e-05
5.45377e-05
5.43867e-05
5.42326e-05
5.41043e-05
5.39902e-05
5.38834e-05
5.37806e-05
5.36803e-05
5.35819e-05
5.34938e-05
5.34346e-05
5.33611e-05
5.32828e-05
5.32077e-05
5.31405e-05
5.31105e-05
5.30927e-05
5.30645e-05
5.30321e-05
5.29928e-05
5.29422e-05
5.28792e-05
5.28062e-05
5.27354e-05
5.26781e-05
5.26543e-05
5.26416e-05
5.26313e-05
5.26189e-05
5.25955e-05
5.25686e-05
5.254e-05
5.25102e-05
5.24795e-05
5.24484e-05
5.24172e-05
5.23854e-05
5.23484e-05
5.23074e-05
5.2282e-05
5.22817e-05
5.22817e-05
5.22827e-05
5.22816e-05
5.22708e-05
5.2251e-05
5.22295e-05
0.000101798
0.000183588
0.000202931
0.000201457
0.000193443
0.000183762
0.000174067
0.000164853
0.000156238
0.000148248
0.000140864
0.000134068
0.000127801
0.00012204
0.000116732
0.000111832
0.000107302
0.000103112
9.92664e-05
9.5736e-05
9.2502e-05
8.95066e-05
8.67118e-05
8.41074e-05
8.16857e-05
7.94937e-05
7.74985e-05
7.56783e-05
7.40334e-05
7.25054e-05
0.000179498
0.000211286
0.000213472
0.000206049
0.000195938
0.000185494
0.000175463
0.000166062
0.000157321
0.000149234
0.000141757
0.000134849
0.000128465
0.000217077
0.000252425
0.000253527
0.000243691
0.000230922
0.000217896
0.00020544
0.000193785
0.000182963
0.000172949
0.000163687
0.00015512
0.000147207
0.000139899
0.00013314
0.000126894
0.000121124
0.000115798
0.000110879
0.000106335
0.00010214
9.82606e-05
9.46805e-05
9.13766e-05
8.83244e-05
8.5505e-05
8.28995e-05
8.04951e-05
7.82778e-05
7.6232e-05
7.43429e-05
7.26007e-05
7.09945e-05
6.95131e-05
6.8141e-05
6.68723e-05
6.56986e-05
6.4612e-05
6.36107e-05
6.26887e-05
9.564e-05
0.000186803
0.00020893
0.000208019
0.000199842
0.000189772
0.000179619
0.00017001
0.00016107
0.000152791
0.000145136
0.000138058
0.000131513
0.000125452
0.000119843
0.00011465
0.000109844
0.0001054
0.00010129
9.74903e-05
9.39821e-05
9.0769e-05
8.78199e-05
8.5099e-05
8.25785e-05
8.02483e-05
7.80904e-05
7.60898e-05
7.42398e-05
7.25309e-05
7.09753e-05
6.95498e-05
6.82354e-05
6.70358e-05
6.5934e-05
6.49165e-05
6.39661e-05
6.30783e-05
6.22467e-05
6.14717e-05

