5e-05
5.02669e-05
5.04842e-05
5.06602e-05
5.08034e-05
5.09206e-05
5.10168e-05
5.10963e-05
5.12001e-05
5.13961e-05
5.16103e-05
5.18076e-05
5.1974e-05
5.21083e-05
5.22106e-05
5.23306e-05
5.24618e-05
5.2574e-05
5.26589e-05
5.27008e-05
5.26726e-05
5.26146e-05
5.25476e-05
5.24685e-05
5.23939e-05
5.2326e-05
5.22648e-05
5.22099e-05
0.000116033
0.000188562
0.000204523
0.000201841
0.000193459
0.000183693
0.000173979
0.000164761
0.000156164
0.000148195
0.000140822
0.000134004
0.000127707
0.00012189
0.000116518
0.000111558
0.000106974
0.000102738
9.88258e-05
9.52167e-05
9.19238e-05
8.89212e-05
8.61271e-05
8.35289e-05
8.11379e-05
7.8975e-05
7.70031e-05
7.51734e-05
7.34682e-05
7.18821e-05
7.04026e-05
6.90254e-05
6.772e-05
6.65011e-05
6.53741e-05
6.43316e-05
6.33651e-05
6.24696e-05
6.16373e-05
6.08683e-05
6.01534e-05
5.94912e-05
5.88814e-05
5.83178e-05
5.77989e-05
5.73194e-05
5.68787e-05
5.64702e-05
5.60894e-05
5.57399e-05
5.542e-05
5.51239e-05
5.4852e-05
5.46001e-05
5.43597e-05
5.41342e-05
5.39257e-05
5.37353e-05
5.3562e-05
5.33987e-05
5.32442e-05
5.31041e-05
5.29754e-05
9.84138e-05
0.000183765
0.000204197
0.000202981
0.000194952
0.000185165
0.000175316
0.000165944
0.000157197
0.000149093
0.000141603
0.000134687
0.000128313
0.000122457
0.000117062
0.000112085
0.000107484
0.000103225
9.92846e-05
9.56391e-05
9.22721e-05
8.91605e-05
8.62892e-05
8.36673e-05
8.1255e-05
7.90268e-05
7.69695e-05
7.50683e-05
7.33105e-05
7.16834e-05
7.01714e-05
6.87671e-05
6.74755e-05
6.63002e-05
6.52065e-05
6.41935e-05
6.32485e-05
6.23691e-05
6.15742e-05
6.11624e-05
6.11772e-05
6.15584e-05
6.7254e-05
0.000248142
0.000267948
0.000252796
0.000237461
0.000223174
0.000209951
0.000197732
0.000186448
0.00017603
0.000166413
0.000157536
0.000149343
0.000141782
0.000134814
0.000128391
0.000122465
0.000116997
0.000111943
0.000107274
0.000102965
9.89895e-05
9.53138e-05
9.19202e-05
8.87881e-05
8.58987e-05
8.32376e-05
8.08005e-05
7.85558e-05
7.6484e-05
7.45703e-05
7.28079e-05
7.11929e-05
6.9702e-05
6.8327e-05
6.70479e-05
6.58637e-05
6.47642e-05
6.37474e-05
6.28063e-05
6.19376e-05
6.1134e-05
6.03925e-05
5.9709e-05
5.9079e-05
5.84984e-05
5.79631e-05
5.74677e-05
5.70076e-05
5.65812e-05
5.61883e-05
5.58265e-05
5.54896e-05
5.51724e-05
5.48777e-05
5.46261e-05
5.44035e-05
5.43438e-05
5.46837e-05
5.51866e-05
5.56897e-05
5.60259e-05
5.62095e-05
5.62513e-05
5.62071e-05
5.60761e-05
5.59005e-05
5.56951e-05
5.54564e-05
5.52118e-05
5.4971e-05
5.47267e-05
5.44931e-05
5.42714e-05
5.40622e-05
5.38672e-05
5.36874e-05
5.35191e-05
5.336e-05
5.3214e-05
5.30816e-05
5.29771e-05
5.28904e-05
5.28147e-05
5.27384e-05
5.2665e-05
5.25971e-05
5.25338e-05
5.24704e-05
5.24065e-05
5.23426e-05
5.22837e-05
5.223e-05
5.21811e-05
5.21367e-05
5.20928e-05
5.20447e-05
5.20004e-05
5.19596e-05
5.19312e-05
5.1925e-05
5.19251e-05
5.19251e-05
5.19491e-05
0.000166982
0.000200358
0.00020346
0.000196785
0.000187339
0.00017751
0.000168063
0.000159208
0.000151016
0.000143452
0.000136459
0.000129985
0.000124242

