5e-05
5.02631e-05
5.04691e-05
5.06301e-05
5.08524e-05
5.14809e-05
5.23566e-05
5.32916e-05
5.41437e-05
5.48064e-05
5.52308e-05
5.54351e-05
5.5471e-05
5.53696e-05
5.51985e-05
5.50378e-05
5.4878e-05
5.47104e-05
5.45373e-05
5.43545e-05
5.41642e-05
5.39769e-05
5.9596e-05
0.000173071
0.000203695
0.000205732
0.000198589
0.000188893
0.000178873
0.000169256
0.000160254
0.000151904
0.000144183
0.000137051
0.000130465
0.000124386
0.000118776
0.000113601
0.000108824
0.000104414
0.000100345
9.65904e-05
9.31259e-05
8.9927e-05
8.69732e-05
8.42478e-05
8.1733e-05
7.94097e-05
7.72646e-05
7.52855e-05
7.34597e-05
7.17734e-05
7.02226e-05
6.88039e-05
6.75001e-05
6.62989e-05
6.51858e-05
6.41562e-05
6.32046e-05
6.2323e-05
6.14911e-05
6.0719e-05
6.00052e-05
5.93667e-05
5.87932e-05
5.82689e-05
5.77859e-05
5.7339e-05
5.69241e-05
5.65384e-05
5.61789e-05
5.58366e-05
5.55161e-05
5.52179e-05
5.49374e-05
5.46744e-05
5.44708e-05
5.45802e-05
5.4913e-05
5.53282e-05
5.57208e-05
5.59777e-05
5.6082e-05
5.60244e-05
5.58752e-05
5.56784e-05
5.5464e-05
5.52422e-05
5.50124e-05
5.47855e-05
5.4567e-05
5.43547e-05
5.41521e-05
5.39609e-05
5.37791e-05
5.36101e-05
5.34535e-05
5.3309e-05
5.31726e-05
5.30459e-05
5.29286e-05
5.28395e-05
5.27716e-05
5.27398e-05
5.2727e-05
5.27077e-05
5.26689e-05
5.26186e-05
5.25802e-05
5.25643e-05
5.2551e-05
5.25368e-05
5.25189e-05
5.24955e-05
5.24567e-05
5.24394e-05
5.24377e-05
5.24321e-05
5.24164e-05
5.23903e-05
5.23826e-05
5.23946e-05
5.24064e-05
5.24122e-05
5.24103e-05
5.24007e-05
5.23843e-05
5.23623e-05
5.23357e-05
5.23008e-05
5.2263e-05
5.22251e-05
5.21833e-05
5.21376e-05
5.2094e-05
5.20569e-05
5.22028e-05
9.40458e-05
0.000258336
0.000258985
0.000243745
0.000229043
0.000215382
0.000202743
0.000191061
0.00018027
0.000170305
0.000161103
0.000152607
0.000144763
0.000137521
0.000130836
0.000124665
0.000118967
0.000113707
0.000108851
0.000104369
0.00010023
9.64102e-05
9.28834e-05
8.96277e-05
8.66223e-05
8.38476e-05
8.12862e-05
7.89217e-05
7.67388e-05
7.47236e-05
7.28634e-05
7.11462e-05
6.95611e-05
6.80976e-05
6.6747e-05
6.55001e-05
6.43496e-05
6.32875e-05
6.23068e-05
6.14024e-05
6.05751e-05
5.98126e-05
5.91075e-05
5.84549e-05
0.000127601
0.000198495
0.000213567
0.00021014
0.000201005
0.000190517
0.000180128
0.000170294
0.000161132
0.000152646
0.000144802
0.000137558
0.00013087
0.000124695
0.000118996
0.000113735
0.000108879
0.000104405
0.000100277
9.64644e-05
9.29435e-05
8.96917e-05
8.66887e-05
8.39156e-05
8.13549e-05
7.89907e-05
7.68078e-05
7.47926e-05
7.29322e-05
7.12148e-05
6.96295e-05
6.8166e-05
6.68152e-05
6.55682e-05
6.44173e-05
6.33551e-05
6.23787e-05
6.1485e-05
6.06603e-05
5.98975e-05
5.91914e-05
5.8538e-05
5.79335e-05
5.73744e-05
5.68575e-05
5.63799e-05
5.59386e-05
5.55311e-05
5.51549e-05
5.48074e-05
5.44868e-05
5.4191e-05
0.000131505
0.000196029
0.000209193
0.000205379
0.000196364
0.000186152
0.000176076
0.00016655
0.00015768
0.000149465
0.000141873
0.000134862
0.000128389
0.000122413
0.000116897
0.000111805
0.000107105

