5e-05
5.02669e-05
5.04842e-05
5.06602e-05
5.08034e-05
5.09206e-05
5.10168e-05
5.10963e-05
5.11623e-05
5.1231e-05
5.13163e-05
5.13978e-05
5.14698e-05
5.15268e-05
5.15622e-05
5.15898e-05
5.16118e-05
5.16294e-05
5.16433e-05
5.16519e-05
5.16493e-05
5.16386e-05
5.16282e-05
5.16173e-05
5.16108e-05
5.18292e-05
5.23436e-05
5.29824e-05
5.35903e-05
5.39635e-05
5.41029e-05
5.41753e-05
5.41993e-05
5.41841e-05
5.41384e-05
5.40702e-05
5.39861e-05
5.38912e-05
5.37898e-05
5.36851e-05
5.35794e-05
5.34713e-05
5.33611e-05
5.32552e-05
5.31545e-05
5.30565e-05
5.2961e-05
5.2873e-05
5.28141e-05
5.27715e-05
5.27364e-05
5.27043e-05
0.000164277
0.000199793
0.000203615
0.000197169
0.000187787
0.000177942
0.000168444
0.000159538
0.000151266
0.000143613
0.000136545
0.000130021
0.000123996
0.000118435
0.000113324
0.000108623
0.000104315
0.000100354
9.66971e-05
9.33108e-05
9.01799e-05
8.72842e-05
8.4623e-05
8.21831e-05
7.99309e-05
7.78465e-05
7.59392e-05
7.4195e-05
7.25789e-05
7.10679e-05
6.96569e-05
6.83318e-05
6.70976e-05
6.59439e-05
6.48641e-05
6.38642e-05
0.000106573
0.000190431
0.000210078
0.000208335
0.000199885
0.000189729
0.000179535
0.000169846
0.000160807
0.000152432
0.000144691
0.000137543
0.000130945
0.000124855
0.00011923
0.000114032
0.000109235
0.000104809
0.000100723
9.69485e-05
9.34658e-05
9.02523e-05
8.72874e-05
8.45518e-05
8.20277e-05
7.96987e-05
7.75468e-05
0.000168471
0.000213473
0.000219575
0.000213071
0.000202896
0.00019206
0.000181561
0.000171696
0.000162529
0.000154048
0.000146229
0.000139015
0.000132356
0.000126203
0.000120506
0.000115244
0.000110384
0.000105893
0.000101743
9.79384e-05
9.44375e-05
9.12017e-05
8.82132e-05
8.54506e-05
8.28836e-05
8.0503e-05
7.83025e-05
7.62659e-05
7.43835e-05
7.26455e-05
7.10595e-05
6.96215e-05
6.83352e-05
6.71563e-05
6.60597e-05
6.50345e-05
6.40767e-05
6.31803e-05
6.23355e-05
6.15505e-05
6.08219e-05
6.01413e-05
5.95047e-05
0.000170508
0.000204548
0.000207657
0.000200776
0.000191067
0.000180949
0.000171212
0.000162085
0.000153613
0.000145776
0.000138533
0.000131847
0.000125677
0.000119979
0.000114719
0.000109859
0.000105373
0.000158863
0.00022615
0.000238702
0.000233246
0.000222351
0.000210278
0.00019844
0.000187276
0.000176891
0.000167277
0.000158395
0.000150193
0.000142617
0.000135622
0.00012916
0.000123191
0.000117682
0.000112599
0.000107909
0.000103581
9.95878e-05
9.5903e-05
9.25029e-05
8.93653e-05
8.647e-05
8.37982e-05
8.13324e-05
7.90569e-05
7.69568e-05
7.50185e-05
7.3225e-05
7.15651e-05
7.0028e-05
6.86099e-05
6.73023e-05
6.60966e-05
6.4985e-05
6.39601e-05
6.30151e-05
6.21437e-05
6.13398e-05
6.05943e-05
5.99062e-05
5.92699e-05
5.86806e-05
5.81351e-05
5.76307e-05
5.71664e-05
0.000102941
0.000186374
0.000206072
0.000204536
0.000196336
0.000186459
0.000176546
0.000167118
0.000158318
0.000150157
0.000142607
0.00013563
0.000129187
0.000123239
0.000117747
0.000112678
0.000107997
0.000103667
9.96633e-05
9.59684e-05
9.25587e-05
8.94123e-05
0.000179673
0.000222939
0.000228044
0.00022077
0.000209922

