5e-05
5.02669e-05
5.04842e-05
5.06602e-05
5.08034e-05
5.09206e-05
5.10168e-05
5.10963e-05
5.11789e-05
5.13354e-05
5.15651e-05
5.18461e-05
5.21068e-05
5.23169e-05
5.24924e-05
5.26341e-05
5.27391e-05
5.28093e-05
5.28527e-05
5.29122e-05
5.29531e-05
5.29765e-05
5.29831e-05
5.29779e-05
5.3278e-05
5.42799e-05
0.00020873
0.000278595
0.000266288
0.000250132
0.000234905
0.000220798
0.000207758
0.000195712
0.000184589
0.000174321
0.000164842
0.000156094
0.000148021
0.000140572
0.000133697
0.000127362
0.000121534
0.000116163
0.000111209
0.000106637
0.000121466
0.000220693
0.00024379
0.00024146
0.000231168
0.000218858
0.000206526
0.000195011
0.000184618
0.000175167
0.000166406
0.000158236
0.000150559
0.000143373
0.000136649
0.000130367
0.000124507
0.000119083
0.000114078
0.000109436
0.00010517
0.000101223
9.7545e-05
9.41284e-05
9.09551e-05
8.80089e-05
8.5275e-05
8.27394e-05
8.0389e-05
7.82101e-05
7.62217e-05
7.43929e-05
7.27025e-05
7.11368e-05
6.96851e-05
6.83387e-05
6.70898e-05
6.59316e-05
6.48577e-05
6.38624e-05
6.29401e-05
6.20858e-05
6.12947e-05
6.05622e-05
5.98843e-05
5.9257e-05
5.86762e-05
5.8132e-05
5.76266e-05
5.71601e-05
5.67416e-05
5.63792e-05
5.60514e-05
5.57498e-05
5.54696e-05
5.52091e-05
5.5204e-05
5.5559e-05
5.61068e-05
5.66553e-05
5.70929e-05
5.742e-05
5.76066e-05
5.76503e-05
5.7573e-05
5.74096e-05
5.7246e-05
5.70642e-05
5.68509e-05
5.66128e-05
5.63586e-05
5.60965e-05
5.58328e-05
5.55725e-05
6.80749e-05
0.000175186
0.000203266
0.000204564
0.000197276
0.000187624
0.000177705
0.000168201
0.000159307
0.000151055
0.000143422
0.000136371
0.000129859
0.000123848
0.000118298
0.000113174
0.00010844
0.000104067
0.000100033
9.63355e-05
9.29318e-05
8.97868e-05
8.68829e-05
8.42008e-05
8.17279e-05
7.95069e-05
7.75247e-05
7.57391e-05
7.40765e-05
7.25025e-05
7.10299e-05
6.9653e-05
6.83654e-05
6.71617e-05
6.60375e-05
6.49885e-05
6.40106e-05
6.31e-05
6.22527e-05
6.1465e-05
6.07333e-05
6.00539e-05
5.94236e-05
5.8835e-05
5.82877e-05
5.77811e-05
5.73105e-05
5.68989e-05
5.65328e-05
5.61981e-05
5.58868e-05
5.55913e-05
5.53144e-05
5.50609e-05
5.4844e-05
5.46331e-05
5.44557e-05
5.43183e-05
5.4196e-05
5.40798e-05
5.3966e-05
5.3853e-05
5.37406e-05
5.36293e-05
5.35197e-05
5.34125e-05
5.33082e-05
5.32074e-05
5.31104e-05
5.3016e-05
5.29217e-05
5.28325e-05
0.00015668
0.000198446
0.00020431
0.000198472
0.000189211
0.00017933
0.000169773
0.000160811
0.000152489
0.000144788
0.00013767
0.000131092
0.000125004
0.000119382
0.000114216
0.000109453
0.000105058
0.000100999
9.72481e-05
9.37814e-05
9.05768e-05
8.76144e-05
8.48759e-05
8.23444e-05
8.00045e-05
7.78418e-05
7.5843e-05
7.39959e-05
7.22881e-05
7.07059e-05
6.92438e-05
6.78895e-05
6.66382e-05
6.54833e-05
6.44175e-05
6.34323e-05
6.25208e-05
6.16799e-05
6.09081e-05
6.0223e-05
5.96023e-05
5.90324e-05
5.85138e-05
5.80666e-05
5.76615e-05
5.72848e-05
5.69303e-05
5.65945e-05
5.62711e-05
5.59595e-05
5.56653e-05
5.53883e-05
5.5128e-05
5.48785e-05
5.46415e-05
5.44168e-05
5.4208e-05
5.40145e-05

