5e-05
5.02669e-05
5.04842e-05
5.06602e-05
5.08034e-05
5.09206e-05
5.10168e-05
5.10963e-05
5.11623e-05
5.1231e-05
5.13163e-05
5.13978e-05
5.14698e-05
5.15268e-05
5.15622e-05
5.15898e-05
5.16118e-05
5.16294e-05
5.16433e-05
5.16519e-05
5.16493e-05
5.16386e-05
5.16282e-05
5.16173e-05
5.16108e-05
5.18292e-05
5.23436e-05
5.29824e-05
5.59087e-05
0.000165396
0.000196134
0.000198817
0.000192394
0.000183368
0.000173948
0.00016486
0.000156325
0.000148385
0.000141026
0.000134217
0.000127921
0.000122097
0.000116711
0.000111735
0.000107138
0.000102889
9.89625e-05
9.53377e-05
9.2014e-05
8.89576e-05
8.61404e-05
8.35401e-05
8.11184e-05
0.000182363
0.000218905
0.000222079
0.000214497
0.000203878
0.000192827
0.000182197
0.000172236
0.000162989
0.000154437
0.000146539
0.000139245
0.000132512
0.000126319
0.000120618
0.000115388
0.000110576
0.000106133
0.000102022
9.82209e-05
9.4707e-05
9.14751e-05
8.85084e-05
8.57699e-05
0.000151921
0.000211768
0.000222754
0.000217699
0.000207785
0.000222854
0.000295098
0.000305851
0.000296493
0.000281192
0.000264766
0.000248811
0.000233804
0.000219857
0.00020695
0.000195024
0.000184007
0.000173828
0.000164431
0.000155758
0.000147754
0.000140367
0.000133549
0.000127257
0.00012145
0.000116087
0.000111131
0.000106557
0.000102336
9.84405e-05
9.48419e-05
9.15211e-05
8.84572e-05
8.56303e-05
8.30221e-05
8.06156e-05
7.83951e-05
7.63434e-05
7.44462e-05
7.27127e-05
7.11326e-05
6.96806e-05
6.83403e-05
6.70956e-05
6.59441e-05
6.4879e-05
6.38936e-05
6.29859e-05
6.2164e-05
6.14119e-05
6.0719e-05
6.00733e-05
5.94611e-05
5.8892e-05
5.83643e-05
5.78731e-05
5.74147e-05
5.70185e-05
5.66638e-05
5.63322e-05
5.60246e-05
5.57368e-05
5.54542e-05
5.51825e-05
5.49287e-05
5.46892e-05
5.44656e-05
5.42591e-05
5.40867e-05
5.39536e-05
5.38719e-05
5.3805e-05
5.37349e-05
5.36573e-05
5.35742e-05
5.34852e-05
5.33858e-05
5.32889e-05
5.31955e-05
0.000103271
0.000184283
0.000203384
0.000201817
0.000193746
0.000184013
0.000174245
0.000164955
0.000156288
0.000148254
0.000140826
0.000133965
0.000127629
0.00012178
0.000116384
0.000111401
0.0001068
0.000102549
9.8625e-05
9.50018e-05
9.16564e-05
8.85703e-05
8.57241e-05
8.30989e-05
8.06741e-05
7.84372e-05
7.63745e-05
7.44723e-05
7.27183e-05
7.11007e-05
6.96086e-05
6.82282e-05
6.69518e-05
0.00015404
0.000205064
0.000213521
0.000208038
0.000198406
0.000187945
0.000177749
0.000168152
0.000159231
0.000150975
0.000143346
0.000136303
0.000129801
0.000123799
0.000118259
0.000113145
0.000108421
0.000104055
0.00010002
9.62958e-05
9.28596e-05
8.9689e-05
8.67635e-05
8.40642e-05
8.15735e-05
7.92752e-05
7.71542e-05
7.51929e-05
7.33824e-05
7.17099e-05
7.01643e-05
6.87358e-05
6.74164e-05
6.61998e-05
6.50778e-05
6.40398e-05
6.30822e-05
6.21997e-05
6.14014e-05
6.06843e-05
6.00229e-05
5.94099e-05
5.88417e-05
5.83115e-05
5.78174e-05
5.73572e-05
5.69317e-05
5.65384e-05
5.61749e-05
5.58389e-05
5.55282e-05
5.52319e-05
5.49524e-05
5.4695e-05
5.44585e-05
5.42414e-05
5.40404e-05
5.38506e-05
5.3674e-05
5.35066e-05
5.33522e-05

