5e-05
5.02667e-05
5.04834e-05
5.06586e-05
5.08009e-05
5.09171e-05
5.10125e-05
5.10977e-05
5.12653e-05
5.14836e-05
5.16951e-05
5.1879e-05
5.20169e-05
5.20969e-05
5.21514e-05
5.22074e-05
5.22795e-05
5.23419e-05
5.24123e-05
5.24629e-05
5.24503e-05
5.24117e-05
5.23663e-05
5.23113e-05
5.22589e-05
5.2435e-05
5.29149e-05
5.35771e-05
5.46122e-05
9.8007e-05
0.00026644
0.00027361
0.000257796
0.000242069
0.000227433
0.000213889
0.000201374
0.000189815
0.000179143
0.00016929
0.000160197
0.000151805
0.00014406
0.000136915
0.000130322
0.000124254
0.000118672
0.000113527
0.00010878
0.00010441
0.000100399
9.67202e-05
9.33167e-05
9.01525e-05
8.72227e-05
8.45146e-05
8.20076e-05
7.96907e-05
7.75467e-05
7.55633e-05
0.000154896
0.000213243
0.000223601
0.000218204
0.000208074
0.00019695
0.000186073
0.000175824
0.000166294
0.000157472
0.00014932
0.000141787
0.000134834
0.000128418
0.000122497
0.000117029
0.00011198
0.000107321
0.000103023
9.90542e-05
9.53915e-05
9.20075e-05
8.88819e-05
8.59962e-05
8.33337e-05
8.08779e-05
7.86107e-05
7.65188e-05
7.45838e-05
7.27975e-05
7.11509e-05
6.96308e-05
6.8226e-05
6.69288e-05
6.57676e-05
6.49725e-05
6.44587e-05
6.40644e-05
6.36613e-05
7.00913e-05
0.000175697
0.000203849
0.000205306
0.000198128
0.000188536
0.000178643
0.00016914
0.000160224
0.000151939
0.000144268
0.000137176
0.000130622
0.000124569
0.000119005
0.000113875
0.000109137
0.00010475
0.000175639
0.000229599
0.000237788
0.00023101
0.000219814
0.000207776
0.000196073
0.000185062
0.000174827
0.000165357
0.000156608
0.000148527
0.000141065
0.000134178
0.000127822
0.000121964
0.000116584
0.000111626
0.000107047
0.000102836
9.89561e-05
9.53892e-05
9.22029e-05
8.93572e-05
8.67662e-05
8.43268e-05
8.20396e-05
7.99362e-05
7.80406e-05
7.61925e-05
7.44472e-05
7.28084e-05
7.12604e-05
6.97945e-05
6.8421e-05
0.000134187
0.000200238
0.000213758
0.000209879
0.000200658
0.000190205
0.000179912
0.000170408
0.00016173
0.000153793
0.000146404
0.000139418
0.000132897
0.000126856
0.000121297
0.000116152
0.000111371
0.000106906
0.00010275
9.88906e-05
9.53121e-05
9.19984e-05
8.89341e-05
8.61014e-05
8.34798e-05
8.1049e-05
7.882e-05
7.67724e-05
7.48797e-05
7.31297e-05
7.15061e-05
7.00012e-05
6.85994e-05
6.72999e-05
6.60981e-05
6.499e-05
6.39654e-05
6.30152e-05
6.21343e-05
6.13159e-05
6.05597e-05
5.98646e-05
5.94323e-05
5.94835e-05
5.97823e-05
6.01026e-05
6.01604e-05
6.00395e-05
5.98034e-05
5.95079e-05
5.91492e-05
5.87627e-05
5.83663e-05
5.79488e-05
5.75244e-05
5.71152e-05
5.67261e-05
5.63582e-05
5.60154e-05
5.57309e-05
5.57984e-05
5.60537e-05
5.63865e-05
5.66557e-05
5.68398e-05
5.69877e-05
5.70541e-05
5.70332e-05
5.69107e-05
5.67333e-05
5.65212e-05
5.62747e-05
5.60079e-05
5.57414e-05
5.54824e-05
7.5954e-05
0.000177763
0.000203851
0.000204484
0.000196981
0.000187272
0.000177353
0.000167864
0.000158991
0.000150763
0.000143156
0.000136128
0.000129637
0.000123638
0.0001181
0.000113002
0.000108317
0.000104002
0.000100027
9.6408e-05
9.31132e-05
9.00666e-05
8.72421e-05

