5e-05
5.02669e-05
5.04842e-05
5.06602e-05
5.08034e-05
5.09206e-05
5.10168e-05
5.10963e-05
5.11623e-05
5.12174e-05
5.12636e-05
5.13026e-05
5.13359e-05
5.13767e-05
5.14257e-05
5.14744e-05
5.15195e-05
5.15575e-05
5.15848e-05
5.16057e-05
5.16028e-05
5.15896e-05
0.000116367
0.000187607
0.00020338
0.000200736
0.000192381
0.000182635
0.000172939
0.000163749
0.00015518
0.000147239
0.000139899
0.000133121
0.000126861
0.00012108
0.000115745
0.00011082
0.000106272
0.000102072
9.81957e-05
9.46181e-05
9.13165e-05
8.82696e-05
8.54577e-05
8.28627e-05
8.04679e-05
7.82576e-05
7.62205e-05
7.43685e-05
7.26637e-05
7.10855e-05
6.96363e-05
6.83311e-05
6.71361e-05
6.60321e-05
6.49994e-05
6.40341e-05
6.31306e-05
6.22825e-05
6.14715e-05
6.07152e-05
6.00168e-05
5.93723e-05
5.87743e-05
5.82229e-05
5.77152e-05
5.72479e-05
5.68178e-05
5.64213e-05
5.60527e-05
5.57132e-05
5.54012e-05
5.51144e-05
5.48508e-05
5.46085e-05
5.43858e-05
5.4181e-05
5.39926e-05
5.38193e-05
5.36599e-05
5.35131e-05
8.99363e-05
0.000181177
0.000203683
0.000203158
0.000195343
0.000185604
0.000175746
0.000166347
0.000157574
0.000149464
0.000141977
0.000135066
0.000128688
0.000122793
0.000117349
0.00012252
0.00022118
0.000244284
0.00024192
0.000231584
0.000219236
0.000206871
0.00019512
0.000184156
0.000173993
0.000164596
0.000155935
0.00014796
0.000140591
0.000133783
0.00012749
0.000121669
0.000116293
0.00011133
0.00010675
0.00010253
9.892e-05
9.59756e-05
9.35806e-05
9.18298e-05
0.000193401
0.000309649
0.000299991
0.000281463
0.000263866
0.000247542
0.000232449
0.000218505
0.000205628
0.00019374
0.000182766
0.000172636
0.000163285
0.000154653
0.000146687
0.000139338
0.000132576
0.000126344
0.000120592
0.000115285
0.000110388
0.000105867
0.000101692
9.7838e-05
9.43032e-05
9.10503e-05
8.80607e-05
8.53265e-05
9.9562e-05
0.000200775
0.000225582
0.000224732
0.000215753
0.000301353
0.000322144
0.00031508
0.000299568
0.000282152
0.000265009
0.000248813
0.00023373
0.000219757
0.000206836
0.0001949
0.00018388
0.000173707
0.000164313
0.00015564
0.000147634
0.000140235
0.000133402
0.000127095
0.000121275
0.000115901
0.000110953
0.000106611
0.000102786
9.93176e-05
9.60978e-05
9.30921e-05
9.02642e-05
8.7574e-05
8.49803e-05
8.25339e-05
8.02506e-05
7.81246e-05
7.61475e-05
7.43109e-05
7.26045e-05
7.10112e-05
6.95295e-05
6.81573e-05
6.68845e-05
6.57035e-05
6.46107e-05
0.000101007
0.000189709
0.000210904
0.000209599
0.000201207
0.000190986
0.0001807
0.000170915
0.000161783
0.000153321
0.000145499
0.000138276
0.000131606
0.000125448
0.000119765
0.000114519
0.000109678
0.000105208
0.000101081
9.72695e-05
9.38512e-05
9.10193e-05
8.85713e-05
8.63274e-05
8.42284e-05
8.21801e-05
8.01856e-05
7.82506e-05
7.63901e-05
7.46202e-05
7.29513e-05
7.13871e-05
6.9921e-05
6.85563e-05
0.000160149
0.000206657
0.000213638
0.000207698
0.000197949
0.000187479
0.000177307
0.00016774
0.000172108
0.000261609
0.000279597
0.000273807
0.000260755
0.000246056
0.000231574
0.000217893
0.000205158
0.000193366
0.00018247

