5e-05
5.02669e-05
5.04842e-05
5.06602e-05
5.08034e-05
5.09206e-05
5.10168e-05
5.10963e-05
5.11623e-05
5.12174e-05
5.12636e-05
5.13095e-05
5.14275e-05
5.16623e-05
5.19402e-05
5.22773e-05
5.26037e-05
5.28783e-05
5.30878e-05
5.31765e-05
5.31486e-05
5.30867e-05
5.30126e-05
5.29166e-05
5.28147e-05
5.27193e-05
5.26314e-05
5.2551e-05
0.000120786
0.000189624
0.000204521
0.000201538
0.000193029
0.000183194
0.000173434
0.000164192
0.000155581
0.000147606
0.000140232
0.000133418
0.000127128
0.000121322
0.000115957
0.000111006
0.000106437
0.000102222
9.83328e-05
9.47444e-05
9.14333e-05
8.83783e-05
8.55556e-05
8.29494e-05
8.05411e-05
7.83351e-05
7.63216e-05
7.44686e-05
7.27475e-05
7.11569e-05
6.96878e-05
6.83277e-05
6.70559e-05
6.58736e-05
6.47821e-05
6.37753e-05
6.28428e-05
6.19822e-05
6.11889e-05
6.04577e-05
5.97839e-05
5.91629e-05
5.85904e-05
5.80549e-05
5.75559e-05
5.70965e-05
5.66737e-05
5.62772e-05
5.5909e-05
5.55709e-05
5.52578e-05
5.49702e-05
5.4707e-05
5.44643e-05
5.42398e-05
5.40315e-05
5.38394e-05
5.36608e-05
5.34947e-05
5.33392e-05
5.31974e-05
5.3069e-05
5.29528e-05
5.28478e-05
5.27523e-05
5.26623e-05
5.25805e-05
5.25067e-05
5.24402e-05
5.23802e-05
5.23261e-05
5.22772e-05
5.22292e-05
5.21845e-05
5.21443e-05
5.21073e-05
5.20703e-05
5.20366e-05
5.20029e-05
5.19657e-05
5.19308e-05
5.19003e-05
5.18742e-05
5.1851e-05
5.18271e-05
5.18021e-05
5.17782e-05
5.17581e-05
5.17417e-05
5.17285e-05
5.17183e-05
5.17106e-05
5.17049e-05
5.17011e-05
5.16987e-05
5.16974e-05
5.16972e-05
5.16977e-05
5.16988e-05
5.17003e-05
5.17021e-05
5.17042e-05
5.17056e-05
5.17029e-05
5.16986e-05
5.17147e-05
5.17459e-05
5.17734e-05
5.17992e-05
5.18224e-05
5.18421e-05
5.18785e-05
5.19358e-05
5.19924e-05
5.20363e-05
5.20636e-05
5.20767e-05
5.20861e-05
5.20985e-05
5.2102e-05
5.20924e-05
5.22556e-05
5.27397e-05
5.33026e-05
5.38469e-05
5.43189e-05
5.47108e-05
5.50286e-05
5.52673e-05
5.53844e-05
5.53986e-05
5.5352e-05
5.52529e-05
5.51738e-05
0.000154739
0.000197318
0.00020361
0.000197998
0.000188874
0.00017909
0.000169585
0.000202799
0.000271062
0.000281753
0.000273562
0.000294802
0.000351269
0.000354114
0.000339764
0.000320677
0.000301045
0.000282231
0.000264622
0.000248281
0.000233167
0.000219204
0.000206313
0.000194414
0.000183433
0.0001733
0.000163949
0.000155317
0.000147343
0.000139978
0.00013318
0.000126908
0.000121148
0.000116251
0.000125512
0.000306658
0.000325281
0.000306645
0.000287307
0.000269272
0.000252566
0.000237116
0.000222988
0.000210131
0.000198249
0.000187214
0.000176962
0.000167457
0.000158649
0.000150493
0.000142944
0.000135961
0.000129502
0.000123527
0.000118006
0.000112904
0.000108189
0.000103834
9.98134e-05
9.61016e-05
9.26719e-05
8.95043e-05
8.65761e-05
8.38734e-05
8.13772e-05
7.90741e-05
7.69499e-05
7.49911e-05
7.31847e-05
7.15187e-05
6.99822e-05
6.85629e-05
6.72515e-05
6.60419e-05
6.49263e-05
6.38975e-05
6.2948e-05
6.20686e-05
6.12632e-05
6.05402e-05
5.98809e-05
5.94253e-05
5.94494e-05
5.98136e-05
6.0814e-05
0.000229572
0.000278948
0.000264526

