5e-05
5.02631e-05
5.04691e-05
5.06301e-05
5.07572e-05
5.08582e-05
5.09394e-05
5.10052e-05
5.10671e-05
5.11772e-05
5.12985e-05
5.14354e-05
0.000129416
0.000189298
0.000201487
0.000197826
0.00018934
0.000179764
0.000170342
0.000161425
0.000153091
0.000145353
0.000138189
0.000131546
0.000125395
0.000119712
0.000114465
0.000109621
0.000105151
0.000101021
9.72062e-05
9.36853e-05
9.04366e-05
8.74366e-05
8.46678e-05
8.21135e-05
7.97571e-05
7.75834e-05
7.55782e-05
7.37253e-05
7.20125e-05
7.04312e-05
6.89703e-05
6.7623e-05
6.63808e-05
6.52357e-05
6.418e-05
6.32067e-05
0.00013453
0.000197704
0.000210386
0.000206421
0.000197372
0.000187158
0.00017709
0.000167574
0.00015871
0.000150523
0.000248606
0.000272199
0.000268601
0.000256508
0.000242317
0.000228175
0.000214763
0.00020226
0.000190677
0.000179971
0.000170084
0.000160958
0.000152533
0.000144756
0.000137577
0.000130951
0.000124831
0.000119183
0.000113972
0.000109163
0.000104723
0.000100625
0.000107571
0.000208493
0.00023292
0.000231522
0.000221996
0.000210369
0.000198661
0.000261933
0.000301501
0.000301458
0.000288838
0.000272858
0.000256617
0.000241114
0.000226628
0.000213242
0.000201146
0.000190178
0.000180147
0.000170895
0.000162298
0.00015427
0.000146737
0.000139679
0.000133099
0.000127
0.000121373
0.000116155
0.000111312
0.000106809
0.000102628
9.87471e-05
9.51542e-05
9.18297e-05
8.87461e-05
8.58935e-05
8.32581e-05
8.08241e-05
7.85903e-05
7.6549e-05
7.46641e-05
7.2923e-05
7.13084e-05
6.981e-05
6.84302e-05
6.71831e-05
6.60325e-05
6.4962e-05
6.3968e-05
6.30427e-05
6.21855e-05
6.13917e-05
6.06565e-05
5.99756e-05
5.93442e-05
5.87515e-05
5.82018e-05
5.7695e-05
5.7251e-05
5.68562e-05
5.64951e-05
5.61608e-05
5.58491e-05
5.55574e-05
5.52839e-05
5.50252e-05
5.47766e-05
5.45407e-05
5.43146e-05
5.41015e-05
5.38985e-05
5.37072e-05
5.35273e-05
5.33605e-05
5.32066e-05
5.30642e-05
5.29311e-05
5.28062e-05
5.26887e-05
5.25804e-05
5.2482e-05
5.23919e-05
5.23096e-05
5.22329e-05
5.21642e-05
5.21149e-05
5.23196e-05
5.2778e-05
5.33391e-05
5.37572e-05
5.40056e-05
5.41654e-05
5.42211e-05
5.41913e-05
5.41191e-05
5.40146e-05
5.38925e-05
5.37567e-05
5.36124e-05
5.34724e-05
5.33389e-05
5.32126e-05
5.309e-05
5.29716e-05
5.28498e-05
5.27352e-05
5.26308e-05
5.25364e-05
5.24512e-05
5.23744e-05
5.23053e-05
5.22422e-05
5.2183e-05
5.21296e-05
5.20817e-05
5.20365e-05
5.19943e-05
5.19551e-05
5.19144e-05
5.18777e-05
5.18455e-05
5.18173e-05
5.17918e-05
5.17666e-05
5.17443e-05
5.17216e-05
5.16982e-05
5.16775e-05
0.000157101
0.000198562
0.000204306
0.000198422
0.000189141
0.000179249
0.000169664
0.000160657
0.000152289
0.000144547
0.000137395
0.000130791
0.000124692
0.000119059
0.00011386
0.00010906
0.000104627
0.000100537
9.67627e-05
9.32788e-05
9.0061e-05
8.70915e-05
8.43514e-05
8.18267e-05
7.95182e-05
7.73908e-05
7.54239e-05
7.36074e-05
7.19298e-05
7.03796e-05
6.89468e-05
6.76219e-05
6.63934e-05
6.52573e-05
6.42075e-05
6.32372e-05
6.23375e-05
6.15061e-05
6.07378e-05
6.00239e-05
5.93632e-05
5.87538e-05

