5e-05
5.02667e-05
5.04834e-05
5.06586e-05
5.08009e-05
5.09171e-05
5.10125e-05
5.10912e-05
5.11565e-05
5.12109e-05
5.12566e-05
5.12951e-05
5.13277e-05
5.13491e-05
5.13984e-05
5.14767e-05
5.15596e-05
5.16373e-05
5.17055e-05
5.17605e-05
5.179e-05
5.18027e-05
5.18087e-05
5.18064e-05
5.17982e-05
5.17893e-05
5.17809e-05
5.17731e-05
7.86639e-05
0.000177582
0.000202716
0.000203062
0.000195522
0.00018586
0.000176014
0.000166608
0.000157818
0.000149668
0.000142134
0.000135176
0.000128761
0.000123106
0.000118222
0.000113797
0.000109722
0.000200122
0.000233737
0.000235586
0.000227158
0.000215805
0.000204019
0.000192659
0.000181987
0.000172061
0.00016286
0.000154345
0.000146474
0.000139199
0.000132479
0.000126267
0.000120528
0.000115228
0.000110334
0.000105816
0.000101644
9.77891e-05
9.42322e-05
9.09473e-05
8.79135e-05
8.51125e-05
8.25294e-05
8.01477e-05
7.7952e-05
7.59269e-05
7.4057e-05
7.23548e-05
7.07993e-05
6.93884e-05
6.81063e-05
6.69186e-05
6.58186e-05
6.47897e-05
0.000151593
0.000201981
0.000210459
0.00020516
0.000195744
0.000185494
0.000175493
0.000166076
0.000157318
0.000149208
0.000141716
0.000134792
0.000128391
0.000122481
0.000117028
0.000111997
0.000107355
0.000103071
9.91192e-05
9.54726e-05
9.21078e-05
8.9003e-05
8.61381e-05
8.34939e-05
8.10493e-05
7.87927e-05
7.67084e-05
7.47826e-05
7.30058e-05
7.13669e-05
6.9855e-05
6.84588e-05
6.71676e-05
6.59764e-05
6.48778e-05
6.38647e-05
6.29304e-05
6.20687e-05
6.12739e-05
6.05585e-05
5.99193e-05
5.93191e-05
5.87601e-05
5.82439e-05
5.77664e-05
5.73242e-05
5.69128e-05
5.65344e-05
5.6213e-05
5.59252e-05
5.56602e-05
5.54071e-05
5.51648e-05
5.49369e-05
5.47226e-05
5.45194e-05
5.43195e-05
5.41254e-05
5.39423e-05
5.37728e-05
5.3609e-05
5.34602e-05
5.33503e-05
5.3265e-05
5.32171e-05
5.31837e-05
5.31511e-05
5.31031e-05
5.30443e-05
5.29795e-05
5.29013e-05
5.28203e-05
5.27822e-05
5.30768e-05
5.36409e-05
5.42731e-05
5.48e-05
5.52418e-05
5.55309e-05
5.56977e-05
5.57667e-05
5.57549e-05
5.56743e-05
5.55379e-05
5.54074e-05
5.52592e-05
5.51043e-05
5.49447e-05
5.47791e-05
5.46007e-05
5.44416e-05
5.46672e-05
6.03801e-05
0.000247241
0.00027869
0.000338863
0.000382376
0.000379905
0.000362611
0.000341421
0.000320049
0.000299695
0.00028069
0.000263073
0.000246785
0.000231744
0.000217858
0.00020504
0.00019321
0.000182292
0.000172216
0.000162918
0.000154338
0.000146422
0.000139117
0.000132377
0.000126155
0.000120411
0.000115134
0.000110505
0.000106395
0.000102663
9.91703e-05
9.58623e-05
9.27203e-05
8.97436e-05
8.69565e-05
8.43424e-05
8.19061e-05
7.96411e-05
7.75376e-05
7.55847e-05
7.37682e-05
7.20831e-05
7.05489e-05
6.91433e-05
6.78465e-05
6.66456e-05
6.55262e-05
6.44883e-05
6.35267e-05
6.26358e-05
6.1806e-05
6.10356e-05
6.03228e-05
5.96634e-05
5.90537e-05
5.849e-05
5.79689e-05
5.74848e-05
5.70341e-05
5.66143e-05
5.62268e-05
5.58695e-05
5.55403e-05
6.56409e-05
0.000175084
0.000203948
0.000205433
0.000198145
0.000188436
0.000178448
0.000168876
0.00015992
0.000151611
0.000143928
0.000136831
0.000130278

