5e-05
5.02631e-05
5.04691e-05
5.06301e-05
5.07572e-05
5.08582e-05
5.09394e-05
5.10052e-05
5.10714e-05
5.11509e-05
5.12253e-05
5.12901e-05
5.13444e-05
5.13812e-05
5.14059e-05
5.1447e-05
5.14991e-05
5.15444e-05
5.15792e-05
5.16074e-05
5.16186e-05
5.16119e-05
5.16036e-05
5.15925e-05
5.15781e-05
5.15623e-05
5.15484e-05
5.15369e-05
7.85549e-05
0.000177768
0.000202922
0.00020326
0.000195705
0.000186027
0.000176163
0.000166738
0.00015793
0.000149765
0.000142241
0.000135303
0.000128902
0.000122992
0.000117534
0.000112493
0.000107837
0.000103535
9.95604e-05
9.58844e-05
9.24828e-05
8.93374e-05
8.64286e-05
8.37429e-05
8.12606e-05
7.8966e-05
7.68487e-05
7.48954e-05
7.30936e-05
7.143e-05
6.98932e-05
6.84712e-05
6.71493e-05
6.59281e-05
6.48032e-05
6.37655e-05
6.28053e-05
6.19183e-05
6.10987e-05
6.03424e-05
5.96467e-05
5.90064e-05
5.84163e-05
5.78741e-05
5.73761e-05
5.69186e-05
5.64983e-05
5.61121e-05
5.57572e-05
5.54505e-05
5.51859e-05
5.49468e-05
5.47264e-05
5.45159e-05
5.43068e-05
5.41091e-05
5.39249e-05
5.37535e-05
5.35941e-05
5.34435e-05
0.000164218
0.000200782
0.000204874
0.000198434
0.000188975
0.000179033
0.000169441
0.000160443
0.000152087
0.000144357
0.000137217
0.000130623
0.000124536
0.000118917
0.000113729
0.000108938
0.0002139
0.000241616
0.000240826
0.000231044
0.000218898
0.000206796
0.000195574
0.000185168
0.000175557
0.000166639
0.000158322
0.000150544
0.00014326
0.000136434
0.000130075
0.000124155
0.000118656
0.000113559
0.000108835
0.000104461
0.000175945
0.000229616
0.000237703
0.000230892
0.000219683
0.000207639
0.000195939
0.000184958
0.000174844
0.00016555
0.00015697
0.000149042
0.000141763
0.00013505
0.000128816
0.000123014
0.000117635
0.000112651
0.000108036
0.000104058
0.000101216
0.000273909
0.000308506
0.00029043
0.000272158
0.000255179
0.000239476
0.000224968
0.000211568
0.000199196
0.000187773
0.000177226
0.000167489
0.000158501
0.000150203
0.000142545
0.000135482
0.000128963
0.000122947
0.000117398
0.000112274
0.00010754
0.000103166
9.91262e-05
9.5395e-05
9.19493e-05
8.87674e-05
8.58294e-05
8.31167e-05
8.06123e-05
7.83e-05
7.61652e-05
7.41943e-05
7.23748e-05
7.06952e-05
6.91447e-05
6.77134e-05
6.63924e-05
6.51731e-05
6.40475e-05
6.30085e-05
6.20493e-05
6.1164e-05
6.03468e-05
5.95929e-05
5.88972e-05
5.8255e-05
5.76621e-05
5.71147e-05
5.66096e-05
5.61439e-05
5.57202e-05
5.54092e-05
5.51558e-05
5.49259e-05
5.46876e-05
5.44357e-05
5.4179e-05
5.39289e-05
5.36892e-05
5.3462e-05
5.32486e-05
0.000126527
0.000194643
0.000209033
0.000205618
0.000196717
0.000186522
0.000176429
0.000166878
0.00015798
0.000149739
0.000142121
0.000135087
0.000128592
0.000122596
0.000117061
0.000111952
0.000107236
0.000102883
9.88649e-05
9.51553e-05
9.17311e-05
8.85702e-05
8.56526e-05
8.29596e-05
8.04736e-05
7.81789e-05
7.60607e-05
7.41054e-05
7.23006e-05
7.06346e-05
0.000176231
0.000215412
0.000219474
0.000212249
0.000201812
0.000190881
0.000180344
0.000170472
0.000161307
0.000152825
0.000144986
0.000137745
0.000131057
0.000124882

