5e-05
5.02631e-05
5.04691e-05
5.06301e-05
5.07572e-05
5.08582e-05
5.09394e-05
5.10052e-05
5.10648e-05
5.11412e-05
5.12267e-05
5.1337e-05
5.14839e-05
5.16571e-05
5.1829e-05
5.20043e-05
5.21551e-05
5.2272e-05
5.23546e-05
5.23937e-05
6.40043e-05
0.000173093
0.00020202
0.000203644
0.000196478
0.000186879
0.000176993
0.000167517
0.000158649
0.000150416
0.000142798
0.000135763
0.00012927
0.000123277
0.000117747
0.000112644
0.000107937
0.000103594
0.000187971
0.00023317
0.000238355
0.000230574
0.000219071
0.000206968
0.000195285
0.000184322
0.000174143
0.000164727
0.000156028
0.000147994
0.000140575
0.000133718
0.00012738
0.000121529
0.00011613
0.000128544
0.000223063
0.000244321
0.000241332
0.000230819
0.000218452
0.000206115
0.000194407
0.000183489
0.000173367
0.000164006
0.000155359
0.000147375
0.000140005
0.000133197
0.000126912
0.000121112
0.000115759
0.000110816
0.000106252
0.000102035
9.81432e-05
9.45522e-05
9.12389e-05
8.81819e-05
8.53613e-05
8.27549e-05
8.03461e-05
7.81238e-05
7.6073e-05
7.41784e-05
7.24285e-05
7.08102e-05
6.93163e-05
6.79372e-05
6.66643e-05
6.54895e-05
6.44029e-05
6.33991e-05
6.24719e-05
6.16156e-05
6.08266e-05
6.01006e-05
5.94325e-05
5.88177e-05
5.82519e-05
5.77307e-05
5.72477e-05
9.20978e-05
0.00018359
0.000205991
0.000205329
0.000197353
0.000187457
0.000177467
0.000167961
0.000159089
0.000150864
0.000143248
0.000136208
0.000129701
0.000123691
0.000118142
0.000113018
0.000108286
0.000103914
9.98783e-05
9.61544e-05
9.27182e-05
8.95475e-05
8.66233e-05
8.39466e-05
8.14807e-05
7.92055e-05
7.71015e-05
7.51546e-05
7.33497e-05
7.16802e-05
7.01385e-05
6.87149e-05
6.74046e-05
6.62165e-05
6.51266e-05
6.4137e-05
6.32845e-05
6.25398e-05
6.18617e-05
6.12302e-05
6.06613e-05
6.01358e-05
5.96266e-05
5.91285e-05
5.86484e-05
5.81838e-05
5.77616e-05
5.73969e-05
5.70667e-05
5.68204e-05
5.6662e-05
5.64949e-05
5.64108e-05
5.63184e-05
5.61784e-05
5.59953e-05
5.58019e-05
5.56174e-05
5.5431e-05
5.52436e-05
5.50465e-05
5.48381e-05
5.46242e-05
5.44433e-05
5.42809e-05
5.41258e-05
5.39798e-05
5.38412e-05
5.37031e-05
5.35513e-05
5.34008e-05
5.3258e-05
5.31265e-05
5.30033e-05
5.28896e-05
5.27814e-05
5.2681e-05
5.25853e-05
5.24941e-05
5.24121e-05
5.23391e-05
5.22756e-05
5.22418e-05
5.22182e-05
5.22161e-05
5.22296e-05
5.22429e-05
5.2255e-05
5.22628e-05
5.22607e-05
5.22493e-05
5.2234e-05
5.22149e-05
5.21855e-05
5.2152e-05
5.21192e-05
5.20877e-05
5.20578e-05
5.20256e-05
5.1991e-05
5.19584e-05
5.1924e-05
5.18879e-05
5.18514e-05
5.18174e-05
5.17829e-05
5.17519e-05
5.17255e-05
5.17032e-05
5.16846e-05
5.16693e-05
5.16565e-05
5.16427e-05
5.163e-05
5.16166e-05
5.1603e-05
5.15908e-05
5.15789e-05
5.15679e-05
5.16006e-05
5.1868e-05
5.22642e-05
5.26946e-05
0.00016323
0.000195531
0.000198742
0.000192486
0.000183488
0.00017407
0.000164989
0.00015646
0.000148514
0.000141144
0.000134321
0.000128008
0.000122207
0.000117193
0.000112869
0.000109204
0.000119426
0.000298774
0.000311834
0.000292731
0.000274234
0.000257085
0.000241231
0.000226585

