5e-05
5.02631e-05
5.04691e-05
5.06301e-05
5.07572e-05
5.08582e-05
5.09394e-05
5.10052e-05
5.10589e-05
5.11033e-05
5.11402e-05
5.11713e-05
5.11975e-05
5.12168e-05
5.12333e-05
5.12481e-05
5.12618e-05
5.12746e-05
5.12867e-05
5.12984e-05
5.13096e-05
5.13178e-05
5.13244e-05
5.1326e-05
5.13246e-05
5.13248e-05
5.13267e-05
5.13387e-05
5.13683e-05
0.000138783
0.000193298
0.000203024
0.000198799
0.000190443
0.000181125
0.000171926
0.000163175
0.000154954
0.000147264
0.000140084
0.000133412
0.000127221
0.000121483
0.000214571
0.000248087
0.000248862
0.000239177
0.000226646
0.000213838
0.000201585
0.000190128
0.0001795
0.000169657
0.000160558
0.000152158
0.000144403
0.000137247
0.000130665
0.000124596
0.000118993
0.000113819
0.000109041
0.000104631
0.00010056
9.67985e-05
9.33239e-05
9.01124e-05
8.71434e-05
8.44021e-05
8.187e-05
7.9531e-05
7.73727e-05
7.53821e-05
7.35463e-05
7.18519e-05
7.02843e-05
6.8837e-05
6.74996e-05
6.62661e-05
6.51292e-05
6.40957e-05
6.31592e-05
6.23001e-05
6.15091e-05
6.07782e-05
6.01016e-05
5.94743e-05
5.88923e-05
5.83523e-05
5.78502e-05
5.73798e-05
5.69432e-05
5.65388e-05
5.6162e-05
5.5811e-05
5.54831e-05
5.51797e-05
5.48988e-05
5.46369e-05
5.43955e-05
5.41707e-05
5.3962e-05
5.37675e-05
5.35889e-05
5.34224e-05
5.32693e-05
5.31268e-05
5.29916e-05
5.28648e-05
5.2748e-05
5.26422e-05
5.25467e-05
5.24604e-05
5.23822e-05
5.23173e-05
5.22771e-05
5.22462e-05
5.22191e-05
5.21898e-05
5.21615e-05
5.21339e-05
5.21068e-05
5.20792e-05
5.20482e-05
5.20168e-05
5.19836e-05
5.19494e-05
5.19162e-05
5.18856e-05
5.18579e-05
5.18327e-05
5.18098e-05
5.1787e-05
5.17642e-05
5.17436e-05
5.17253e-05
5.1709e-05
5.16968e-05
5.17016e-05
5.17128e-05
5.17225e-05
5.17286e-05
5.1731e-05
5.17321e-05
5.17319e-05
5.17304e-05
5.17245e-05
5.17162e-05
5.17077e-05
5.16993e-05
5.16912e-05
5.16839e-05
5.1697e-05
5.17123e-05
5.17261e-05
5.19196e-05
5.24642e-05
5.31198e-05
5.36414e-05
5.40628e-05
5.4331e-05
5.44616e-05
5.45026e-05
5.44746e-05
5.43744e-05
5.42427e-05
5.40922e-05
5.39358e-05
5.37745e-05
5.36115e-05
5.34554e-05
5.33065e-05
5.31682e-05
5.304e-05
5.29178e-05
5.28005e-05
5.26919e-05
5.25908e-05
5.24991e-05
5.24163e-05
5.23416e-05
5.22715e-05
5.22076e-05
5.21446e-05
5.20847e-05
5.20306e-05
5.19814e-05
5.19359e-05
5.18932e-05
5.18553e-05
5.18224e-05
5.1794e-05
5.17696e-05
5.17486e-05
5.17278e-05
5.17054e-05
5.16858e-05
5.16696e-05
5.16767e-05
5.17003e-05
5.17219e-05
5.174e-05
5.17499e-05
5.17551e-05
5.17537e-05
5.17504e-05
5.17453e-05
5.17358e-05
5.17223e-05
5.17086e-05
5.1696e-05
5.16845e-05
5.16723e-05
5.16582e-05
5.16425e-05
5.16267e-05
5.16124e-05
5.16166e-05
5.16297e-05
5.1646e-05
5.16623e-05
5.16768e-05
5.1688e-05
5.16917e-05
5.16927e-05
5.1692e-05
5.1687e-05
5.16775e-05
5.16625e-05
5.16446e-05
5.1628e-05
5.16375e-05
5.19028e-05
5.23213e-05
5.27859e-05
5.32163e-05
5.35623e-05
5.38055e-05
5.39507e-05
5.40109e-05
5.3973e-05
5.38843e-05
5.37764e-05
5.36534e-05
5.37317e-05
5.41682e-05
5.47116e-05
5.51206e-05
5.53907e-05
5.55221e-05

