5e-05
5.02631e-05
5.04691e-05
5.06301e-05
5.07572e-05
5.08582e-05
5.09394e-05
5.10052e-05
5.10686e-05
5.11471e-05
5.12216e-05
5.12868e-05
5.13417e-05
5.13866e-05
5.14228e-05
5.14513e-05
5.14736e-05
5.14907e-05
5.15036e-05
5.1509e-05
5.15076e-05
5.15049e-05
5.14979e-05
0.000154668
0.000198217
0.000204634
0.000198938
0.000189686
0.000179772
0.000170145
0.000161109
0.000152733
0.000144987
0.000137828
0.000131217
0.000125112
0.000119476
0.00011427
0.000109464
0.000105025
0.000100922
9.71315e-05
9.36321e-05
9.05022e-05
8.79642e-05
8.58551e-05
8.40217e-05
8.23429e-05
8.07246e-05
7.91085e-05
7.74783e-05
7.58472e-05
7.42175e-05
7.26311e-05
7.11007e-05
6.96549e-05
6.83037e-05
6.70452e-05
6.58754e-05
6.47898e-05
6.37745e-05
6.28236e-05
6.19444e-05
6.11335e-05
6.03861e-05
5.96977e-05
5.90637e-05
5.84799e-05
5.79417e-05
5.74429e-05
5.69803e-05
5.65514e-05
5.6154e-05
0.000159417
0.000201416
0.000207185
0.000201157
0.000191691
0.000181612
0.000171848
0.000162678
0.000154155
0.000146268
0.000138981
0.000132251
0.00012604
0.000120307
0.000115017
0.000110134
0.000105622
0.000101455
9.76089e-05
9.40602e-05
9.0786e-05
8.77648e-05
8.49743e-05
8.23989e-05
8.00227e-05
7.78304e-05
7.58076e-05
7.394e-05
7.2214e-05
7.06214e-05
6.91522e-05
6.77968e-05
6.65457e-05
6.53882e-05
6.43186e-05
6.33299e-05
6.24181e-05
6.15775e-05
6.08024e-05
6.01009e-05
5.97206e-05
5.9653e-05
5.97357e-05
5.98469e-05
5.98555e-05
5.97188e-05
5.94853e-05
5.91763e-05
5.88163e-05
5.84266e-05
5.80242e-05
5.76187e-05
5.72139e-05
5.68241e-05
5.64528e-05
5.61017e-05
5.57713e-05
5.54615e-05
5.51719e-05
5.4902e-05
5.46503e-05
5.44122e-05
5.41879e-05
5.39805e-05
5.37894e-05
5.36135e-05
5.34519e-05
5.33034e-05
5.31669e-05
5.30415e-05
5.29235e-05
5.28137e-05
5.27095e-05
5.2609e-05
5.25132e-05
5.24216e-05
5.23353e-05
5.22575e-05
5.2188e-05
5.21262e-05
5.207e-05
0.000112383
0.000187486
0.000204508
0.000202186
0.00019384
0.000184
0.000174186
0.000164875
0.000156196
0.000148156
0.000140721
0.000133856
0.000127518
0.000121668
0.000116267
0.000111283
0.000106683
0.000102435
9.85144e-05
9.48963e-05
9.15575e-05
8.84764e-05
8.56332e-05
8.30072e-05
8.05791e-05
7.83383e-05
7.62682e-05
7.43578e-05
7.25956e-05
7.09689e-05
6.94662e-05
6.80801e-05
6.68016e-05
6.56224e-05
6.45348e-05
6.35316e-05
6.26061e-05
6.17507e-05
6.09597e-05
6.0228e-05
5.95516e-05
5.8925e-05
5.83437e-05
5.78063e-05
5.73108e-05
5.6855e-05
5.6435e-05
5.60468e-05
5.56875e-05
5.53557e-05
5.50484e-05
5.47659e-05
5.45041e-05
5.42915e-05
5.43508e-05
5.45364e-05
5.47712e-05
5.49727e-05
5.5082e-05
5.51132e-05
5.50628e-05
5.49682e-05
5.48431e-05
5.46881e-05
5.45195e-05
5.43475e-05
5.41764e-05
5.40089e-05
5.38469e-05
5.36914e-05
5.35393e-05
5.33927e-05
5.32525e-05
5.31219e-05
5.30007e-05
5.28878e-05
5.27803e-05
5.2681e-05
5.25898e-05
5.25063e-05
5.24298e-05
5.23598e-05
5.22957e-05
5.2237e-05
5.21833e-05
5.21341e-05
5.20872e-05
5.20419e-05
5.19995e-05
5.19581e-05
5.19184e-05
5.18811e-05
5.18477e-05
5.19353e-05
5.23369e-05
5.28281e-05

