5e-05
5.02631e-05
5.04691e-05
5.06301e-05
5.07572e-05
5.08582e-05
5.09394e-05
5.10052e-05
5.10589e-05
5.11153e-05
5.11865e-05
5.12588e-05
5.13546e-05
5.14314e-05
5.14745e-05
5.15331e-05
5.16018e-05
5.16647e-05
5.17173e-05
5.17587e-05
5.17801e-05
5.17881e-05
5.17904e-05
5.17867e-05
5.2e-05
5.25245e-05
5.31916e-05
5.38761e-05
5.44247e-05
5.45861e-05
5.46062e-05
5.45465e-05
5.4447e-05
5.43248e-05
5.41891e-05
5.40467e-05
5.39022e-05
5.37589e-05
5.36191e-05
5.34844e-05
5.33556e-05
5.32334e-05
5.31181e-05
5.30097e-05
5.29083e-05
5.28137e-05
5.27256e-05
5.26403e-05
5.25597e-05
5.24852e-05
5.24121e-05
0.000150999
0.000197824
0.000205322
0.00019993
0.000272006
0.000307251
0.000305526
0.000292158
0.000275771
0.000259249
0.000243512
0.000228817
0.000215197
0.000202608
0.000190983
0.000180253
0.00017035
0.000252795
0.000283843
0.000281994
0.000269781
0.00025489
0.000239902
0.000307909
0.000333982
0.000328009
0.000312194
0.000294046
0.000276067
0.000259042
0.00024318
0.000228485
0.000214898
0.000202346
0.000190754
0.000180058
0.000170208
0.00016111
0.000152707
0.00014495
0.000137789
0.000131177
0.00012507
0.000148506
0.0002315
0.000248807
0.000244364
0.000233227
0.000220526
0.000207969
0.000196087
0.000185016
0.000174762
0.000165284
0.000156559
0.000148548
0.000141169
0.000134354
0.000128055
0.000122227
0.00011684
0.000111862
0.00010726
0.000103
9.90587e-05
9.54181e-05
9.20556e-05
8.89502e-05
8.60824e-05
8.34342e-05
8.0986e-05
7.87236e-05
7.66349e-05
7.47035e-05
7.29164e-05
7.12671e-05
6.97425e-05
6.83356e-05
6.70558e-05
6.58933e-05
6.48257e-05
6.3841e-05
6.29304e-05
6.20902e-05
6.13417e-05
6.06608e-05
6.0026e-05
5.94183e-05
5.88333e-05
5.8285e-05
5.77767e-05
0.000114798
0.000189807
0.000206668
0.000204204
0.000195728
0.000185853
0.000176045
0.000166731
0.000158029
0.000149948
0.000212853
0.000260733
0.000265515
0.000256385
0.00024332
0.000229627
0.000216378
0.000203925
0.000192345
0.000181651
0.000171775
0.000162645
0.000154188
0.000146353
0.000139103
0.000221473
0.00025858
0.000259946
0.000249875
0.000236677
0.000286367
0.000327709
0.000326908
0.000312765
0.000295094
0.000277193
0.000260124
0.000244178
0.000229394
0.000215727
0.000203104
0.00019145
0.00018069
0.000170758
0.000161591
0.00015313
0.000145339
0.000138162
0.00013154
0.000125427
0.000119784
0.000114571
0.000109757
0.000105309
0.0001012
9.73996e-05
9.38874e-05
9.06435e-05
8.76475e-05
8.48805e-05
8.23213e-05
7.99575e-05
0.000173318
0.000215577
0.000220743
0.00021385
0.000203469
0.000192503
0.000181906
0.000171961
0.000162726
0.000154183
0.00014629
0.000139004
0.000132277
0.000126069
0.000120336
0.000115042
0.000110152
0.000105638
0.000101469
9.76214e-05
9.40678e-05
9.07955e-05
8.7799e-05
8.50364e-05
8.24876e-05
8.01321e-05
7.79506e-05
7.59317e-05
7.40665e-05
7.23436e-05
7.07521e-05
6.9282e-05
6.79207e-05
6.66621e-05
6.54998e-05
6.44234e-05
6.34261e-05
6.25023e-05
6.16462e-05
6.0854e-05
6.0124e-05
5.94517e-05
5.88328e-05
5.82629e-05
5.77382e-05
5.7255e-05

