5e-05
5.02667e-05
5.04834e-05
5.06586e-05
5.08009e-05
5.09171e-05
5.10125e-05
5.10912e-05
5.11584e-05
5.12431e-05
5.13311e-05
5.14109e-05
5.14735e-05
0.000158225
0.000197722
0.000202845
0.00019687
0.000187682
0.000177935
0.000168495
0.000159616
0.000151363
0.000143723
0.00013666
0.000130128
0.000124097
0.000118528
0.000113388
0.000108643
0.000104258
0.000100207
0.000203536
0.000234591
0.00023522
0.000226157
0.000214475
0.000202551
0.000191151
0.000180491
0.000170606
0.000161466
0.000153024
0.000244024
0.000272164
0.000269977
0.00025827
0.000244135
0.000229962
0.000216481
0.000203905
0.000192246
0.000181461
0.000171481
0.000162263
0.000153753
0.0001459
0.000138651
0.000131962
0.000125788
0.000120089
0.000114825
0.000109959
0.000105468
0.000101323
9.7499e-05
9.39703e-05
9.07109e-05
8.77031e-05
8.49282e-05
8.23682e-05
8.00065e-05
7.78276e-05
7.58173e-05
7.39625e-05
7.22512e-05
7.06722e-05
6.92151e-05
6.78706e-05
6.66298e-05
6.54847e-05
6.44285e-05
6.34779e-05
6.26187e-05
6.183e-05
6.11015e-05
6.04241e-05
5.97883e-05
5.91972e-05
5.86481e-05
5.81382e-05
5.78253e-05
5.79934e-05
5.85797e-05
0.000108551
0.000273363
0.000277853
0.000261583
0.000245562
0.000230657
0.000216865
0.000204122
0.000192356
0.000181509
0.000171501
0.000162265
0.000153739
0.000145867
0.0001386
0.000131893
0.000125704
0.000119989
0.000114714
0.000109846
0.000105353
0.000101203
9.73715e-05
9.38366e-05
9.05755e-05
8.75658e-05
8.47869e-05
8.22232e-05
7.98572e-05
7.7672e-05
7.5656e-05
7.37965e-05
7.20814e-05
7.04962e-05
6.90298e-05
6.76751e-05
6.6425e-05
6.52726e-05
6.4213e-05
6.3259e-05
6.24101e-05
6.16444e-05
6.11195e-05
0.000111689
0.000275139
0.000278459
0.000262319
0.000246318
0.00023139
0.000217563
0.000204778
0.000192992
0.000182139
0.000172157
0.000162961
0.000154466
0.000146603
0.000139327
0.000132592
0.000126363
0.00012061
0.000115319
0.000110439
0.000105931
0.000101787
9.79637e-05
9.4426e-05
9.11515e-05
8.81177e-05
8.53206e-05
8.275e-05
8.03682e-05
7.8162e-05
7.61215e-05
7.42302e-05
7.24771e-05
7.08562e-05
6.9356e-05
6.79668e-05
6.66828e-05
6.54967e-05
6.43995e-05
6.33843e-05
6.24469e-05
6.15817e-05
6.07817e-05
6.00478e-05
5.95536e-05
5.93018e-05
5.91358e-05
5.89587e-05
5.86968e-05
5.83651e-05
5.80147e-05
5.7686e-05
5.73492e-05
5.70051e-05
5.66809e-05
5.64571e-05
5.66622e-05
5.70037e-05
5.72177e-05
5.72605e-05
5.71301e-05
5.69157e-05
5.66326e-05
5.63275e-05
5.60168e-05
5.57063e-05
5.54054e-05
5.51152e-05
5.48409e-05
5.45831e-05
5.43419e-05
5.41152e-05
5.3901e-05
5.37016e-05
5.35159e-05
5.33435e-05
5.31849e-05
5.30374e-05
5.28999e-05
5.27712e-05
5.26535e-05
5.25465e-05
5.24477e-05
5.23571e-05
5.22745e-05
5.21974e-05
5.21271e-05
5.20616e-05
5.20014e-05
5.1947e-05
5.18979e-05
5.18517e-05
5.18088e-05
5.17701e-05
5.17351e-05
5.17013e-05
5.16685e-05
5.1638e-05
5.16097e-05
5.15831e-05
5.15596e-05
5.15372e-05
5.15167e-05
5.14988e-05
5.14832e-05
5.14656e-05
5.14469e-05
5.14296e-05
5.14137e-05
5.14004e-05
5.13896e-05
5.13793e-05
5.13699e-05
5.13624e-05

