5e-05
5.02631e-05
5.04691e-05
5.06301e-05
5.08524e-05
5.14809e-05
5.23566e-05
5.32916e-05
5.41437e-05
5.48064e-05
5.52308e-05
5.54351e-05
5.5471e-05
5.53696e-05
5.51985e-05
5.50378e-05
5.4878e-05
5.47104e-05
5.45373e-05
5.43545e-05
5.41642e-05
5.39769e-05
5.3796e-05
5.36064e-05
5.34261e-05
5.32608e-05
5.311e-05
5.29716e-05
5.28411e-05
5.27208e-05
5.26123e-05
5.25151e-05
5.2428e-05
5.2348e-05
5.22727e-05
5.22051e-05
5.21452e-05
5.20922e-05
5.20448e-05
5.20004e-05
5.19609e-05
5.19261e-05
5.18956e-05
5.18666e-05
5.18391e-05
5.18149e-05
5.17937e-05
5.17722e-05
5.1752e-05
5.17344e-05
5.17193e-05
0.000116431
0.000187917
0.000203687
0.000201031
0.000192665
0.000182905
0.000173193
0.000163985
0.000155398
0.000147426
0.000140052
0.00013324
0.000126972
0.000121201
0.000115879
0.000110966
0.000106431
0.000102241
9.83716e-05
9.47959e-05
9.14845e-05
8.84233e-05
8.5595e-05
8.2979e-05
8.05601e-05
7.83663e-05
7.66385e-05
7.52754e-05
7.41251e-05
7.30725e-05
7.19953e-05
7.08681e-05
6.96738e-05
6.84751e-05
6.73096e-05
6.6201e-05
6.51536e-05
6.41619e-05
6.32315e-05
6.23637e-05
6.15519e-05
6.0796e-05
6.00939e-05
5.94407e-05
5.88363e-05
5.8278e-05
5.77625e-05
5.72837e-05
5.68409e-05
5.64319e-05
5.60734e-05
5.57569e-05
5.54956e-05
5.52709e-05
5.5056e-05
5.48367e-05
5.46197e-05
5.44275e-05
5.42695e-05
5.41252e-05
5.39899e-05
5.38603e-05
5.37337e-05
5.35997e-05
5.34945e-05
5.34117e-05
5.33313e-05
5.32464e-05
5.31565e-05
5.30899e-05
5.30475e-05
5.30091e-05
5.29686e-05
5.29239e-05
5.28749e-05
5.2822e-05
5.27663e-05
5.27087e-05
5.26451e-05
5.25809e-05
5.25185e-05
5.24541e-05
5.23876e-05
5.23248e-05
5.22699e-05
5.23995e-05
9.42273e-05
0.000258503
0.00025914
0.000243888
0.000229174
0.000215504
0.000202855
0.000191165
0.000180366
0.000170393
0.000161185
0.000152683
0.000144833
0.000137585
0.000130895
0.000124719
0.000119018
0.000113754
0.000108894
0.000104408
0.000100267
9.6444e-05
9.29146e-05
8.96566e-05
8.66489e-05
8.38721e-05
8.13089e-05
7.89427e-05
7.67581e-05
7.47415e-05
7.31832e-05
0.000190828
0.000223354
0.000224972
0.000216688
0.000205678
0.000194357
0.000183509
0.000173357
0.000163939
0.000155237
0.000147199
0.000139777
0.000132922
0.000126593
0.00012075
0.000199091
0.000248967
0.000254816
0.000246374
0.000233818
0.000220589
0.000207812
0.000195823
0.00018469
0.000174389
0.000164873
0.000156086
0.000147973
0.000140484
0.000133572
0.0001272
0.000121319
0.000115889
0.000110874
0.000106244
0.000101968
9.80204e-05
9.43753e-05
9.101e-05
8.7903e-05
8.50347e-05
8.23869e-05
7.99427e-05
7.76863e-05
7.56033e-05
7.36807e-05
7.19059e-05
7.02677e-05
6.87557e-05
6.73641e-05
6.60871e-05
6.49086e-05
6.38191e-05
6.28115e-05
6.18798e-05
6.10184e-05
6.02221e-05
5.94863e-05
0.000103533
0.000190699
0.000211329
0.000209779
0.000201262
0.00019096
0.000180612
0.000170771
0.000161587
0.000153075
0.000145206
0.000137938
0.000131227
0.000125032
0.000119314
0.000114035
0.000109162
0.000104664
0.000100512
9.66792e-05
9.31413e-05
8.98755e-05
8.6861e-05
8.40784e-05

