5e-05
5.02669e-05
5.04842e-05
5.06602e-05
5.08034e-05
5.09206e-05
5.10168e-05
5.10963e-05
5.11623e-05
5.12174e-05
5.12636e-05
5.13026e-05
5.1338e-05
5.1391e-05
5.14557e-05
5.15345e-05
5.16461e-05
5.17599e-05
5.18622e-05
5.19399e-05
5.19775e-05
5.19921e-05
5.19993e-05
5.19914e-05
5.19784e-05
5.19645e-05
5.19505e-05
5.19368e-05
0.000128166
0.000191201
0.000204231
0.000200662
0.000191999
0.000182159
0.000172443
0.000163259
0.000154708
0.000146791
0.000139476
0.000132723
0.000126489
0.000120736
0.000115427
0.000193106
0.000240374
0.00024583
0.000237766
0.000225845
0.000213302
0.00020121
0.000189866
0.000179324
0.000169554
0.000160518
0.000152169
0.000144459
0.000137337
0.00013076
0.000124685
0.000119071
0.000113881
0.000109086
0.000104659
0.000100572
9.67998e-05
9.33154e-05
9.00965e-05
8.71265e-05
8.43843e-05
8.18527e-05
7.95183e-05
7.74031e-05
7.57755e-05
7.45719e-05
7.35636e-05
7.26993e-05
7.18773e-05
7.10034e-05
7.00788e-05
6.92529e-05
6.85609e-05
6.78039e-05
6.68958e-05
6.59543e-05
6.50274e-05
6.41366e-05
6.32986e-05
6.25365e-05
6.17962e-05
6.10976e-05
6.04424e-05
5.98211e-05
5.92394e-05
5.86919e-05
5.81791e-05
5.77028e-05
5.72612e-05
5.6852e-05
5.64733e-05
5.61228e-05
5.57987e-05
5.54992e-05
5.52204e-05
5.49586e-05
5.47145e-05
5.44858e-05
5.42709e-05
5.40729e-05
5.38916e-05
5.37236e-05
5.35666e-05
5.34189e-05
5.32836e-05
5.31574e-05
5.30423e-05
5.29641e-05
5.29087e-05
5.28728e-05
5.28679e-05
5.28711e-05
5.28808e-05
5.29298e-05
5.29866e-05
5.30302e-05
5.3035e-05
5.30156e-05
5.29784e-05
5.29279e-05
5.28745e-05
5.28205e-05
5.27844e-05
5.27767e-05
5.27653e-05
5.27419e-05
5.27036e-05
5.26636e-05
5.26326e-05
9.64073e-05
0.000180497
0.000200831
0.000199832
0.000192101
0.000182614
0.000173042
0.00016392
0.000155466
0.000148104
0.00014161
0.00013581
0.000130564
0.000125841
0.000130821
0.000309425
0.000329606
0.00031034
0.000290633
0.000272265
0.000255268
0.000239564
0.000225062
0.000211673
0.000199313
0.000187905
0.000177376
0.000167657
0.000158686
0.000150408
0.000142769
0.00013572
0.000129216
0.000123215
0.00011768
0.000112573
0.000107859
0.00010351
9.94977e-05
9.57964e-05
9.23818e-05
8.92833e-05
8.67289e-05
8.45768e-05
8.25812e-05
8.06733e-05
7.88555e-05
7.71092e-05
7.54293e-05
7.38189e-05
7.22829e-05
7.08125e-05
6.94231e-05
6.81118e-05
6.68863e-05
6.57448e-05
6.46806e-05
6.36831e-05
6.27539e-05
6.1894e-05
6.10958e-05
6.03687e-05
5.97133e-05
5.91061e-05
0.000120571
0.000192861
0.000208733
0.000205854
0.000197162
0.000187059
0.000177014
0.000167491
0.000158615
0.000150392
0.000142789
0.000135768
0.000129288
0.000123303
0.000117775
0.000112673
0.000107961
0.000103609
9.95943e-05
9.58892e-05
9.24831e-05
8.95738e-05
8.7051e-05
8.47926e-05
8.27146e-05
8.07577e-05
7.88764e-05
7.70474e-05
7.52831e-05
7.36098e-05
7.20346e-05
7.05565e-05
6.91733e-05
6.78817e-05
6.66779e-05
6.55576e-05
6.45129e-05
6.35348e-05
6.26219e-05
0.00011829
0.000193684
0.000210467
0.000207787
0.000199052
0.000188836
0.000178665
0.000169017
0.000160019
0.000151685

