5e-05
5.02631e-05
5.04691e-05
5.06301e-05
5.07572e-05
5.08582e-05
5.09394e-05
5.10052e-05
5.10714e-05
5.11509e-05
5.12253e-05
5.12901e-05
5.13444e-05
5.13812e-05
5.14059e-05
5.1447e-05
5.14991e-05
5.15444e-05
5.15792e-05
5.16074e-05
0.000152447
0.000197019
0.000203845
0.000198335
0.000189176
0.000179317
0.000169734
0.000160723
0.000152349
0.000144593
0.000137424
0.000130805
0.000124696
0.00011906
0.000113856
0.000109054
0.000104622
0.000100536
9.67899e-05
9.33446e-05
9.01681e-05
8.72359e-05
8.45273e-05
8.2024e-05
7.97099e-05
7.75705e-05
7.55925e-05
7.37592e-05
7.20586e-05
7.04836e-05
6.90243e-05
6.76768e-05
6.64297e-05
6.52754e-05
6.42106e-05
6.32289e-05
6.23241e-05
6.14885e-05
6.07161e-05
5.99996e-05
5.9329e-05
5.87091e-05
5.81392e-05
7.7631e-05
0.00018042
0.000206593
0.000207077
0.000199373
0.000189458
0.000179343
0.000169675
0.000160639
0.00015226
0.000144515
0.000137362
0.00013076
0.000124666
0.000119061
0.000113906
0.000109152
0.000104765
0.000100707
9.69465e-05
9.34705e-05
9.02601e-05
8.72951e-05
8.45569e-05
8.20258e-05
7.96776e-05
7.75068e-05
7.5501e-05
7.36494e-05
7.19401e-05
7.03614e-05
6.89055e-05
6.75626e-05
6.63214e-05
6.51768e-05
6.41216e-05
6.31464e-05
6.22462e-05
6.14164e-05
6.06487e-05
5.99391e-05
5.92856e-05
5.87014e-05
5.81708e-05
5.76836e-05
5.72315e-05
5.70149e-05
0.000155682
0.000194517
0.000200057
0.000194727
0.000186142
0.000176879
0.000167797
0.000159164
0.000151085
0.000143559
0.00013657
0.000130097
0.0002207
0.000253868
0.000254254
0.000244169
0.000231254
0.000218089
0.000205503
0.000193738
0.000182827
0.000172758
0.00016355
0.000155114
0.000147332
0.000140144
0.000133548
0.000127467
0.000121815
0.000116552
0.00011167
0.000107144
0.000102953
9.93661e-05
9.68842e-05
0.00026991
0.000304814
0.000288573
0.00038021
0.000394745
0.000382147
0.000361456
0.000339216
0.000317599
0.000297269
0.000278371
0.000260881
0.00024472
0.000229796
0.00021602
0.000203309
0.000191575
0.000180745
0.000170752
0.000161526
0.000153005
0.000145136
0.000137869
0.00023764
0.000269371
0.000268427
0.000257143
0.000243141
0.000228981
0.000215484
0.000202879
0.000191192
0.000180387
0.000170406
0.00016119
0.000152683
0.000144829
0.000137579
0.000130887
0.000124709
0.000119006
0.000113742
0.000108882
0.000104397
0.000100256
9.64342e-05
9.29059e-05
8.96489e-05
0.000143204
0.000217302
0.000232304
0.000227689
0.000217365
0.000205756
0.000194299
0.000183445
0.000173315
0.000163921
0.00015523
0.000147198
0.000139778
0.000132926
0.0001266
0.000120758
0.000115365
0.000110387
0.00010579
0.000101547
9.76301e-05
9.40141e-05
9.0676e-05
8.75948e-05
8.47506e-05
8.21251e-05
7.97016e-05
7.74646e-05
7.54001e-05
7.34944e-05
7.17355e-05
7.01118e-05
6.86129e-05
6.72293e-05
6.59523e-05
6.47736e-05
6.36858e-05
6.26817e-05
6.17549e-05
6.08994e-05
6.01098e-05
5.9381e-05
5.87084e-05
5.80876e-05
5.75147e-05
0.000134542
0.000197439
0.000210029
0.000206004
0.000196897
0.000186641
0.000241024
0.000292786
0.000297058
0.000286006
0.000270634
0.000254663

