5e-05
5.02631e-05
5.04691e-05
5.06301e-05
5.07572e-05
5.08582e-05
5.09394e-05
5.10052e-05
5.10589e-05
5.11033e-05
5.11402e-05
5.11715e-05
5.12223e-05
5.13068e-05
5.13976e-05
5.14821e-05
5.15549e-05
5.16144e-05
5.16609e-05
6.32187e-05
0.00017122
0.000199833
0.000201488
0.00019448
0.000185066
0.000175358
0.000166045
0.000157323
0.000149227
0.000141723
0.000134783
0.000128375
0.000122459
0.000116999
0.00011196
0.00010731
0.000103018
0.000187403
0.000232595
0.000237812
0.00023006
0.000218757
0.000207182
0.000196181
0.000185924
0.000176438
0.000167768
0.000159716
0.000152147
0.00014499
0.000138222
0.000131821
0.000125787
0.000120161
0.000132098
0.000225229
0.000246197
0.000243073
0.000232427
0.000219924
0.000207457
0.000195631
0.000184602
0.000174383
0.000164935
0.000156205
0.00014814
0.000140694
0.000133835
0.000127523
0.000121704
0.000116337
0.000111382
0.000106804
0.000102576
9.86716e-05
9.50631e-05
9.17308e-05
8.86499e-05
8.58197e-05
8.32272e-05
8.08337e-05
7.86242e-05
7.65789e-05
7.46852e-05
7.29309e-05
7.13013e-05
6.97946e-05
6.84027e-05
6.71169e-05
6.59293e-05
6.48323e-05
6.38191e-05
6.28819e-05
6.20137e-05
6.12119e-05
6.04698e-05
5.97826e-05
5.91487e-05
5.85641e-05
5.8025e-05
5.75455e-05
9.20721e-05
0.000182706
0.000204902
0.000204242
0.00019635
0.000186553
0.000176644
0.000167197
0.000158373
0.00015019
0.000142623
0.000135627
0.000129163
0.000123195
0.000117686
0.000112601
0.000107907
0.000103574
9.95708e-05
9.58751e-05
9.25187e-05
8.98038e-05
8.76731e-05
8.59417e-05
8.45863e-05
8.38012e-05
0.00021754
0.000292786
0.000277699
0.00026042
0.000244331
0.000229451
0.000215705
0.000203011
0.000191292
0.000180471
0.000170483
0.000161262
0.000152749
0.00014489
0.000137636
0.000130939
0.000124757
0.000119052
0.000113793
0.000108938
0.000104455
0.000100315
9.64912e-05
9.2967e-05
8.97662e-05
8.68786e-05
8.42014e-05
8.17098e-05
7.93879e-05
7.7219e-05
7.51987e-05
7.33229e-05
7.1584e-05
6.99743e-05
6.84852e-05
6.71086e-05
6.58368e-05
6.46618e-05
6.35766e-05
6.25746e-05
6.165e-05
6.07963e-05
6.00082e-05
5.92806e-05
5.86091e-05
5.79893e-05
5.74171e-05
5.68892e-05
5.6402e-05
5.59523e-05
5.5537e-05
5.51537e-05
5.47998e-05
5.44732e-05
5.41717e-05
5.38935e-05
5.36368e-05
5.33999e-05
5.31816e-05
5.29802e-05
5.27946e-05
5.26234e-05
5.24657e-05
5.232e-05
5.21856e-05
5.20615e-05
5.19469e-05
5.18413e-05
5.1744e-05
5.16545e-05
5.15718e-05
5.14956e-05
5.14254e-05
5.13606e-05
5.13009e-05
5.1246e-05
5.11953e-05
5.11489e-05
5.11064e-05
5.10674e-05
5.10315e-05
5.10453e-05
5.11491e-05
5.12507e-05
5.13168e-05
5.13466e-05
5.1349e-05
5.13322e-05
5.13043e-05
5.12708e-05
5.12342e-05
5.11967e-05
5.11597e-05
5.11239e-05
5.10897e-05
5.10574e-05
5.10596e-05
0.000169429
0.000203684
0.000206849
0.000199978
0.000190266
0.00018014
0.000170395
0.000161268
0.000152803
0.000144972
0.000137736
0.000131052
0.00012488
0.000119181
0.000113918
0.000109059
0.000104573
0.000100431
9.66078e-05
9.3078e-05
8.98195e-05
8.68116e-05
8.40349e-05
8.14717e-05
7.91057e-05

