5e-05
5.02669e-05
5.04842e-05
5.06602e-05
5.08034e-05
5.09206e-05
5.10168e-05
5.10963e-05
5.11623e-05
5.12174e-05
5.12636e-05
5.13026e-05
5.13512e-05
5.1429e-05
5.14946e-05
5.15838e-05
5.16912e-05
5.17934e-05
5.18792e-05
5.19263e-05
5.19266e-05
5.19097e-05
5.18857e-05
5.18471e-05
5.18088e-05
5.17755e-05
5.17475e-05
5.17244e-05
5.1705e-05
5.16846e-05
5.16662e-05
5.16518e-05
5.16412e-05
5.16341e-05
5.16298e-05
5.16281e-05
5.16284e-05
5.16305e-05
5.16339e-05
5.16384e-05
5.16438e-05
5.16476e-05
5.16489e-05
5.16496e-05
5.16479e-05
5.16474e-05
5.16482e-05
5.16501e-05
5.1653e-05
5.16566e-05
5.16585e-05
5.81792e-05
0.00017093
0.000201347
0.000203445
0.000196449
0.000186917
0.00017706
0.000167621
0.000158798
0.000150594
0.000142996
0.000135977
0.000129499
0.00012352
0.000117997
0.000112894
0.000108183
0.000103831
9.98111e-05
9.61022e-05
9.26746e-05
8.95098e-05
8.65873e-05
8.38851e-05
8.13884e-05
7.90846e-05
7.69582e-05
7.49981e-05
7.31916e-05
7.15266e-05
6.99907e-05
6.85664e-05
6.72498e-05
6.60348e-05
6.49152e-05
6.38786e-05
6.29227e-05
6.20404e-05
6.12286e-05
6.048e-05
5.97896e-05
5.91522e-05
5.85646e-05
5.80232e-05
5.75231e-05
5.70637e-05
5.66414e-05
5.625e-05
5.5888e-05
5.55502e-05
9.91976e-05
0.000184147
0.000204423
0.000203139
0.000195136
0.000185403
0.000175609
0.000166278
0.000157558
0.000149472
0.000141992
0.000135078
0.000128687
0.000122785
0.000117354
0.000112352
0.000107724
0.000103445
9.94943e-05
9.58458e-05
9.24786e-05
8.93996e-05
8.65629e-05
8.39428e-05
8.15219e-05
7.9281e-05
7.72013e-05
7.52767e-05
7.35157e-05
7.22581e-05
7.16198e-05
0.000101581
0.000278296
0.000290221
0.000273302
0.000256406
0.000240678
0.000226116
0.000212658
0.000200228
0.000188751
0.000178157
0.000168382
0.000159374
0.00015108
0.000143446
0.000136417
0.000129917
0.000123908
0.000118353
0.000113222
0.000108473
0.000104081
0.000100024
9.62764e-05
9.28117e-05
8.96131e-05
8.666e-05
8.39337e-05
8.14173e-05
7.90959e-05
7.69562e-05
7.49826e-05
7.31573e-05
7.14731e-05
6.9938e-05
6.85307e-05
6.72345e-05
6.60395e-05
6.4938e-05
6.39183e-05
6.29693e-05
6.20897e-05
6.12751e-05
6.0521e-05
5.98238e-05
5.91742e-05
5.85724e-05
5.80186e-05
5.75045e-05
5.70253e-05
5.65803e-05
5.61714e-05
5.57944e-05
5.54496e-05
5.51554e-05
5.48961e-05
5.46618e-05
5.44454e-05
5.42406e-05
5.40412e-05
5.38522e-05
5.36775e-05
5.3513e-05
5.33605e-05
5.32194e-05
5.30871e-05
5.29654e-05
5.28538e-05
5.27492e-05
5.26519e-05
5.25598e-05
0.000100386
0.000184512
0.000204549
0.000203188
0.000195095
0.000185272
0.000175396
0.000166003
0.000157239
0.000149118
0.000141613
0.000134682
0.000128397
0.000122895
0.000117919
0.000113345
0.00010911
0.00010515
0.00010142
9.78711e-05
9.45073e-05
9.13463e-05
8.83989e-05
8.56561e-05
8.31016e-05
8.07258e-05
7.85232e-05
7.64828e-05
7.45937e-05
7.28455e-05
7.12258e-05
6.97246e-05
6.83371e-05
6.70551e-05
6.58709e-05
6.47772e-05
6.37635e-05
6.28261e-05
6.19576e-05
6.11559e-05
6.04167e-05
5.97352e-05
5.9107e-05
5.85279e-05
5.7994e-05
5.75018e-05
5.70444e-05

