5e-05
5.02631e-05
5.04691e-05
5.06301e-05
5.07572e-05
5.08582e-05
5.09394e-05
5.10052e-05
5.10589e-05
5.11033e-05
5.11402e-05
5.11713e-05
5.11977e-05
0.000149519
0.000196646
0.000204288
0.000199003
0.000189878
0.000179996
0.000170369
0.000161304
0.000152874
0.00014507
0.000137849
0.000131177
0.00012502
0.000119339
0.000114098
0.000109264
0.000104801
0.000100682
9.68809e-05
9.33747e-05
9.01382e-05
8.71514e-05
8.43968e-05
8.18566e-05
7.95141e-05
7.73538e-05
7.5359e-05
7.35187e-05
7.18847e-05
7.06926e-05
6.98183e-05
6.91206e-05
6.84914e-05
6.77995e-05
6.70306e-05
6.62184e-05
6.53795e-05
6.45331e-05
6.36735e-05
6.28108e-05
6.19724e-05
6.11834e-05
6.04495e-05
0.000159475
0.00020335
0.000209638
0.000203662
0.000194083
0.000183841
0.000173907
0.000164573
0.000155902
0.000147878
0.000140465
0.000133621
0.000127302
0.00012147
0.000116089
0.000111123
0.000106539
0.000102307
9.84002e-05
9.47924e-05
9.14627e-05
8.84074e-05
8.56038e-05
8.30212e-05
8.0637e-05
7.84286e-05
7.63827e-05
7.44919e-05
7.27425e-05
7.11196e-05
6.9797e-05
6.89008e-05
6.81396e-05
6.74046e-05
6.66836e-05
6.59465e-05
6.51854e-05
6.44017e-05
6.35998e-05
6.28146e-05
6.20574e-05
6.13341e-05
6.06481e-05
6.00009e-05
5.93926e-05
5.8819e-05
5.82805e-05
5.77793e-05
5.73115e-05
5.68746e-05
5.64776e-05
5.63432e-05
5.64215e-05
5.65612e-05
5.66892e-05
5.67531e-05
5.67342e-05
5.66375e-05
5.64793e-05
5.6278e-05
5.60496e-05
5.58058e-05
5.55746e-05
5.53551e-05
5.5133e-05
5.49103e-05
5.46893e-05
5.44758e-05
5.42742e-05
5.40847e-05
5.39072e-05
5.37309e-05
5.35631e-05
5.34084e-05
5.32664e-05
5.31362e-05
5.3017e-05
5.29053e-05
5.28001e-05
5.27027e-05
5.26382e-05
5.25929e-05
5.25626e-05
5.25907e-05
5.26294e-05
5.26553e-05
5.26704e-05
5.26671e-05
5.26508e-05
5.26345e-05
5.26372e-05
5.26332e-05
5.26059e-05
5.25659e-05
5.25238e-05
5.24758e-05
5.24269e-05
5.23882e-05
5.23537e-05
5.23211e-05
5.228e-05
5.22364e-05
5.21927e-05
5.21505e-05
5.21115e-05
5.20756e-05
5.20387e-05
5.19944e-05
5.19461e-05
5.19e-05
5.1858e-05
5.18202e-05
5.17838e-05
5.17504e-05
5.17199e-05
5.1692e-05
5.16672e-05
5.1646e-05
5.16243e-05
5.16026e-05
5.15846e-05
5.15705e-05
5.15598e-05
5.15519e-05
5.15434e-05
5.15365e-05
5.15317e-05
5.15288e-05
5.15225e-05
5.15152e-05
5.15069e-05
5.14996e-05
5.14918e-05
5.1486e-05
5.14818e-05
5.14746e-05
5.14683e-05
5.14624e-05
5.1457e-05
5.14527e-05
5.14482e-05
5.14455e-05
5.14446e-05
5.14452e-05
5.14471e-05
5.14499e-05
5.14535e-05
5.14568e-05
0.000122415
0.000189825
0.000204255
0.000201132
0.000192588
0.000182816
0.000173435
0.000164729
0.000156585
0.000148973
0.000141842
0.000135192
0.00012899
0.000123192
0.000117791
0.000112771
0.000108108
0.000103788
9.97923e-05
9.6099e-05
9.26822e-05
8.95178e-05
8.65933e-05
8.38935e-05
8.14015e-05
7.91e-05
7.69739e-05
7.501e-05
7.31965e-05
7.15237e-05
6.99793e-05
6.85528e-05
6.72374e-05
6.6038e-05
6.49482e-05
6.3948e-05
6.30233e-05
6.21652e-05
6.13655e-05
6.06168e-05
5.99233e-05
5.92828e-05
5.86911e-05
5.81415e-05
5.76333e-05
5.71645e-05

