5e-05
5.02631e-05
5.04691e-05
5.06301e-05
5.07572e-05
5.08582e-05
5.09394e-05
5.10052e-05
5.10589e-05
5.11033e-05
5.11402e-05
5.11728e-05
5.13086e-05
5.15961e-05
5.18625e-05
5.21283e-05
5.23666e-05
5.25368e-05
5.26485e-05
5.26847e-05
5.2652e-05
5.25807e-05
5.25046e-05
5.24156e-05
5.2327e-05
5.22464e-05
5.21744e-05
5.21106e-05
5.20514e-05
5.19929e-05
5.19366e-05
5.18843e-05
5.18373e-05
5.17957e-05
5.17552e-05
5.17306e-05
5.19451e-05
5.23577e-05
5.28329e-05
5.32371e-05
5.35269e-05
5.37389e-05
5.38665e-05
5.39084e-05
5.39017e-05
5.38601e-05
5.37937e-05
0.000138986
0.000193836
0.000204184
0.000199817
0.00019095
0.000181096
0.000171423
0.000162296
0.000153803
0.00014594
0.000138673
0.000131962
0.000125765
0.000120039
0.000114751
0.000109871
0.000212627
0.000241837
0.000241511
0.000231844
0.000219701
0.000207377
0.000195612
0.000184617
0.000174417
0.000164981
0.000156263
0.00014821
0.000140775
0.000133905
0.000127561
0.000121707
0.000116302
0.000111314
0.00010671
0.000102455
9.85256e-05
9.48993e-05
9.15496e-05
8.84595e-05
8.56084e-05
8.2976e-05
8.05468e-05
7.8307e-05
7.62418e-05
7.43375e-05
7.2578e-05
7.09516e-05
6.94589e-05
6.81068e-05
6.68686e-05
6.57287e-05
6.46762e-05
6.37083e-05
6.28561e-05
6.2116e-05
6.14421e-05
6.08136e-05
6.02408e-05
0.000153164
0.0001986
0.000205735
0.000200294
0.000191116
0.000181202
0.000171546
0.000162448
0.000153976
0.000146125
0.000138867
0.000132156
0.000125956
0.000120233
0.000114948
0.000110065
0.000105558
0.000101417
9.75996e-05
9.4084e-05
9.08627e-05
8.78806e-05
8.51296e-05
8.26201e-05
8.03122e-05
7.81732e-05
7.61738e-05
7.43165e-05
7.26269e-05
7.10705e-05
6.96212e-05
6.82795e-05
6.70368e-05
6.5896e-05
6.48608e-05
6.39073e-05
6.30241e-05
6.21974e-05
6.14152e-05
6.06979e-05
6.00344e-05
5.94137e-05
5.88197e-05
5.82564e-05
5.77328e-05
5.72454e-05
5.68118e-05
5.64197e-05
5.60596e-05
5.57172e-05
5.53981e-05
5.51014e-05
5.48253e-05
5.45712e-05
5.43343e-05
5.41102e-05
5.39024e-05
5.37072e-05
5.3526e-05
5.33593e-05
5.32071e-05
5.30693e-05
5.29445e-05
5.28316e-05
5.27266e-05
5.26307e-05
5.25439e-05
5.24654e-05
5.2394e-05
5.23242e-05
5.22582e-05
5.21985e-05
5.21448e-05
5.20966e-05
5.20515e-05
5.20028e-05
0.000149619
0.000197151
0.000204897
0.00019961
0.000190454
0.000180534
0.000170895
0.000161838
0.000153414
0.000145608
0.000138388
0.000131719
0.000125554
0.000119858
0.000114601
0.000109749
0.000105282
0.000101169
9.73804e-05
9.39052e-05
9.06958e-05
8.77178e-05
8.49643e-05
8.24165e-05
8.00584e-05
7.78788e-05
7.58585e-05
7.39843e-05
7.22502e-05
7.06477e-05
6.91677e-05
6.77986e-05
6.65342e-05
6.53675e-05
6.42921e-05
6.32988e-05
6.23794e-05
6.15312e-05
6.07459e-05
6.00223e-05
5.93569e-05
5.88811e-05
5.86736e-05
5.85644e-05
5.84991e-05
5.84197e-05
5.82534e-05
5.79997e-05
5.7711e-05
5.7402e-05
5.70821e-05
5.67592e-05
5.6426e-05
5.60965e-05
5.57864e-05
5.55187e-05
5.52709e-05
0.000154955
0.000198591
0.000205108
0.00019945
0.000190198
0.000180269
0.000170625
0.000161567
0.000153175
0.000145411
0.000138229

