5e-05
5.02667e-05
5.04834e-05
5.06586e-05
5.08009e-05
5.09171e-05
5.10125e-05
5.10912e-05
5.11565e-05
5.12109e-05
5.12566e-05
5.12951e-05
5.13277e-05
5.13491e-05
5.13984e-05
5.14767e-05
5.15596e-05
5.16373e-05
5.17055e-05
5.17605e-05
5.179e-05
5.18027e-05
5.18087e-05
5.18064e-05
5.17982e-05
5.17893e-05
5.17809e-05
5.17731e-05
5.39448e-05
0.000169186
0.00020123
0.000203845
0.000196985
0.000187466
0.000177584
0.000168087
0.000159194
0.000150942
0.000143311
0.000136263
0.000129764
0.000124033
0.000119077
0.000114586
0.00011045
0.000106592
0.000102927
9.94664e-05
9.61899e-05
9.30624e-05
9.00735e-05
8.7253e-05
8.46085e-05
8.21428e-05
7.98454e-05
7.77093e-05
7.57295e-05
7.3893e-05
7.21939e-05
7.06176e-05
6.91568e-05
6.78059e-05
6.65582e-05
6.54054e-05
0.000147829
0.000202928
0.000212785
0.000207787
0.000198318
0.000187906
0.000177721
0.000168124
0.0001592
0.000150941
0.000143308
0.000136283
0.000129813
0.000123865
0.000118394
0.00011334
0.000108671
0.000104348
0.000100343
9.66317e-05
9.31957e-05
9.00191e-05
8.70815e-05
8.4369e-05
8.18614e-05
7.95455e-05
7.74069e-05
7.54299e-05
7.36056e-05
7.19168e-05
7.03495e-05
6.89024e-05
6.75688e-05
6.634e-05
6.52079e-05
6.4165e-05
6.32041e-05
6.23188e-05
6.1503e-05
6.07512e-05
6.00584e-05
5.94193e-05
5.88256e-05
5.82777e-05
5.77706e-05
5.73008e-05
5.68681e-05
5.64699e-05
5.61034e-05
5.57644e-05
5.54492e-05
5.5159e-05
5.48921e-05
5.46467e-05
5.44211e-05
5.42136e-05
5.40228e-05
5.38649e-05
5.37403e-05
5.36151e-05
5.34947e-05
5.33833e-05
5.32795e-05
5.31823e-05
5.30893e-05
5.30049e-05
5.29549e-05
5.29175e-05
5.28838e-05
5.28442e-05
5.27989e-05
5.27529e-05
5.27065e-05
5.26583e-05
5.26015e-05
5.25395e-05
5.24783e-05
5.24213e-05
5.23615e-05
5.23085e-05
5.22873e-05
5.22836e-05
5.23112e-05
5.23474e-05
5.23791e-05
5.23905e-05
5.23865e-05
5.23723e-05
5.23407e-05
5.23029e-05
5.23045e-05
5.26359e-05
5.32339e-05
5.38973e-05
5.44531e-05
5.49216e-05
5.52354e-05
5.54248e-05
5.55148e-05
5.55224e-05
5.54596e-05
5.53398e-05
5.52245e-05
5.50904e-05
5.49484e-05
5.48008e-05
5.46463e-05
5.44781e-05
5.43284e-05
5.45628e-05
6.02836e-05
0.000247152
0.000278608
0.000263457
0.00024737
0.000232346
0.000218435
0.000205576
0.0001937
0.000182733
0.000172608
0.000163262
0.000154635
0.000146673
0.000139326
0.000132546
0.000126289
0.000120517
0.00011519
0.000110276
0.000105744
0.000101563
9.77075e-05
9.4151e-05
9.08677e-05
8.78372e-05
8.50644e-05
8.27474e-05
8.0771e-05
7.90091e-05
7.73354e-05
7.57062e-05
7.41138e-05
7.25676e-05
7.11011e-05
6.9706e-05
6.83951e-05
6.71688e-05
6.60242e-05
6.49565e-05
6.39571e-05
6.30263e-05
6.21884e-05
6.14256e-05
6.07222e-05
6.0069e-05
5.94553e-05
5.88841e-05
5.83534e-05
6.58647e-05
0.000176455
0.000205804
0.000207364
0.000200012
0.0001902
0.0001801
0.000170417
0.000256907
0.000286119
0.000283584
0.000271078
0.000256037
0.00024095
0.000226608
0.000213225
0.00020082
0.000189352
0.000178757
0.000168976
0.000159946
0.000151612
0.00014392
0.000136819
0.000130265
0.000124216
0.000118632

