5e-05
5.02631e-05
5.04691e-05
5.06301e-05
5.07572e-05
5.08582e-05
5.09394e-05
5.10052e-05
5.10589e-05
5.11033e-05
5.11402e-05
5.11713e-05
5.11975e-05
5.12149e-05
5.12284e-05
5.1267e-05
5.13462e-05
5.14338e-05
7.17386e-05
0.000173983
0.00020051
0.000201453
0.000194203
0.000184707
0.000174974
0.000165655
0.000156937
0.000148849
0.00014137
0.000134456
0.000128089
0.000122222
0.000116808
0.000111808
0.00010719
0.000102923
9.89835e-05
9.53462e-05
9.1988e-05
8.88874e-05
8.60247e-05
8.33815e-05
8.09368e-05
7.86754e-05
7.65881e-05
7.46617e-05
7.28815e-05
7.12366e-05
6.9716e-05
6.83132e-05
6.70181e-05
0.000125504
0.000198189
0.000213861
0.000210636
0.000201577
0.000191167
0.000180875
0.000171139
0.000162061
0.000153633
0.000145829
0.000138617
0.000197174
0.00025302
0.000260628
0.00025252
0.000239815
0.000226287
0.00021318
0.000200867
0.000285014
0.000307785
0.000302098
0.000287651
0.000271153
0.000254855
0.000239449
0.000225104
0.000211819
0.000199538
0.000188185
0.00017769
0.000167997
0.000159048
0.000150785
0.000143155
0.000136111
0.00012961
0.000123608
0.00011819
0.000113506
0.00018921
0.000232046
0.000236862
0.000229301
0.000218132
0.000206333
0.000194894
0.00018412
0.00017407
0.000164744
0.000156101
0.000148108
0.000140719
0.000133891
0.000127582
0.000121755
0.000116372
0.000111401
0.000106811
0.000102572
9.86579e-05
9.50432e-05
9.16998e-05
8.86111e-05
8.57603e-05
8.31264e-05
8.06948e-05
7.84513e-05
7.63814e-05
7.44717e-05
7.27098e-05
7.10842e-05
6.95842e-05
6.81966e-05
6.69122e-05
6.57232e-05
6.46241e-05
6.36098e-05
6.26867e-05
6.20928e-05
6.18258e-05
6.172e-05
6.16155e-05
6.1407e-05
6.11206e-05
6.07605e-05
6.0399e-05
6.00053e-05
5.95815e-05
5.91423e-05
5.86897e-05
5.82351e-05
5.77946e-05
5.74054e-05
5.71039e-05
5.68416e-05
5.66085e-05
5.63663e-05
5.61101e-05
5.58719e-05
5.56941e-05
5.55908e-05
5.55029e-05
5.53683e-05
5.52194e-05
5.50704e-05
5.49054e-05
0.000145852
0.000195921
0.000204617
0.000199688
0.000190661
0.00018078
0.000171117
0.000162012
0.000153544
0.000145706
0.000138466
0.000233325
0.000262766
0.000261453
0.000250444
0.000236917
0.000223296
0.000210347
0.000198293
0.000195851
0.000281659
0.000297741
0.000290478
0.000276156
0.000260313
0.000244811
0.0002302
0.000216602
0.000204007
0.00019236
0.000259306
0.000295568
0.00029483
0.000282347
0.000266755
0.000250959
0.000235892
0.000221813
0.000208757
0.000196682
0.000185528
0.000175229
0.000165715
0.000156932
0.000148824
0.000141335
0.000134422
0.00012804
0.000122148
0.000116709
0.00011169
0.000107055
0.000102777
9.88277e-05
9.51838e-05
9.18216e-05
8.87165e-05
8.5851e-05
8.32052e-05
8.07626e-05
7.85092e-05
7.64304e-05
7.45126e-05
7.27432e-05
7.11065e-05
6.95932e-05
6.81972e-05
6.69098e-05
6.57204e-05
6.46187e-05
6.36003e-05
6.28265e-05
6.23521e-05
6.20783e-05
6.21633e-05
6.25334e-05
6.29564e-05
6.34922e-05
6.42476e-05
0.000121934
0.00027535
0.000272162
0.000255559
0.000239858
0.000225324
0.000211895
0.000199493
0.000188042
0.00017747
0.00016771
0.0001587

