5e-05
5.02631e-05
5.04691e-05
5.06301e-05
5.07572e-05
5.08582e-05
5.09394e-05
5.10052e-05
5.10714e-05
5.11509e-05
5.12253e-05
5.12901e-05
5.13411e-05
5.13695e-05
5.13944e-05
5.14676e-05
5.15574e-05
5.16434e-05
5.17176e-05
5.17689e-05
5.17807e-05
5.17806e-05
5.17768e-05
5.17632e-05
5.17466e-05
5.17276e-05
5.17089e-05
5.1692e-05
5.16768e-05
5.16578e-05
5.16358e-05
5.16166e-05
5.16005e-05
5.15863e-05
5.15725e-05
5.15613e-05
5.15526e-05
5.15462e-05
5.15418e-05
5.15389e-05
5.15375e-05
5.15511e-05
5.15798e-05
5.16068e-05
5.16327e-05
5.1656e-05
5.16718e-05
5.17054e-05
5.17896e-05
5.18886e-05
5.19806e-05
5.20572e-05
0.00015437
0.000196056
0.000202078
0.000196441
0.000187373
0.000177666
0.000168236
0.000159368
0.000151123
0.000143487
0.000136428
0.000129909
0.000123886
0.000118319
0.000113177
0.000108432
0.000104053
0.000100012
9.62823e-05
9.28405e-05
8.96642e-05
8.67329e-05
8.40271e-05
8.15243e-05
7.92122e-05
7.70762e-05
7.51055e-05
7.32879e-05
7.16113e-05
7.00599e-05
6.86262e-05
6.73012e-05
6.60765e-05
6.49472e-05
6.3905e-05
6.29434e-05
6.20576e-05
6.12417e-05
6.04887e-05
5.97924e-05
5.91483e-05
5.85526e-05
5.80012e-05
5.74932e-05
5.70261e-05
5.65981e-05
5.62324e-05
5.59323e-05
5.56703e-05
5.54316e-05
5.5208e-05
5.49928e-05
5.47794e-05
5.45749e-05
5.438e-05
5.41946e-05
5.40186e-05
5.3852e-05
5.36945e-05
5.35462e-05
5.34054e-05
5.32695e-05
5.31422e-05
5.30238e-05
5.29138e-05
5.28117e-05
5.2717e-05
5.26293e-05
5.25482e-05
5.24731e-05
5.24036e-05
5.23394e-05
5.22801e-05
5.22252e-05
5.21746e-05
5.21278e-05
5.20846e-05
5.20418e-05
5.2001e-05
5.19636e-05
5.19294e-05
5.18984e-05
5.18676e-05
5.18379e-05
5.18111e-05
5.1787e-05
5.17601e-05
0.00012611
0.000190512
0.000203913
0.000200472
0.000192121
0.000244998
0.000388739
0.000376817
0.00035235
0.000329318
0.000307986
0.000288254
0.000270017
0.00025318
0.000237632
0.000223272
0.00021001
0.000197767
0.00018647
0.000176037
0.000166403
0.000157506
0.00014929
0.000141703
0.000134698
0.00012823
0.000122259
0.000116746
0.000111657
0.000106958
0.000102621
9.86163e-05
9.49196e-05
9.15073e-05
8.83575e-05
8.54571e-05
8.27821e-05
8.03117e-05
7.80294e-05
7.59209e-05
0.000155768
0.000215285
0.000225898
0.00022043
0.000210127
0.000198807
0.000187735
0.0001773
0.000167593
0.000158607
0.000150304
0.000142636
0.000135557
0.000129022
0.000122989
0.00011742
0.00011228
0.000107534
0.000103154
9.91099e-05
9.53773e-05
9.19319e-05
8.87514e-05
8.58155e-05
8.31053e-05
8.06038e-05
7.82949e-05
7.61638e-05
7.41968e-05
7.2381e-05
7.07049e-05
6.91576e-05
6.77293e-05
6.64111e-05
6.51944e-05
6.40713e-05
6.30346e-05
6.20778e-05
6.11948e-05
6.03798e-05
5.96276e-05
5.89335e-05
5.82928e-05
5.77016e-05
5.71561e-05
5.66603e-05
5.62071e-05
5.57882e-05
5.53999e-05
5.50397e-05
5.47056e-05
5.43959e-05
5.4109e-05
5.38434e-05
5.35978e-05
5.33761e-05
5.31786e-05
5.29964e-05
5.28324e-05
5.26876e-05
0.000121217
0.000191507
0.000206781
0.000203778
0.00019511
0.000185076
0.000175112
0.000165673
0.000156876
0.000148727
0.000141194

