5e-05
5.02631e-05
5.04691e-05
5.06301e-05
5.07572e-05
5.08582e-05
5.09394e-05
5.10052e-05
5.10589e-05
5.11033e-05
5.11402e-05
5.11713e-05
5.11979e-05
5.12189e-05
5.12352e-05
5.12497e-05
5.12631e-05
5.12756e-05
5.12874e-05
5.12987e-05
5.13067e-05
5.13141e-05
5.1318e-05
5.13167e-05
5.13143e-05
5.13134e-05
5.13146e-05
5.13177e-05
5.13198e-05
5.13227e-05
5.13273e-05
5.13332e-05
5.13403e-05
5.13483e-05
5.1354e-05
5.13566e-05
5.13603e-05
5.13652e-05
5.13712e-05
5.1378e-05
5.13855e-05
5.13934e-05
5.14016e-05
5.141e-05
5.14184e-05
5.14268e-05
5.14348e-05
5.14453e-05
5.14791e-05
5.15166e-05
5.1549e-05
5.15782e-05
5.16032e-05
5.16238e-05
5.16401e-05
5.16524e-05
5.16613e-05
5.16672e-05
5.16704e-05
7.52188e-05
0.000176739
0.000202707
0.000203319
0.000195849
0.000186191
0.000176326
0.000166895
0.000158078
0.000149901
0.000142341
0.000135359
0.000128913
0.000122963
0.000117471
0.000112401
0.000107722
0.000103402
9.94103e-05
9.57235e-05
9.23209e-05
8.91808e-05
8.62829e-05
8.36033e-05
8.11256e-05
7.88394e-05
7.67292e-05
7.47781e-05
0.00015724
0.000210435
0.000219305
0.00021365
0.000203671
0.000192821
0.000182243
0.000172284
0.000163023
0.000154472
0.000146593
0.000139353
0.00013268
0.000126512
0.000120812
0.000115543
0.000110673
0.000106171
0.000102009
9.81609e-05
9.4604e-05
9.13164e-05
8.82769e-05
8.54641e-05
8.28649e-05
8.04621e-05
7.82399e-05
7.61845e-05
7.42863e-05
7.25341e-05
7.0914e-05
6.94185e-05
6.80388e-05
6.67661e-05
6.5592e-05
6.45089e-05
6.35125e-05
6.26183e-05
6.18048e-05
6.10566e-05
6.03649e-05
5.97236e-05
5.91279e-05
5.85741e-05
5.80592e-05
5.75811e-05
5.73405e-05
5.74952e-05
5.78705e-05
5.83339e-05
5.87771e-05
5.91068e-05
5.92416e-05
5.9134e-05
5.88924e-05
5.85693e-05
5.81806e-05
5.77801e-05
5.74143e-05
5.70613e-05
5.67179e-05
5.63853e-05
5.6065e-05
5.57559e-05
5.54532e-05
5.51641e-05
5.49071e-05
5.49381e-05
5.51248e-05
5.53438e-05
5.55139e-05
5.55782e-05
5.55662e-05
5.54711e-05
5.53181e-05
5.51397e-05
5.495e-05
5.47557e-05
5.45563e-05
5.43608e-05
5.41731e-05
5.39944e-05
5.38209e-05
5.36571e-05
5.35034e-05
5.33554e-05
5.32156e-05
5.3087e-05
5.2966e-05
5.28546e-05
5.2753e-05
5.26605e-05
5.25764e-05
5.24999e-05
5.24302e-05
5.23667e-05
5.23088e-05
5.2256e-05
5.22077e-05
5.21634e-05
5.21228e-05
5.20855e-05
5.2051e-05
5.2016e-05
5.19802e-05
5.19453e-05
5.1911e-05
0.000146481
0.000196091
0.00020455
0.000199517
0.000190453
0.000180565
0.000170915
0.000161824
0.00023414
0.000276345
0.000278285
0.000267502
0.000253582
0.000239352
0.000225717
0.000212856
0.0002008
0.000189582
0.000179152
0.000169461
0.000160483
0.000152176
0.000144492
0.000137385
0.000130812
0.000124739
0.000119128
0.000113945
0.000109158
0.000104737
0.000100653
9.68795e-05
9.33955e-05
9.01793e-05
8.72074e-05
8.44593e-05
8.1923e-05
7.95826e-05
7.74232e-05
7.54307e-05
7.35923e-05
7.18959e-05
7.03291e-05
6.88807e-05
6.75421e-05
6.63055e-05
6.5165e-05
6.41115e-05
6.31378e-05
6.22384e-05
6.14072e-05
6.06407e-05
5.99314e-05
5.92775e-05
5.86749e-05
5.8117e-05

