5e-05
5.02631e-05
5.04691e-05
5.06301e-05
5.07572e-05
5.08582e-05
5.09394e-05
5.10052e-05
5.10589e-05
5.11033e-05
5.11402e-05
5.11713e-05
5.11979e-05
5.12207e-05
5.12407e-05
5.12584e-05
5.12743e-05
5.12887e-05
5.13019e-05
5.13142e-05
5.13258e-05
5.13367e-05
5.13471e-05
5.13547e-05
5.13606e-05
5.13667e-05
5.13731e-05
5.13797e-05
5.13866e-05
5.13937e-05
5.14009e-05
5.14081e-05
5.14152e-05
5.14223e-05
5.14293e-05
5.14362e-05
5.14429e-05
5.14493e-05
5.14555e-05
5.14615e-05
5.14673e-05
5.14727e-05
5.14779e-05
5.14828e-05
5.14875e-05
5.14919e-05
5.1496e-05
5.14999e-05
5.15036e-05
5.1507e-05
5.15102e-05
5.15132e-05
5.15159e-05
5.15185e-05
5.15224e-05
5.15503e-05
5.15892e-05
5.16278e-05
5.16621e-05
6.00839e-05
0.000171019
0.000200789
0.000202728
0.000195723
0.00018623
0.000176424
0.000167013
0.000158202
0.000150026
0.000142464
0.000135478
0.000129025
0.000123066
0.000117565
0.000112487
0.0001078
0.000103474
9.94803e-05
0.000185434
0.000230177
0.000235377
0.000227755
0.000216447
0.000204538
0.000193039
0.000182251
0.000172232
0.000162964
0.000154401
0.000146495
0.000139195
0.000132457
0.000126237
0.000120495
0.000115195
0.000110302
0.000105786
0.000101616
9.77677e-05
9.42148e-05
9.09351e-05
8.79047e-05
8.51059e-05
8.25225e-05
8.01382e-05
7.79376e-05
7.59066e-05
7.4032e-05
7.23019e-05
7.07051e-05
6.92313e-05
6.7871e-05
6.66154e-05
6.54565e-05
6.43868e-05
6.33995e-05
6.24881e-05
6.16468e-05
6.08703e-05
6.01508e-05
5.94852e-05
5.8871e-05
5.83046e-05
5.7782e-05
5.73001e-05
5.68556e-05
5.64456e-05
5.60674e-05
5.57184e-05
5.53966e-05
5.50996e-05
5.48256e-05
5.45734e-05
5.45198e-05
5.47923e-05
5.52226e-05
5.56845e-05
5.60839e-05
0.000116727
0.000185191
0.000200556
0.000198116
0.000190066
0.000180603
0.000171145
0.000162151
0.000153748
0.000145948
0.000151374
0.000244139
0.000264117
0.000259759
0.000247881
0.000234211
0.000220659
0.000207828
0.000195869
0.00018479
0.00017455
0.000165093
0.000156363
0.000148303
0.000140864
0.000133997
0.000127658
0.000121807
0.000116406
0.000111421
0.000106819
0.000102572
9.8651e-05
9.50318e-05
9.16909e-05
8.86069e-05
8.57601e-05
8.31321e-05
8.07062e-05
7.84667e-05
7.63994e-05
7.44909e-05
7.27291e-05
7.11026e-05
6.9601e-05
6.82114e-05
6.69276e-05
6.57428e-05
6.46494e-05
6.36404e-05
6.27093e-05
6.185e-05
6.1057e-05
6.03252e-05
5.96498e-05
5.90264e-05
5.8451e-05
5.79199e-05
5.74297e-05
5.69772e-05
5.65595e-05
5.6174e-05
5.59755e-05
5.61212e-05
5.64408e-05
5.67981e-05
5.70956e-05
5.72764e-05
5.73238e-05
5.72525e-05
5.70913e-05
5.68693e-05
5.66103e-05
5.63316e-05
5.60457e-05
5.57607e-05
5.5482e-05
5.52132e-05
5.49564e-05
5.47129e-05
5.44831e-05
5.42673e-05
5.40653e-05
5.38766e-05
5.36973e-05
5.353e-05
5.33753e-05
5.32323e-05
5.31005e-05
5.2979e-05
5.2867e-05
5.27606e-05
5.2662e-05
5.25717e-05
5.2489e-05
5.24133e-05
5.23441e-05
5.22808e-05
5.22228e-05
5.21696e-05
5.21209e-05
5.20763e-05
5.20353e-05
5.19976e-05
5.19629e-05
5.1931e-05
5.19016e-05
5.18744e-05
5.18493e-05
5.18261e-05
5.18047e-05
5.17848e-05

