5e-05
5.02631e-05
5.04691e-05
5.06301e-05
5.07572e-05
5.08582e-05
5.09394e-05
5.10052e-05
5.10589e-05
5.11033e-05
5.11437e-05
5.12034e-05
5.12661e-05
5.13388e-05
5.14302e-05
5.15165e-05
5.15904e-05
5.16502e-05
5.16962e-05
5.17208e-05
5.17153e-05
5.17017e-05
5.16851e-05
5.16649e-05
5.16456e-05
5.16284e-05
5.16134e-05
5.16004e-05
5.15894e-05
5.15802e-05
5.15727e-05
5.15665e-05
5.15616e-05
5.15529e-05
5.15412e-05
5.15305e-05
5.15221e-05
5.15158e-05
5.15103e-05
5.15045e-05
5.15005e-05
5.14966e-05
5.14921e-05
5.14892e-05
5.14879e-05
5.14879e-05
5.1489e-05
5.1491e-05
5.14939e-05
5.15183e-05
5.1558e-05
9.82822e-05
0.000182141
0.000202222
0.000201022
0.000193118
0.000183478
0.000173769
0.000164529
0.000155902
0.000147895
0.000140488
0.000133644
0.000127324
0.000121491
0.000116108
0.000111139
0.000106554
0.000102322
9.84157e-05
9.48107e-05
9.1478e-05
8.84002e-05
8.55601e-05
8.29394e-05
8.05176e-05
7.82802e-05
7.62159e-05
7.43117e-05
7.25553e-05
7.09348e-05
6.94341e-05
6.80487e-05
6.67697e-05
6.55885e-05
6.44996e-05
6.34918e-05
6.25596e-05
6.16976e-05
6.09004e-05
6.01649e-05
5.9488e-05
5.88654e-05
5.82923e-05
5.77625e-05
5.72749e-05
5.68265e-05
5.64141e-05
5.60347e-05
5.56857e-05
5.53646e-05
0.000131438
0.000193633
0.000206217
0.000202411
0.000193592
0.000183625
0.000173795
0.000164504
0.000155855
0.000147845
0.000140442
0.000133604
0.00012729
0.000121459
0.000116077
0.00011111
0.000106525
0.000102294
9.8389e-05
9.47848e-05
9.14583e-05
8.83881e-05
8.55543e-05
8.29387e-05
8.05246e-05
7.82962e-05
7.62394e-05
7.43406e-05
7.25846e-05
7.09632e-05
6.94669e-05
6.80867e-05
6.69896e-05
6.62501e-05
6.56536e-05
6.50928e-05
6.45397e-05
6.39545e-05
6.33041e-05
6.26037e-05
6.18981e-05
6.12078e-05
6.05401e-05
5.99066e-05
5.9309e-05
5.87477e-05
5.82267e-05
5.77675e-05
5.7362e-05
5.69993e-05
5.66409e-05
5.62962e-05
5.59717e-05
5.56639e-05
5.53816e-05
5.53565e-05
5.592e-05
0.000123872
0.000269093
0.000263022
0.000247088
0.000232056
0.000218133
0.000205264
0.000193378
0.000182402
0.000172268
0.000162912
0.000154274
0.0001463
0.000138939
0.000132144
0.00012587
0.000120079
0.000114733
0.000109798
0.000105242
0.000101036
9.71533e-05
9.35691e-05
9.02604e-05
8.7206e-05
8.43862e-05
8.17833e-05
7.93807e-05
7.71626e-05
7.51148e-05
7.32245e-05
7.14798e-05
6.98693e-05
6.83825e-05
6.70101e-05
6.57432e-05
6.45737e-05
6.3504e-05
6.25937e-05
6.17685e-05
6.09883e-05
6.02453e-05
5.95398e-05
5.8875e-05
5.82525e-05
0.000138886
0.000200932
0.000213095
0.000208772
0.000199423
0.000188948
0.000178642
0.00016891
0.000159851
0.000151462
0.00014371
0.00013655
0.00012994
0.000123838
0.000118205
0.000113006
0.000108242
0.000103929
9.99514e-05
9.62493e-05
9.28049e-05
8.96049e-05
8.66364e-05
8.38864e-05
8.13409e-05
7.89865e-05
7.68103e-05
7.47994e-05
7.29418e-05
7.12284e-05
6.96665e-05
6.82297e-05
6.69006e-05
6.5669e-05
6.45276e-05
6.34702e-05
6.24912e-05
6.15854e-05
6.07493e-05
5.99866e-05
5.92833e-05
5.86322e-05
5.80288e-05
5.74695e-05
5.69512e-05
5.64713e-05
5.60271e-05

