5e-05
5.02631e-05
5.04691e-05
5.06301e-05
5.07572e-05
5.08582e-05
5.09394e-05
5.10052e-05
5.10761e-05
5.1157e-05
5.12311e-05
5.12951e-05
5.13562e-05
5.14249e-05
5.15046e-05
5.16016e-05
5.16913e-05
5.17665e-05
5.18252e-05
5.18553e-05
5.18578e-05
5.18573e-05
5.18531e-05
5.18364e-05
5.18136e-05
5.17895e-05
5.17666e-05
5.17463e-05
9.28465e-05
0.000181728
0.000203407
0.000202625
0.000194751
0.00018502
0.000175186
0.000165815
0.000157066
0.000148957
0.000141457
0.000134531
0.00012814
0.000122241
0.000116799
0.000111776
0.000107158
0.000102916
9.90007e-05
9.53853e-05
9.20763e-05
8.90285e-05
8.62066e-05
8.3589e-05
8.11493e-05
7.88847e-05
7.67926e-05
7.48573e-05
7.30893e-05
7.14746e-05
7.00131e-05
6.86711e-05
6.74094e-05
6.62347e-05
6.51469e-05
6.4139e-05
6.32048e-05
6.23356e-05
6.15231e-05
0.000126833
0.000194338
0.000208599
0.000205236
0.000196442
0.000186358
0.000176372
0.000166918
0.00015811
0.000149949
0.000142402
0.000135427
0.000128987
0.000123038
0.000117541
0.000112463
0.000107775
0.000103444
9.94436e-05
9.57494e-05
9.23405e-05
8.91946e-05
8.62899e-05
8.36101e-05
8.1138e-05
9.06173e-05
0.000194684
0.000220644
0.000220321
0.00021172
0.000200924
0.000189977
0.000179533
0.00016977
0.000160717
0.000152343
0.0001446
0.000137448
0.000130842
0.000124741
0.000119109
0.000113909
0.000109108
0.000104677
0.000100588
9.68142e-05
9.33312e-05
9.01615e-05
8.72717e-05
8.46142e-05
8.21604e-05
7.98891e-05
7.77839e-05
7.58314e-05
7.40209e-05
7.23774e-05
7.09129e-05
6.95589e-05
6.82728e-05
6.70675e-05
6.59239e-05
6.48564e-05
6.38783e-05
6.32757e-05
6.30432e-05
6.30006e-05
6.28613e-05
6.25222e-05
6.20417e-05
6.153e-05
6.10504e-05
6.0527e-05
5.99581e-05
5.9386e-05
5.88411e-05
5.83263e-05
5.78501e-05
5.74523e-05
9.38401e-05
0.000264995
0.000271457
0.000255442
0.000239815
0.000225314
0.000211904
0.000199517
0.000188085
0.000177529
0.000167782
0.000158789
0.000150489
0.000142822
0.00013574
0.0001292
0.00012316
0.000117582
0.000112432
0.000107677
0.000103287
9.92336e-05
9.54912e-05
9.20366e-05
8.88474e-05
8.5903e-05
8.31848e-05
8.06755e-05
7.83625e-05
7.62995e-05
7.44125e-05
7.26549e-05
7.10119e-05
6.94773e-05
6.80477e-05
6.67191e-05
6.54866e-05
6.43449e-05
6.32885e-05
6.23119e-05
6.14093e-05
6.05754e-05
5.98053e-05
5.9094e-05
5.84372e-05
5.7831e-05
5.72718e-05
5.67556e-05
5.6279e-05
5.5839e-05
5.5433e-05
5.50585e-05
5.47132e-05
5.44024e-05
5.41178e-05
5.38541e-05
5.36089e-05
5.3381e-05
5.31693e-05
5.29728e-05
5.27905e-05
5.26217e-05
5.24657e-05
5.2322e-05
5.21891e-05
5.20668e-05
5.19621e-05
5.18678e-05
5.17794e-05
5.1696e-05
5.16173e-05
5.15432e-05
5.14738e-05
5.1409e-05
5.13488e-05
5.12929e-05
5.12408e-05
5.12251e-05
0.000169404
0.000203469
0.000206594
0.000199731
0.000190038
0.000179932
0.000170203
0.000161084
0.000152619
0.000144787
0.000137558
0.000130889
0.000124731
0.000119045
0.000113805
0.000108968
0.000104501
0.000100374
9.65613e-05
9.30388e-05
8.97852e-05
8.67803e-05
8.40056e-05
8.14435e-05
7.9078e-05
7.69018e-05
7.4898e-05

