5e-05
5.02669e-05
5.04842e-05
5.06602e-05
5.08034e-05
5.09206e-05
5.10168e-05
5.10963e-05
5.11818e-05
5.12786e-05
5.13907e-05
5.15194e-05
5.16366e-05
5.1708e-05
5.17481e-05
5.17782e-05
5.17988e-05
5.1808e-05
5.18126e-05
0.000118512
0.000188742
0.000204151
0.000201346
0.000192891
0.000183057
0.000173285
0.000164027
0.000155401
0.000147411
0.00014002
0.000133191
0.000126888
0.000121073
0.000122996
0.000224457
0.000248435
0.000246096
0.000235528
0.000222885
0.000210222
0.000198194
0.000186976
0.000176583
0.000166979
0.00015811
0.000149921
0.000142358
0.000135381
0.000128965
0.000123047
0.000117578
0.000112527
0.000107852
0.000103526
9.95246e-05
9.58326e-05
9.24258e-05
8.92808e-05
8.63798e-05
8.3704e-05
8.12294e-05
7.8944e-05
7.68337e-05
7.48879e-05
7.30941e-05
7.14372e-05
6.99013e-05
6.84804e-05
6.71665e-05
6.59525e-05
6.48347e-05
6.38061e-05
6.28589e-05
6.19816e-05
6.11672e-05
6.04175e-05
5.97265e-05
5.90869e-05
5.84965e-05
5.79543e-05
8.82894e-05
0.000182786
0.000206188
0.00020582
0.000197919
0.000188026
0.000178001
0.000168443
0.000159515
0.000151239
0.000143584
0.000136514
0.000129984
0.00012395
0.000118381
0.000113241
0.000108497
0.000104116
0.000100071
9.63392e-05
9.28958e-05
8.97157e-05
8.67817e-05
8.40836e-05
8.16208e-05
7.93525e-05
7.7254e-05
7.53142e-05
7.35232e-05
7.18688e-05
7.03402e-05
6.89275e-05
6.76203e-05
6.64071e-05
6.52858e-05
6.42498e-05
6.32886e-05
6.23997e-05
6.15791e-05
6.08218e-05
6.01217e-05
5.94719e-05
5.88692e-05
5.83105e-05
5.77928e-05
5.7316e-05
5.68955e-05
5.65204e-05
5.61642e-05
5.58332e-05
5.5525e-05
5.52411e-05
5.49766e-05
5.83772e-05
0.000170097
0.000200468
0.000202606
0.000195809
0.000186508
0.000176885
0.000266377
0.000288046
0.000283144
0.000270258
0.000365848
0.000457654
0.000434371
0.000405536
0.000451398
0.000475528
0.000461913
0.000436884
0.000409482
0.000382715
0.000357501
0.000334051
0.000312353
0.000292301
0.000273783
0.000256688
0.00024091
0.000226341
0.000212888
0.000200469
0.000189001
0.000282712
0.000304317
0.000298416
0.000284105
0.000267835
0.00025176
0.000236556
0.000222394
0.000209276
0.000197151
0.000185948
0.000175599
0.000166048
0.000157233
0.000149098
0.000141591
0.000134664
0.000128271
0.000122371
0.000116924
0.000111895
0.000107254
0.000102996
9.90756e-05
9.54551e-05
9.21065e-05
8.90099e-05
8.61456e-05
8.34968e-05
8.10455e-05
7.87765e-05
7.66819e-05
7.47489e-05
7.29649e-05
7.13136e-05
6.97798e-05
6.83619e-05
6.70535e-05
6.58477e-05
6.47367e-05
6.37131e-05
6.27689e-05
6.18969e-05
6.10919e-05
6.03487e-05
5.96666e-05
5.90531e-05
5.84899e-05
0.000100758
0.000186296
0.00020667
0.000205322
0.000197142
0.000187201
0.000177201
0.000167686
0.000158803
0.000150569
0.000142952
0.000135917
0.000129436
0.000123467
0.00021584
0.000249502
0.000250246
0.000240468
0.00022784
0.000214943
0.000202611
0.000191081
0.000180387
0.000170497
0.000161363
0.000152953
0.000145211
0.000138076
0.000131475
0.000125369
0.000119719
0.0001145
0.000109702
0.000105293
0.000101215
9.74428e-05
9.39572e-05

