5e-05
5.02631e-05
5.04691e-05
5.06301e-05
5.07572e-05
5.08582e-05
5.09394e-05
5.10052e-05
5.10589e-05
5.11153e-05
5.11865e-05
5.12588e-05
5.13546e-05
0.00015758
0.00019699
0.000202139
0.000196219
0.000187088
0.000177392
0.000167999
0.000159162
0.000150942
0.00014333
0.000136292
0.000130009
0.000124536
0.000119667
0.000115241
0.000111071
0.000106878
0.000102877
9.91062e-05
9.55809e-05
9.22961e-05
8.92411e-05
8.64037e-05
8.37715e-05
8.13317e-05
7.90721e-05
7.69804e-05
7.50452e-05
7.32554e-05
7.16007e-05
7.00714e-05
6.86582e-05
6.73526e-05
6.61467e-05
6.50296e-05
6.39965e-05
0.000105008
0.00019054
0.000210755
0.000209171
0.000200706
0.00019048
0.000180212
0.000170451
0.000161345
0.000152908
0.000145111
0.000137906
0.000131247
0.000125097
0.000119421
0.000114186
0.000109356
0.0001049
0.00010079
9.69961e-05
9.34945e-05
9.02605e-05
8.72734e-05
8.45179e-05
8.19763e-05
7.96324e-05
7.74916e-05
7.55291e-05
7.37176e-05
7.20435e-05
7.04916e-05
6.9051e-05
6.77197e-05
6.64881e-05
6.53474e-05
6.42904e-05
6.33118e-05
6.24132e-05
6.16079e-05
6.08597e-05
6.01641e-05
5.95222e-05
5.89291e-05
5.83806e-05
5.78703e-05
5.73951e-05
5.6949e-05
5.65339e-05
5.61476e-05
5.57902e-05
5.5461e-05
5.51577e-05
5.48744e-05
5.46084e-05
5.43622e-05
5.41352e-05
5.39539e-05
5.38305e-05
5.37339e-05
5.36405e-05
5.35472e-05
5.34482e-05
5.33492e-05
5.32521e-05
5.31562e-05
5.30557e-05
5.29546e-05
5.28587e-05
5.27683e-05
5.26835e-05
5.2604e-05
5.25297e-05
5.24576e-05
5.23885e-05
5.23246e-05
5.22623e-05
5.22005e-05
5.21439e-05
5.20896e-05
5.20399e-05
5.20129e-05
5.2007e-05
5.2007e-05
5.20079e-05
5.20071e-05
5.20066e-05
5.20334e-05
5.20682e-05
0.000153912
0.000196385
0.00020266
0.000197047
0.000187934
0.000178166
0.000168679
0.00015976
0.000151471
0.000143831
0.000136855
0.000234101
0.000259323
0.000256958
0.000245914
0.000232692
0.000219503
0.000206986
0.000195333
0.000184546
0.000174537
0.000165235
0.000156614
0.000148636
0.000141291
0.000134515
0.000128248
0.000122434
0.000117041
0.000112044
0.000107421
0.000103137
9.91761e-05
9.55189e-05
9.21408e-05
8.90152e-05
8.6127e-05
8.34613e-05
8.09989e-05
7.87251e-05
7.66263e-05
7.46906e-05
7.29026e-05
7.12533e-05
6.97328e-05
6.83309e-05
6.70374e-05
6.58419e-05
6.47397e-05
6.37235e-05
6.27869e-05
6.19422e-05
6.11766e-05
6.04733e-05
5.98249e-05
5.9225e-05
5.86686e-05
5.81518e-05
5.76716e-05
5.72251e-05
5.68059e-05
5.64147e-05
5.60518e-05
5.57154e-05
5.54034e-05
5.51105e-05
5.48388e-05
5.45859e-05
5.43499e-05
5.41289e-05
5.39209e-05
5.37275e-05
5.35488e-05
5.33853e-05
5.32358e-05
5.30991e-05
5.29742e-05
5.28599e-05
5.27554e-05
5.26597e-05
5.2572e-05
5.24899e-05
5.24118e-05
5.23373e-05
5.22684e-05
5.22029e-05
5.21429e-05
5.20858e-05
5.20412e-05
5.20243e-05
5.20122e-05
5.20024e-05
5.19907e-05
5.19728e-05
5.19512e-05
5.19297e-05
5.19088e-05
5.18884e-05
5.18686e-05
5.18461e-05
5.18233e-05
5.18019e-05
5.17787e-05
5.17536e-05
5.17272e-05
5.16995e-05
5.1672e-05
5.1648e-05
5.16274e-05
5.161e-05
5.15955e-05
5.15834e-05
5.15734e-05

