5e-05
5.02631e-05
5.04691e-05
5.06301e-05
5.07572e-05
5.08582e-05
5.09394e-05
5.10093e-05
5.10945e-05
5.12192e-05
5.13914e-05
5.15577e-05
5.1698e-05
5.18291e-05
5.19884e-05
5.21653e-05
5.23197e-05
5.24384e-05
5.25182e-05
0.000113862
0.000186757
0.000203173
0.000200778
0.000196604
0.000284623
0.000301231
0.000294162
0.000279985
0.000264195
0.000248587
0.000233881
0.000220203
0.000207513
0.000195729
0.000184807
0.000174693
0.000165332
0.000156671
0.000148659
0.000141252
0.000134403
0.000128074
0.000122219
0.000116808
0.000111801
0.000107186
0.000102951
9.90514e-05
9.57292e-05
9.3189e-05
9.11132e-05
8.91522e-05
8.69902e-05
8.47393e-05
8.25448e-05
8.04238e-05
7.83797e-05
7.6446e-05
7.46292e-05
7.29173e-05
7.12904e-05
6.97687e-05
6.83599e-05
6.70573e-05
6.58531e-05
6.47385e-05
6.37098e-05
6.27584e-05
6.18778e-05
6.10629e-05
6.03125e-05
5.96235e-05
5.8991e-05
5.84078e-05
5.7871e-05
5.73766e-05
5.69231e-05
5.65051e-05
5.61153e-05
5.57522e-05
5.54159e-05
5.51044e-05
5.48135e-05
5.45443e-05
5.42953e-05
5.40677e-05
5.38587e-05
5.36662e-05
5.34877e-05
5.33222e-05
5.31676e-05
5.30222e-05
5.28879e-05
5.27645e-05
5.26507e-05
5.25473e-05
5.24749e-05
5.2425e-05
5.23859e-05
5.23526e-05
5.2322e-05
5.22907e-05
5.22532e-05
5.22133e-05
5.21743e-05
5.21382e-05
5.21237e-05
5.21128e-05
5.20946e-05
5.20697e-05
5.2046e-05
5.20234e-05
5.20004e-05
5.19715e-05
5.19422e-05
5.1912e-05
5.18814e-05
5.1846e-05
5.18121e-05
5.17822e-05
5.17562e-05
5.17316e-05
5.17053e-05
5.16749e-05
5.16473e-05
5.16222e-05
5.16005e-05
5.15828e-05
5.15662e-05
5.15522e-05
5.15413e-05
5.1531e-05
5.15219e-05
5.15155e-05
5.15311e-05
0.000163163
0.000198089
0.000201833
0.000195495
0.000186273
0.000176601
0.000167276
0.000158558
0.000150465
0.000142969
0.000161879
0.000245491
0.000262087
0.000256804
0.000244826
0.000231296
0.000217948
0.000205334
0.000193597
0.000182725
0.000172667
0.000163365
0.000154774
0.000245171
0.000273455
0.000271251
0.000259464
0.000245226
0.000230928
0.000217341
0.000204668
0.000192925
0.000182072
0.000172042
0.000162778
0.000154224
0.000146325
0.000139034
0.000132313
0.000126129
0.00012042
0.000115149
0.000134211
0.00022277
0.000242289
0.000238891
0.000228368
0.000216108
0.000227576
0.000301244
0.000312062
0.000302352
0.000286615
0.000269759
0.000253399
0.000238022
0.000223733
0.00021051
0.000198288
0.000186997
0.000176575
0.000166954
0.000158074
0.000149875
0.000142307
0.00013532
0.00012887
0.000122915
0.000117419
0.000112342
0.000107654
0.000103324
9.93264e-05
9.5636e-05
9.22291e-05
8.90849e-05
8.61821e-05
8.35044e-05
8.10342e-05
7.87532e-05
7.66491e-05
7.47103e-05
7.29397e-05
7.13106e-05
6.98093e-05
6.84185e-05
6.71286e-05
6.59286e-05
6.48185e-05
6.37943e-05
6.28494e-05
6.19746e-05
6.1164e-05
6.04161e-05
5.97255e-05
5.90847e-05
5.84902e-05
5.79421e-05
5.74336e-05
5.69619e-05
5.65282e-05
5.61287e-05
5.57549e-05
5.54072e-05
5.50905e-05
5.48222e-05
5.45832e-05
5.43688e-05
5.41944e-05
5.40391e-05
5.38971e-05
5.37602e-05
5.36208e-05
5.34872e-05
5.3359e-05

