5e-05
5.02631e-05
5.04691e-05
5.06301e-05
5.07572e-05
5.08582e-05
5.09394e-05
5.10052e-05
5.10714e-05
5.11509e-05
5.12253e-05
5.12901e-05
5.13444e-05
5.13812e-05
5.14059e-05
5.1447e-05
5.14991e-05
5.15444e-05
5.15792e-05
5.16074e-05
0.000125772
0.000190423
0.000203963
0.000200582
0.000191987
0.000182165
0.000172451
0.000163261
0.000154702
0.000146769
0.000139433
0.00013266
0.000126409
0.000120641
0.000115316
0.000110401
0.000105866
0.000101684
9.78498e-05
9.4323e-05
9.10713e-05
8.80697e-05
8.52969e-05
8.27345e-05
8.03658e-05
7.8176e-05
7.61514e-05
7.42751e-05
7.25349e-05
7.09233e-05
6.94302e-05
6.80514e-05
6.67755e-05
6.55946e-05
6.45053e-05
6.3501e-05
6.25753e-05
6.17203e-05
6.09301e-05
6.01972e-05
5.95114e-05
5.88774e-05
5.82946e-05
5.77574e-05
5.7259e-05
0.00010735
0.000188569
0.00020744
0.000205553
0.000197175
0.000187159
0.00017713
0.000167605
0.000158721
0.00015049
0.000142884
0.000135859
0.000129395
0.000123445
0.000117958
0.000112893
0.000108211
0.000103873
9.98648e-05
9.61628e-05
9.2744e-05
8.95869e-05
8.6669e-05
8.39638e-05
8.14635e-05
7.91535e-05
7.70211e-05
0.000170645
0.000214618
0.00022035
0.000213652
0.000203343
0.000192409
0.000181828
0.000171891
0.00016266
0.000154121
0.000146229
0.000138941
0.000132214
0.000126023
0.000120316
0.000115051
0.000110189
0.0001059
0.000102252
9.89579e-05
9.59534e-05
9.31481e-05
9.04786e-05
8.79153e-05
8.54464e-05
8.30656e-05
8.081e-05
7.86774e-05
7.66742e-05
7.4805e-05
7.30614e-05
7.14375e-05
6.99265e-05
6.85208e-05
6.72199e-05
6.60141e-05
6.48964e-05
6.38639e-05
6.29114e-05
6.20534e-05
6.13535e-05
6.07733e-05
6.02442e-05
5.97518e-05
5.93369e-05
5.89612e-05
5.85768e-05
5.81752e-05
5.77812e-05
5.73989e-05
5.70319e-05
5.69759e-05
5.77532e-05
0.000233788
0.000307771
0.000376656
0.000383001
0.000368443
0.000433331
0.000452991
0.000438999
0.000414981
0.00038898
0.000363657
0.000415773
0.000440112
0.000428205
0.000405372
0.000380227
0.000355622
0.00033243
0.000310862
0.000356796
0.000391225
0.000385025
0.000366202
0.00034431
0.000322544
0.000301915
0.000282686
0.000264872
0.000248405
0.000233196
0.000219154
0.00020619
0.000194222
0.000183175
0.000172976
0.000163562
0.000154872
0.00014685
0.000139445
0.000132609
0.000126299
0.000120473
0.000115096
0.000110133
0.000105552
0.000101322
9.74184e-05
9.38145e-05
9.04877e-05
8.74173e-05
8.45892e-05
8.20587e-05
7.97563e-05
7.76351e-05
7.56509e-05
7.37871e-05
7.20427e-05
7.04191e-05
6.89116e-05
6.75141e-05
6.62203e-05
6.50235e-05
6.39172e-05
6.2895e-05
6.19508e-05
6.10789e-05
6.02736e-05
5.95299e-05
5.88433e-05
5.82093e-05
5.76241e-05
5.70839e-05
5.65855e-05
5.61255e-05
5.57009e-05
5.53092e-05
5.49481e-05
8.59381e-05
0.000183649
0.000207979
0.000207772
0.000199781
0.000189721
0.000179511
0.000169769
0.000160666
0.000152225
0.000144421
0.000137212
0.000130556
0.000124412
0.00011874
0.000113504
0.000108678
0.000104228
0.00010012
9.6327e-05
9.28256e-05
8.96022e-05
8.66267e-05
8.38769e-05
8.13356e-05
7.89868e-05
7.68164e-05
7.48112e-05

