5e-05
5.02631e-05
5.04691e-05
5.06301e-05
5.07572e-05
5.08582e-05
5.09394e-05
5.10052e-05
5.10589e-05
5.11033e-05
5.11402e-05
5.11713e-05
5.12069e-05
5.12467e-05
5.12914e-05
5.1392e-05
5.15224e-05
5.16887e-05
5.18372e-05
5.19485e-05
5.2007e-05
5.20368e-05
5.20386e-05
5.20022e-05
5.19553e-05
5.19091e-05
5.18658e-05
5.18272e-05
5.17923e-05
5.17578e-05
5.17265e-05
5.16998e-05
5.1677e-05
5.16511e-05
5.16273e-05
5.16077e-05
5.1592e-05
5.15798e-05
5.15696e-05
5.15595e-05
5.15493e-05
5.16039e-05
5.19187e-05
5.23508e-05
5.28232e-05
5.32633e-05
5.35867e-05
5.37978e-05
5.39897e-05
5.41398e-05
5.41942e-05
5.4152e-05
5.40512e-05
5.39289e-05
5.37946e-05
5.36599e-05
5.3528e-05
5.34006e-05
5.32788e-05
6.16193e-05
0.000173276
0.00020317
0.000205009
0.000197835
0.000188177
0.00017823
0.000168694
0.000159766
0.000151484
0.000143825
0.000136748
0.000130205
0.000124157
0.00011857
0.000113413
0.000108676
0.000104314
0.000100292
9.65768e-05
9.31432e-05
8.99723e-05
8.70364e-05
8.43161e-05
8.17977e-05
7.94707e-05
7.73235e-05
7.53425e-05
7.35135e-05
7.18233e-05
7.02612e-05
6.88161e-05
6.74793e-05
6.62437e-05
6.51022e-05
6.40488e-05
6.30745e-05
6.21756e-05
6.13482e-05
6.05867e-05
5.98857e-05
5.92358e-05
5.86325e-05
5.80711e-05
5.75545e-05
5.70801e-05
5.66446e-05
5.62449e-05
5.58794e-05
5.55676e-05
5.52941e-05
5.50402e-05
5.4805e-05
5.45866e-05
5.43787e-05
5.41852e-05
5.40331e-05
0.000162394
0.000199122
0.000203403
0.000197132
0.00018782
0.000178008
0.000168526
0.000159622
0.000151347
0.00014369
0.000136614
0.00013008
0.000124043
0.000118469
0.000113324
0.000108572
0.000104184
0.000100134
9.63947e-05
9.29567e-05
8.98023e-05
8.69159e-05
8.42687e-05
8.18305e-05
7.96001e-05
7.75447e-05
7.56773e-05
7.39554e-05
7.23409e-05
7.08375e-05
6.94289e-05
6.81083e-05
6.6906e-05
6.60602e-05
6.54078e-05
6.47598e-05
6.40818e-05
6.33943e-05
6.27052e-05
6.20021e-05
6.12796e-05
6.05688e-05
5.98969e-05
5.9272e-05
5.87085e-05
5.81866e-05
5.77e-05
5.72461e-05
5.68237e-05
5.643e-05
5.6066e-05
5.57301e-05
5.54203e-05
5.51331e-05
5.48619e-05
5.46106e-05
5.43758e-05
5.41595e-05
5.39597e-05
5.37737e-05
5.36033e-05
5.34454e-05
5.32958e-05
5.3177e-05
5.30823e-05
5.29971e-05
5.29414e-05
5.29041e-05
5.28652e-05
5.28234e-05
5.27737e-05
5.27213e-05
5.2668e-05
5.26097e-05
5.25516e-05
5.24843e-05
5.24169e-05
5.23516e-05
5.2286e-05
5.22248e-05
5.21658e-05
5.2107e-05
5.20577e-05
5.20349e-05
5.20208e-05
5.20087e-05
5.19921e-05
5.19712e-05
5.1947e-05
5.19237e-05
5.18982e-05
5.18682e-05
5.18385e-05
5.1812e-05
5.17886e-05
5.17648e-05
5.17432e-05
5.17233e-05
5.17021e-05
5.16814e-05
5.16626e-05
5.16434e-05
5.16247e-05
5.1609e-05
5.15944e-05
5.15807e-05
5.15675e-05
5.15551e-05
5.15427e-05
5.15327e-05
5.15251e-05
5.15198e-05
5.15161e-05
5.15089e-05
5.15e-05
5.14913e-05
5.14832e-05
5.14755e-05
5.14702e-05
5.14668e-05
5.14654e-05
5.1482e-05
5.15116e-05
5.15416e-05
5.1594e-05
5.16493e-05
5.16967e-05
5.1721e-05
5.17362e-05
5.17421e-05
5.17457e-05
5.17641e-05
5.17889e-05
5.18045e-05

