5e-05
5.02669e-05
5.04842e-05
5.06602e-05
5.08034e-05
5.09206e-05
5.10168e-05
5.10963e-05
5.11623e-05
5.12174e-05
5.12636e-05
5.13026e-05
5.13512e-05
5.1429e-05
5.14946e-05
5.15838e-05
5.16912e-05
5.17934e-05
0.000106759
0.000183728
0.000201752
0.000199933
0.000272599
0.000307004
0.000305046
0.000291628
0.000275252
0.000258765
0.000243075
0.000228426
0.000214849
0.000202298
0.000190709
0.000180011
0.000170137
0.000161024
0.000152614
0.000144852
0.000137688
0.000131076
0.000124974
0.00011934
0.000114137
0.000109333
0.000104897
0.000100802
9.70238e-05
9.35371e-05
9.03196e-05
8.73504e-05
8.4608e-05
8.20701e-05
7.97195e-05
7.75467e-05
7.55429e-05
7.36927e-05
7.19855e-05
7.04102e-05
6.89816e-05
6.76777e-05
6.64567e-05
6.5319e-05
6.42703e-05
6.33041e-05
6.24137e-05
6.15892e-05
6.08225e-05
6.01154e-05
0.000163201
0.000203408
0.000208517
0.000202229
0.00019263
0.000182465
0.000172627
0.000163389
0.000154808
0.00014687
0.000139538
0.00013277
0.000126525
0.000120761
0.000115433
0.000110513
0.000105972
0.000101782
9.7911e-05
9.43385e-05
9.10409e-05
8.79994e-05
8.51926e-05
8.26022e-05
8.02109e-05
7.80042e-05
7.59682e-05
7.40885e-05
7.23554e-05
7.07575e-05
6.92807e-05
6.79168e-05
6.66543e-05
6.55036e-05
6.4454e-05
6.34915e-05
6.26298e-05
6.18583e-05
6.11432e-05
6.04791e-05
5.98537e-05
5.92657e-05
5.87189e-05
5.82109e-05
5.77357e-05
5.72909e-05
5.68776e-05
5.6514e-05
5.6189e-05
5.58791e-05
5.55865e-05
5.53151e-05
5.50633e-05
5.48316e-05
7.47411e-05
0.000175792
0.000201705
0.000202414
0.000195076
0.000185541
0.000175785
0.000166468
0.00015812
0.000150899
0.000174771
0.000345861
0.000352591
0.000330877
0.000309555
0.000289741
0.000271407
0.000254467
0.000238822
0.000224378
0.000211045
0.000198741
0.000187399
0.000176951
0.000167328
0.000158462
0.000150267
0.000142693
0.000135695
0.00012923
0.000123251
0.000230553
0.00025879
0.00025731
0.000246453
0.000233159
0.000276018
0.000328163
0.000330761
0.000317485
0.000299841
0.0003176
0.000372438
0.000373643
0.000357734
0.000337241
0.000404518
0.000410441
0.000394229
0.000371808
0.000348538
0.000326167
0.00030521
0.000285756
0.000267761
0.000251131
0.000235773
0.000221596
0.000208506
0.000196417
0.000185255
0.000174953
0.000223975
0.000277916
0.000283484
0.000273554
0.000259218
0.000244208
0.000229735
0.000216153
0.000203539
0.000191869
0.000181084
0.000171125
0.00016193
0.00015344
0.000145603
0.000138369
0.00013169
0.000125523
0.000119829
0.000114571
0.00010971
0.000105219
0.000101071
9.72425e-05
9.37085e-05
9.04477e-05
8.74402e-05
8.46663e-05
8.21079e-05
7.97482e-05
7.75717e-05
7.56773e-05
7.42285e-05
7.2994e-05
7.18736e-05
7.08267e-05
6.98107e-05
6.87973e-05
6.77567e-05
6.67082e-05
6.56846e-05
6.47101e-05
6.37886e-05
6.29154e-05
6.20916e-05
6.13216e-05
6.06038e-05
5.99355e-05
5.93143e-05
5.87349e-05
5.81941e-05
5.7693e-05
5.72294e-05
5.68007e-05
5.64043e-05
5.60343e-05
5.56912e-05
5.53712e-05
5.50759e-05
5.48042e-05
5.45542e-05
5.43243e-05
5.41129e-05
5.39185e-05
5.37396e-05
5.35714e-05

