5e-05
5.02631e-05
5.04691e-05
5.06301e-05
5.07572e-05
5.08582e-05
5.09394e-05
5.10109e-05
5.10995e-05
5.12161e-05
5.13358e-05
5.14416e-05
5.15322e-05
0.000136417
0.000191666
0.000202113
0.0001979
0.00018924
0.000179585
0.000170088
0.000161119
0.000152759
0.000144996
0.000137801
0.000131154
0.000125018
0.000119356
0.000114132
0.000109307
0.000104848
0.000100729
9.69249e-05
9.34142e-05
9.01715e-05
8.71797e-05
8.44202e-05
8.18762e-05
7.9531e-05
7.73673e-05
7.53685e-05
7.35226e-05
7.18185e-05
7.02462e-05
6.88027e-05
6.74914e-05
6.62903e-05
6.51858e-05
6.41606e-05
6.32081e-05
6.47528e-05
0.000176445
0.000206908
0.000208804
0.000201482
0.000191594
0.000181387
0.000171594
0.000162426
0.000153919
0.000146049
0.000138773
0.000132053
0.000125938
0.000120559
0.000115706
0.000111191
0.000106946
0.000102955
9.92074e-05
9.57024e-05
9.24289e-05
8.93678e-05
8.65234e-05
8.38741e-05
8.14029e-05
7.91103e-05
7.69905e-05
7.50305e-05
7.32211e-05
7.15521e-05
7.00128e-05
6.85929e-05
6.72802e-05
6.60694e-05
6.49533e-05
6.39244e-05
6.29724e-05
6.20882e-05
6.12682e-05
6.05236e-05
5.98577e-05
5.92406e-05
5.86669e-05
5.8129e-05
5.76269e-05
5.7164e-05
5.6738e-05
5.63458e-05
5.59846e-05
5.56518e-05
5.5343e-05
5.50539e-05
5.47813e-05
5.45261e-05
5.42917e-05
5.4077e-05
5.38799e-05
5.37164e-05
5.35744e-05
5.34412e-05
5.33179e-05
5.32045e-05
5.30963e-05
5.30082e-05
5.29441e-05
5.28801e-05
5.28199e-05
5.27617e-05
5.26993e-05
5.2638e-05
5.25786e-05
5.25114e-05
5.24498e-05
5.24088e-05
5.23973e-05
5.23846e-05
5.23624e-05
5.23331e-05
5.23029e-05
5.22733e-05
5.22439e-05
5.22146e-05
5.21853e-05
5.21534e-05
5.21189e-05
5.20817e-05
5.20431e-05
0.000131215
0.000188873
0.000200374
0.000197086
0.000189264
0.00018036
0.000171602
0.000163248
0.000155271
0.000147673
0.000140503
0.00022082
0.000259454
0.000261368
0.000251423
0.000238186
0.000224628
0.000211899
0.000200077
0.000189053
0.000178752
0.000169144
0.000160222
0.00015198
0.000144356
0.000137301
0.000130888
0.000125381
0.000120333
0.00011564
0.000111222
0.000106985
0.000102976
9.9192e-05
9.56405e-05
9.23252e-05
8.92438e-05
8.63755e-05
8.37171e-05
8.12579e-05
7.89846e-05
7.68843e-05
7.51156e-05
7.36699e-05
7.23082e-05
7.10181e-05
6.97767e-05
6.85919e-05
6.74501e-05
6.63408e-05
6.52914e-05
6.43044e-05
6.33691e-05
6.24904e-05
6.16725e-05
6.09081e-05
6.01931e-05
5.95208e-05
5.88944e-05
5.83156e-05
5.77829e-05
5.72871e-05
5.68288e-05
5.64079e-05
5.60199e-05
5.58328e-05
5.58895e-05
5.60394e-05
5.61187e-05
5.6071e-05
5.59305e-05
5.57477e-05
5.55356e-05
5.53106e-05
5.50857e-05
5.48649e-05
5.46496e-05
5.44357e-05
5.42228e-05
5.40142e-05
5.38173e-05
5.36348e-05
5.34645e-05
5.33085e-05
5.31649e-05
5.30312e-05
5.29042e-05
5.27864e-05
5.26775e-05
5.25773e-05
5.24876e-05
5.24054e-05
5.23277e-05
5.22584e-05
5.2197e-05
5.21389e-05
5.20844e-05
5.20361e-05
5.19938e-05
5.19569e-05
5.1939e-05
5.19308e-05
5.19205e-05
5.19049e-05
5.18871e-05
5.18683e-05
5.18513e-05
5.18358e-05
5.18215e-05
5.18032e-05
5.17791e-05
5.17521e-05
5.17227e-05

