5e-05
5.02669e-05
5.04842e-05
5.06602e-05
5.09083e-05
5.16585e-05
5.3162e-05
0.000220147
0.000275599
0.000262127
0.000246234
0.000231327
0.000217556
0.000204875
0.000193159
0.000182361
0.000172388
0.000163167
0.00015464
0.000146755
0.000139452
0.000132696
0.000191669
0.000257697
0.000268271
0.000260683
0.000247713
0.00023369
0.000220042
0.0002072
0.000195263
0.000184217
0.000174012
0.000164588
0.000155889
0.000147859
0.000140449
0.000133609
0.000127297
0.000121471
0.000116095
0.000111132
0.000106552
0.000102324
9.84184e-05
9.48131e-05
9.14856e-05
8.84145e-05
8.55801e-05
8.29629e-05
8.05364e-05
7.82913e-05
7.62201e-05
7.43099e-05
7.25465e-05
7.09194e-05
6.94193e-05
6.80361e-05
6.67582e-05
6.55765e-05
6.44756e-05
6.34522e-05
6.25091e-05
6.16415e-05
6.08418e-05
6.01057e-05
5.94291e-05
5.88042e-05
5.82274e-05
5.76973e-05
5.72086e-05
5.67585e-05
5.63452e-05
5.59658e-05
5.56162e-05
5.52932e-05
5.50383e-05
5.50793e-05
5.5305e-05
5.5547e-05
5.57563e-05
5.58872e-05
9.12385e-05
0.000179823
0.000201766
0.000201267
0.000193613
0.000184054
0.000174364
0.000165116
0.000156468
0.000148434
0.000141109
0.00013465
0.000128764
0.000123309
0.000118214
0.000123326
0.000219189
0.000241745
0.000239459
0.000229348
0.000217267
0.000205154
0.00019363
0.000182861
0.000172857
0.000163598
0.000155033
0.000147114
0.00013979
0.000133022
0.00012677
0.000120996
0.000115665
0.000110737
0.000106185
0.00010198
9.80952e-05
9.4511e-05
9.12047e-05
8.81549e-05
8.53376e-05
8.27314e-05
8.03239e-05
7.80984e-05
7.60538e-05
7.41893e-05
7.24714e-05
7.08847e-05
6.94219e-05
6.80727e-05
6.68237e-05
6.5668e-05
6.4597e-05
6.36009e-05
6.26783e-05
6.18274e-05
6.106e-05
6.03697e-05
5.97517e-05
5.91921e-05
5.86724e-05
5.81888e-05
5.77392e-05
5.73475e-05
5.69906e-05
5.66514e-05
5.63269e-05
5.60047e-05
7.26224e-05
0.000176964
0.0002039
0.000204805
0.00019736
0.000285021
0.000307344
0.000301527
0.000287064
0.000270585
0.000254297
0.000238893
0.000224548
0.000211261
0.000198977
0.000187633
0.000177163
0.000167497
0.000158573
0.000150336
0.000142732
0.000135715
0.000129235
0.00012325
0.000117724
0.000112626
0.000107923
0.000103584
9.95816e-05
9.58886e-05
9.24766e-05
8.93259e-05
8.64193e-05
8.37371e-05
8.12597e-05
7.89742e-05
7.68661e-05
7.49195e-05
7.31217e-05
7.14634e-05
6.99326e-05
6.8515e-05
6.72065e-05
6.59961e-05
6.48747e-05
6.38403e-05
6.28849e-05
9.94157e-05
0.000188315
0.000209679
0.000208476
0.000200171
0.00019003
0.00017982
0.000170104
0.000161037
0.000152631
0.000144854
0.000137671
0.000131039
0.00012492
0.000119273
0.000114061
0.000109249
0.000104806
0.000100702
9.69133e-05
9.34165e-05
9.01908e-05
8.72152e-05
8.44703e-05
8.19326e-05
7.95864e-05
7.74195e-05
7.54174e-05
7.35689e-05
7.18644e-05
7.02935e-05
6.88453e-05
6.75077e-05
6.62779e-05
0.000155296
0.000200206
0.000207258
0.000202151
0.000193482
0.000184052
0.000174692
0.00016575
0.000170099
0.000256858
0.000274443
0.000268902
0.000256252
0.000241954
0.000227838
0.000214511
0.000202164
0.000190747
0.00018018

