5e-05
5.02669e-05
5.04842e-05
5.06602e-05
5.08034e-05
5.09206e-05
5.10168e-05
5.10963e-05
5.11623e-05
5.12174e-05
5.12636e-05
5.13095e-05
5.14275e-05
5.16623e-05
5.19402e-05
5.22773e-05
5.26037e-05
5.28783e-05
5.30878e-05
5.31765e-05
5.31486e-05
5.30867e-05
5.30126e-05
5.29166e-05
5.28147e-05
5.27193e-05
5.26314e-05
5.2551e-05
5.2477e-05
5.24063e-05
5.23419e-05
5.22842e-05
5.22324e-05
5.2183e-05
5.2138e-05
5.20982e-05
5.20632e-05
5.20324e-05
5.20013e-05
5.19694e-05
5.19414e-05
5.19153e-05
5.18868e-05
5.18614e-05
5.18401e-05
5.18224e-05
5.18081e-05
5.17966e-05
5.17876e-05
5.17806e-05
5.17717e-05
5.1763e-05
5.17524e-05
5.17597e-05
5.17895e-05
5.18226e-05
5.18426e-05
5.18592e-05
5.18738e-05
0.000132144
0.000191663
0.000203544
0.000199659
0.000190963
0.000181175
0.000171534
0.000162428
0.00015395
0.000146101
0.000138849
0.000132151
0.00012596
0.000120241
0.000114962
0.00011009
0.000105587
0.000101428
9.75899e-05
9.40462e-05
9.07764e-05
8.77603e-05
8.49764e-05
8.2406e-05
8.00322e-05
0.000134456
0.00020669
0.000221821
0.000218041
0.000208441
0.000197478
0.000186638
0.000176385
0.000166837
0.000157991
0.000149817
0.000142269
0.000135302
0.000128871
0.000122936
0.000117459
0.000112399
0.000107728
0.000103418
9.94387e-05
9.57626e-05
9.23698e-05
8.9235e-05
8.63353e-05
8.36579e-05
8.11882e-05
7.89103e-05
0.000149361
0.000209737
0.000220953
0.000215971
0.000206095
0.000195164
0.000184452
0.00017435
0.000164952
0.000156254
0.000148216
0.000140795
0.000133944
0.000127621
0.000121784
0.000116397
0.000111424
0.000106834
0.000102597
9.86859e-05
9.50712e-05
9.17326e-05
8.86707e-05
8.58606e-05
8.32652e-05
8.08698e-05
7.8658e-05
7.66144e-05
7.47462e-05
7.30454e-05
7.1479e-05
7.00247e-05
6.8669e-05
6.74055e-05
6.62363e-05
6.51608e-05
6.416e-05
6.32233e-05
6.25307e-05
6.22249e-05
6.20585e-05
6.19297e-05
6.17802e-05
6.15985e-05
6.13867e-05
0.000124895
0.000190132
0.000204194
0.000201147
0.000192758
0.000183109
0.000173506
0.000164369
0.000155826
0.0001479
0.000140566
0.000133785
0.000127518
0.000121728
0.000116371
0.000111414
0.000106833
0.000102603
9.8689e-05
9.50724e-05
9.17353e-05
8.86521e-05
8.58039e-05
8.31749e-05
8.0745e-05
7.84979e-05
7.6423e-05
7.45062e-05
7.27375e-05
7.11081e-05
6.96074e-05
6.82254e-05
6.69526e-05
6.57784e-05
6.46886e-05
6.36777e-05
6.27464e-05
6.18895e-05
6.11288e-05
6.08462e-05
7.43671e-05
0.000259445
0.000281698
0.000266413
0.000250168
0.000234988
0.000220918
0.000207901
0.000196019
0.000185236
0.000175268
0.000165999
0.000157379
0.000149379
0.000141962
0.000135088
0.000128724
0.000122834
0.000117384
0.000112341
0.00010768
0.000103372
9.93893e-05
9.57112e-05
9.23152e-05
8.91798e-05
8.62823e-05
8.36059e-05
8.11312e-05
7.88472e-05
7.67374e-05
7.4791e-05
7.29962e-05
7.13413e-05
6.98155e-05
6.84086e-05
6.71112e-05
6.59126e-05
6.48049e-05
6.37834e-05
6.28415e-05
6.1973e-05
6.11714e-05
6.04287e-05
0.000135592
0.000197689
0.000210034
0.000205943
0.00019734
0.000188
0.000179448
0.000339149
0.000380133
0.000357944

