5e-05
5.02631e-05
5.04691e-05
5.06301e-05
5.07572e-05
5.08582e-05
5.09394e-05
5.10052e-05
5.10714e-05
5.11509e-05
5.12253e-05
5.12901e-05
5.13411e-05
5.13695e-05
5.13944e-05
5.14676e-05
5.15574e-05
5.16434e-05
5.17176e-05
7.37911e-05
0.000175261
0.000201334
0.000202081
0.000194738
0.000185185
0.000175408
0.000166053
0.000157304
0.00014919
0.00014168
0.00013474
0.000128332
0.000122418
0.000116959
0.000111919
0.000107268
0.000102977
9.90167e-05
9.53625e-05
9.19906e-05
8.88791e-05
8.60217e-05
8.34002e-05
8.09808e-05
7.87483e-05
7.66868e-05
7.47782e-05
7.30352e-05
7.14795e-05
7.00647e-05
6.87592e-05
6.75459e-05
6.64078e-05
6.53382e-05
6.43397e-05
6.34085e-05
6.25408e-05
6.17325e-05
6.09751e-05
6.02702e-05
5.9616e-05
5.9005e-05
5.84384e-05
5.79142e-05
5.74263e-05
5.69681e-05
5.65438e-05
5.61529e-05
5.57931e-05
5.54622e-05
5.51577e-05
5.48777e-05
5.46201e-05
5.43832e-05
5.41645e-05
5.39577e-05
5.3765e-05
5.35855e-05
5.34209e-05
5.32704e-05
5.31329e-05
5.30021e-05
5.28799e-05
9.72527e-05
0.000183474
0.000204187
0.000203062
0.000195056
0.00018527
0.000175413
0.000166031
0.000157271
0.000160689
0.000253629
0.00027318
0.000268201
0.000255686
0.000241412
0.000227324
0.000214036
0.000201676
0.000190231
0.00017965
0.00016987
0.000160825
0.000152468
0.000144747
0.000137614
0.000131024
0.000124937
0.000119314
0.000114121
0.000109323
0.000104888
0.000100792
9.701e-05
9.35181e-05
9.02942e-05
8.73178e-05
8.45699e-05
8.2033e-05
7.9691e-05
7.75289e-05
7.5533e-05
7.36905e-05
7.19895e-05
7.04193e-05
6.89698e-05
6.76317e-05
6.63936e-05
6.52493e-05
6.41934e-05
6.3219e-05
6.23199e-05
6.14879e-05
6.07186e-05
6.0009e-05
7.54365e-05
0.000179977
0.000206834
0.000207473
0.000199818
0.000189938
0.000180162
0.000233331
0.000377776
0.000366611
0.000342897
0.000320581
0.000299917
0.000280804
0.000309239
0.000372055
0.000375887
0.000360743
0.000340309
0.000319217
0.000363528
0.00040209
0.000396666
0.00037751
0.000354945
0.000332431
0.000311067
0.000291144
0.000322865
0.000372815
0.000372441
0.000356091
0.00033549
0.000314577
0.000294618
0.00027597
0.000258679
0.000242698
0.000227938
0.000214309
0.000201725
0.000190107
0.00017938
0.000169477
0.000160334
0.000151894
0.000144103
0.00013691
0.00013027
0.00012414
0.000118481
0.000113258
0.000108437
0.000103987
9.98789e-05
9.60866e-05
9.25859e-05
8.93545e-05
8.63716e-05
8.36181e-05
8.10763e-05
7.87299e-05
7.65642e-05
7.45652e-05
7.27199e-05
7.10165e-05
6.94442e-05
6.7993e-05
6.66536e-05
6.54175e-05
6.42768e-05
6.32237e-05
6.22516e-05
6.13542e-05
6.05258e-05
5.97615e-05
5.9056e-05
5.84049e-05
5.78039e-05
5.72492e-05
5.67374e-05
5.62651e-05
0.000149082
0.000201463
0.000210494
0.000205299
0.000195847
0.000185524
0.000175451
0.000165963
0.000157138
0.000148967
0.000141416
0.000134441
0.000128
0.000122054
0.000116564
0.000111501
0.000106835
0.000102527
9.85552e-05
9.48951e-05
9.15139e-05
8.83884e-05
8.54996e-05
8.28301e-05
8.03634e-05
7.80847e-05
7.59799e-05
7.40361e-05
7.2241e-05
7.05835e-05
6.90532e-05

