5e-05
5.02669e-05
5.04842e-05
5.06602e-05
5.08034e-05
5.09206e-05
5.10168e-05
5.10963e-05
5.11623e-05
5.1231e-05
5.13163e-05
5.13978e-05
5.14698e-05
5.15268e-05
5.15622e-05
5.15898e-05
5.16118e-05
5.16294e-05
5.16433e-05
0.000124529
0.000189919
0.000203758
0.000200475
0.00019192
0.000182123
0.000172637
0.000163975
0.000156069
0.000148764
0.000141825
0.000135211
0.000129048
0.000123315
0.000117986
0.000113035
0.000108439
0.000104175
0.000100221
9.65578e-05
9.31649e-05
9.00239e-05
0.000181951
0.000223254
0.00022775
0.000220316
0.000209461
0.000198062
0.000187067
0.000176775
0.000167231
0.000158406
0.000150253
0.000142704
0.000135712
0.000129254
0.000123292
0.000117789
0.000112706
0.000108011
0.000103677
9.96746e-05
9.59799e-05
9.25712e-05
8.94265e-05
8.65221e-05
8.38425e-05
8.13911e-05
7.91448e-05
7.71032e-05
7.52346e-05
7.3509e-05
7.19054e-05
7.04202e-05
6.90437e-05
0.000101935
0.000189704
0.000210685
0.000209397
0.000201097
0.000191009
0.000180852
0.000171168
0.000162114
0.000153698
0.000145907
0.000138696
0.000132024
0.000125861
0.00012017
0.000114911
0.000110055
0.000105573
0.000101436
9.76121e-05
9.40744e-05
9.08091e-05
8.77965e-05
8.50174e-05
8.24536e-05
8.00885e-05
7.79068e-05
7.5894e-05
7.40335e-05
7.23109e-05
7.07215e-05
6.9256e-05
6.79034e-05
6.66525e-05
6.5499e-05
6.44358e-05
6.34557e-05
6.25524e-05
6.17197e-05
6.0952e-05
6.02414e-05
5.95822e-05
5.89914e-05
5.84663e-05
5.79881e-05
5.75468e-05
5.71319e-05
5.67465e-05
5.63886e-05
5.60559e-05
5.57508e-05
5.54851e-05
5.52466e-05
5.50277e-05
5.48196e-05
5.46113e-05
5.44151e-05
5.42315e-05
5.40581e-05
5.3893e-05
5.37676e-05
5.36628e-05
5.35619e-05
5.34673e-05
5.33761e-05
5.3275e-05
5.31709e-05
5.30717e-05
5.2975e-05
5.28832e-05
5.27983e-05
5.27382e-05
5.27089e-05
5.27228e-05
5.27443e-05
5.27557e-05
5.27534e-05
5.27398e-05
5.2715e-05
5.26748e-05
5.26326e-05
5.25896e-05
5.2542e-05
5.24896e-05
5.24336e-05
5.23733e-05
5.23145e-05
5.22584e-05
5.22075e-05
5.21587e-05
5.21149e-05
5.20734e-05
5.20349e-05
5.19984e-05
5.19631e-05
5.19318e-05
5.19053e-05
5.18796e-05
5.18551e-05
5.18283e-05
0.000132927
0.000192504
0.000204322
0.000200366
0.000191604
0.00018176
0.000172067
0.000162913
0.000154393
0.000146505
0.000139217
0.000132489
0.000126277
0.00012054
0.000115242
0.000190309
0.000239836
0.000246064
0.000238231
0.000226331
0.000213741
0.000201568
0.000190142
0.000179531
0.000169714
0.000160645
0.000152272
0.000144542
0.000137407
0.000130821
0.000124741
0.000119125
0.000202753
0.000244046
0.000247453
0.000238657
0.000226431
0.000213733
0.000201527
0.000190093
0.000179481
0.000169667
0.000160596
0.000152221
0.000144487
0.000137346
0.000130753
0.000124665
0.000119047
0.000113862
0.000109073
0.000104653
0.000100575
9.6826e-05
9.33854e-05
9.02098e-05
8.72759e-05
8.45653e-05
8.20573e-05
7.97376e-05
7.75921e-05
7.56108e-05
7.37814e-05
7.20922e-05
7.05324e-05
6.90921e-05
6.77529e-05
6.65108e-05
6.53647e-05
6.43079e-05
6.33336e-05
6.24335e-05
6.15984e-05
6.08261e-05
6.01089e-05
5.94469e-05

