5e-05
5.02631e-05
5.04691e-05
5.06301e-05
5.07572e-05
5.08582e-05
5.09394e-05
5.10052e-05
5.10709e-05
5.11502e-05
5.12246e-05
5.12913e-05
5.14058e-05
5.15718e-05
5.17134e-05
5.18378e-05
5.19547e-05
5.20892e-05
5.22057e-05
5.22834e-05
0.000133155
0.000191557
0.000203149
0.000199229
0.000190531
0.00018075
0.000171118
0.000162021
0.000153554
0.000145712
0.000138464
0.00013177
0.000125592
0.000119887
0.000114617
0.000109767
0.00010554
0.000101904
9.8695e-05
9.56904e-05
9.2766e-05
8.99699e-05
8.7291e-05
8.47553e-05
8.23693e-05
8.0131e-05
7.80369e-05
7.60822e-05
7.42611e-05
7.25884e-05
7.1085e-05
6.97578e-05
6.85234e-05
6.73331e-05
6.62196e-05
6.51886e-05
6.42649e-05
6.34132e-05
6.26165e-05
6.18552e-05
6.11023e-05
6.03828e-05
5.97109e-05
5.90854e-05
5.85063e-05
5.79688e-05
5.74729e-05
5.70135e-05
5.65889e-05
5.6193e-05
5.5826e-05
5.5487e-05
5.51752e-05
5.48898e-05
5.46644e-05
5.46911e-05
5.48889e-05
5.51503e-05
5.5345e-05
5.54659e-05
5.55161e-05
5.54734e-05
5.53584e-05
5.52042e-05
5.50331e-05
5.49076e-05
5.52719e-05
5.62504e-05
0.000173512
0.000269267
0.000256095
0.000240467
0.000225912
0.000212449
0.000200012
0.000188527
0.000177922
0.000168131
0.000159092
0.000150747
0.000143044
0.000135933
0.000129368
0.000123308
0.000117714
0.00011255
0.000107783
0.000103382
9.93197e-05
9.55695e-05
9.21075e-05
8.89114e-05
8.59609e-05
8.32373e-05
8.07234e-05
7.8403e-05
7.6261e-05
7.42839e-05
7.24584e-05
7.07731e-05
6.92172e-05
6.77808e-05
6.64551e-05
6.52315e-05
6.41061e-05
6.3073e-05
6.21191e-05
6.12369e-05
6.04233e-05
5.96787e-05
5.89905e-05
5.83526e-05
5.7761e-05
5.72127e-05
5.6705e-05
5.62355e-05
5.58098e-05
5.54284e-05
5.50791e-05
5.47744e-05
5.44932e-05
5.4226e-05
5.39726e-05
5.37455e-05
5.35444e-05
5.33526e-05
0.000150663
0.000199552
0.000221029
0.000304304
0.000318135
0.000309061
0.000293153
0.000365394
0.000379756
0.000367742
0.000347945
0.000326668
0.000305992
0.000286548
0.000268475
0.000251749
0.000252842
0.000328172
0.000338143
0.000326812
0.000309286
0.000290675
0.000272658
0.000255739
0.000240021
0.000225478
0.000212041
0.000199634
0.000188179
0.000177604
0.000167843
0.000158832
0.000150514
0.000142835
0.000135747
0.000129204
0.000123165
0.00011759
0.000112443
0.000107693
0.000103308
9.92597e-05
9.55241e-05
9.20859e-05
8.89155e-05
8.59878e-05
8.32833e-05
8.07848e-05
7.84766e-05
7.63445e-05
7.43747e-05
7.25575e-05
7.09755e-05
6.95946e-05
6.83129e-05
6.711e-05
6.59849e-05
6.4915e-05
6.3893e-05
6.29285e-05
6.20234e-05
6.11779e-05
6.03905e-05
5.96593e-05
5.89813e-05
5.83532e-05
5.77714e-05
5.72334e-05
5.67358e-05
5.62759e-05
5.58512e-05
5.54592e-05
5.50972e-05
5.4763e-05
5.44546e-05
5.417e-05
5.39073e-05
5.3665e-05
5.34415e-05
5.32354e-05
5.30454e-05
5.28702e-05
5.27086e-05
5.25596e-05
5.24219e-05
5.22951e-05
5.21781e-05
5.20701e-05
5.19704e-05
5.18783e-05
5.17934e-05
5.17154e-05
5.16437e-05
5.15778e-05
5.15172e-05
5.14615e-05
5.141e-05
5.13623e-05
5.13185e-05
5.12783e-05
5.12415e-05
5.12074e-05
5.1176e-05
5.11469e-05

