5e-05
5.02667e-05
5.04834e-05
5.06586e-05
5.08009e-05
5.09171e-05
5.10125e-05
5.10912e-05
5.11585e-05
5.12873e-05
5.15188e-05
5.18025e-05
5.20731e-05
5.22877e-05
5.24398e-05
5.25492e-05
5.26223e-05
5.26652e-05
5.26841e-05
5.26831e-05
5.26574e-05
5.26253e-05
5.25815e-05
5.2511e-05
5.24434e-05
5.26021e-05
5.3057e-05
5.36745e-05
5.42349e-05
5.46439e-05
5.49605e-05
5.51569e-05
5.52207e-05
5.51891e-05
5.5101e-05
5.49737e-05
5.48292e-05
5.46754e-05
5.45178e-05
5.43567e-05
5.41932e-05
5.40353e-05
5.38846e-05
5.37418e-05
5.36071e-05
5.34805e-05
5.33619e-05
5.32512e-05
5.3148e-05
5.3052e-05
5.29618e-05
5.28717e-05
0.000103205
0.000184439
0.000203368
0.000201752
0.000193723
0.000184101
0.000174466
0.000165297
0.00015669
0.000148684
0.000141273
0.000134424
0.000128097
0.00012225
0.000116875
0.000111921
0.000107368
0.000103189
9.93313e-05
9.57573e-05
9.24513e-05
8.93862e-05
8.65451e-05
8.39127e-05
8.15104e-05
7.93044e-05
7.72678e-05
7.53833e-05
7.36372e-05
7.20178e-05
7.05081e-05
6.91285e-05
6.78593e-05
6.66862e-05
6.55991e-05
6.45901e-05
7.30373e-05
0.000179686
0.000207398
0.000208432
0.000200891
0.000191003
0.00018087
0.0001712
0.000162165
0.000153773
0.000146005
0.00013882
0.000132171
0.000126017
0.000120321
0.00011506
0.000110211
0.000105764
0.000101668
9.78881e-05
0.000142199
0.00021627
0.000231549
0.000227363
0.000217199
0.000205645
0.00019423
0.000183433
0.000173375
0.000164051
0.000155428
0.000147476
0.000140158
0.000133402
0.000127166
0.000121407
0.000116082
0.000111156
0.000106606
0.000102403
9.85172e-05
9.49281e-05
9.16146e-05
8.85556e-05
8.57407e-05
8.31715e-05
8.08046e-05
7.86033e-05
7.65648e-05
7.46866e-05
7.29769e-05
7.14055e-05
6.99809e-05
6.86752e-05
6.74693e-05
6.63503e-05
6.53091e-05
6.43698e-05
6.35224e-05
6.27651e-05
6.2056e-05
6.13717e-05
6.07155e-05
6.00922e-05
5.95604e-05
5.90978e-05
5.86923e-05
5.83533e-05
5.80309e-05
5.76924e-05
5.73537e-05
5.69957e-05
5.66413e-05
5.6308e-05
5.6013e-05
5.57344e-05
5.54691e-05
5.52073e-05
5.49623e-05
5.47311e-05
5.45123e-05
5.43052e-05
5.41112e-05
5.3927e-05
5.37581e-05
5.36225e-05
5.353e-05
0.000141501
0.000193104
0.000202439
0.000197862
0.000189082
0.0001794
0.000169908
0.000160955
0.000152624
0.000144898
0.000137752
0.000131149
0.000125053
0.000119422
0.000114222
0.00010942
0.000104981
0.000100884
9.71034e-05
9.36109e-05
9.03851e-05
8.74043e-05
8.46536e-05
8.21165e-05
7.97757e-05
7.76141e-05
7.56204e-05
7.3782e-05
7.20863e-05
7.05164e-05
6.9065e-05
6.77227e-05
6.64805e-05
6.53356e-05
6.42809e-05
6.33087e-05
6.24058e-05
6.1573e-05
6.08064e-05
6.0101e-05
5.94519e-05
5.88644e-05
5.83854e-05
5.79742e-05
5.76036e-05
5.72602e-05
5.69364e-05
5.6628e-05
5.63241e-05
5.60301e-05
5.57429e-05
5.54661e-05
5.52025e-05
5.49518e-05
5.4715e-05
5.44955e-05
5.43183e-05
5.41717e-05
5.40377e-05
5.39054e-05
5.37796e-05
5.36568e-05
5.35347e-05
5.34188e-05
5.33107e-05
5.32329e-05
5.31715e-05
0.000112191
0.00018561
0.000202212
0.000199948
0.000191799
0.00018218
0.00017257
0.000163443

