5e-05
5.02667e-05
5.04834e-05
5.06586e-05
5.08009e-05
5.09171e-05
5.10125e-05
5.10977e-05
5.12653e-05
5.14836e-05
5.16951e-05
5.1879e-05
5.20169e-05
5.20969e-05
5.21514e-05
5.22074e-05
5.22795e-05
5.23419e-05
0.000158286
0.000196353
0.000201319
0.000195377
0.000186252
0.000176563
0.000167184
0.0001586
0.000150943
0.000144077
0.000138157
0.000175129
0.000337633
0.00033933
0.000318463
0.000298072
0.00027913
0.000261612
0.000245427
0.000230482
0.000216683
0.000203944
0.000192186
0.000181334
0.00017132
0.000162078
0.000153551
0.000145697
0.000138466
0.000131799
0.000125648
0.000119981
0.000136684
0.000230298
0.000251138
0.000247762
0.000236824
0.000224029
0.000211283
0.000199195
0.000187921
0.000177471
0.000167789
0.000158835
0.000184458
0.000262578
0.000276734
0.000269868
0.000256666
0.000242118
0.000227878
0.000214455
0.000279718
0.000315496
0.000313528
0.00029968
0.000282761
0.000265718
0.000249494
0.000234351
0.000220316
0.000207341
0.000195356
0.000184288
0.000174068
0.000164633
0.000155924
0.000147888
0.000140468
0.000133621
0.000127295
0.000121457
0.000116069
0.00017
0.000233936
0.000245043
0.000238754
0.000227497
0.000215452
0.00020378
0.000192749
0.00018243
0.000172742
0.00016371
0.000155309
0.000147495
0.000140248
0.000133533
0.000127314
0.000121549
0.000116216
0.000111284
0.000106725
0.000102512
9.86197e-05
9.50511e-05
9.17619e-05
8.87244e-05
8.59065e-05
8.32902e-05
8.08679e-05
7.8628e-05
7.6556e-05
7.46428e-05
7.28734e-05
7.12345e-05
6.97155e-05
6.83129e-05
6.70196e-05
6.5827e-05
6.47241e-05
6.37045e-05
6.27648e-05
6.18993e-05
6.111e-05
6.04083e-05
5.97694e-05
5.91773e-05
5.8647e-05
5.81641e-05
5.77335e-05
5.74423e-05
5.72691e-05
5.71452e-05
5.69832e-05
5.67983e-05
5.66355e-05
5.65314e-05
5.63369e-05
5.61182e-05
5.58886e-05
5.56414e-05
5.53764e-05
5.51114e-05
5.48587e-05
5.46108e-05
5.43752e-05
5.4153e-05
5.39453e-05
5.37531e-05
0.000117942
0.000185685
0.000200508
0.000198038
0.00019017
0.000180835
0.000171482
0.000162595
0.000154331
0.00014666
0.000139539
0.000213224
0.000256366
0.000259853
0.000250508
0.00023754
0.000224071
0.000211118
0.000198978
0.0001877
0.000268199
0.000295672
0.000292128
0.000278902
0.000263259
0.000247632
0.000232787
0.000218938
0.000206103
0.00019424
0.000237318
0.000291667
0.000296848
0.000286129
0.000270892
0.000254989
0.000239874
0.000226159
0.00021368
0.000202181
0.00019132
0.000181116
0.000171572
0.000162683
0.000154392
0.000146683
0.000139527
0.00013287
0.000126685
0.000120958
0.000115661
0.000110762
0.000106236
0.000102091
9.85939e-05
9.55589e-05
9.28543e-05
9.03197e-05
8.79157e-05
8.56743e-05
8.35352e-05
8.14784e-05
7.94764e-05
7.75641e-05
7.57505e-05
7.40255e-05
7.23939e-05
7.08676e-05
6.94457e-05
6.81176e-05
6.68761e-05
6.57189e-05
6.46439e-05
6.36488e-05
6.27305e-05
6.18839e-05
6.10998e-05
6.03759e-05
5.97092e-05
5.90956e-05
5.85282e-05
5.80025e-05
5.75108e-05
5.70571e-05
5.6652e-05
5.62997e-05
5.59835e-05
5.57002e-05
5.54893e-05
5.53406e-05
5.5198e-05
5.50544e-05

