5e-05
5.02669e-05
5.04842e-05
5.06602e-05
5.08034e-05
5.09206e-05
5.10168e-05
5.10963e-05
5.11818e-05
5.12786e-05
5.13907e-05
5.15194e-05
5.16366e-05
5.1708e-05
5.17481e-05
5.17782e-05
5.17988e-05
5.1808e-05
5.18126e-05
5.18076e-05
5.17799e-05
5.17477e-05
5.17153e-05
5.16762e-05
5.16366e-05
5.16024e-05
5.15746e-05
5.15508e-05
5.1531e-05
5.15059e-05
5.14806e-05
5.14594e-05
5.14431e-05
5.14302e-05
5.14163e-05
5.14033e-05
5.13946e-05
5.13907e-05
5.139e-05
5.13909e-05
5.1395e-05
5.14021e-05
5.14117e-05
5.14234e-05
5.14366e-05
5.14479e-05
5.1456e-05
5.14679e-05
5.15031e-05
5.1541e-05
5.15696e-05
5.15932e-05
0.000143351
0.000194787
0.000203929
0.000199144
0.000190179
0.000180339
0.00017072
0.000161657
0.000153222
0.000145413
0.000138196
0.000131534
0.000125386
0.000119709
0.000194092
0.000243414
0.000249411
0.000241331
0.000229186
0.000216366
0.00020398
0.000192352
0.000181549
0.000171556
0.000162324
0.000153798
0.000145926
0.000138662
0.00013196
0.000125772
0.000120058
0.000114783
0.000109916
0.000105426
0.000101283
9.74619e-05
9.39364e-05
9.06826e-05
8.76773e-05
8.49035e-05
8.23407e-05
7.99694e-05
7.77811e-05
7.57632e-05
7.39004e-05
7.21791e-05
7.05897e-05
6.91245e-05
6.77735e-05
6.65249e-05
6.53738e-05
6.43217e-05
6.33782e-05
6.25124e-05
6.17087e-05
6.09641e-05
6.02764e-05
5.96404e-05
5.9052e-05
5.85071e-05
5.80011e-05
5.75275e-05
5.70888e-05
5.66831e-05
5.63036e-05
5.59517e-05
5.56269e-05
5.53273e-05
5.50496e-05
5.47897e-05
5.4547e-05
5.43206e-05
5.41096e-05
5.3916e-05
5.3757e-05
5.36231e-05
5.34897e-05
5.33643e-05
5.3246e-05
5.31373e-05
5.30345e-05
5.29515e-05
5.29139e-05
5.29079e-05
5.29833e-05
5.30901e-05
5.31762e-05
5.32586e-05
5.33585e-05
0.000142699
0.000192492
0.000201064
0.000305597
0.000403437
0.000384889
0.000360066
0.000336543
0.000314666
0.000294423
0.000275721
0.000258465
0.000349003
0.000367045
0.000356854
0.000338204
0.000317818
0.000297907
0.000279153
0.000261715
0.000245569
0.000230647
0.000216864
0.000204137
0.000192388
0.000181563
0.000171582
0.000162363
0.000153848
0.000145984
0.000138722
0.000132017
0.000125824
0.000120108
0.000218596
0.000250675
0.000250806
0.000240789
0.000228057
0.000215108
0.000202744
0.000191191
0.000180479
0.000170574
0.000161423
0.000152975
0.000145202
0.000138037
0.000131421
0.000125307
0.000119658
0.000114437
0.000109613
0.000105154
0.000101032
9.7226e-05
9.37135e-05
9.04714e-05
8.74741e-05
8.46979e-05
8.2133e-05
7.97658e-05
7.75826e-05
7.55694e-05
7.3713e-05
7.19999e-05
7.04182e-05
6.89581e-05
6.76101e-05
6.63698e-05
6.52408e-05
6.42019e-05
6.32424e-05
6.23472e-05
6.15205e-05
6.07576e-05
6.00508e-05
5.93957e-05
5.87901e-05
5.82301e-05
5.77119e-05
5.72321e-05
5.67855e-05
5.6373e-05
5.60068e-05
5.56838e-05
5.53869e-05
5.51079e-05
5.48432e-05
5.45964e-05
5.43687e-05
5.41588e-05
5.39651e-05
5.37862e-05
5.3621e-05
5.34684e-05
5.33289e-05
5.32239e-05
5.3149e-05
5.3092e-05
5.30244e-05
5.29504e-05
5.28677e-05
5.27886e-05
5.27357e-05
5.27059e-05
5.26716e-05
5.26314e-05
5.2591e-05

