5e-05
5.02631e-05
5.04691e-05
5.06301e-05
5.07572e-05
5.08582e-05
5.09394e-05
5.10052e-05
5.10589e-05
5.11033e-05
5.11402e-05
5.11713e-05
5.11977e-05
5.12132e-05
5.12233e-05
5.12328e-05
5.12421e-05
5.12517e-05
5.12614e-05
5.12679e-05
5.12689e-05
5.12683e-05
8.99646e-05
0.00018157
0.000204109
0.000203543
0.000195673
0.000185886
0.000175987
0.000166551
0.000157738
0.000149569
0.000142018
0.000135044
0.000128605
0.000122664
0.000117182
0.000112123
0.000107456
0.000103147
9.91701e-05
9.55639e-05
9.25513e-05
8.99964e-05
8.77473e-05
8.5686e-05
8.36722e-05
8.16829e-05
7.97441e-05
7.78653e-05
7.6059e-05
7.43133e-05
7.26326e-05
7.1039e-05
6.9553e-05
6.81756e-05
6.68989e-05
6.57136e-05
6.46165e-05
6.35993e-05
6.26561e-05
6.17844e-05
6.09817e-05
6.0243e-05
5.95634e-05
5.89361e-05
5.83577e-05
5.78254e-05
5.73333e-05
5.68808e-05
5.6465e-05
5.60831e-05
5.57314e-05
5.54053e-05
5.51047e-05
5.48256e-05
5.45686e-05
5.43499e-05
5.41647e-05
5.39993e-05
5.38464e-05
5.36978e-05
5.35533e-05
5.34177e-05
5.32886e-05
5.31613e-05
5.32194e-05
0.000108983
0.00018085
0.000197546
0.000195822
0.000188268
0.000179179
0.000170004
0.000161212
0.000152967
0.000145294
0.000138177
0.000131585
0.000125484
0.000119841
0.00011462
0.000109792
0.00010533
0.000101206
9.73947e-05
9.38824e-05
9.08722e-05
8.82958e-05
8.59849e-05
8.38506e-05
8.18263e-05
7.98797e-05
7.80035e-05
7.62026e-05
7.44849e-05
7.28567e-05
7.13207e-05
6.98966e-05
6.8576e-05
6.73374e-05
6.61764e-05
6.50893e-05
6.40762e-05
6.31364e-05
6.22656e-05
6.14591e-05
6.07022e-05
5.99984e-05
5.9349e-05
5.87502e-05
5.81984e-05
5.769e-05
5.7219e-05
5.67821e-05
5.63786e-05
5.60315e-05
5.57253e-05
5.54542e-05
5.526e-05
5.50934e-05
5.49299e-05
5.47701e-05
5.46054e-05
5.44401e-05
5.42861e-05
5.41619e-05
5.40407e-05
5.39052e-05
5.37652e-05
5.36309e-05
5.34979e-05
5.33704e-05
5.32591e-05
5.31576e-05
5.30632e-05
5.29651e-05
5.28688e-05
5.27765e-05
5.26894e-05
5.2609e-05
5.25348e-05
5.24626e-05
5.23857e-05
5.23073e-05
5.22335e-05
5.21658e-05
5.21044e-05
5.20461e-05
5.19925e-05
5.19434e-05
5.18983e-05
5.18577e-05
5.18218e-05
5.17866e-05
5.17524e-05
5.17229e-05
5.16982e-05
5.16777e-05
5.16607e-05
5.16438e-05
5.16292e-05
5.16173e-05
5.16079e-05
5.15955e-05
9.61371e-05
0.000182588
0.00020343
0.000202386
0.000194441
0.000184705
0.000174889
0.000165544
0.000156819
0.000148731
0.000222783
0.000266376
0.000269375
0.000259335
0.000245662
0.000231527
0.000217958
0.000205254
0.000261577
0.000305288
0.000306393
0.000293884
0.000277682
0.000261124
0.000245363
0.000230935
0.000217726
0.00020548
0.000194098
0.000183495
0.000173641
0.000164483
0.000155956
0.000148035
0.00014069
0.00013388
0.000127579
0.000121754
0.000116372
0.000111397
0.000106794
0.000102541
9.8615e-05
9.49912e-05
9.16449e-05
8.85542e-05
8.57001e-05
8.30647e-05
8.06331e-05
7.83884e-05
7.63154e-05
7.44032e-05
7.26529e-05
7.10544e-05
6.95848e-05
6.82267e-05
6.69686e-05
6.57996e-05
6.471e-05
6.37018e-05
6.27707e-05
6.19109e-05
6.11137e-05
6.03771e-05
5.96973e-05

