5e-05
5.02631e-05
5.04691e-05
5.06301e-05
5.07572e-05
5.08582e-05
5.09394e-05
5.10052e-05
5.10686e-05
5.11471e-05
5.12216e-05
5.12868e-05
5.13417e-05
5.13866e-05
5.14228e-05
5.14513e-05
5.14736e-05
5.14907e-05
5.15036e-05
0.000148619
0.00019624
0.000204073
0.000198871
0.00018978
0.000179908
0.000170287
0.000161233
0.000152816
0.000145027
0.000137827
0.000131192
0.000125087
0.000119457
0.000114257
0.000109457
0.000105025
0.000100933
9.71531e-05
9.36623e-05
9.04382e-05
8.74565e-05
8.47017e-05
8.2158e-05
7.99103e-05
7.81867e-05
7.68292e-05
7.56898e-05
7.46516e-05
7.36246e-05
7.25544e-05
7.14281e-05
7.02621e-05
6.90618e-05
6.78718e-05
6.67074e-05
6.55993e-05
6.456e-05
6.35893e-05
6.26852e-05
6.18448e-05
6.1056e-05
6.03141e-05
5.96278e-05
5.8995e-05
5.84121e-05
5.78754e-05
5.73815e-05
5.69271e-05
5.65082e-05
5.61196e-05
5.57588e-05
5.54238e-05
5.51131e-05
5.4824e-05
5.45561e-05
5.43094e-05
5.40842e-05
5.38788e-05
5.36915e-05
5.35208e-05
5.33651e-05
0.000161974
0.000200328
0.000205004
0.000198745
0.000189329
0.000179387
0.000169781
0.000160765
0.000166193
0.00025702
0.000275624
0.000270225
0.000257477
0.00024304
0.000228794
0.000215327
0.000202788
0.000191176
0.000180446
0.000170536
0.000161384
0.000152936
0.000145138
0.000137941
0.000131297
0.000125161
0.000119496
0.000114265
0.000109437
0.000104981
0.000100869
9.70873e-05
9.38633e-05
9.11707e-05
8.88302e-05
8.67045e-05
0.000183312
0.00021663
0.000219206
0.000211769
0.000201462
0.000190722
0.000180362
0.000170625
0.000161557
0.000153154
0.000145379
0.000138192
0.000131551
0.000125415
0.000119747
0.000114512
0.000109678
0.000105209
0.000101079
9.72665e-05
9.37474e-05
9.04995e-05
8.75019e-05
8.47355e-05
8.21824e-05
7.98262e-05
7.76489e-05
7.56381e-05
7.37791e-05
7.20587e-05
7.04675e-05
0.000122473
0.000198677
0.000215436
0.000212478
0.000203414
0.000192869
0.000182385
0.000224508
0.000284204
0.000291415
0.000362067
0.000376166
0.000364254
0.00034469
0.000323685
0.000309905
0.000378087
0.000383616
0.000368615
0.000347855
0.000326312
0.000305608
0.000286216
0.000268216
0.000251567
0.000236187
0.000221988
0.000208879
0.000196779
0.000185608
0.000175292
0.000200572
0.000270899
0.000282164
0.000274104
0.000260316
0.000245402
0.000230884
0.000217224
0.000204526
0.000192775
0.000181918
0.000171893
0.000162635
0.000154088
0.000146197
0.000138911
0.000132183
0.000125969
0.000120232
0.000114937
0.000110051
0.000105541
0.000101377
9.75329e-05
9.39839e-05
9.07068e-05
0.000120135
0.000206924
0.000226406
0.00022365
0.000214379
0.000203545
0.000192729
0.000182393
0.000172686
0.000163614
0.00015518
0.000147352
0.000140085
0.000133351
0.000127118
0.000121353
0.00011602
0.000111091
0.000106534
0.000102319
9.84222e-05
9.482e-05
9.14935e-05
8.84222e-05
8.55859e-05
8.29645e-05
8.05445e-05
7.83111e-05
7.625e-05
7.4348e-05
7.25928e-05
7.09731e-05
6.94785e-05
6.80992e-05
6.68263e-05
6.56498e-05
6.45618e-05
6.35568e-05
6.26268e-05
6.17669e-05
6.09724e-05
6.024e-05
5.96824e-05
5.94884e-05
5.94297e-05

