5e-05
5.02669e-05
5.04842e-05
5.06602e-05
5.08034e-05
5.09206e-05
5.10168e-05
5.10963e-05
5.11623e-05
5.12174e-05
5.12636e-05
5.13026e-05
5.13352e-05
5.13523e-05
5.13572e-05
5.13613e-05
5.13662e-05
5.1372e-05
5.13789e-05
5.13866e-05
5.13921e-05
5.13983e-05
5.14057e-05
5.14141e-05
5.14213e-05
5.14276e-05
5.14349e-05
5.14417e-05
5.14465e-05
5.14472e-05
5.14472e-05
5.14493e-05
5.14532e-05
5.14589e-05
5.14661e-05
5.14743e-05
5.14988e-05
5.15778e-05
5.16781e-05
5.17779e-05
5.18681e-05
5.19447e-05
5.20066e-05
5.20466e-05
5.20719e-05
5.21059e-05
5.21619e-05
5.22154e-05
5.22791e-05
5.23675e-05
5.24491e-05
5.25138e-05
0.000166009
0.00019911
0.000202233
0.00019566
0.000186332
0.000176589
0.000167201
0.000158399
0.000150227
0.000142666
0.000135677
0.000129222
0.000123263
0.000117762
0.000112684
0.000107996
0.000103665
9.96677e-05
9.59784e-05
9.26137e-05
8.98601e-05
8.76636e-05
8.59273e-05
8.48067e-05
0.000232306
0.000305316
0.000291636
0.000273695
0.000256738
0.000240996
0.000226429
0.000212967
0.000200531
0.000189047
0.00017845
0.000168686
0.000159676
0.000151358
0.000143679
0.000136591
0.000130048
0.000124009
0.000118435
0.00011329
0.00010854
0.000104157
0.000100111
9.63758e-05
9.29432e-05
8.97962e-05
8.68951e-05
8.42058e-05
8.17202e-05
7.94239e-05
7.72999e-05
7.53333e-05
7.35159e-05
7.18368e-05
7.02856e-05
6.88525e-05
6.75286e-05
6.63056e-05
6.51734e-05
6.41256e-05
6.3158e-05
6.22647e-05
6.14401e-05
6.06781e-05
5.99717e-05
5.93196e-05
5.8718e-05
5.81631e-05
5.76512e-05
5.71791e-05
5.67436e-05
5.63419e-05
5.59713e-05
5.56293e-05
5.53139e-05
5.50228e-05
5.47542e-05
5.45063e-05
5.42776e-05
5.40665e-05
5.38716e-05
5.37006e-05
5.35655e-05
5.34401e-05
5.33203e-05
5.32087e-05
5.31038e-05
5.30047e-05
5.29108e-05
5.28218e-05
5.27374e-05
5.26575e-05
5.25821e-05
5.25127e-05
5.24686e-05
5.24365e-05
5.24085e-05
5.2381e-05
5.23471e-05
5.23103e-05
5.22725e-05
5.22301e-05
5.21846e-05
5.21529e-05
5.21452e-05
5.21433e-05
5.21403e-05
5.2129e-05
5.21143e-05
5.20974e-05
5.20786e-05
0.000146354
0.000195566
0.000203951
0.000198937
0.000189917
0.000180078
0.000170471
0.000161422
0.000153008
0.000145219
0.000138021
0.000131375
0.000125239
0.000119573
0.00011434
0.00010951
0.000105051
0.000100936
9.71378e-05
9.36284e-05
9.03892e-05
8.73997e-05
8.46409e-05
8.20949e-05
7.97452e-05
7.75765e-05
7.55716e-05
7.37211e-05
7.20136e-05
7.04381e-05
6.89845e-05
6.76432e-05
6.64056e-05
6.52637e-05
6.42101e-05
6.3236e-05
6.2334e-05
6.14989e-05
6.07286e-05
6.00186e-05
5.93641e-05
5.87609e-05
5.82048e-05
5.76922e-05
5.72197e-05
5.6784e-05
5.63824e-05
5.6012e-05
5.56706e-05
5.53552e-05
5.50609e-05
5.47891e-05
5.45389e-05
5.43085e-05
5.40939e-05
5.38913e-05
5.37044e-05
5.3533e-05
5.3376e-05
5.32322e-05
5.30977e-05
5.29736e-05
5.28601e-05
0.000124275
0.000190634
0.000204709
0.00020145
0.000192851
0.000182991
0.000173228
0.00016399
0.000155385
0.000147415
0.00014005
0.000133248
0.000126969
0.000121173
0.000115823
0.000110884
0.000106321
0.00010211
9.82225e-05
9.46348e-05

