5e-05
5.02667e-05
5.04834e-05
5.06586e-05
5.08009e-05
5.09171e-05
5.10125e-05
5.10912e-05
5.11584e-05
5.12431e-05
5.13311e-05
5.14109e-05
5.14735e-05
5.15102e-05
5.15317e-05
5.15715e-05
5.16244e-05
5.16758e-05
5.17215e-05
5.17572e-05
5.17745e-05
5.1785e-05
5.17921e-05
5.17934e-05
5.17858e-05
5.17771e-05
5.17688e-05
5.17612e-05
5.17544e-05
5.17434e-05
5.1729e-05
5.17141e-05
5.16998e-05
5.1688e-05
5.16787e-05
5.16717e-05
5.16666e-05
5.16614e-05
5.16552e-05
5.16506e-05
5.16478e-05
5.16464e-05
5.16441e-05
5.16408e-05
5.16389e-05
5.16384e-05
5.16446e-05
0.000132389
0.000191346
0.000203033
0.000199133
0.000190469
0.000180713
0.0001711
0.00016202
0.000153568
0.000145743
0.000138512
0.000131836
0.000125673
0.00011998
0.000114718
0.00010986
0.000105378
0.000101242
9.74257e-05
9.39006e-05
9.06476e-05
8.76464e-05
8.48774e-05
8.23227e-05
7.99657e-05
7.77911e-05
7.57846e-05
7.39331e-05
7.22248e-05
7.06484e-05
6.91936e-05
6.78511e-05
6.66122e-05
6.54692e-05
6.44387e-05
6.35056e-05
6.26487e-05
6.18573e-05
6.11218e-05
6.04323e-05
5.97917e-05
5.91969e-05
5.86448e-05
5.82929e-05
5.84251e-05
5.89782e-05
0.000108919
0.000273703
0.000278167
0.000261872
0.000245829
0.000230903
0.000217093
0.000204332
0.00019255
0.000181688
0.000171667
0.000162418
0.000236795
0.000287134
0.00029123
0.000280433
0.000265453
0.000249899
0.000234947
0.000220942
0.000207945
0.00019592
0.00018481
0.000174554
0.000165088
0.00015635
0.000148282
0.000140837
0.000133965
0.000127619
0.000121763
0.000116359
0.000111371
0.000106765
0.000102511
9.85818e-05
9.49555e-05
9.16095e-05
8.8525e-05
8.57018e-05
0.000188517
0.000222765
0.00022488
0.000267165
0.000419888
0.000412634
0.000386385
0.000360918
0.000337206
0.000315251
0.000294959
0.000276241
0.000258988
0.000296169
0.000351731
0.000354325
0.00033994
0.000320853
0.000301217
0.000282387
0.000264764
0.000248432
0.000233333
0.000219381
0.000206517
0.000194642
0.000183672
0.000173536
0.000164168
0.000155524
0.000249935
0.00027688
0.000274103
0.000262005
0.000247549
0.000233066
0.000219303
0.000206461
0.000194554
0.000183546
0.000173378
0.000163988
0.000155316
0.000147311
0.000139921
0.000133098
0.000126804
0.000121178
0.000116188
0.000111648
0.000107434
0.000103445
9.96728e-05
9.61465e-05
9.28861e-05
8.9843e-05
8.70007e-05
8.43703e-05
8.20177e-05
8.02575e-05
7.8785e-05
7.73243e-05
7.58213e-05
7.42639e-05
7.27322e-05
7.1233e-05
6.98054e-05
6.84584e-05
6.71914e-05
6.60074e-05
6.49022e-05
6.38754e-05
6.2923e-05
6.20406e-05
6.1222e-05
6.04614e-05
5.97576e-05
0.000168946
0.000205443
0.00020926
0.000202507
0.000192735
0.000182495
0.000172623
0.000163368
0.000154775
0.000146826
0.000191675
0.000257159
0.00026757
0.000259972
0.000247034
0.000233054
0.000219448
0.000206647
0.000194746
0.000183733
0.000173557
0.000164159
0.000155481
0.000147469
0.000140073
0.000133245
0.000126943
0.000121125
0.000115754
0.000110798
0.000106223
0.000101997
9.8093e-05
9.44893e-05
9.11628e-05
8.80935e-05
8.52616e-05
8.26471e-05
8.02337e-05
7.80071e-05

