5e-05
5.02667e-05
5.04834e-05
5.06586e-05
5.08009e-05
5.09171e-05
5.10125e-05
5.10912e-05
5.11565e-05
5.12109e-05
5.12566e-05
5.12951e-05
5.13277e-05
5.13491e-05
5.13984e-05
5.14767e-05
5.15596e-05
5.16373e-05
5.17055e-05
5.17605e-05
5.179e-05
5.18027e-05
5.18087e-05
5.18064e-05
5.17982e-05
5.17893e-05
5.17809e-05
5.17731e-05
5.17639e-05
5.17417e-05
5.17116e-05
5.16845e-05
5.16621e-05
5.16441e-05
5.16302e-05
5.16199e-05
5.16128e-05
5.16085e-05
5.16064e-05
5.16064e-05
5.16157e-05
5.1892e-05
5.24823e-05
5.31118e-05
5.37023e-05
5.42067e-05
5.457e-05
5.48269e-05
5.49824e-05
5.50231e-05
5.49588e-05
5.4838e-05
5.46857e-05
5.45206e-05
5.43469e-05
5.41713e-05
5.40012e-05
5.38352e-05
5.36782e-05
0.000156322
0.000199134
0.000205301
0.000199509
0.000190209
0.000180263
0.000170609
0.000189578
0.000268941
0.000283195
0.000276039
0.000262441
0.000247488
0.00023286
0.000219074
0.000288839
0.000318815
0.00031485
0.000300338
0.000283244
0.000266185
0.000249995
0.000234885
0.000220871
0.000207903
0.000195916
0.000184843
0.000174615
0.000165173
0.000156453
0.000148402
0.000140969
0.000134106
0.00012777
0.000220053
0.000251907
0.000251919
0.000241817
0.000229014
0.000216002
0.000203582
0.000191976
0.000181216
0.000171268
0.00016208
0.000153597
0.000145767
0.000138535
0.000131859
0.000220076
0.000254
0.000254569
0.000244518
0.000231602
0.000218427
0.000205832
0.000194057
0.000183138
0.000173042
0.000163717
0.000155107
0.00014716
0.000139841
0.000195794
0.000251468
0.000259112
0.000251098
0.000238515
0.000225113
0.000212124
0.000199923
0.000188615
0.000178161
0.000168503
0.000159575
0.000151325
0.000143704
0.000136665
0.000130162
0.000124146
0.000118584
0.000113445
0.0001087
0.000104314
0.000100266
9.65579e-05
9.46962e-05
0.000199334
0.000226485
0.000226356
0.000217557
0.000206429
0.000195114
0.000184296
0.000174177
0.000164831
0.000156518
0.000149132
0.000142423
0.000136173
0.000130359
0.000124873
0.000119708
0.000114856
0.000110301
0.000106027
0.000102019
9.83149e-05
9.48678e-05
9.16676e-05
8.86969e-05
8.59363e-05
8.33624e-05
8.09921e-05
7.91764e-05
8.30048e-05
0.000268126
0.00029797
0.000281331
0.000263869
0.000247576
0.000232494
0.000218555
0.00020568
0.000193792
0.000182817
0.000172686
0.000163335
0.000154704
0.00014674
0.00013939
0.000132606
0.000126348
0.000120573
0.000115246
0.000110331
0.000105798
0.000101617
9.77595e-05
9.41988e-05
9.09122e-05
8.7903e-05
8.53678e-05
8.31899e-05
8.1242e-05
7.93966e-05
7.76089e-05
7.58703e-05
7.41891e-05
7.25978e-05
7.10876e-05
6.96705e-05
6.83462e-05
6.71111e-05
0.000130473
0.000199847
0.000214459
0.000210875
0.000201738
0.000191299
0.000180969
0.000171185
0.000162067
0.000153618
0.000145805
0.000138583
0.00013191
0.000125749
0.000120059
0.000114806
0.000109956
0.000105478
0.000101341
0.000168266
0.000226803
0.00023656
0.000230331
0.000219338
0.000207387
0.000195732
0.000184759
0.000174555
0.000165108
0.00015638
0.00014832
0.000140881
0.000134013
0.000127674
0.000121824
0.000116423
0.000111439

