5e-05
5.02631e-05
5.04691e-05
5.06301e-05
5.07572e-05
5.08582e-05
5.09394e-05
5.10052e-05
5.10589e-05
5.11033e-05
5.11402e-05
5.11713e-05
5.11975e-05
5.12168e-05
5.12333e-05
5.12481e-05
5.12618e-05
5.12746e-05
5.12867e-05
5.12984e-05
5.13096e-05
5.13178e-05
5.13244e-05
5.1326e-05
5.13246e-05
5.13248e-05
5.13267e-05
5.13387e-05
5.13683e-05
5.13791e-05
5.14259e-05
5.17395e-05
5.22307e-05
5.27728e-05
5.32199e-05
5.35722e-05
5.38229e-05
5.39758e-05
5.40372e-05
5.4021e-05
5.39644e-05
5.38815e-05
5.3782e-05
5.36659e-05
5.35369e-05
5.34092e-05
5.32835e-05
5.31605e-05
5.30408e-05
5.29276e-05
5.28225e-05
5.27241e-05
0.000163242
0.000200936
0.000205358
0.000198993
0.000189523
0.000189659
0.000278365
0.000295376
0.000288495
0.000274369
0.000258652
0.000243222
0.000228659
0.000215104
0.000202549
0.000190942
0.000180223
0.000170324
0.000161185
0.000152749
0.000144963
0.000137778
0.000131145
0.000125019
0.000119363
0.000114141
0.000109322
0.000104875
0.000100785
9.70279e-05
9.35649e-05
9.03701e-05
8.74203e-05
8.46953e-05
8.21772e-05
7.98498e-05
7.76984e-05
7.5709e-05
7.38655e-05
7.21614e-05
7.05869e-05
6.91302e-05
6.77821e-05
6.65338e-05
6.53808e-05
6.43156e-05
6.33297e-05
6.24199e-05
6.15782e-05
6.08e-05
6.00798e-05
5.94159e-05
5.88013e-05
5.82347e-05
5.77104e-05
5.72229e-05
5.67708e-05
5.63536e-05
5.59706e-05
5.56192e-05
5.52967e-05
5.50004e-05
6.27034e-05
0.000172858
0.000202176
0.000203909
0.000196794
0.000187223
0.000177354
0.000167886
0.000159021
0.00015079
0.000143175
0.000136136
0.000129633
0.000123627
0.000118083
0.000112966
0.000108243
0.000103883
9.98564e-05
9.61379e-05
9.27057e-05
8.9538e-05
8.66146e-05
8.39187e-05
8.14461e-05
7.91704e-05
7.70692e-05
7.51265e-05
7.333e-05
7.16705e-05
7.01373e-05
6.87207e-05
6.74086e-05
6.61944e-05
6.50728e-05
6.40369e-05
6.30802e-05
6.21973e-05
6.14021e-05
6.06712e-05
5.99962e-05
5.95538e-05
5.95115e-05
5.96253e-05
5.96468e-05
5.96064e-05
5.94484e-05
5.91856e-05
5.88634e-05
5.85e-05
5.80904e-05
5.7673e-05
5.72587e-05
5.68589e-05
5.64729e-05
5.61024e-05
5.57548e-05
5.54291e-05
5.51276e-05
5.48488e-05
5.45875e-05
5.43418e-05
5.41147e-05
5.39043e-05
5.37115e-05
5.35355e-05
5.33748e-05
5.32253e-05
5.30881e-05
5.29574e-05
5.2835e-05
5.27232e-05
5.26207e-05
5.25261e-05
5.2438e-05
5.23582e-05
5.22866e-05
5.22226e-05
5.21652e-05
5.21138e-05
5.20649e-05
5.20166e-05
5.19731e-05
5.19347e-05
5.19215e-05
5.19263e-05
5.19305e-05
5.19325e-05
5.19277e-05
5.19192e-05
5.19052e-05
5.18902e-05
5.18744e-05
5.1855e-05
5.18322e-05
5.18101e-05
5.17897e-05
5.1771e-05
5.17522e-05
5.1732e-05
5.17106e-05
5.16895e-05
5.16704e-05
5.16702e-05
5.16791e-05
5.16917e-05
5.17044e-05
5.17156e-05
5.17238e-05
5.17249e-05
5.17233e-05
5.17203e-05
5.17131e-05
5.17016e-05
5.16847e-05
5.1665e-05
5.16469e-05
5.16549e-05
5.19189e-05
5.23361e-05
5.27996e-05
5.3229e-05
5.3574e-05
5.38163e-05
5.39606e-05
5.40201e-05
5.39815e-05
5.38921e-05
5.37837e-05
5.36601e-05
5.37379e-05
5.41739e-05
5.47169e-05
5.51254e-05
5.53952e-05
5.55262e-05

