5e-05
5.02631e-05
5.04691e-05
5.06301e-05
5.07572e-05
5.08582e-05
5.09394e-05
5.10052e-05
5.10589e-05
5.11033e-05
5.11402e-05
5.11713e-05
5.12069e-05
5.12467e-05
5.12914e-05
5.1392e-05
5.15224e-05
5.16887e-05
5.18372e-05
6.10008e-05
0.000170113
0.000199344
0.000201263
0.00019435
0.000184946
0.000175221
0.000165885
0.000157145
0.000149035
0.000141532
0.000134601
0.000128203
0.000122299
0.000116844
0.000111808
0.000107161
0.000102874
9.89193e-05
9.52694e-05
9.18996e-05
8.87879e-05
8.59794e-05
8.36513e-05
8.16437e-05
7.98639e-05
7.82251e-05
7.66293e-05
7.50688e-05
7.36253e-05
7.22658e-05
7.09266e-05
6.95979e-05
6.83096e-05
6.7091e-05
6.59448e-05
6.48759e-05
6.38817e-05
6.29583e-05
6.21017e-05
0.000111712
0.000191855
0.000210315
0.000208161
0.000199561
0.000189366
0.000269759
0.000298928
0.000295732
0.000282412
0.00026655
0.00025068
0.000235598
0.000221524
0.000208477
0.000196417
0.000185301
0.000175049
0.000165589
0.000156854
0.000148786
0.000141337
0.000134452
0.000128086
0.000122202
0.000116769
0.000111754
0.000107126
0.00018852
0.000233946
0.000239188
0.000231391
0.00021984
0.000207677
0.000195932
0.000184913
0.000174678
0.00016521
0.000156465
0.000148392
0.00014094
0.000134059
0.000127703
0.000121831
0.000116413
0.000111413
0.0001068
0.000102544
9.86191e-05
9.50213e-05
9.17145e-05
8.86605e-05
8.58404e-05
8.32359e-05
8.08253e-05
7.85985e-05
7.65694e-05
7.47014e-05
7.29726e-05
7.13677e-05
6.98802e-05
6.85031e-05
6.7228e-05
6.6044e-05
6.49431e-05
6.39215e-05
6.29769e-05
6.2104e-05
6.1297e-05
6.05479e-05
5.98557e-05
5.92169e-05
5.86248e-05
5.80769e-05
5.75716e-05
5.7105e-05
5.66878e-05
5.63218e-05
5.60095e-05
5.57386e-05
5.54938e-05
5.52883e-05
5.51021e-05
5.49602e-05
5.4831e-05
5.46869e-05
5.45408e-05
5.43852e-05
5.42212e-05
5.40866e-05
5.42264e-05
5.44838e-05
5.46757e-05
5.4773e-05
5.48012e-05
5.47727e-05
5.46795e-05
5.45201e-05
5.43289e-05
5.41368e-05
5.39547e-05
5.38001e-05
5.36555e-05
5.35173e-05
5.3385e-05
5.32595e-05
5.31398e-05
5.30287e-05
5.29263e-05
5.28321e-05
5.27439e-05
5.26564e-05
5.25747e-05
5.24964e-05
5.24246e-05
5.23582e-05
5.22953e-05
5.22386e-05
5.21856e-05
5.21328e-05
5.21034e-05
5.20913e-05
5.20823e-05
5.2097e-05
5.21245e-05
5.21456e-05
5.21591e-05
5.21604e-05
5.21553e-05
5.21454e-05
5.21273e-05
5.21064e-05
5.20732e-05
5.20375e-05
9.6464e-05
0.000182734
0.000203522
0.000202464
0.000194514
0.000184774
0.000174978
0.00016566
0.000156961
0.000148893
0.000141428
0.000134528
0.000128157
0.00012227
0.00011683
0.000111806
0.000107169
0.000102889
9.89368e-05
9.52884e-05
9.19206e-05
8.88089e-05
8.59353e-05
0.000170431
0.00021943
0.000226526
0.000219947
0.000209359
0.000198031
0.000187038
0.000176707
0.000167106
0.000158222
0.000150016
0.00014244
0.000135446
0.000128986
0.000123021
0.000117513
0.000112429
0.000107736
0.000103405
9.94086e-05
9.57212e-05
0.000141872
0.000215584
0.000230728
0.000226495
0.000216367
0.000204874
0.00019351
0.000182758
0.000172736
0.000236571
0.000280499
0.000282913
0.000312257

