5e-05
5.02631e-05
5.04691e-05
5.06301e-05
5.07572e-05
5.08582e-05
5.09394e-05
5.10052e-05
5.10589e-05
5.11033e-05
5.11402e-05
5.11713e-05
5.11977e-05
5.12132e-05
5.12233e-05
5.12328e-05
5.12421e-05
5.12517e-05
5.12614e-05
8.62201e-05
0.000179932
0.000203222
0.000202967
0.000195238
0.000185513
0.000175645
0.000166232
0.000157441
0.000149294
0.00014176
0.000134801
0.000128378
0.00012245
0.000116978
0.000111928
0.000107268
0.00010297
9.90041e-05
9.53453e-05
9.19673e-05
8.88501e-05
8.60373e-05
8.37572e-05
8.18784e-05
8.02534e-05
7.87683e-05
7.72863e-05
7.5788e-05
7.43025e-05
7.2842e-05
7.14219e-05
7.00327e-05
6.86811e-05
6.73913e-05
6.61858e-05
6.50672e-05
6.40295e-05
6.30649e-05
6.21714e-05
6.13422e-05
6.05726e-05
5.9861e-05
5.92062e-05
5.8604e-05
5.80505e-05
5.75395e-05
5.70684e-05
5.66352e-05
5.62347e-05
5.58666e-05
5.55288e-05
5.52189e-05
5.49337e-05
5.46689e-05
5.44248e-05
5.4198e-05
5.39893e-05
5.38151e-05
5.36711e-05
5.35436e-05
0.000128249
0.00019111
0.000204087
0.000200532
0.000191901
0.000182085
0.000172554
0.000163866
0.000155841
0.000148376
0.000141434
0.000134951
0.000128885
0.000123204
0.000117882
0.000112923
0.000108313
0.000104034
0.000100065
9.63871e-05
9.29813e-05
8.98253e-05
8.69029e-05
8.42011e-05
8.17019e-05
7.93898e-05
7.72617e-05
7.55294e-05
7.41326e-05
7.29106e-05
7.17815e-05
7.06851e-05
6.95951e-05
6.85096e-05
6.74386e-05
6.63947e-05
6.53885e-05
6.44267e-05
6.35326e-05
6.27013e-05
6.19144e-05
6.11704e-05
6.04681e-05
5.98103e-05
5.91985e-05
5.86304e-05
5.81034e-05
5.76046e-05
5.71389e-05
5.67093e-05
5.63135e-05
5.5949e-05
5.56135e-05
5.53022e-05
5.50127e-05
5.47452e-05
5.45237e-05
5.43334e-05
5.41693e-05
5.40739e-05
5.39985e-05
5.39192e-05
5.38371e-05
5.37441e-05
5.3645e-05
5.35522e-05
5.34844e-05
5.34153e-05
5.33278e-05
5.32323e-05
5.31389e-05
5.30437e-05
5.29512e-05
0.000148486
0.000196048
0.000203893
0.000198729
0.000189675
0.00017984
0.00017025
0.000161223
0.00015283
0.00019594
0.000261314
0.00027154
0.000263687
0.000250484
0.000236249
0.000222403
0.000235399
0.0003075
0.000317483
0.000307232
0.000291073
0.000273853
0.000257162
0.000241483
0.000226918
0.000213443
0.000200994
0.000189498
0.000178885
0.00016909
0.000160049
0.000151699
0.00014399
0.000136872
0.000130301
0.000124235
0.000118636
0.000180098
0.000237731
0.000246636
0.00023962
0.000227899
0.000215276
0.000203002
0.000191459
0.000180732
0.000170806
0.000161635
0.000153168
0.000145352
0.000138136
0.000131471
0.000125314
0.000119631
0.000114383
0.00010954
0.000105149
0.000101406
9.81237e-05
9.50618e-05
9.21655e-05
8.9398e-05
8.67781e-05
8.4298e-05
8.19359e-05
0.000150666
0.000209696
0.000220617
0.000215594
0.000205742
0.000194846
0.000249996
0.00029653
0.000298967
0.000287262
0.000271653
0.000255592
0.000240195
0.000225785
0.000212415
0.00020005
0.000188629
0.000178081
0.000168345
0.000159373
0.000151107
0.000143483
0.000136443
0.00012994
0.00012393
0.000118371
0.000113237
0.000108497
0.000104122
0.00010008
9.6347e-05
9.29017e-05

