5e-05
5.02631e-05
5.04691e-05
5.06301e-05
5.07572e-05
5.08582e-05
5.09394e-05
5.10052e-05
5.10589e-05
5.11033e-05
5.11402e-05
5.11715e-05
5.12223e-05
5.13068e-05
5.13976e-05
5.14821e-05
5.15549e-05
5.16144e-05
5.16609e-05
0.000127174
0.000189415
0.000202294
0.00019882
0.000190315
0.000180635
0.000171066
0.000162012
0.000153577
0.00014576
0.000138521
0.000131826
0.000125644
0.000119938
0.000114672
0.000109812
0.000105327
0.000101187
9.73659e-05
9.38368e-05
9.05798e-05
8.75817e-05
8.50586e-05
8.30283e-05
8.13212e-05
7.98084e-05
7.84518e-05
7.73051e-05
7.6205e-05
7.50548e-05
7.38245e-05
7.25278e-05
7.11783e-05
6.98062e-05
6.84844e-05
6.72328e-05
6.60569e-05
6.49596e-05
6.39363e-05
6.2987e-05
6.21061e-05
6.12899e-05
6.05346e-05
5.98356e-05
5.91889e-05
5.8591e-05
5.80351e-05
5.75166e-05
5.70377e-05
5.66101e-05
5.62356e-05
5.5898e-05
5.55901e-05
5.53053e-05
5.50383e-05
5.47908e-05
5.45602e-05
5.43432e-05
5.41415e-05
5.39506e-05
5.37882e-05
0.000135758
0.000192913
0.000203968
0.000199826
0.000191053
0.000238923
0.000292733
0.00029768
0.000286849
0.00027155
0.000255602
0.000240251
0.000225865
0.000291015
0.000323117
0.000319622
0.000304997
0.00028757
0.000270132
0.00025357
0.000238122
0.000223825
0.000210622
0.000198426
0.000187165
0.000176767
0.000167161
0.000158291
0.000150101
0.000142539
0.000135556
0.000129109
0.000123157
0.000117655
0.000112572
0.00010788
0.000103548
9.95498e-05
9.58591e-05
9.24524e-05
8.93044e-05
8.6398e-05
8.37702e-05
8.17279e-05
8.02182e-05
7.90599e-05
7.82336e-05
7.7937e-05
0.000255134
0.000380413
0.000379779
0.000362362
0.000341146
0.000319765
0.000299401
0.000280385
0.000262755
0.000246454
0.000231397
0.000217494
0.000204659
0.000202841
0.000297623
0.000315596
0.000307939
0.000292522
0.000275423
0.000258657
0.00024284
0.000228122
0.000214493
0.000201903
0.000190329
0.000179711
0.000169897
0.000160817
0.000152413
0.000144629
0.000137426
0.000130766
0.000124611
0.000118924
0.000113672
0.000108821
0.000104342
0.000100207
9.63888e-05
9.28641e-05
8.96108e-05
8.66073e-05
8.38347e-05
8.12753e-05
7.89128e-05
7.67319e-05
7.47187e-05
7.28606e-05
7.11455e-05
6.95622e-05
6.81006e-05
6.67513e-05
6.55058e-05
6.4356e-05
6.32947e-05
6.23151e-05
6.14109e-05
6.05763e-05
5.98063e-05
5.90956e-05
0.000167556
0.000207653
0.000212467
0.000205832
0.000195895
0.00018541
0.00017528
0.000165774
0.000156945
0.000148777
0.00014123
0.000134262
0.000127829
0.00012189
0.000116408
0.000111347
0.000106676
0.000102364
9.83837e-05
9.47098e-05
9.13185e-05
8.82349e-05
8.54794e-05
8.29415e-05
8.05712e-05
7.83518e-05
7.6278e-05
7.43445e-05
7.25474e-05
7.08806e-05
6.93363e-05
6.79071e-05
6.65853e-05
6.53635e-05
6.42346e-05
6.31916e-05
6.22284e-05
6.1339e-05
6.05179e-05
5.97597e-05
5.90598e-05
5.84138e-05
5.78175e-05
5.72671e-05
5.67668e-05
5.63111e-05
5.58904e-05
5.55002e-05
5.51381e-05
5.48021e-05
5.44904e-05
5.42015e-05
5.39337e-05
5.36859e-05
5.34566e-05
5.32446e-05
5.30488e-05
5.28679e-05
5.2701e-05
5.25468e-05
5.24046e-05
5.22734e-05

