5e-05
5.02631e-05
5.04691e-05
5.06301e-05
5.07572e-05
5.08582e-05
5.09394e-05
5.10052e-05
5.10589e-05
5.11033e-05
5.11402e-05
5.11713e-05
5.11977e-05
5.12132e-05
5.12233e-05
5.12328e-05
5.12421e-05
5.12517e-05
5.12614e-05
5.12679e-05
5.12689e-05
5.12683e-05
6.01989e-05
0.000172566
0.000202588
0.000204473
0.000197334
0.000187696
0.000177752
0.000168213
0.000159283
0.000150999
0.00014334
0.000220805
0.000263257
0.000266039
0.000256093
0.00024261
0.000228686
0.000215324
0.000202814
0.000191271
0.00018091
0.000171565
0.000163046
0.000158642
0.000249263
0.000269351
0.000265038
0.000253088
0.000239255
0.000225465
0.000212337
0.000200063
0.000188678
0.000178149
0.00016842
0.00015943
0.000151128
0.00014346
0.000136377
0.000129837
0.000123802
0.000118234
0.000113095
0.000108352
0.000103975
9.99352e-05
9.62055e-05
9.27644e-05
8.95898e-05
8.66611e-05
8.39585e-05
8.14621e-05
7.91581e-05
7.70297e-05
0.000148895
0.000207959
0.000218786
0.00021381
0.000204071
0.000193303
0.000182746
0.000172788
0.000163519
0.00015493
0.000147168
0.000140325
0.000134073
0.000128269
0.000122868
0.000117812
0.000113063
0.000108598
0.000104398
0.000100476
9.68237e-05
9.34274e-05
9.0274e-05
8.7349e-05
8.46381e-05
8.21235e-05
7.97933e-05
7.76381e-05
7.56435e-05
7.37972e-05
7.20991e-05
7.07637e-05
6.97333e-05
6.88495e-05
6.80327e-05
6.72245e-05
6.64005e-05
6.55606e-05
6.47164e-05
6.38818e-05
6.30688e-05
6.22853e-05
6.15559e-05
6.08766e-05
6.02299e-05
5.96154e-05
5.90327e-05
5.84852e-05
5.79753e-05
5.75013e-05
5.70611e-05
5.66424e-05
5.62507e-05
5.58894e-05
5.55566e-05
5.52503e-05
5.49686e-05
5.47068e-05
5.44631e-05
5.42379e-05
5.40554e-05
5.39011e-05
5.37702e-05
5.37055e-05
5.36584e-05
5.36053e-05
5.35473e-05
5.34766e-05
5.33981e-05
5.33243e-05
5.32739e-05
5.3221e-05
5.31485e-05
5.30668e-05
5.29861e-05
5.29027e-05
5.2821e-05
5.27519e-05
5.26894e-05
5.2631e-05
5.25661e-05
5.25005e-05
5.24366e-05
5.23756e-05
5.23193e-05
5.22674e-05
5.22158e-05
5.21578e-05
5.20969e-05
5.20393e-05
5.19866e-05
5.19389e-05
0.000164952
0.000200593
0.000204389
0.000197877
0.00018842
0.000178507
0.000271618
0.00029426
0.000289196
0.000275593
0.000259968
0.00024449
0.000229839
0.000216189
0.000203548
0.000191865
0.000181072
0.000171105
0.000161903
0.000153408
0.000145565
0.000138327
0.000131646
0.000125475
0.00011978
0.000114522
0.000109668
0.000105188
0.000101052
9.72359e-05
9.37145e-05
9.04653e-05
8.74671e-05
8.47006e-05
8.21477e-05
7.97911e-05
7.7612e-05
7.55959e-05
7.37349e-05
7.20158e-05
7.043e-05
6.90461e-05
6.8079e-05
6.79034e-05
0.000174493
0.000204356
0.000206419
0.000199455
0.000248485
0.000296635
0.000299754
0.000288302
0.000272758
0.000256682
0.000241242
0.000226781
0.000213354
0.000200924
0.000189439
0.000178833
0.000169043
0.000160003
0.000151657
0.000143951
0.000136837
0.000130271
0.00012421
0.000118614
0.00011345
0.000108698
0.000104328
0.0001003
9.65806e-05
9.31425e-05
0.000164969
0.000220228
0.000229284
0.000223201
0.000212615
0.000201129
0.000189937
0.000179402

