5e-05
5.02667e-05
5.04834e-05
5.06586e-05
5.08009e-05
5.09171e-05
5.10125e-05
5.10977e-05
5.12653e-05
5.14836e-05
5.16951e-05
5.1879e-05
5.20169e-05
5.20969e-05
5.21514e-05
5.22074e-05
5.22795e-05
5.23419e-05
5.24123e-05
5.24629e-05
5.24503e-05
5.24117e-05
5.23663e-05
5.23113e-05
5.22589e-05
5.2435e-05
5.29149e-05
5.35771e-05
5.46122e-05
9.8007e-05
0.00026644
0.00027361
0.000257796
0.000242069
0.000227433
0.000213889
0.000201374
0.000189815
0.000179143
0.00016929
0.000160197
0.000151805
0.00014406
0.000136915
0.000130322
0.000124254
0.000118672
0.000113527
0.00010878
0.00010441
0.000100399
9.67202e-05
9.33167e-05
9.01525e-05
8.72227e-05
8.45146e-05
8.20076e-05
7.96907e-05
7.75467e-05
7.55633e-05
0.00018519
0.000220424
0.000223081
0.000215264
0.000204514
0.000193373
0.00018267
0.000172648
0.00016335
0.000154751
0.000146806
0.000139466
0.000132692
0.000126441
0.000120672
0.000115344
0.000110424
0.000105885
0.000101697
9.78305e-05
9.42618e-05
9.09647e-05
8.79193e-05
8.51076e-05
8.25134e-05
8.01206e-05
7.79117e-05
7.58736e-05
7.39881e-05
7.22476e-05
7.06433e-05
6.91622e-05
6.77935e-05
6.65295e-05
6.53991e-05
6.46323e-05
6.41446e-05
6.37745e-05
6.33937e-05
6.29801e-05
6.24621e-05
6.19038e-05
6.13291e-05
6.07395e-05
6.01625e-05
5.96051e-05
5.90697e-05
5.85519e-05
5.8062e-05
5.76015e-05
5.71699e-05
5.67663e-05
5.63913e-05
9.10223e-05
0.000181757
0.000204054
0.000203503
0.000195687
0.000185948
0.000176085
0.000166677
0.000157889
0.000149738
0.000142196
0.000135223
0.000128785
0.000122843
0.000117358
0.000112293
0.000107617
0.000103301
9.93187e-05
9.56525e-05
9.22951e-05
8.92046e-05
8.63494e-05
8.373e-05
8.13186e-05
7.91078e-05
7.71733e-05
7.54831e-05
7.39588e-05
7.25041e-05
7.11259e-05
6.98615e-05
6.87406e-05
6.76074e-05
6.65222e-05
6.54927e-05
0.000132906
0.000197697
0.000211005
0.000207218
0.000198175
0.000187907
0.000177765
0.000253267
0.000288972
0.000288227
0.000276098
0.000261235
0.000252085
0.000327269
0.000338145
0.000327341
0.000310138
0.000291789
0.000273984
0.000257224
0.000241598
0.000227105
0.000213691
0.000201289
0.000189828
0.000179242
0.000169466
0.000160435
0.000152088
0.000144397
0.000137308
0.000130761
0.000124715
0.000119125
0.000113959
0.000109178
0.000104758
0.000100677
9.69099e-05
9.34312e-05
9.02155e-05
8.72434e-05
8.44945e-05
8.19563e-05
7.96161e-05
7.76653e-05
7.63146e-05
7.53193e-05
0.000131592
0.000196944
0.000210851
0.000207522
0.000198809
0.00018876
0.000178761
0.00016926
0.000160359
0.000152076
0.000144402
0.000137304
0.000130741
0.00012468
0.000119116
0.000114311
0.000110067
0.000106927
0.000206246
0.000232045
0.000231514
0.00022258
0.000211362
0.000199903
0.000188916
0.000178604
0.000168993
0.000160068
0.000151804
0.00014416
0.000137088
0.000130544
0.000124492
0.000118898
0.000113732
0.000108963
0.000104562
0.000100496
9.67434e-05
9.32807e-05
9.00859e-05
8.71359e-05
8.44108e-05
8.18887e-05
7.95607e-05
7.74255e-05
7.5476e-05
7.36855e-05
7.20412e-05
7.0574e-05
6.92655e-05
6.80523e-05
6.69204e-05

