5e-05
5.02669e-05
5.04842e-05
5.06602e-05
5.09083e-05
5.16585e-05
5.3162e-05
0.000220147
0.000275599
0.000262127
0.000246234
0.000231327
0.000217556
0.000204875
0.000193159
0.000182361
0.000172388
0.000163167
0.00015464
0.000146755
0.000240208
0.000277972
0.000278588
0.000267341
0.000252872
0.00023811
0.000224001
0.000210813
0.000198584
0.000187275
0.00017683
0.000167187
0.000158287
0.00015007
0.000142486
0.000135487
0.000129028
0.000123066
0.000117565
0.000112487
0.000107801
0.000103476
9.94848e-05
9.58002e-05
9.23962e-05
8.92539e-05
8.63538e-05
8.36773e-05
8.12071e-05
7.89261e-05
7.68099e-05
7.48513e-05
7.30446e-05
7.13786e-05
6.98405e-05
6.84215e-05
6.71134e-05
6.59075e-05
6.47932e-05
6.37626e-05
6.28012e-05
6.19065e-05
6.10823e-05
8.03685e-05
0.000183004
0.000208969
0.000209256
0.000201383
0.000191314
0.000181057
0.000171258
0.000162099
0.000153607
0.000145757
0.000138506
0.000131811
0.000125674
0.000120284
0.000115497
0.000111111
0.000107048
0.000103236
9.95536e-05
9.60624e-05
9.2779e-05
8.971e-05
8.68485e-05
8.41919e-05
8.17297e-05
7.9449e-05
7.73338e-05
7.53655e-05
7.36523e-05
7.23769e-05
7.12779e-05
7.02428e-05
6.9228e-05
6.82291e-05
6.71967e-05
6.61836e-05
6.52061e-05
6.4301e-05
6.34666e-05
6.26813e-05
6.19389e-05
6.12356e-05
6.05628e-05
5.99294e-05
5.93325e-05
5.87704e-05
0.00016203
0.000202411
0.000207653
0.000201455
0.000191932
0.000181828
0.000172047
0.00016286
0.000154322
0.000146425
0.000139131
0.000132397
0.000223756
0.000257069
0.000257287
0.000246977
0.000233842
0.000220494
0.00020775
0.00019584
0.000184796
0.000174586
0.000165151
0.000156436
0.000148387
0.000140949
0.00013408
0.000127739
0.000121904
0.000116536
0.0001116
0.000107054
0.000102854
9.8974e-05
9.53886e-05
9.21024e-05
8.90734e-05
8.78314e-05
0.000194516
0.000222748
0.000223137
0.000214629
0.000203706
0.000192558
0.000181901
0.000171937
0.000162692
0.000154141
0.000146245
0.000138953
0.00013222
0.000126008
0.000120275
0.000114982
0.000110093
0.00010558
0.000101417
9.75743e-05
0.000197697
0.0002313
0.000232904
0.000224262
0.000212802
0.000201021
0.000189733
0.000179173
0.000169379
0.000160324
0.000151962
0.000144243
0.000137114
0.000130531
0.000124457
0.00011885
0.000113673
0.000108895
0.000104487
0.000100417
9.66586e-05
9.31907e-05
8.99894e-05
8.70298e-05
8.42978e-05
0.000136719
0.000209099
0.000224131
0.000220198
0.000210437
0.000199317
0.000188321
0.000177922
0.00016824
0.000159272
0.000150985
0.000143334
0.000136273
0.000129753
0.000123729
0.000118168
0.000113035
0.000108299
0.00010393
9.98985e-05
9.61753e-05
9.27367e-05
8.9561e-05
8.66288e-05
8.39227e-05
8.14269e-05
7.91251e-05
7.70023e-05
7.50387e-05
7.32225e-05
7.15449e-05
6.99945e-05
6.85629e-05
6.72433e-05
6.60277e-05
6.49074e-05
6.38726e-05
6.29223e-05
6.22332e-05
6.18261e-05
6.16407e-05
6.16107e-05
6.16453e-05
6.16261e-05
6.1427e-05
0.00013374
0.000193117
0.000205111
0.000201299
0.000192618
0.000182806
0.000235681
0.000286047
0.000290192
0.000279507
0.000264714
0.000249347

