5e-05
5.02631e-05
5.04691e-05
5.06301e-05
5.07572e-05
5.08582e-05
5.09394e-05
5.10109e-05
5.10995e-05
5.12161e-05
5.13358e-05
5.14416e-05
5.15322e-05
5.16065e-05
5.16632e-05
5.17435e-05
5.18235e-05
5.18886e-05
5.19283e-05
5.19477e-05
5.19589e-05
5.19557e-05
6.36416e-05
0.000173347
0.000202332
0.000203919
0.000196728
0.000187115
0.000177217
0.000167722
0.000158832
0.000150583
0.000142955
0.000135906
0.000129399
0.000123394
0.000117853
0.000112742
0.000108025
0.000103669
9.96473e-05
9.59347e-05
9.25082e-05
8.93531e-05
8.64618e-05
8.38022e-05
8.13513e-05
7.90833e-05
7.69835e-05
7.50608e-05
7.32871e-05
0.000103563
0.000194406
0.000216121
0.000214719
0.000206045
0.000195495
0.000184881
0.000174782
0.000165355
0.00015661
0.000148525
0.000141146
0.000134598
0.000128666
0.000123154
0.000117989
0.00011315
0.000108618
0.00010439
0.000100448
9.67705e-05
9.3357e-05
9.01822e-05
8.72261e-05
8.44858e-05
8.19527e-05
7.96112e-05
7.74496e-05
7.54555e-05
7.36161e-05
7.19192e-05
7.03507e-05
6.89039e-05
6.75699e-05
6.63398e-05
6.52021e-05
6.41464e-05
6.31682e-05
6.22775e-05
6.14768e-05
6.07351e-05
6.00466e-05
5.94027e-05
5.88026e-05
5.82493e-05
5.77398e-05
5.72706e-05
5.68383e-05
5.64399e-05
5.60705e-05
5.57255e-05
5.54012e-05
5.50983e-05
5.48199e-05
5.45646e-05
5.43301e-05
5.41319e-05
5.3958e-05
5.37953e-05
5.36448e-05
5.35063e-05
5.33749e-05
5.32653e-05
5.31815e-05
5.30992e-05
5.30222e-05
5.29484e-05
5.28717e-05
5.27971e-05
5.27255e-05
5.2647e-05
5.2575e-05
5.25244e-05
5.25039e-05
5.2483e-05
5.24533e-05
5.2417e-05
5.23804e-05
5.23448e-05
5.23099e-05
5.22755e-05
5.22415e-05
5.22053e-05
5.21668e-05
5.2126e-05
5.2084e-05
5.2061e-05
5.23007e-05
5.28505e-05
5.3581e-05
5.42701e-05
5.48768e-05
5.54674e-05
5.59395e-05
5.61774e-05
5.61847e-05
5.60444e-05
5.58145e-05
5.55539e-05
5.52785e-05
5.50012e-05
5.47364e-05
5.45599e-05
5.46664e-05
5.48496e-05
5.49627e-05
5.4961e-05
5.48674e-05
5.47304e-05
5.45982e-05
5.44614e-05
5.43172e-05
5.42851e-05
5.46673e-05
5.50563e-05
5.5382e-05
5.55963e-05
5.56362e-05
5.55751e-05
5.54355e-05
5.52482e-05
5.50384e-05
5.48237e-05
5.46018e-05
5.43862e-05
5.41821e-05
5.39905e-05
5.38118e-05
5.3817e-05
0.000145797
0.0001923
0.000200213
0.000195406
0.000186762
0.000177296
0.000168005
0.00015923
0.000151052
0.000143458
0.000136426
0.000129925
0.000123913
0.000148805
0.000233225
0.000250907
0.000246462
0.000235212
0.000222366
0.000209661
0.000197642
0.000186448
0.000176251
0.000167055
0.000220082
0.000269585
0.000274666
0.000265188
0.000251503
0.000237135
0.000223257
0.000210226
0.000198114
0.000186898
0.000176521
0.000166923
0.00015805
0.000149855
0.000142289
0.000135302
0.000128854
0.000122903
0.000117407
0.000112331
0.000107644
0.000103317
9.93239e-05
9.56401e-05
9.22402e-05
8.90998e-05
8.62034e-05
8.35321e-05
8.10649e-05
7.87864e-05
7.66852e-05
7.47478e-05
7.29615e-05
7.13286e-05
6.98297e-05
6.84433e-05
6.71573e-05
6.59669e-05
6.48656e-05
6.38493e-05
6.29114e-05
6.20455e-05
6.12411e-05
6.04914e-05
5.97946e-05
5.91468e-05

