5e-05
5.02631e-05
5.04691e-05
5.06301e-05
5.07572e-05
5.08582e-05
5.09394e-05
5.10109e-05
5.10995e-05
5.12161e-05
5.13358e-05
5.14416e-05
5.15322e-05
5.16065e-05
5.16632e-05
5.17435e-05
5.18235e-05
5.18886e-05
0.000110129
0.000185181
0.000202354
0.000200241
0.000192087
0.000182399
0.000172711
0.000163514
0.000154938
0.000146994
0.000139648
0.000132858
0.000126586
0.000120794
0.000115449
0.000110512
0.000105956
0.000101753
9.78764e-05
9.43011e-05
9.10018e-05
8.79548e-05
8.51412e-05
8.25438e-05
8.01469e-05
7.79422e-05
7.59282e-05
7.40785e-05
7.23751e-05
7.07973e-05
6.93345e-05
6.79999e-05
6.6769e-05
0.000152375
0.000204222
0.00021303
0.000207684
0.00019811
0.000187674
0.000177491
0.000167902
0.000158984
0.000150722
0.000143086
0.000136125
0.000215116
0.000251988
0.000253923
0.000244556
0.000232011
0.000219042
0.000206566
0.000214289
0.000290917
0.000303313
0.000294624
0.000279626
0.000263361
0.000247512
0.000232593
0.000218721
0.000205883
0.000194022
0.00018307
0.000172957
0.000163621
0.000155005
0.000147053
0.00013971
0.000132926
0.000126659
0.000120887
0.00011558
0.000110679
0.000209138
0.00023963
0.00023985
0.000230426
0.000218416
0.000206191
0.000194514
0.000183602
0.00017348
0.000164116
0.000155462
0.000147467
0.000140087
0.000133276
0.00012699
0.000121205
0.000115875
0.000110952
0.000106407
0.000102212
9.83357e-05
9.47694e-05
9.14945e-05
8.84666e-05
8.56704e-05
8.30865e-05
8.06927e-05
7.84791e-05
7.6433e-05
7.45317e-05
7.27772e-05
7.11733e-05
6.97191e-05
6.83746e-05
6.71231e-05
6.59589e-05
6.48812e-05
6.38845e-05
6.29624e-05
6.21089e-05
6.13189e-05
6.05848e-05
5.99021e-05
5.92665e-05
5.86755e-05
5.81458e-05
5.79176e-05
5.80356e-05
5.83675e-05
5.86886e-05
5.89556e-05
5.92325e-05
5.94152e-05
5.93858e-05
5.91465e-05
5.87785e-05
5.83384e-05
5.78837e-05
5.74292e-05
5.69865e-05
5.65691e-05
5.62517e-05
5.62281e-05
5.62912e-05
5.62935e-05
5.61895e-05
5.60014e-05
0.000165354
0.000200104
0.000203743
0.000197287
0.000188013
0.000178698
0.000169753
0.00016133
0.000153422
0.000145949
0.000158937
0.000244648
0.000262417
0.000257524
0.000245624
0.000232076
0.000218678
0.000206002
0.000194193
0.000227549
0.000287732
0.00029491
0.000285156
0.000270475
0.000254926
0.000239861
0.000225674
0.000212442
0.000200175
0.000188823
0.000273837
0.000296804
0.000291764
0.000278066
0.000262296
0.000246652
0.000231833
0.000218025
0.000205237
0.000193412
0.000182491
0.000172409
0.000163103
0.000154683
0.00014714
0.000140274
0.000133877
0.000127851
0.000122192
0.000116915
0.000112
0.000107434
0.000103201
9.92812e-05
9.56511e-05
9.22848e-05
8.9162e-05
8.62671e-05
8.35905e-05
8.11189e-05
7.88356e-05
7.67289e-05
7.47847e-05
7.29887e-05
7.13273e-05
6.97931e-05
6.83766e-05
6.70695e-05
6.58655e-05
6.47548e-05
6.37276e-05
6.27819e-05
6.19113e-05
6.11064e-05
6.03624e-05
5.96777e-05
5.90479e-05
5.84686e-05
5.79501e-05
5.74797e-05
5.70429e-05
5.66334e-05
5.6252e-05
5.58977e-05
5.55709e-05
5.52694e-05
5.49911e-05
5.47291e-05
5.44801e-05
5.42454e-05
5.40243e-05

