5e-05
5.02669e-05
5.04842e-05
5.06602e-05
5.08034e-05
5.09206e-05
5.10168e-05
5.10963e-05
5.12001e-05
5.13961e-05
5.16103e-05
5.18076e-05
5.1974e-05
5.21083e-05
5.22106e-05
5.23306e-05
5.24618e-05
5.2574e-05
5.26589e-05
5.27008e-05
0.0001237
0.00018975
0.000203847
0.000200672
0.00019214
0.000182339
0.000172629
0.00016344
0.000154877
0.000146934
0.000139612
0.000132896
0.000126721
0.000121021
0.000115759
0.000110891
0.000106392
0.000102234
9.839e-05
9.4833e-05
9.15463e-05
8.85098e-05
8.57045e-05
8.3113e-05
8.07166e-05
7.84987e-05
7.64503e-05
7.45615e-05
7.28567e-05
7.132e-05
6.98792e-05
6.85302e-05
6.72923e-05
6.61939e-05
6.52047e-05
6.42821e-05
6.34142e-05
6.26011e-05
6.18351e-05
6.11167e-05
6.04193e-05
5.97618e-05
5.91529e-05
5.85887e-05
5.80638e-05
5.75758e-05
5.71198e-05
5.6698e-05
5.63038e-05
5.59376e-05
5.5601e-05
5.52896e-05
5.50035e-05
5.47389e-05
5.44967e-05
5.42713e-05
5.40596e-05
5.38661e-05
5.36902e-05
5.35272e-05
5.3378e-05
5.32394e-05
5.31036e-05
5.29747e-05
5.28553e-05
5.27473e-05
6.84856e-05
0.0001749
0.000202624
0.000203795
0.000196484
0.000186847
0.000176955
0.000167482
0.00015862
0.0001504
0.000142799
0.000135782
0.000129303
0.000123323
0.000117806
0.000112715
0.000108018
0.000103694
9.97304e-05
9.60828e-05
9.27189e-05
0.000194919
0.000227317
0.00022879
0.000220342
0.000209161
0.000294479
0.000314492
0.000307548
0.00029247
0.000275568
0.000258938
0.000243232
0.000228609
0.000215064
0.000202536
0.000190957
0.000180272
0.000170425
0.000161326
0.000152923
0.000145156
0.000137979
0.000131371
0.000125593
0.000120654
0.000116463
0.000117937
0.000294928
0.000323729
0.000401142
0.000409178
0.000393876
0.000371759
0.00041083
0.000445541
0.000436677
0.000414409
0.000389007
0.000363892
0.000340136
0.000318021
0.000297548
0.000278629
0.000294043
0.000356804
0.000361345
0.000347147
0.00040859
0.000420568
0.000405742
0.000451079
0.00046161
0.000444235
0.000418892
0.00039232
0.000366699
0.00034267
0.000365326
0.000402152
0.000396181
0.000376919
0.000354403
0.000331982
0.000310718
0.000290893
0.000272523
0.000255543
0.000239858
0.000225377
0.00021201
0.00019967
0.000188281
0.000177767
0.000261141
0.000286927
0.00028325
0.000270393
0.000255269
0.000300322
0.000339201
0.000337039
0.000321923
0.000303495
0.000285071
0.000267935
0.000252132
0.000237524
0.000223891
0.000211172
0.000199301
0.000188259
0.000177976
0.000168428
0.000191501
0.000263257
0.000275503
0.00026815
0.000254913
0.000240459
0.000226343
0.000213043
0.000200673
0.000189223
0.00017864
0.000168863
0.000159837
0.000151507
0.000143836
0.000136763
0.000130239
0.00012421
0.000118642
0.000113501
0.000108756
0.00010437
0.000169097
0.00022656
0.000235987
0.000229682
0.000218698
0.000206783
0.00019517
0.000184232
0.000174063
0.000164651
0.000155963
0.00014796
0.000140577
0.000133761
0.000127462
0.000121637
0.00011625
0.000111275
0.000106681
0.00010244
9.85487e-05
9.49702e-05
9.16656e-05
8.86423e-05
8.58663e-05
8.32974e-05
8.09096e-05
7.89398e-05

