5e-05
5.02667e-05
5.04834e-05
5.06586e-05
5.08009e-05
5.09171e-05
5.10125e-05
5.10912e-05
5.11585e-05
5.12873e-05
5.15188e-05
5.18025e-05
5.20731e-05
5.22877e-05
5.24398e-05
5.25492e-05
5.26223e-05
5.26652e-05
5.26841e-05
5.26831e-05
5.26574e-05
5.26253e-05
0.000152337
0.000197223
0.000204128
0.000198633
0.000189888
0.000180678
0.000171713
0.000163172
0.000155173
0.000147675
0.000140629
0.000134032
0.000127883
0.00012216
0.00011685
0.000111928
0.000107368
0.000103144
9.92293e-05
9.56089e-05
9.22619e-05
8.91685e-05
8.631e-05
8.36691e-05
8.12295e-05
7.89762e-05
7.68952e-05
7.49734e-05
7.31978e-05
7.15519e-05
7.00228e-05
6.86236e-05
6.73671e-05
6.62314e-05
6.51967e-05
6.42851e-05
6.34599e-05
6.26867e-05
6.19198e-05
6.11841e-05
6.04944e-05
5.98541e-05
5.92601e-05
5.87046e-05
5.82149e-05
5.77713e-05
5.73814e-05
5.70455e-05
5.67356e-05
5.64365e-05
5.61537e-05
5.58793e-05
9.09318e-05
0.000181342
0.000203412
0.00020282
0.000195068
0.000185428
0.00017567
0.00016636
0.000157651
0.000149589
0.00014214
0.000135258
0.0001289
0.000123024
0.000117595
0.000112585
0.000107983
0.000103715
9.97656e-05
9.61168e-05
9.27505e-05
8.96752e-05
8.68462e-05
8.42229e-05
8.17949e-05
7.95443e-05
7.74523e-05
7.55049e-05
7.36923e-05
7.20157e-05
7.0476e-05
6.90839e-05
6.78081e-05
6.66317e-05
6.55428e-05
6.45259e-05
6.35817e-05
6.27063e-05
6.18949e-05
6.11427e-05
6.04456e-05
5.97995e-05
5.92001e-05
5.86392e-05
5.81145e-05
5.76427e-05
5.72302e-05
5.68498e-05
5.64995e-05
5.61742e-05
5.58641e-05
5.55681e-05
5.52915e-05
5.50342e-05
5.47901e-05
5.45629e-05
5.43527e-05
5.41585e-05
5.39883e-05
5.38603e-05
5.37469e-05
5.36259e-05
5.35078e-05
5.34023e-05
5.3329e-05
5.32682e-05
5.32381e-05
5.32196e-05
5.3202e-05
5.31799e-05
5.31513e-05
5.31467e-05
5.31623e-05
5.32015e-05
5.32276e-05
5.32221e-05
5.31925e-05
5.31476e-05
5.31497e-05
5.31799e-05
5.32295e-05
5.33105e-05
5.33758e-05
5.33952e-05
5.33869e-05
5.33338e-05
5.3261e-05
5.31876e-05
5.31325e-05
5.30753e-05
5.30145e-05
5.29414e-05
5.28707e-05
5.28002e-05
5.27299e-05
5.26598e-05
5.25923e-05
5.25249e-05
5.24638e-05
5.24277e-05
5.24271e-05
5.24627e-05
5.24969e-05
5.25224e-05
5.25346e-05
5.25393e-05
5.25312e-05
5.25089e-05
5.24845e-05
5.24591e-05
5.24225e-05
5.23827e-05
5.23418e-05
5.2304e-05
0.000162665
0.000199344
0.00020356
0.000197246
0.000187901
0.000178064
0.000168566
0.000159652
0.000151372
0.000143712
0.000136637
0.000130106
0.000124075
0.000118509
0.000113374
0.000108634
0.000104254
0.000100209
9.64721e-05
9.30196e-05
8.98342e-05
8.6896e-05
8.4185e-05
8.16771e-05
7.93626e-05
7.72283e-05
7.52604e-05
7.34457e-05
7.17823e-05
7.03101e-05
6.89821e-05
6.77652e-05
6.66406e-05
6.55956e-05
6.46214e-05
6.37029e-05
6.28416e-05
6.20308e-05
0.000170922
0.000205425
0.000208668
0.000201794
0.00019205
0.000181907
0.00017216
0.000163027
0.00015454
0.000146685
0.000139423
0.000132708
0.000126505
0.000120778
0.000115513
0.000110663
0.000106188
0.00010207
9.8275e-05
9.47709e-05
9.15252e-05
8.85186e-05
8.5731e-05
8.31505e-05

