5e-05
5.02631e-05
5.04691e-05
5.06301e-05
5.07572e-05
5.08582e-05
5.09394e-05
5.10052e-05
5.10709e-05
5.11502e-05
5.12246e-05
5.12913e-05
5.14058e-05
0.000156134
0.00019495
0.000200149
0.000194395
0.000185476
0.000175991
0.000166778
0.000158078
0.00014996
0.00014243
0.000135443
0.000128982
0.000123014
0.000117505
0.000112421
0.00010773
0.000103398
0.000200568
0.000236036
0.000237983
0.000229195
0.000217436
0.000205336
0.000193978
0.000183616
0.00017415
0.000165353
0.000157075
0.000149336
0.000142093
0.000135344
0.000129069
0.00012324
0.000117832
0.000112817
0.000108172
0.000103892
9.99819e-05
9.6433e-05
9.31477e-05
9.00642e-05
8.7203e-05
8.45588e-05
8.21458e-05
7.99194e-05
7.78537e-05
7.59208e-05
0.000132055
0.00020324
0.00021825
0.000214623
0.000205248
0.000194518
0.000183898
0.000173848
0.000164485
0.000155809
0.000147788
0.000140381
0.000133543
0.000127232
0.000121445
0.000116337
0.000111796
0.000107682
0.000103838
0.00010023
9.68389e-05
9.36192e-05
9.05714e-05
8.77099e-05
8.50396e-05
8.26071e-05
8.08418e-05
7.98544e-05
0.000195301
0.000289381
0.000274663
0.000257607
0.000241734
0.000227055
0.000213495
0.000200973
0.000189411
0.000178737
0.000168882
0.000159785
0.000151387
0.000143634
0.000136477
0.000129871
0.000123772
0.000118142
0.000112945
0.000108148
0.000103719
9.96305e-05
9.58562e-05
9.23719e-05
8.91553e-05
8.61862e-05
8.34455e-05
8.09159e-05
7.85807e-05
7.64252e-05
7.44351e-05
7.25978e-05
7.09016e-05
6.93357e-05
6.78904e-05
6.65566e-05
6.53292e-05
6.42021e-05
0.000160497
0.00020978
0.000217398
0.000211391
0.000201382
0.000190604
0.000180123
0.000170263
0.000161097
0.000152613
0.000144781
0.00013756
0.000130897
0.000124763
0.000119101
0.000113867
0.000109028
0.000104568
0.000100459
9.66605e-05
9.31453e-05
8.99035e-05
8.69055e-05
8.41309e-05
8.1565e-05
7.91932e-05
7.70016e-05
7.49846e-05
7.31243e-05
7.14048e-05
6.98149e-05
6.8345e-05
6.69864e-05
6.5731e-05
6.45712e-05
6.34999e-05
6.25105e-05
6.1597e-05
6.07538e-05
5.99756e-05
5.9257e-05
5.85935e-05
5.7981e-05
5.74157e-05
5.6894e-05
5.64125e-05
5.5968e-05
5.55577e-05
5.51791e-05
5.48297e-05
5.45074e-05
5.421e-05
5.39356e-05
5.36825e-05
5.3449e-05
5.32335e-05
5.30348e-05
5.28515e-05
5.26825e-05
5.25266e-05
5.23827e-05
5.22501e-05
5.21288e-05
5.2027e-05
5.19364e-05
5.18519e-05
5.17718e-05
5.1696e-05
5.16244e-05
5.15567e-05
5.14927e-05
5.14347e-05
5.14767e-05
5.1595e-05
5.16971e-05
5.17717e-05
5.18259e-05
5.18446e-05
5.18275e-05
5.17907e-05
5.17419e-05
5.16868e-05
5.16292e-05
5.15715e-05
5.15154e-05
5.14613e-05
5.14094e-05
5.13605e-05
5.13144e-05
5.12713e-05
5.12315e-05
5.11946e-05
5.11604e-05
5.11289e-05
5.10999e-05
5.10732e-05
5.10486e-05
5.10261e-05
5.10055e-05
5.09867e-05
5.09696e-05
5.0954e-05
5.09397e-05
5.09267e-05
5.09146e-05
5.09036e-05
5.08936e-05
5.08844e-05
5.08758e-05
5.08679e-05
5.08607e-05
5.08544e-05
5.08489e-05
5.08441e-05
5.08399e-05
5.08363e-05
5.08329e-05
5.08296e-05
5.08267e-05
5.08243e-05
5.08224e-05
5.08205e-05
5.08189e-05
5.08172e-05

