5e-05
5.02631e-05
5.04691e-05
5.06301e-05
5.07572e-05
5.08582e-05
5.09394e-05
5.10052e-05
5.10709e-05
5.11502e-05
5.12246e-05
5.12913e-05
5.14058e-05
5.15718e-05
5.17134e-05
5.18378e-05
5.19547e-05
5.20892e-05
5.22958e-05
0.000165247
0.000198087
0.000201227
0.000194708
0.000185417
0.000175706
0.000166349
0.000157579
0.000149438
0.000141909
0.000134953
0.000128528
0.000122597
0.000117124
0.00011207
0.000107401
0.000103105
9.93904e-05
9.62277e-05
9.34551e-05
9.08534e-05
8.83008e-05
8.58481e-05
8.3486e-05
8.12428e-05
7.91269e-05
7.71379e-05
7.52739e-05
7.35316e-05
7.19066e-05
7.04149e-05
6.90787e-05
6.79057e-05
6.68137e-05
6.57549e-05
6.47627e-05
6.38437e-05
6.30234e-05
6.22672e-05
6.15586e-05
6.08786e-05
6.02007e-05
5.95506e-05
5.89427e-05
5.83763e-05
5.78517e-05
5.73645e-05
5.69151e-05
5.64985e-05
5.61135e-05
5.57542e-05
5.54209e-05
5.51131e-05
5.483e-05
5.45711e-05
5.43702e-05
5.44196e-05
5.46382e-05
5.49189e-05
5.51314e-05
5.52687e-05
7.57998e-05
0.00017451
0.000200025
0.000200777
0.000193568
0.000184213
0.000175107
0.00016703
0.000275814
0.000407608
0.000455586
0.000450666
0.000429098
0.000403192
0.000377188
0.000352459
0.000329381
0.000307991
0.000288214
0.000269948
0.000253082
0.000237511
0.000223137
0.000209868
0.000197618
0.000186311
0.000175873
0.000166237
0.000157342
0.000149131
0.000141551
0.000134554
0.000128094
0.000122131
0.000116627
0.000111546
0.000127667
0.000225656
0.000247983
0.000245121
0.0002344
0.000221722
0.000209063
0.000197048
0.000185847
0.000175474
0.000165886
0.000157028
0.00014885
0.000141307
0.000134343
0.000127912
0.000121973
0.000116487
0.000111422
0.000106746
0.000102437
9.84707e-05
9.48122e-05
9.14526e-05
8.83515e-05
8.54811e-05
8.28247e-05
8.03794e-05
7.81305e-05
7.60484e-05
7.4118e-05
7.2339e-05
0.000154352
0.000209866
0.000219522
0.000214088
0.000204124
0.000193225
0.00018258
0.000251943
0.000293388
0.000309715
0.000376022
0.000380722
0.000365575
0.000344883
0.000323472
0.000342151
0.000389634
0.000387621
0.000369989
0.000348284
0.000326379
0.000305515
0.000286035
0.000267976
0.00025128
0.000235858
0.000221619
0.000208473
0.000196339
0.000185137
0.000174796
0.000231215
0.0002815
0.000285831
0.000275346
0.000260685
0.000245436
0.00023077
0.000217029
0.000204274
0.000192477
0.000181589
0.000171539
0.00016226
0.000153691
0.000145779
0.000138474
0.000131729
0.000125501
0.000119753
0.000114543
0.000109812
0.000105438
0.000101381
9.76213e-05
9.4119e-05
9.08517e-05
0.000153892
0.000216908
0.000228643
0.00022343
0.000213077
0.000201607
0.000190359
0.000179747
0.000169872
0.000160729
0.000152278
0.000144474
0.000137269
0.000130617
0.000124477
0.000118809
0.000113576
0.000108746
0.000104288
0.000100172
9.63734e-05
9.28668e-05
8.96299e-05
8.66421e-05
8.38842e-05
8.13382e-05
7.89881e-05
7.68189e-05
7.48164e-05
7.29679e-05
7.12614e-05
6.96863e-05
6.82327e-05
6.68911e-05
6.56529e-05
6.45101e-05
6.34555e-05
6.24818e-05
6.15829e-05
6.07533e-05
5.99877e-05
5.92813e-05
5.86291e-05
5.80271e-05
5.74712e-05

