5e-05
5.02631e-05
5.04691e-05
5.06301e-05
5.07572e-05
5.08582e-05
5.09394e-05
5.10052e-05
5.10589e-05
5.11033e-05
5.11402e-05
5.11713e-05
5.11975e-05
5.12168e-05
5.12333e-05
5.12481e-05
5.12618e-05
5.12746e-05
5.12867e-05
5.12984e-05
5.13096e-05
5.13178e-05
5.13244e-05
5.1326e-05
5.13246e-05
5.13248e-05
5.13267e-05
5.13387e-05
5.13683e-05
0.000162319
0.000198983
0.000202945
0.000196913
0.000188081
0.000178729
0.00016964
0.000161039
0.000152974
0.000145433
0.000138393
0.00013185
0.00012578
0.000120153
0.000114934
0.000110094
0.000105618
0.000101478
9.76501e-05
9.41098e-05
9.08391e-05
8.78192e-05
8.50302e-05
8.24417e-05
8.00452e-05
7.78337e-05
7.57931e-05
7.3912e-05
7.21992e-05
0.000177596
0.00021303
0.000216156
0.000208856
0.000198611
0.000187948
0.000177686
0.000168067
0.000159135
0.000150868
0.000143231
0.000136177
0.000129663
0.00012365
0.000118102
0.000112981
0.000108255
0.000103889
9.98578e-05
9.61354e-05
9.27002e-05
8.9531e-05
8.66214e-05
8.3953e-05
8.14953e-05
7.92284e-05
7.71352e-05
7.5201e-05
7.34128e-05
7.17592e-05
7.02299e-05
0.000133619
0.000200825
0.000214664
0.000210843
0.000201603
0.000191103
0.000180729
0.000170919
0.000161782
0.000153317
0.000145494
0.000138267
0.000131593
0.00012543
0.000119742
0.000114489
0.000109641
0.000105165
0.000101029
9.72085e-05
9.36824e-05
9.04294e-05
8.74287e-05
8.46606e-05
8.21066e-05
7.97565e-05
7.76066e-05
7.56283e-05
7.38035e-05
7.21147e-05
7.05545e-05
6.91128e-05
6.77803e-05
6.65477e-05
6.54042e-05
6.4346e-05
6.33649e-05
6.24557e-05
6.16146e-05
6.08385e-05
6.01224e-05
5.94618e-05
5.88523e-05
5.82881e-05
5.77654e-05
5.72835e-05
5.68392e-05
5.64298e-05
5.60546e-05
5.57243e-05
5.54262e-05
5.51505e-05
5.4893e-05
5.46521e-05
5.44286e-05
5.42211e-05
5.40282e-05
5.38457e-05
5.36743e-05
5.35152e-05
5.33679e-05
5.32315e-05
5.31058e-05
5.30096e-05
5.29239e-05
5.28446e-05
5.29521e-05
5.34173e-05
0.000155536
0.000192474
0.000197505
0.000192043
0.000183422
0.000174183
0.000165174
0.000156639
0.000148671
0.00014127
0.000134414
0.000128067
0.000122192
0.000116763
0.000111747
0.000107116
0.00010284
9.88889e-05
9.52372e-05
9.18659e-05
8.8753e-05
8.58809e-05
8.32317e-05
0.000122494
0.000205049
0.000223519
0.000220718
0.000211289
0.00020023
0.000189212
0.000178762
0.000169019
0.000159993
0.000151652
0.00014395
0.000136841
0.00013028
0.000124221
0.000118626
0.000113461
0.000108695
0.000104318
0.000100294
9.65798e-05
9.3149e-05
8.99753e-05
8.70416e-05
8.43272e-05
8.18195e-05
7.95026e-05
7.7359e-05
7.53755e-05
7.35433e-05
7.18519e-05
7.02907e-05
6.88481e-05
6.75135e-05
6.62787e-05
6.51376e-05
6.40846e-05
0.000169287
0.000206511
0.000210523
0.000203796
0.000193997
0.000183714
0.000173791
0.000164481
0.000155836
0.000147833
0.000140434
0.000133597
0.00012728
0.000121448
0.00011609
0.0001114
0.000107244
0.000103486
0.000100018
9.67658e-05
9.36874e-05
9.07663e-05
8.7996e-05
8.53452e-05
8.28445e-05
8.05101e-05
7.83317e-05
7.65126e-05
7.51977e-05
7.41242e-05
7.30407e-05
7.19331e-05
7.07926e-05

