5e-05
5.02631e-05
5.04691e-05
5.06301e-05
5.07572e-05
5.08582e-05
5.09394e-05
5.10052e-05
5.10606e-05
5.11494e-05
5.12672e-05
5.13805e-05
5.14798e-05
5.15841e-05
5.16736e-05
5.17483e-05
5.18074e-05
5.18513e-05
5.18815e-05
5.18989e-05
5.18958e-05
5.18806e-05
5.18617e-05
5.18345e-05
5.18083e-05
5.19936e-05
5.24393e-05
5.29929e-05
5.35348e-05
5.38027e-05
5.38926e-05
5.39081e-05
5.38731e-05
5.38103e-05
5.37206e-05
5.3616e-05
5.34999e-05
5.33829e-05
5.32686e-05
5.31583e-05
5.30529e-05
5.29529e-05
5.28561e-05
5.27629e-05
5.26761e-05
5.25936e-05
5.2515e-05
5.244e-05
0.000162422
0.000199249
0.000203518
0.000197234
0.000187901
0.00017806
0.000168556
0.000159723
0.00025702
0.000279783
0.000275502
0.00026285
0.000248185
0.000233633
0.000219854
0.000207042
0.000195557
0.000185412
0.00017655
0.000230742
0.00036831
0.00035496
0.000331937
0.000310372
0.000290423
0.000271994
0.000254976
0.000239263
0.000224757
0.000211365
0.000199002
0.00018759
0.000177055
0.00016733
0.000158352
0.000150064
0.000142413
0.000135351
0.000128831
0.000122812
0.000117256
0.000112127
0.000107393
0.000103022
9.89866e-05
9.52616e-05
9.1823e-05
8.86493e-05
8.57272e-05
8.30318e-05
8.05424e-05
7.82425e-05
7.61177e-05
7.4155e-05
7.23421e-05
7.06677e-05
6.91245e-05
6.77069e-05
6.63981e-05
6.51883e-05
6.40696e-05
6.30353e-05
0.00012122
0.000198618
0.00021575
0.000212866
0.000203756
0.000193149
0.000182698
0.000172863
0.00016367
0.000155114
0.000147184
0.000139842
0.000133043
0.000126749
0.000120924
0.000115538
0.000110559
0.000105959
0.000101709
9.77846e-05
9.41604e-05
9.0814e-05
8.77243e-05
0.00017921
0.000224205
0.000229609
0.000222342
0.00021141
0.000199866
0.000188713
0.000178243
0.000168506
0.000159486
0.000151145
0.000143439
0.000136344
0.000129806
0.000123776
0.0001182
0.000113038
0.000108266
0.000103854
9.97764e-05
9.60092e-05
9.25293e-05
8.93152e-05
8.63472e-05
8.36066e-05
8.10762e-05
7.874e-05
7.65833e-05
7.45923e-05
7.27543e-05
7.10575e-05
6.94913e-05
6.80455e-05
6.6711e-05
6.54791e-05
6.43421e-05
6.32926e-05
6.23239e-05
6.14299e-05
6.06046e-05
5.9843e-05
5.914e-05
5.84914e-05
5.79021e-05
5.73637e-05
5.68666e-05
5.6406e-05
5.59781e-05
5.55811e-05
5.52131e-05
5.48721e-05
5.45562e-05
5.42639e-05
5.39935e-05
5.37436e-05
5.35128e-05
5.32995e-05
5.31027e-05
5.2921e-05
5.27532e-05
0.000152389
0.00020005
0.00020766
0.000202164
0.000192782
0.000182645
0.000172786
0.000163512
0.000154888
0.000146905
0.000139526
0.00013271
0.000126415
0.000120604
0.000115238
0.000110283
0.00010571
0.000101487
9.75896e-05
9.39914e-05
9.06695e-05
8.76026e-05
8.47714e-05
8.2158e-05
7.97459e-05
7.75192e-05
7.54637e-05
0.000128509
0.000204973
0.000221483
0.000218119
0.000208612
0.000197633
0.000186741
0.000176426
0.000166814
0.000157911
0.000149682
0.000142081
0.000135065
0.000128588
0.000122609
0.00011709
0.000111995
0.000107292
0.000102951
9.89439e-05
9.5245e-05
9.183e-05
8.8677e-05
8.57662e-05
8.30794e-05
8.05995e-05
7.83105e-05
7.6198e-05
7.42485e-05
7.24494e-05

