5e-05
5.02667e-05
5.04834e-05
5.06586e-05
5.08009e-05
5.09171e-05
5.10125e-05
5.10912e-05
5.11565e-05
5.12109e-05
5.12566e-05
5.12951e-05
5.13298e-05
5.13804e-05
5.14578e-05
5.15578e-05
5.16553e-05
5.17419e-05
5.18144e-05
5.18709e-05
5.18891e-05
5.18913e-05
5.18857e-05
0.000153751
0.000197962
0.000204608
0.000198991
0.000189766
0.000179861
0.000170243
0.000161201
0.0001528
0.000145028
0.000137844
0.000131206
0.000125077
0.00011942
0.000114201
0.000109385
0.000104941
0.000100841
9.7057e-05
9.35657e-05
9.0344e-05
8.73688e-05
8.4621e-05
8.20855e-05
7.97469e-05
7.7614e-05
7.56623e-05
7.38654e-05
7.22007e-05
7.06513e-05
6.92185e-05
6.78939e-05
6.66672e-05
6.55291e-05
6.4477e-05
6.35047e-05
6.26047e-05
6.17587e-05
6.09696e-05
6.02395e-05
5.9566e-05
5.89463e-05
5.83756e-05
5.78464e-05
5.73571e-05
5.69058e-05
5.64894e-05
5.61072e-05
5.57567e-05
5.54352e-05
5.51372e-05
5.48601e-05
5.46008e-05
5.43632e-05
5.41455e-05
5.3942e-05
5.37533e-05
5.35805e-05
5.3417e-05
5.32675e-05
5.31319e-05
5.30092e-05
5.28981e-05
5.27935e-05
5.26948e-05
5.26054e-05
5.2525e-05
5.24527e-05
5.23857e-05
5.23232e-05
5.22666e-05
5.22127e-05
5.21609e-05
5.2114e-05
5.20725e-05
5.20359e-05
5.20037e-05
5.19755e-05
5.19694e-05
5.20083e-05
5.20533e-05
5.20971e-05
5.21372e-05
5.21671e-05
5.21824e-05
5.21891e-05
5.21846e-05
5.2176e-05
5.21648e-05
5.21515e-05
5.21316e-05
5.21004e-05
5.20676e-05
5.20338e-05
5.2003e-05
5.19755e-05
5.1951e-05
5.19294e-05
5.19103e-05
5.18935e-05
5.18787e-05
5.18658e-05
5.18535e-05
5.18391e-05
5.18237e-05
5.18034e-05
5.17819e-05
5.1763e-05
5.17475e-05
5.17356e-05
5.19145e-05
5.24428e-05
5.3189e-05
5.40809e-05
5.51167e-05
5.64122e-05
5.75028e-05
5.88487e-05
0.000199376
0.00028046
0.00026745
0.000251176
0.000236022
0.000222117
0.000209205
0.000197221
0.000186105
0.0001758
0.000166261
0.000157442
0.000149292
0.000141762
0.000134811
0.000128531
0.00012309
0.000118277
0.000113901
0.000109751
0.000105748
0.00010194
9.83236e-05
9.48892e-05
9.16661e-05
8.86619e-05
8.58663e-05
8.32673e-05
8.08585e-05
7.86281e-05
7.65643e-05
7.46546e-05
7.28858e-05
7.12505e-05
6.97628e-05
6.83935e-05
6.71272e-05
6.59585e-05
6.48791e-05
6.38814e-05
9.51506e-05
0.000188891
0.000211775
0.000210975
0.000202684
0.000192433
0.000182072
0.000172196
0.000162971
0.000154421
0.000146515
0.000139209
0.000132463
0.000126234
0.000120484
0.000115177
0.000110278
0.000105756
0.000101584
9.77348e-05
9.41797e-05
9.08991e-05
8.78722e-05
8.50779e-05
8.24972e-05
8.01161e-05
7.79184e-05
7.58878e-05
7.40136e-05
7.2281e-05
7.06799e-05
6.92032e-05
6.78415e-05
6.6586e-05
6.54283e-05
6.43599e-05
6.33715e-05
6.24597e-05
6.16191e-05
6.08409e-05
6.01223e-05
5.94546e-05
5.88342e-05
5.82629e-05
5.77373e-05
5.72538e-05
5.68092e-05
5.63987e-05
5.60159e-05
5.56606e-05
5.53303e-05
5.50271e-05
9.79652e-05
0.000184552
0.000205328
0.000204165
0.000196093
0.000186235
0.000176307
0.000166866
0.000158078
0.000149941
0.000142411
0.000135453
0.000129027
0.000123094
0.000117614
0.000112554
0.00010788

