5e-05
5.02667e-05
5.04834e-05
5.06586e-05
5.08009e-05
5.09171e-05
5.10125e-05
5.10912e-05
5.11565e-05
5.12109e-05
5.12566e-05
5.12951e-05
5.13279e-05
5.13517e-05
5.13671e-05
5.13802e-05
5.13924e-05
5.1404e-05
5.14151e-05
5.14251e-05
5.1432e-05
5.14391e-05
5.14467e-05
5.14547e-05
5.14632e-05
5.14721e-05
5.14813e-05
5.14906e-05
5.15001e-05
5.15096e-05
5.15722e-05
5.19792e-05
5.26552e-05
5.3493e-05
5.44466e-05
5.55514e-05
5.81736e-05
0.000238886
0.000277375
0.000262679
0.00024665
0.000231671
0.000217802
0.000204987
0.000193166
0.000182254
0.000172181
0.000226093
0.000291069
0.000299609
0.000289793
0.000274644
0.000258567
0.000243005
0.000228393
0.000280983
0.000329434
0.000330786
0.00031712
0.000299377
0.000281235
0.000263883
0.000247655
0.000232604
0.000218687
0.000205833
0.000193966
0.000183011
0.0001729
0.000163566
0.000154951
0.000146998
0.000139658
0.000132883
0.000126628
0.000120859
0.000115559
0.000110678
0.000106173
0.000102013
9.81704e-05
9.4619e-05
9.13367e-05
8.83031e-05
8.54992e-05
8.29077e-05
8.05128e-05
7.82984e-05
7.62484e-05
7.43543e-05
7.26049e-05
7.09892e-05
6.94972e-05
6.81194e-05
6.68472e-05
6.56726e-05
6.46073e-05
6.36421e-05
6.2755e-05
6.19356e-05
6.11763e-05
6.04713e-05
5.9811e-05
5.91968e-05
5.8627e-05
5.80985e-05
5.76085e-05
5.71544e-05
5.67335e-05
5.63437e-05
0.000163024
0.000201603
0.000206294
0.000199981
0.000190492
0.00018049
0.000170838
0.000161783
0.000153372
0.000145588
0.000138393
0.000131746
0.000125606
0.000119935
0.000114697
0.000109859
0.000105391
0.000101265
9.74545e-05
9.39355e-05
9.0686e-05
8.76853e-05
0.000118836
0.00020591
0.000225792
0.000223322
0.000213876
0.000202692
0.000191518
0.000180912
0.000171021
0.000161856
0.000153384
0.00014556
0.000138336
0.000131667
0.00012551
0.000119827
0.000114581
0.000109738
0.000105271
0.00010137
9.80995e-05
9.5282e-05
9.2789e-05
9.05192e-05
8.83889e-05
8.63299e-05
8.42992e-05
8.22872e-05
8.03081e-05
7.83843e-05
7.65356e-05
7.47757e-05
7.31121e-05
7.15477e-05
7.00825e-05
6.8714e-05
6.74324e-05
6.62395e-05
6.51324e-05
6.41061e-05
6.31556e-05
6.22758e-05
6.14619e-05
6.07093e-05
6.00137e-05
5.93709e-05
5.87773e-05
5.8229e-05
5.77229e-05
5.72556e-05
5.68244e-05
5.64264e-05
5.60592e-05
5.57203e-05
5.54077e-05
5.51193e-05
5.48532e-05
5.46077e-05
5.43813e-05
5.41723e-05
9.32456e-05
0.000182356
0.000204069
0.000203277
0.000195377
0.000185619
0.000175762
0.000166372
0.000157604
0.000149475
0.00014196
0.000135019
0.00012861
0.000122694
0.000117231
0.000112185
0.000107527
0.000103227
9.92584e-05
9.55955e-05
9.22147e-05
8.90942e-05
8.6214e-05
8.35555e-05
8.11017e-05
7.88368e-05
7.67462e-05
7.48164e-05
0.000176756
0.000214436
0.000218191
0.000210983
0.000200656
0.00018986
0.000179459
0.000169709
0.000160658
0.000152285
0.000144702
0.000138017
0.000132011
0.000126555
0.000121532
0.000116848
0.000112439
0.000108265
0.00010431
0.000100571
9.70473e-05
9.37391e-05
9.06424e-05
8.774e-05
8.50365e-05
8.25249e-05
8.01944e-05
7.8034e-05
7.60326e-05
7.41796e-05

