5e-05
5.02667e-05
5.04834e-05
5.06586e-05
5.08009e-05
5.09171e-05
5.10125e-05
5.10912e-05
5.11584e-05
5.12431e-05
5.13311e-05
5.14109e-05
5.14735e-05
5.15102e-05
5.15317e-05
5.15715e-05
5.16244e-05
5.16758e-05
5.17215e-05
5.17572e-05
5.17745e-05
5.1785e-05
5.17921e-05
5.17934e-05
5.17858e-05
5.17771e-05
5.17688e-05
5.17612e-05
5.17544e-05
5.17434e-05
5.1729e-05
5.17141e-05
5.16998e-05
5.1688e-05
5.16787e-05
5.16717e-05
5.16666e-05
5.16614e-05
5.16552e-05
5.16506e-05
5.16478e-05
5.16464e-05
5.16441e-05
5.16408e-05
5.16389e-05
5.16384e-05
5.16446e-05
5.16732e-05
5.16945e-05
5.17168e-05
5.17342e-05
9.03601e-05
0.000180598
0.000202773
0.000202189
0.000194409
0.000184737
0.000174953
0.000165629
0.00015692
0.000148843
0.000141368
0.000134464
0.000128091
0.000122209
0.00011678
0.000111767
0.000107141
0.000102871
9.89318e-05
9.52966e-05
9.19421e-05
8.88467e-05
8.59901e-05
8.33541e-05
8.09214e-05
7.86763e-05
7.66044e-05
7.46921e-05
7.29272e-05
7.12988e-05
6.982e-05
6.84732e-05
6.72344e-05
6.60904e-05
0.000142334
0.0002005
0.000211508
0.000206967
0.000197712
0.00018756
0.000178051
0.000169508
0.00021098
0.000367926
0.00036515
0.000342169
0.000319952
0.000299328
0.000280257
0.00026264
0.000246375
0.000231375
0.000217533
0.000204758
0.000192965
0.000182077
0.000172026
0.00016275
0.000154188
0.000146283
0.000138986
0.000132252
0.000126037
0.000228031
0.000259486
0.000258976
0.000248346
0.000235039
0.000221552
0.000208691
0.000196676
0.000185535
0.000175235
0.000165723
0.000163325
0.000259235
0.000279779
0.000274793
0.000261944
0.000247247
0.000232707
0.000218974
0.000206213
0.000194411
0.000183686
0.000224834
0.000379585
0.000374875
0.000351323
0.000328479
0.000307234
0.000387586
0.000406137
0.000394061
0.000372944
0.000350066
0.000327801
0.000306841
0.000287337
0.000354618
0.000378938
0.0003702
0.000351355
0.000330259
0.00030952
0.000289935
0.000271723
0.000254861
0.000333845
0.000350946
0.00034132
0.000323653
0.000304337
0.000361337
0.00038341
0.000373705
0.000354384
0.00033297
0.000311969
0.000292154
0.000273712
0.000256636
0.000240855
0.000226278
0.000212818
0.000200392
0.000188922
0.000178331
0.00016856
0.000159723
0.00015177
0.000144494
0.000137755
0.000131435
0.00012551
0.000119998
0.000114903
0.000110168
0.000105763
0.00010169
9.80056e-05
9.50162e-05
9.2409e-05
8.99008e-05
8.74309e-05
8.49809e-05
8.26252e-05
8.03654e-05
7.82357e-05
7.62406e-05
7.43753e-05
7.26389e-05
7.10238e-05
6.95264e-05
6.81395e-05
6.68561e-05
6.56672e-05
6.45649e-05
6.35456e-05
6.2603e-05
6.1732e-05
6.09284e-05
6.01856e-05
5.94985e-05
5.88625e-05
5.82765e-05
5.77371e-05
5.72393e-05
5.67802e-05
5.63576e-05
5.59666e-05
5.56065e-05
5.52735e-05
5.49664e-05
5.4684e-05
5.44244e-05
5.41841e-05
5.39618e-05
5.37576e-05
5.35698e-05
5.33949e-05
5.32319e-05
5.30812e-05
0.000155576
0.000198989
0.000205324
0.00019957
0.000190263
0.000180299
0.000170629
0.000161536
0.000153084
0.000145263
0.000138036
0.000131364
0.000125206
0.000119521
0.000114272
0.000109429

