5e-05
5.02667e-05
5.04834e-05
5.06586e-05
5.08009e-05
5.09171e-05
5.10125e-05
5.10977e-05
5.12653e-05
5.14836e-05
5.16951e-05
5.1879e-05
0.000129598
0.000189169
0.000201265
0.000197615
0.00018917
0.000179625
0.000170224
0.000161325
0.000152981
0.000145226
0.000138049
0.000131408
0.000125275
0.000119838
0.000115135
0.000111014
0.000107633
0.000146951
0.000311621
0.000315318
0.000296298
0.00027761
0.000260241
0.000244175
0.000229332
0.000215623
0.000202967
0.000191282
0.000180498
0.000170545
0.00016136
0.000152884
0.000145064
0.000137862
0.000131234
0.000125123
0.000191485
0.000250096
0.000258635
0.000250934
0.000238481
0.000225126
0.000212153
0.000199955
0.000188612
0.000178142
0.000273652
0.000295179
0.000289809
0.000276083
0.000260388
0.00024486
0.000230168
0.000216481
0.000203804
0.00019209
0.000181274
0.000171288
0.00016207
0.000153555
0.000145697
0.000138446
0.000131754
0.000125574
0.000119868
0.000114602
0.000109744
0.000105259
0.000111859
0.000212566
0.000236713
0.000235038
0.000225242
0.000213363
0.000201422
0.000264535
0.000304002
0.000303794
0.000290996
0.000274848
0.000258448
0.000242795
0.000228205
0.000214951
0.000202917
0.000191881
0.000181652
0.000172147
0.000163236
0.00015493
0.000147203
0.000140011
0.000133339
0.000127156
0.000121427
0.000116115
0.000111199
0.000106653
0.00010245
9.85656e-05
9.49768e-05
9.16882e-05
8.86576e-05
8.58588e-05
8.32612e-05
8.08483e-05
7.86137e-05
7.65471e-05
7.46351e-05
7.28696e-05
7.12365e-05
6.97234e-05
6.83207e-05
6.70253e-05
6.5831e-05
6.47297e-05
6.37112e-05
6.27695e-05
6.19017e-05
6.11026e-05
6.03745e-05
5.97294e-05
5.91427e-05
5.85988e-05
5.81129e-05
5.76711e-05
5.72784e-05
5.70222e-05
5.68813e-05
5.67872e-05
5.66527e-05
5.64932e-05
5.63539e-05
5.62714e-05
5.60969e-05
5.58966e-05
5.56841e-05
5.54527e-05
5.52022e-05
5.49505e-05
5.47102e-05
5.44738e-05
5.42487e-05
5.40362e-05
5.38375e-05
5.36536e-05
5.35114e-05
5.36098e-05
5.38723e-05
5.42142e-05
5.44763e-05
5.45565e-05
5.45593e-05
5.45412e-05
5.45425e-05
5.45299e-05
5.44867e-05
5.43942e-05
5.42762e-05
5.41434e-05
5.40052e-05
5.38673e-05
5.37347e-05
5.36083e-05
5.34849e-05
5.33602e-05
5.32601e-05
5.31775e-05
5.30989e-05
5.30235e-05
5.29457e-05
5.28679e-05
5.27833e-05
5.26998e-05
5.26205e-05
5.25486e-05
5.24806e-05
5.24133e-05
5.23476e-05
5.22816e-05
5.222e-05
5.2166e-05
5.23257e-05
5.29232e-05
5.37264e-05
5.45123e-05
5.49999e-05
5.52758e-05
5.54059e-05
5.54485e-05
5.54019e-05
5.53036e-05
5.5173e-05
5.50011e-05
5.48033e-05
5.46033e-05
0.000158687
0.000199582
0.000205134
0.00019916
0.000190115
0.000180698
0.000171671
0.000163154
0.000155177
0.000147774
0.000140863
0.0001344
0.00012833
0.000122661
0.000117381
0.000112455
0.000107869
0.000103615
9.96753e-05
9.60231e-05
9.26361e-05
8.94984e-05
8.65951e-05
8.39123e-05
8.14362e-05
7.91514e-05
7.70397e-05
7.50902e-05
7.32923e-05
7.16343e-05
7.01029e-05
6.86874e-05
6.73741e-05
6.61621e-05
6.5057e-05
6.40584e-05
6.31458e-05
6.23118e-05
6.15926e-05
6.09746e-05
6.03989e-05
5.98554e-05

