5e-05
5.02669e-05
5.04842e-05
5.06602e-05
5.08034e-05
5.09206e-05
5.10168e-05
5.10963e-05
5.11623e-05
5.1231e-05
5.13163e-05
5.13978e-05
5.14698e-05
5.15268e-05
5.15622e-05
5.15898e-05
5.16118e-05
5.16294e-05
5.16433e-05
5.16519e-05
0.000111813
0.00018675
0.000203733
0.000201453
0.000193164
0.000183573
0.00017432
0.000165705
0.000157689
0.000150074
0.000142829
0.000136081
0.000129809
0.000123981
0.000118569
0.000113547
0.00010889
0.000104574
0.000100576
9.68741e-05
9.34479e-05
9.02746e-05
8.73348e-05
8.46169e-05
8.2105e-05
7.97811e-05
7.7631e-05
7.56462e-05
7.38364e-05
7.21776e-05
7.06505e-05
6.92411e-05
6.79188e-05
6.66764e-05
6.55257e-05
6.44641e-05
6.34839e-05
6.2576e-05
6.17347e-05
6.09587e-05
6.02407e-05
5.95779e-05
5.89679e-05
5.84067e-05
5.78873e-05
5.74092e-05
5.699e-05
5.66198e-05
5.631e-05
5.60401e-05
5.57902e-05
5.55489e-05
5.53212e-05
5.51056e-05
5.49185e-05
5.47624e-05
5.46184e-05
5.44801e-05
5.43693e-05
5.42834e-05
5.41982e-05
5.41004e-05
5.39939e-05
5.3873e-05
0.000129453
0.000191359
0.000204053
0.000200414
0.000191766
0.000181959
0.000172277
0.000163125
0.000154602
0.000194874
0.000261623
0.000272228
0.000264469
0.000251272
0.000237015
0.000223141
0.000210089
0.000197958
0.000186728
0.000176347
0.00016676
0.000157912
0.000149743
0.0001422
0.000135238
0.000128813
0.000122884
0.000117411
0.000112361
0.0001077
0.000103395
9.94179e-05
9.57644e-05
9.24121e-05
8.9324e-05
8.64734e-05
8.38346e-05
8.13962e-05
7.91431e-05
7.70609e-05
7.51409e-05
7.33845e-05
7.17697e-05
7.02805e-05
6.88997e-05
6.76089e-05
6.64133e-05
6.53073e-05
6.42824e-05
6.33312e-05
6.24801e-05
6.17055e-05
6.09862e-05
6.03208e-05
0.000113926
0.000189974
0.000207222
0.00020487
0.000196408
0.000186426
0.000176465
0.000167031
0.000158261
0.000150175
0.00014271
0.000135806
0.000129419
0.000123511
0.000191917
0.000243025
0.00024965
0.000241795
0.00022973
0.000216926
0.000288932
0.000317555
0.000313246
0.000298684
0.000281598
0.000264571
0.000248422
0.000233366
0.000292508
0.000326593
0.000323558
0.000308875
0.000291236
0.000273547
0.000256734
0.000241043
0.000226501
0.000213057
0.000200639
0.000189175
0.000178594
0.000168829
0.000159813
0.000151492
0.000143812
0.000136725
0.000130185
0.000124149
0.000118578
0.000113433
0.000108681
0.000104291
0.000100234
9.649e-05
9.30362e-05
8.985e-05
8.69106e-05
8.4199e-05
8.16973e-05
7.93894e-05
7.726e-05
7.52954e-05
7.34827e-05
7.18101e-05
7.02667e-05
6.88424e-05
6.75279e-05
6.63104e-05
6.51821e-05
6.41357e-05
6.31706e-05
6.22812e-05
6.14616e-05
6.07063e-05
6.00104e-05
5.9369e-05
5.87779e-05
5.82328e-05
5.77262e-05
5.72587e-05
5.68259e-05
5.64245e-05
0.000166321
0.000202074
0.000205837
0.000199255
0.000189717
0.000179722
0.000170086
0.000161067
0.000152713
0.000144984
0.000137842
0.000131245
0.000125148
0.000119516
0.000114312
0.000109508
0.000105072
0.000100977
9.71966e-05
9.37062e-05
9.04746e-05
8.74855e-05
8.47269e-05
8.21814e-05
7.98329e-05
7.76643e-05
7.56582e-05
7.3805e-05
7.20899e-05
7.05067e-05

