5e-05
5.02669e-05
5.04842e-05
5.06602e-05
5.08034e-05
5.09206e-05
5.10168e-05
5.10963e-05
5.11623e-05
5.12174e-05
5.12636e-05
5.13049e-05
5.13677e-05
0.000162294
0.000198169
0.000202195
0.000195897
0.000186634
0.000176887
0.000167474
0.000158634
0.00015042
0.00014282
0.000135794
0.000129304
0.000123316
0.000117789
0.00011269
0.000107985
0.000103641
9.96291e-05
9.59272e-05
9.25115e-05
8.93566e-05
8.64412e-05
8.37501e-05
8.12657e-05
7.89747e-05
7.68624e-05
7.49148e-05
7.31192e-05
7.14636e-05
6.99371e-05
6.86327e-05
6.78021e-05
6.73256e-05
6.71154e-05
6.71749e-05
6.82286e-05
0.000244962
0.000281374
0.00026587
0.000249575
0.000234367
0.000220293
0.000207286
0.000195273
0.00018418
0.00017394
0.000164487
0.000155761
0.000147703
0.000140268
0.000133406
0.000127074
0.000121231
0.000115841
0.000110866
0.000106278
0.000102045
9.81395e-05
9.45334e-05
9.12068e-05
8.81387e-05
8.53089e-05
8.26989e-05
8.02915e-05
7.80711e-05
7.60229e-05
7.41314e-05
7.23838e-05
7.07694e-05
6.92805e-05
6.79073e-05
6.6641e-05
6.54731e-05
6.43936e-05
6.33966e-05
6.24769e-05
6.1626e-05
6.08411e-05
6.01172e-05
5.94472e-05
5.88295e-05
5.82603e-05
5.7736e-05
5.725e-05
5.6799e-05
5.63828e-05
5.59999e-05
5.56476e-05
5.53194e-05
5.50145e-05
5.47319e-05
5.44706e-05
5.42296e-05
5.40088e-05
5.38066e-05
5.36216e-05
5.34523e-05
5.32949e-05
5.31465e-05
5.30106e-05
5.28865e-05
5.27707e-05
5.26644e-05
5.25677e-05
5.24786e-05
5.23925e-05
5.23139e-05
5.22428e-05
5.21788e-05
5.21195e-05
5.20642e-05
5.20123e-05
5.19606e-05
5.19119e-05
5.18667e-05
5.18256e-05
5.17897e-05
5.17584e-05
5.17313e-05
5.17078e-05
5.16843e-05
5.16606e-05
5.16399e-05
5.16309e-05
5.16469e-05
0.000127353
0.000190163
0.000203098
0.000199573
0.00019103
0.000181323
0.000171732
0.000162651
0.00015418
0.000146329
0.00013906
0.000132339
0.000126133
0.000120402
0.00011511
0.000110219
0.000105704
0.000101536
9.76901e-05
0.000113449
0.000209831
0.000232516
0.000230585
0.000220937
0.000209323
0.000197669
0.000186592
0.000176255
0.000166677
0.000157821
0.000149638
0.000142079
0.0001351
0.000128656
0.000122709
0.000117219
0.000112151
0.000107476
0.000103163
9.91837e-05
9.55112e-05
9.21214e-05
8.89941e-05
8.61092e-05
8.34477e-05
8.09924e-05
7.87273e-05
0.000140893
0.000207395
0.000220653
0.000216335
0.000206652
0.000195752
0.000185017
0.000174877
0.000165436
0.000156689
0.000148601
0.000141129
0.000134232
0.000127867
0.00012199
0.000116564
0.000111556
0.000106931
0.00010266
9.87194e-05
9.50835e-05
9.17292e-05
8.86346e-05
8.57796e-05
8.31431e-05
8.07096e-05
7.8463e-05
7.63872e-05
7.44659e-05
7.26901e-05
7.10502e-05
6.95385e-05
6.81428e-05
6.68555e-05
6.56665e-05
6.45705e-05
6.35584e-05
6.26233e-05
6.17607e-05
6.09666e-05
6.02343e-05
5.95579e-05
5.89463e-05
5.83956e-05
5.78899e-05
5.74262e-05
6.97207e-05
0.000176296
0.000204094
0.000205251
0.000197877
0.000188163
0.000178191
0.000168638
0.000159696
0.0001514
0.00014373
0.000136641
0.000130093
0.000124046
0.000118462
0.000113309
0.000108554
0.000104166
0.000100118

