5e-05
5.02669e-05
5.04842e-05
5.06602e-05
5.08034e-05
5.09206e-05
5.10168e-05
5.10963e-05
5.11623e-05
5.12174e-05
5.12636e-05
5.13026e-05
5.13359e-05
0.000161217
0.000198087
0.000202427
0.000196223
0.000186981
0.000177232
0.000216041
0.000279504
0.000288208
0.000279004
0.000264618
0.000249309
0.000234482
0.000220557
0.000207621
0.000195652
0.000184595
0.000174381
0.000164949
0.000156243
0.000148207
0.000140786
0.000133935
0.000127611
0.000121773
0.000116384
0.000111406
0.000106812
0.000102572
9.8659e-05
9.50476e-05
9.17146e-05
8.86386e-05
8.57996e-05
8.31795e-05
8.07639e-05
7.85626e-05
7.65353e-05
7.46595e-05
7.29355e-05
7.13766e-05
6.99475e-05
6.86274e-05
6.73951e-05
6.62456e-05
6.51721e-05
6.4167e-05
6.32112e-05
6.23211e-05
6.14993e-05
6.07407e-05
6.00376e-05
5.9389e-05
5.87916e-05
5.82416e-05
5.77351e-05
5.7268e-05
5.68343e-05
5.64348e-05
5.60673e-05
5.57292e-05
5.54184e-05
5.51325e-05
5.48694e-05
5.46275e-05
5.44048e-05
5.41998e-05
5.40111e-05
5.38374e-05
5.36737e-05
5.35138e-05
5.3358e-05
5.32128e-05
5.30755e-05
5.29499e-05
5.28354e-05
5.273e-05
5.26378e-05
5.2578e-05
5.25332e-05
5.24972e-05
5.24661e-05
5.24314e-05
5.23968e-05
5.23637e-05
5.23275e-05
5.2291e-05
5.22566e-05
5.22242e-05
5.21938e-05
5.21651e-05
5.21335e-05
5.2103e-05
5.2072e-05
5.20413e-05
5.20319e-05
5.20439e-05
5.20491e-05
5.20486e-05
5.20393e-05
5.20192e-05
5.1998e-05
5.19787e-05
5.19613e-05
5.19542e-05
5.22325e-05
5.28776e-05
5.37961e-05
5.51041e-05
0.000159499
0.000278353
0.000271102
0.000254795
0.000239248
0.000224817
0.000211471
0.00019914
0.000187752
0.000177238
0.000167533
0.000158574
0.000150304
0.000142671
0.000135625
0.000129127
0.00012315
0.000117643
0.00011256
0.00010787
0.000103543
9.9549e-05
9.58589e-05
9.24538e-05
8.93329e-05
0.000126744
0.000212049
0.00023096
0.000227979
0.000218178
0.000206693
0.000274256
0.000311509
0.000310278
0.000303214
0.000375141
0.000382095
0.000367655
0.000347146
0.000325741
0.000305123
0.000285793
0.00026784
0.000251229
0.000235884
0.000221715
0.00020863
0.00019655
0.000187569
0.000278525
0.000297059
0.000290552
0.000276424
0.000260588
0.000245018
0.000290342
0.000328055
0.000326374
0.000312281
0.000294925
0.000277363
0.00026056
0.000244761
0.000230063
0.000216448
0.000203855
0.000192212
0.000181453
0.000171509
0.000162312
0.00015381
0.000145958
0.000138704
0.000132001
0.000125811
0.000120095
0.000114815
0.000109941
0.000105441
0.000101285
9.74477e-05
9.39073e-05
9.06412e-05
8.76284e-05
8.48491e-05
8.22853e-05
7.99201e-05
7.77364e-05
7.57199e-05
7.38595e-05
7.21433e-05
7.05602e-05
6.90981e-05
6.77467e-05
0.00016407
0.00020615
0.000211565
0.000205617
0.000196359
0.000186485
0.000176812
0.000167624
0.000158995
0.000150936
0.000143438
0.000136479
0.000130031
0.000124057
0.00011853
0.000113417
0.000108687
0.000104316
0.000100279
9.65489e-05
9.31042e-05
8.99229e-05
8.69829e-05
8.42593e-05
8.17396e-05
7.94117e-05
7.72619e-05
7.52789e-05
7.34488e-05
7.17589e-05
7.02006e-05
6.87639e-05
6.74392e-05
6.62179e-05

