5e-05
5.02669e-05
5.04842e-05
5.06602e-05
5.08034e-05
5.09206e-05
5.10168e-05
5.10963e-05
5.11623e-05
5.12174e-05
5.12636e-05
5.13026e-05
5.13512e-05
5.1429e-05
5.14946e-05
5.15838e-05
5.16912e-05
5.17934e-05
5.18792e-05
5.19263e-05
5.19266e-05
5.19097e-05
5.18857e-05
5.18471e-05
5.18088e-05
5.17755e-05
5.17475e-05
5.17244e-05
5.1705e-05
5.16846e-05
5.16662e-05
5.16518e-05
5.16412e-05
5.16341e-05
5.16298e-05
5.16281e-05
5.16284e-05
5.16305e-05
5.16339e-05
5.16384e-05
5.16438e-05
5.16476e-05
5.16489e-05
5.16496e-05
5.16479e-05
5.16474e-05
5.16482e-05
5.16501e-05
5.1653e-05
5.16566e-05
5.16585e-05
5.16539e-05
5.16418e-05
5.16277e-05
5.16167e-05
5.16061e-05
5.15969e-05
5.15892e-05
5.16076e-05
5.16395e-05
0.000144254
0.000194898
0.000203755
0.000198898
0.000189933
0.000180114
0.000170514
0.000161469
0.000153053
0.00014526
0.000138061
0.000235121
0.000262924
0.000261101
0.000249953
0.000236401
0.000222768
0.000209797
0.000197694
0.000186478
0.000176111
0.000166537
0.000157691
0.000149522
0.000141982
0.000135024
0.000128597
0.000122665
0.00011719
0.000112138
0.000107475
0.000103172
9.91987e-05
9.55322e-05
9.21486e-05
8.90249e-05
8.61434e-05
8.34854e-05
8.10301e-05
0.000104018
0.000198171
0.000220546
0.000219123
0.000210236
0.000199449
0.000188624
0.000178323
0.000168705
0.000159778
0.000151514
0.000143877
0.000136822
0.000130304
0.00012428
0.000118716
0.000113598
0.000108884
0.000104523
0.00010049
9.67666e-05
9.33279e-05
9.01543e-05
8.7254e-05
8.45822e-05
8.21144e-05
7.98341e-05
7.7723e-05
7.5763e-05
7.39491e-05
7.22901e-05
7.11267e-05
7.05754e-05
0.000100617
0.000277406
0.000289399
0.000272543
0.000255706
0.000240032
0.000225519
0.000212107
0.00019972
0.000188282
0.000177724
0.000167982
0.000159005
0.000207249
0.000275522
0.000332654
0.000377385
0.00037521
0.000358216
0.000337357
0.000359985
0.000404619
0.000400988
0.000446385
0.000459963
0.000443663
0.000418696
0.000392233
0.00036663
0.000342592
0.000321555
0.000390767
0.000396794
0.000381277
0.000359701
0.000337314
0.000315799
0.000295647
0.000276945
0.000259644
0.000243653
0.000228884
0.000215246
0.000202655
0.000206516
0.000286429
0.000300029
0.000291804
0.000277069
0.000261002
0.000245319
0.000230553
0.000216821
0.000204114
0.000192396
0.000181588
0.000171614
0.000162406
0.000196898
0.000263046
0.000273419
0.000265528
0.000252232
0.000237887
0.000293812
0.000328519
0.000325572
0.000323928
0.000385242
0.000387951
0.000371848
0.000350577
0.000328731
0.0003078
0.000288215
0.000270045
0.000253241
0.000237721
0.000223392
0.000210167
0.000197959
0.000186693
0.000176294
0.000166809
0.000158354
0.000150652
0.000143561
0.000137002
0.000130898
0.000125188
0.000119812
0.000195496
0.000238349
0.000242673
0.00023448
0.000222698
0.000210354
0.000198448
0.000187278
0.000176902
0.000167299
0.000158421
0.000150217
0.000142641
0.000135647
0.000129189
0.000123227
0.00011772
0.000112634
0.000107936
0.000103599
9.9597e-05
9.59031e-05
9.24942e-05
8.93482e-05
8.64447e-05
8.37651e-05
8.12885e-05

