5e-05
5.02669e-05
5.04842e-05
5.06602e-05
5.08034e-05
5.09206e-05
5.10168e-05
5.10963e-05
5.11623e-05
5.1231e-05
5.13163e-05
5.13978e-05
5.14698e-05
5.15268e-05
5.15622e-05
5.15898e-05
5.16118e-05
5.16294e-05
5.16433e-05
5.16519e-05
5.16493e-05
5.16386e-05
5.16282e-05
5.16173e-05
5.16108e-05
5.18292e-05
5.23436e-05
5.29824e-05
5.35903e-05
5.39635e-05
5.41029e-05
5.41753e-05
5.41993e-05
5.41841e-05
5.41384e-05
5.40702e-05
5.39861e-05
5.38912e-05
5.37898e-05
5.36851e-05
5.35794e-05
5.34713e-05
5.33611e-05
5.32552e-05
5.31545e-05
5.30565e-05
5.2961e-05
5.2873e-05
5.28141e-05
5.27715e-05
5.27364e-05
7.17083e-05
0.000175004
0.000201785
0.00020273
0.000195415
0.000185845
0.000176039
0.000166649
0.000157867
0.000149719
0.000142184
0.000135226
0.000128802
0.000122871
0.000117397
0.000112366
0.000107738
0.000103498
9.96e-05
9.6001e-05
9.26682e-05
8.95867e-05
8.67366e-05
8.41176e-05
8.17165e-05
7.95002e-05
7.74489e-05
7.55722e-05
7.38562e-05
7.22662e-05
7.07791e-05
0.00017054
0.000209391
0.000213834
0.000207101
0.000197136
0.000186644
0.000176513
0.000167003
0.000158169
0.000149998
0.000142448
0.000135472
0.000129024
0.000123072
0.000117579
0.00011251
0.000107833
0.000103516
9.95333e-05
9.58579e-05
9.24625e-05
8.93229e-05
8.64256e-05
8.37527e-05
8.12855e-05
7.90058e-05
7.69025e-05
7.49626e-05
7.31732e-05
7.15227e-05
7.00003e-05
6.8596e-05
6.72977e-05
6.6096e-05
6.50044e-05
6.4017e-05
6.31121e-05
6.22768e-05
6.14983e-05
6.07771e-05
6.01093e-05
5.94905e-05
9.82895e-05
0.000184915
0.000205719
0.000204596
0.000196563
0.000186725
0.000176808
0.000167365
0.000158545
0.000150364
0.000142828
0.000135878
0.000129457
0.000123527
0.00015549
0.000233493
0.000249171
0.000244206
0.00023293
0.000220213
0.000207679
0.000272532
0.000307721
0.000305946
0.000292626
0.000276306
0.000259844
0.00024416
0.000229504
0.000215902
0.00020332
0.000191696
0.000180954
0.000171029
0.000164873
0.000258578
0.000278844
0.000273826
0.000261025
0.000246397
0.000249448
0.000321951
0.000331367
0.00032025
0.00030317
0.000285056
0.000267529
0.000251071
0.000235782
0.000221632
0.000208558
0.000196485
0.000185338
0.00017505
0.000165555
0.000156792
0.000148701
0.000141234
0.000134343
0.000127984
0.000122116
0.000116701
0.000111703
0.000107086
0.000102822
9.88822e-05
9.52409e-05
9.18811e-05
8.87816e-05
8.59225e-05
8.32851e-05
8.08522e-05
7.86079e-05
7.65375e-05
7.46274e-05
7.28652e-05
7.12393e-05
6.97392e-05
6.8355e-05
6.70777e-05
6.58989e-05
6.48066e-05
6.37939e-05
6.28542e-05
6.19877e-05
6.11892e-05
6.04536e-05
5.97758e-05
5.91514e-05
5.85761e-05
5.8046e-05
5.75571e-05
5.71025e-05
5.66829e-05
5.62943e-05
5.59338e-05
5.55995e-05
5.529e-05
5.50057e-05
5.47445e-05
5.45009e-05
5.42766e-05
5.40711e-05
5.38978e-05
0.000163356
0.000199295
0.000203292
0.000196936
0.000187606
0.000177797
0.000168328
0.000159444
0.000151195
0.000143563
0.000136511
0.000129999
0.000123978
0.000118413
0.000113276
0.000108536
0.000104161
0.000100122
9.63894e-05
0.00010775
0.000207148
0.000230988

