5e-05
5.02631e-05
5.04691e-05
5.06301e-05
5.07572e-05
5.08582e-05
5.09394e-05
5.10052e-05
5.10589e-05
5.11153e-05
5.11865e-05
5.12588e-05
5.13546e-05
5.14314e-05
5.14745e-05
5.15331e-05
5.16018e-05
5.16647e-05
5.17173e-05
5.17587e-05
5.17801e-05
5.17881e-05
5.17904e-05
5.17867e-05
5.2e-05
5.25245e-05
5.31916e-05
5.38761e-05
5.44247e-05
5.45861e-05
5.46062e-05
5.45465e-05
5.4447e-05
5.43248e-05
5.41891e-05
5.40467e-05
5.39022e-05
5.37589e-05
5.36191e-05
5.34844e-05
5.33556e-05
5.32334e-05
5.31181e-05
5.30097e-05
5.29083e-05
5.28137e-05
5.8136e-05
0.000171178
0.000201794
0.000203946
0.000196948
0.000187389
0.000177486
0.000167973
0.000159065
0.000150802
0.00014316
0.000136103
0.00012959
0.00012358
0.000118028
0.000112897
0.000108157
0.000103784
9.97508e-05
9.60306e-05
9.25994e-05
8.94347e-05
8.65143e-05
8.38185e-05
8.13285e-05
7.90281e-05
7.69065e-05
7.49501e-05
7.31464e-05
7.15042e-05
7.00021e-05
6.86155e-05
6.73336e-05
6.61439e-05
6.50376e-05
6.40148e-05
6.30681e-05
6.21903e-05
6.1376e-05
6.06216e-05
5.99298e-05
5.93154e-05
5.87435e-05
5.82106e-05
5.77188e-05
5.72644e-05
5.68439e-05
5.64517e-05
5.60856e-05
5.57402e-05
5.5418e-05
5.51175e-05
5.48393e-05
5.45832e-05
5.43474e-05
5.41264e-05
5.39179e-05
5.37248e-05
5.35468e-05
5.34108e-05
5.33291e-05
5.32711e-05
5.32132e-05
5.31528e-05
5.30842e-05
5.30131e-05
5.29418e-05
5.28698e-05
5.27913e-05
5.27106e-05
5.26334e-05
5.25603e-05
5.24915e-05
5.24268e-05
5.23661e-05
5.23066e-05
5.22491e-05
5.21959e-05
5.21435e-05
5.20909e-05
5.20427e-05
5.19962e-05
5.19536e-05
5.19333e-05
5.19335e-05
5.19391e-05
5.19452e-05
5.19493e-05
5.19533e-05
5.19841e-05
5.20227e-05
5.20521e-05
5.20574e-05
5.20383e-05
5.20124e-05
5.19864e-05
5.19606e-05
5.1932e-05
5.19044e-05
5.18786e-05
5.18865e-05
5.19759e-05
5.20842e-05
5.2171e-05
5.22328e-05
5.227e-05
5.23444e-05
5.24769e-05
5.26142e-05
5.2766e-05
5.29179e-05
5.30218e-05
5.30591e-05
5.30619e-05
5.30454e-05
5.30493e-05
5.30574e-05
5.30532e-05
5.3021e-05
5.29643e-05
5.28942e-05
5.28183e-05
5.27321e-05
5.26469e-05
5.2567e-05
5.24912e-05
5.2414e-05
5.23398e-05
5.22718e-05
5.22074e-05
5.21471e-05
5.20918e-05
5.20424e-05
5.19956e-05
5.19538e-05
5.1917e-05
5.18849e-05
5.18558e-05
5.18276e-05
5.18028e-05
5.17813e-05
5.17628e-05
5.17657e-05
5.17825e-05
5.18015e-05
5.18198e-05
5.18353e-05
5.18471e-05
5.18548e-05
5.18587e-05
5.18591e-05
5.18525e-05
5.18421e-05
5.18308e-05
5.18189e-05
5.18065e-05
5.17901e-05
5.17737e-05
5.17564e-05
5.1738e-05
5.17178e-05
5.16952e-05
5.16729e-05
5.16522e-05
5.16345e-05
5.16196e-05
5.16072e-05
5.15969e-05
5.15886e-05
5.15818e-05
5.15763e-05
5.1572e-05
5.15667e-05
5.15596e-05
5.15506e-05
5.15422e-05
5.15325e-05
5.15241e-05
5.15146e-05
5.15139e-05
5.15375e-05
5.15629e-05
5.15876e-05
5.16078e-05
0.000146428
0.000195364
0.000203669
0.000198642
0.000189633
0.000179812
0.000170225
0.000161194
0.000152796
0.000145019
0.000159326
0.000247234
0.000265318
0.000260276
0.000248139
0.000234361
0.000220759
0.000207899
0.000195925
0.000184836

