5e-05
5.02669e-05
5.04842e-05
5.06602e-05
5.08034e-05
5.09206e-05
5.10168e-05
5.10963e-05
5.11623e-05
5.12174e-05
5.12636e-05
5.13026e-05
5.13512e-05
5.1429e-05
5.14946e-05
5.15838e-05
5.16912e-05
5.17934e-05
5.18792e-05
5.19263e-05
5.19266e-05
5.19097e-05
6.35868e-05
0.000173261
0.000202231
0.000203818
0.000196634
0.00018703
0.000177144
0.000167664
0.000158793
0.000150564
0.000142956
0.000135931
0.000129446
0.000123462
0.00011794
0.000112844
0.000108141
0.000103801
9.97957e-05
9.60974e-05
9.26813e-05
8.95272e-05
8.66134e-05
8.39246e-05
8.14438e-05
7.91549e-05
7.70431e-05
7.50947e-05
7.32946e-05
0.00010364
0.000194747
0.000216474
0.00021505
0.000206349
0.000195776
0.000185142
0.000175049
0.000165644
0.00015691
0.000148824
0.000141358
0.000134465
0.000128104
0.000122229
0.0001168
0.000111789
0.00010716
0.000102884
9.8939e-05
9.52933e-05
9.19271e-05
8.88188e-05
8.59451e-05
8.329e-05
8.08399e-05
7.85786e-05
7.64939e-05
7.45724e-05
7.28012e-05
7.11673e-05
6.96526e-05
6.82524e-05
6.69604e-05
6.57696e-05
6.46673e-05
6.36508e-05
6.27125e-05
6.1849e-05
6.10528e-05
6.03183e-05
5.96402e-05
5.90151e-05
5.84391e-05
5.7907e-05
5.74181e-05
5.69686e-05
5.6552e-05
5.61667e-05
5.58076e-05
5.54908e-05
5.5211e-05
5.49592e-05
5.47534e-05
5.45875e-05
5.44314e-05
5.42834e-05
5.41343e-05
5.39861e-05
5.38452e-05
5.37118e-05
5.35826e-05
5.3457e-05
5.33385e-05
5.3247e-05
5.31732e-05
5.30952e-05
5.30166e-05
5.29428e-05
5.28734e-05
5.28101e-05
5.27809e-05
5.27596e-05
5.27384e-05
5.27167e-05
5.26904e-05
5.2655e-05
5.26177e-05
5.25987e-05
5.29493e-05
5.37955e-05
8.51268e-05
0.000263107
0.0002762
0.000260359
0.000244458
0.000229649
0.000215935
0.00020326
0.000191552
0.000180742
0.000170764
0.000161557
0.000153074
0.000145265
0.000138078
0.000131461
0.000125342
0.000119684
0.000114455
0.000109623
0.000105151
0.000101014
9.71933e-05
9.36632e-05
9.03995e-05
8.73863e-05
8.46044e-05
8.20362e-05
7.96656e-05
7.74789e-05
7.54635e-05
7.36047e-05
7.18854e-05
7.02989e-05
6.88541e-05
6.75302e-05
6.63109e-05
6.51869e-05
6.41509e-05
6.31917e-05
6.22986e-05
6.14705e-05
6.07036e-05
5.99934e-05
5.93368e-05
5.87246e-05
5.81574e-05
5.76355e-05
0.000153643
0.000201881
0.000209621
0.00020409
0.000194626
0.000184393
0.000174454
0.000165115
0.000156438
0.000148408
0.000140982
0.000134115
0.00012777
0.000152351
0.000236303
0.000253654
0.000248974
0.00023753
0.000224514
0.000211656
0.000199495
0.000188167
0.000177674
0.000167976
0.000224048
0.000276227
0.000281467
0.000271523
0.000257258
0.000242341
0.000227971
0.000214501
0.000201997
0.000190433
0.000179751
0.000170002
0.000161302
0.000153373
0.000146073
0.000139321
0.000133039
0.000127165
0.000121636
0.000116446
0.000111598
0.000107093
0.000102913
9.9032e-05
9.54315e-05
9.20982e-05
8.90142e-05
8.61616e-05
8.3524e-05
8.10833e-05
7.88243e-05
7.67371e-05
7.48093e-05
7.30289e-05
7.13849e-05
6.98631e-05
6.84568e-05
6.71554e-05
6.59541e-05
6.48459e-05
6.38239e-05
6.28813e-05
6.2012e-05
6.12103e-05
6.04708e-05
5.97851e-05

