5e-05
5.02669e-05
5.04842e-05
5.06602e-05
5.08034e-05
5.09206e-05
5.10168e-05
5.10963e-05
5.11623e-05
5.12176e-05
5.12869e-05
5.13667e-05
5.145e-05
5.15795e-05
5.17152e-05
5.18422e-05
5.19518e-05
5.20405e-05
5.21036e-05
5.21321e-05
5.21392e-05
5.21334e-05
5.21062e-05
5.20584e-05
5.20096e-05
5.19646e-05
5.19248e-05
5.18901e-05
5.18601e-05
5.18323e-05
5.1807e-05
5.17857e-05
5.17666e-05
5.17455e-05
5.17271e-05
5.17123e-05
5.17008e-05
5.16922e-05
5.16818e-05
5.16705e-05
5.16618e-05
5.17241e-05
5.21378e-05
5.28088e-05
5.35304e-05
5.42706e-05
5.49984e-05
5.56676e-05
5.62303e-05
5.66457e-05
5.69114e-05
5.70641e-05
0.000110537
0.000270987
0.00027425
0.000258507
0.000242778
0.000228112
0.000214533
0.000201978
0.000238418
0.000313024
0.000323521
0.000313106
0.000296578
0.000278944
0.000261851
0.000245794
0.000230877
0.000217077
0.000204329
0.000192559
0.000181697
0.00017167
0.000162418
0.000153875
0.000145991
0.000138711
0.000131993
0.000125791
0.000120069
0.000114786
0.000219181
0.000249178
0.000248717
0.000238614
0.000225962
0.000213138
0.000200904
0.000189477
0.000178885
0.00016909
0.000160044
0.000151694
0.000143988
0.00013703
0.000130922
0.000125454
0.000120465
0.000115837
0.000111489
0.000107374
0.000103474
9.97852e-05
9.63085e-05
9.30442e-05
8.99893e-05
8.71382e-05
8.4483e-05
8.20143e-05
7.9722e-05
7.75957e-05
7.5625e-05
7.3795e-05
7.20944e-05
7.0518e-05
6.906e-05
6.77134e-05
6.647e-05
6.53223e-05
6.42629e-05
6.32853e-05
6.2383e-05
6.15505e-05
6.07808e-05
6.0084e-05
5.94555e-05
5.88795e-05
5.83432e-05
5.78466e-05
5.73868e-05
5.69568e-05
5.65556e-05
5.61838e-05
5.58383e-05
5.55145e-05
5.52147e-05
5.4953e-05
5.47837e-05
5.4648e-05
5.45094e-05
5.43785e-05
5.42523e-05
5.41196e-05
5.3985e-05
5.38471e-05
5.37113e-05
5.35759e-05
5.34452e-05
5.33142e-05
5.31812e-05
5.30517e-05
5.29317e-05
5.28218e-05
5.27214e-05
0.000151687
0.000197829
0.000205105
0.00019966
0.000190451
0.000180512
0.000170844
0.000161747
0.000153293
0.000145469
0.000138237
0.000131561
0.0001254
0.000119715
0.000114468
0.000109627
0.00010516
0.000101037
9.72332e-05
9.37225e-05
9.04826e-05
8.74925e-05
8.47329e-05
8.21859e-05
7.98352e-05
7.76654e-05
7.5659e-05
7.38063e-05
7.20965e-05
7.05158e-05
6.90556e-05
6.7705e-05
6.64585e-05
6.53067e-05
6.42428e-05
6.32619e-05
6.23552e-05
6.15176e-05
6.07408e-05
6.00205e-05
5.93559e-05
5.87422e-05
5.81752e-05
5.76531e-05
5.71727e-05
5.67285e-05
5.63203e-05
5.59454e-05
0.000106734
0.000187402
0.000206197
0.00020436
0.000196059
0.000186127
0.00017618
0.00016673
0.000157914
0.000149745
0.000142193
0.000135217
0.000128775
0.000122826
0.000203844
0.000247443
0.000251394
0.000242564
0.000230119
0.000217155
0.000204682
0.000192995
0.000182148
0.000172113
0.000162842
0.00015428
0.000146376
0.00013908
0.000132344
0.000126127
0.000120389
0.000115095
0.000110208
0.000105698
0.000101533
9.76844e-05
9.41324e-05
9.0853e-05
8.7825e-05
8.50312e-05
8.2451e-05
8.00695e-05
7.78726e-05
7.5845e-05
7.39671e-05
7.22298e-05
7.06275e-05

