5e-05
5.02669e-05
5.04842e-05
5.06602e-05
5.08034e-05
5.09206e-05
5.10168e-05
5.10963e-05
5.11623e-05
5.12174e-05
5.12636e-05
5.13026e-05
5.13525e-05
5.14192e-05
5.14844e-05
5.15431e-05
5.15936e-05
5.16358e-05
5.167e-05
5.16973e-05
5.1715e-05
5.17247e-05
5.17301e-05
5.17257e-05
5.17183e-05
5.17111e-05
5.17047e-05
5.16991e-05
5.16943e-05
5.16904e-05
5.16873e-05
5.16849e-05
5.16831e-05
5.16815e-05
5.16766e-05
5.16722e-05
5.16689e-05
5.16666e-05
5.16654e-05
5.1665e-05
5.16653e-05
5.16661e-05
5.16675e-05
5.16693e-05
5.16713e-05
5.16736e-05
5.16761e-05
5.16786e-05
5.16813e-05
5.16839e-05
5.16865e-05
5.16891e-05
5.16916e-05
5.1694e-05
5.16963e-05
5.16986e-05
5.17007e-05
5.17026e-05
5.17045e-05
6.21268e-05
0.000172108
0.000201335
0.000203063
0.000195971
0.000186438
0.00017661
0.000167186
0.000158365
0.000150182
0.000142615
0.000135625
0.000129172
0.000123215
0.000117716
0.000112641
0.000107956
0.000103631
9.96396e-05
9.59551e-05
9.25541e-05
8.94147e-05
8.65169e-05
8.38406e-05
8.13663e-05
7.90823e-05
7.69745e-05
7.50292e-05
7.32327e-05
7.15713e-05
7.00381e-05
6.86236e-05
6.73187e-05
6.61149e-05
6.50044e-05
6.39798e-05
6.30346e-05
6.21626e-05
6.1358e-05
6.06157e-05
5.99308e-05
5.92988e-05
5.87121e-05
5.81851e-05
5.77213e-05
5.72997e-05
5.69118e-05
5.65522e-05
5.62172e-05
5.59045e-05
5.56122e-05
5.53389e-05
5.50834e-05
5.48446e-05
5.46215e-05
5.44111e-05
5.42108e-05
5.40243e-05
5.38512e-05
5.36908e-05
5.35422e-05
5.34047e-05
5.32774e-05
5.31596e-05
5.30507e-05
5.295e-05
5.28569e-05
5.27709e-05
5.26915e-05
5.26181e-05
5.25503e-05
5.24877e-05
5.24299e-05
5.23772e-05
5.2529e-05
5.30584e-05
5.38388e-05
5.48338e-05
5.6313e-05
0.000207395
0.000279956
0.000267344
0.000251087
0.000235797
0.000221641
0.000208554
0.000196461
0.00018529
0.000174975
0.000165452
0.000156661
0.000148546
0.000208523
0.000272321
0.000281428
0.000272702
0.000258757
0.000243861
0.000229417
0.000215846
0.000282708
0.000322109
0.000320959
0.000306994
0.000289666
0.000272145
0.000255445
0.00023985
0.000225394
0.000212028
0.000199684
0.000188284
0.00017776
0.000168047
0.000159081
0.000150805
0.000143166
0.000136115
0.000129607
0.000123599
0.000118054
0.000112935
0.00010821
0.000103849
9.98245e-05
9.62988e-05
9.33476e-05
9.07805e-05
8.84566e-05
8.62777e-05
8.41834e-05
8.2108e-05
8.00802e-05
7.81338e-05
7.62794e-05
7.45176e-05
7.28475e-05
7.12747e-05
6.98066e-05
6.84403e-05
6.71705e-05
6.5992e-05
6.4899e-05
6.38847e-05
6.29421e-05
6.207e-05
6.12635e-05
6.05182e-05
5.98297e-05
5.91936e-05
5.86063e-05
5.8064e-05
5.75633e-05
5.71012e-05
5.66746e-05
5.6281e-05
5.59177e-05
5.55825e-05
5.52731e-05
5.49877e-05
5.47243e-05
5.44813e-05
5.42569e-05
5.40463e-05
5.38514e-05
5.36718e-05
5.35065e-05
5.33545e-05
5.32145e-05
5.30857e-05
5.29672e-05
5.2858e-05
5.27576e-05
5.2665e-05
5.25798e-05
5.2501e-05
5.24249e-05
5.23543e-05
5.22896e-05
5.22281e-05
5.21701e-05
5.21172e-05
5.20692e-05
5.20257e-05
5.19862e-05
5.19504e-05
5.19178e-05
5.18883e-05
5.18615e-05
5.18371e-05
5.18149e-05

