5e-05
5.02631e-05
5.04691e-05
5.06301e-05
5.07572e-05
5.08582e-05
5.09394e-05
5.10093e-05
5.10945e-05
5.12192e-05
5.13914e-05
5.15577e-05
5.1698e-05
5.18291e-05
5.19884e-05
5.21653e-05
5.23197e-05
5.24384e-05
5.25182e-05
5.25351e-05
5.24965e-05
5.24447e-05
5.23819e-05
5.23021e-05
5.2373e-05
5.26361e-05
5.29786e-05
5.33204e-05
5.35652e-05
5.36672e-05
5.37815e-05
5.38937e-05
5.39701e-05
5.39842e-05
5.39573e-05
5.39029e-05
5.38284e-05
5.37398e-05
5.36423e-05
5.35397e-05
5.34352e-05
5.33306e-05
5.32224e-05
5.31159e-05
5.30063e-05
5.29114e-05
5.28493e-05
5.28016e-05
5.30352e-05
5.37775e-05
5.47319e-05
5.5568e-05
5.59881e-05
5.61207e-05
5.61265e-05
5.60366e-05
5.58675e-05
5.56647e-05
5.54456e-05
0.00014626
0.000197324
0.000206268
0.000201307
0.000192173
0.000182173
0.000172398
0.00016319
0.000182176
0.000263463
0.000278601
0.00027194
0.000258698
0.000244038
0.000229667
0.000216114
0.000203506
0.000191835
0.000181051
0.000171088
0.000161886
0.00015339
0.000145546
0.000138301
0.000131613
0.000125439
0.000119742
0.000114483
0.00010963
0.000105149
0.000101011
9.71901e-05
9.36602e-05
9.04014e-05
8.73938e-05
8.46176e-05
8.20565e-05
7.97153e-05
7.75711e-05
7.55987e-05
7.37806e-05
7.21026e-05
7.05505e-05
6.91091e-05
6.77733e-05
0.000138753
0.000200881
0.000213011
0.000208743
0.00019948
0.000189088
0.000178861
0.000169203
0.00016021
0.000151875
0.00014417
0.00013705
0.000130474
0.000124397
0.000118785
0.000113606
0.000108827
0.000104414
0.000100338
9.65681e-05
9.30889e-05
8.98777e-05
8.69147e-05
8.41819e-05
8.1659e-05
7.93313e-05
7.71847e-05
7.52029e-05
7.33737e-05
7.16873e-05
7.0152e-05
6.87628e-05
6.75086e-05
6.63587e-05
6.52834e-05
6.43054e-05
6.34018e-05
6.25711e-05
6.18312e-05
6.11504e-05
6.0513e-05
5.99101e-05
5.93163e-05
5.88028e-05
0.000132299
0.00019385
0.000206334
0.000202525
0.000193717
0.000183774
0.000173967
0.00016469
0.000156037
0.000148023
0.000140608
0.000133753
0.00012742
0.000121573
0.000116175
0.000119559
0.00022005
0.00024383
0.000241685
0.000231418
0.000310548
0.000330919
0.000323306
0.000307182
0.000289167
0.000271466
0.000254777
0.000239243
0.00022486
0.000211567
0.000199282
0.000187937
0.000177458
0.000167779
0.000158842
0.000150591
0.000142969
0.000135931
0.000129435
0.00012344
0.000117907
0.000112802
0.000108089
0.000103741
9.97266e-05
9.60153e-05
9.25859e-05
8.94213e-05
8.65015e-05
8.38067e-05
8.13177e-05
7.90206e-05
7.68987e-05
7.4941e-05
7.31323e-05
7.14632e-05
6.99195e-05
6.84933e-05
6.7174e-05
6.59559e-05
6.48311e-05
6.37926e-05
6.28347e-05
6.19501e-05
6.11354e-05
6.0385e-05
5.96916e-05
5.90531e-05
5.84671e-05
0.000135111
0.000195173
0.000207011
0.000202949
0.000194031
0.00018401
0.000174144
0.000164826
0.000156151
0.000148116
0.000140687
0.000133827
0.000127493
0.000121642
0.000116238
0.00011125
0.000106643
0.000102388
9.84616e-05
9.4838e-05
9.14882e-05
8.83931e-05
8.55404e-05
8.2931e-05
8.05309e-05
7.83215e-05
7.63056e-05
7.44503e-05
7.2739e-05
7.11534e-05
6.96768e-05
6.83088e-05
6.7041e-05

