5e-05
5.02667e-05
5.04834e-05
5.06586e-05
5.08009e-05
5.09171e-05
5.10125e-05
5.10912e-05
5.11585e-05
5.12873e-05
5.15188e-05
5.18025e-05
5.20731e-05
5.22877e-05
5.24398e-05
5.25492e-05
5.26223e-05
5.26652e-05
5.26841e-05
5.27741e-05
0.000166744
0.000199594
0.000202632
0.000196006
0.000186619
0.00017703
0.000168111
0.000159948
0.00015236
0.000145233
0.000138587
0.000132355
0.000126484
0.000120974
0.000115828
0.000111032
0.000106577
0.000102445
9.86145e-05
9.5063e-05
9.17699e-05
8.8723e-05
8.59054e-05
8.33007e-05
8.08934e-05
7.86689e-05
7.66138e-05
7.47154e-05
7.29619e-05
7.13426e-05
6.98461e-05
6.84579e-05
6.71667e-05
6.5987e-05
6.49333e-05
6.39847e-05
6.31227e-05
6.23706e-05
6.16925e-05
6.10552e-05
6.04138e-05
5.97938e-05
5.9211e-05
5.86694e-05
5.81665e-05
5.7695e-05
5.7283e-05
5.69111e-05
5.65873e-05
5.63124e-05
5.60589e-05
5.58119e-05
5.5577e-05
5.5347e-05
5.51228e-05
5.49064e-05
5.47342e-05
5.45868e-05
5.44506e-05
5.43204e-05
5.41936e-05
7.50821e-05
0.000175947
0.000201687
0.000202342
0.000195
0.000185484
0.000175753
0.000166439
0.000157733
0.000198824
0.000262899
0.000272661
0.000264653
0.000251402
0.00023718
0.000223371
0.000210376
0.000198292
0.0001871
0.000176743
0.000167164
0.000158305
0.000150123
0.000142578
0.000135643
0.00012925
0.000123349
0.0001179
0.000112858
0.000108197
0.000103892
9.99139e-05
9.62387e-05
9.28432e-05
8.97063e-05
8.68076e-05
0.000104169
0.000200329
0.000223299
0.000221931
0.000212942
0.000201986
0.000190955
0.000180448
0.000170631
0.000161528
0.000153109
0.000145327
0.00013814
0.000131504
0.000125378
0.000119733
0.00011455
0.000109771
0.000105342
0.000101248
9.7472e-05
9.40105e-05
9.08219e-05
8.79046e-05
8.52208e-05
8.27428e-05
8.04495e-05
7.83243e-05
7.63844e-05
7.46133e-05
7.30033e-05
7.1507e-05
0.000150608
0.000204145
0.000213554
0.000208417
0.000198978
0.000188665
0.000178624
0.000244533
0.000283993
0.000299626
0.000363315
0.000367964
0.000353529
0.000333758
0.000313289
0.000331395
0.000377321
0.000375512
0.000358629
0.000337799
0.000316761
0.000296715
0.000277991
0.000260634
0.000244606
0.000229835
0.000216232
0.000203676
0.000192078
0.000181361
0.000171461
0.000225716
0.000274126
0.000278323
0.000268255
0.000254153
0.000239474
0.000225348
0.000212112
0.000199823
0.000188454
0.000177948
0.000168242
0.000159282
0.000151012
0.000143375
0.000136323
0.00012981
0.000123799
0.000118253
0.000113133
0.000108407
0.000104046
0.000100022
9.6309e-05
9.28767e-05
8.97062e-05
0.000152367
0.00021482
0.000226415
0.000221279
0.000211093
0.000199812
0.000188754
0.000178326
0.000168625
0.000159646
0.00015136
0.000143771
0.000136796
0.000130365
0.000124428
0.00011894
0.000113864
0.00010916
0.000104804
0.000100767
9.70283e-05
9.35692e-05
9.03687e-05
8.74089e-05
8.46758e-05
8.21782e-05
7.98896e-05
7.77784e-05
7.58208e-05
7.40101e-05
7.23318e-05
7.07739e-05
6.93327e-05
6.8001e-05
6.67937e-05
6.56898e-05
6.4672e-05
6.37465e-05
6.28976e-05
6.21135e-05
6.13786e-05
6.06898e-05
6.00418e-05
5.94363e-05

