5e-05
5.02667e-05
5.04834e-05
5.06586e-05
5.08009e-05
5.09171e-05
5.10125e-05
5.10912e-05
5.11565e-05
5.12109e-05
5.12566e-05
5.12951e-05
5.13283e-05
5.1373e-05
5.14221e-05
5.147e-05
5.1514e-05
5.15527e-05
5.1585e-05
5.16018e-05
5.15989e-05
5.15829e-05
5.15958e-05
0.000167693
0.000201265
0.000204353
0.000197614
0.000188099
0.000178183
0.000168637
0.000159687
0.000151382
0.000143703
0.00013661
0.000130058
0.000124009
0.000118428
0.000113279
0.000108527
0.000104139
0.000100089
9.63533e-05
9.2907e-05
8.97245e-05
8.67883e-05
8.408e-05
8.15819e-05
7.92776e-05
7.71518e-05
7.5187e-05
7.3373e-05
7.16893e-05
7.01341e-05
6.87121e-05
6.74044e-05
6.6194e-05
6.5071e-05
6.40336e-05
6.30766e-05
6.21921e-05
6.13607e-05
6.05884e-05
5.98783e-05
5.92261e-05
5.86255e-05
5.80725e-05
5.7565e-05
5.70996e-05
5.66696e-05
5.62675e-05
5.58977e-05
5.55548e-05
5.52388e-05
5.49497e-05
0.000100072
0.000184946
0.000205178
0.000203849
0.000195743
0.000185896
0.000175996
0.000166572
0.000157773
0.000149617
0.000142077
0.000135112
0.000128684
0.000122752
0.000117272
0.000112211
0.000107541
0.000103233
9.92584e-05
9.55914e-05
9.22048e-05
8.9074e-05
8.61844e-05
8.35192e-05
8.10558e-05
7.87796e-05
7.66785e-05
7.47425e-05
7.2981e-05
7.1372e-05
6.98854e-05
6.85044e-05
6.72209e-05
6.60445e-05
6.49814e-05
6.40084e-05
6.31098e-05
6.22722e-05
6.14961e-05
6.07759e-05
6.00995e-05
5.94676e-05
5.88815e-05
5.83306e-05
5.78204e-05
5.73497e-05
5.69157e-05
5.65157e-05
5.61454e-05
5.58223e-05
5.55739e-05
5.53469e-05
5.51484e-05
5.49918e-05
5.48492e-05
5.46953e-05
5.45433e-05
5.43958e-05
5.42515e-05
5.41029e-05
5.39572e-05
5.38492e-05
5.38248e-05
5.38408e-05
5.38337e-05
5.37948e-05
5.37264e-05
5.36525e-05
5.35721e-05
5.34817e-05
5.34315e-05
5.34252e-05
5.34379e-05
5.3499e-05
5.35443e-05
5.35399e-05
5.35024e-05
5.34483e-05
5.3396e-05
5.33275e-05
5.3244e-05
5.3165e-05
5.3101e-05
5.30388e-05
5.29755e-05
5.29107e-05
5.2844e-05
5.27713e-05
5.27031e-05
5.26381e-05
5.25755e-05
5.25105e-05
5.24458e-05
5.23799e-05
5.23121e-05
5.2243e-05
5.21805e-05
5.21221e-05
5.2069e-05
5.20191e-05
5.19761e-05
5.19404e-05
5.1911e-05
5.18812e-05
5.18518e-05
5.18273e-05
5.18082e-05
5.17936e-05
0.000124803
0.000190244
0.000204057
0.000200748
0.000192173
0.00018236
0.000172648
0.000163461
0.000154905
0.000146973
0.000139641
0.000132872
0.000126621
0.000120847
0.000115516
0.000110597
0.00010606
0.000101872
9.80052e-05
9.44345e-05
9.11404e-05
8.81019e-05
8.52938e-05
8.26998e-05
8.03041e-05
7.8089e-05
7.60426e-05
7.4152e-05
7.24072e-05
7.07993e-05
6.93179e-05
6.79531e-05
6.66956e-05
6.5537e-05
6.44684e-05
6.34801e-05
6.25669e-05
6.1723e-05
6.09429e-05
6.02226e-05
5.96169e-05
5.94077e-05
5.94555e-05
5.95592e-05
5.95719e-05
5.94226e-05
5.91616e-05
5.8851e-05
5.85989e-05
0.000121402
0.000277108
0.000278389
0.000262244
0.000246238
0.000231313
0.000217485
0.00020472
0.000192931
0.000182043
0.000171989
0.000162723
0.000154189
0.000146342
0.000139104
0.000132421
0.000126243
0.000120534
0.000181276

