5e-05
5.02669e-05
5.04842e-05
5.06602e-05
5.08034e-05
5.09206e-05
5.10168e-05
5.10963e-05
5.11818e-05
5.12786e-05
5.13907e-05
5.15194e-05
5.16366e-05
5.1708e-05
5.17481e-05
5.17782e-05
5.17988e-05
5.1808e-05
5.18126e-05
5.18076e-05
5.17799e-05
5.17477e-05
5.17153e-05
5.16762e-05
5.16366e-05
5.16024e-05
5.15746e-05
5.15508e-05
0.00012617
0.000191303
0.000204933
0.000201505
0.000192837
0.000182945
0.000173162
0.000163906
0.000155288
0.00014731
0.00013994
0.000133134
0.000126854
0.00012106
0.000115714
0.000110782
0.000106232
0.00010203
9.81492e-05
9.45711e-05
9.12924e-05
8.82711e-05
8.54758e-05
8.28925e-05
8.04966e-05
7.82729e-05
7.62135e-05
7.43137e-05
7.25614e-05
7.09436e-05
6.94524e-05
6.80781e-05
6.68049e-05
6.56284e-05
6.45419e-05
6.35411e-05
6.26197e-05
6.17681e-05
6.09757e-05
0.000153168
0.000202127
0.000210081
0.000204601
0.000195137
0.000184887
0.000174902
0.0001655
0.000156761
0.000148674
0.000141199
0.000134297
0.000127928
0.000122051
0.000116624
0.000111614
0.000106988
0.00010272
9.87834e-05
9.51518e-05
9.18017e-05
8.87114e-05
8.58593e-05
8.32248e-05
8.07934e-05
0.000129062
0.000205447
0.000221938
0.000218578
0.000209088
0.000198127
0.000187251
0.000176953
0.000167359
0.00015847
0.000150256
0.000142679
0.000135712
0.000129285
0.000123348
0.000117864
0.000112802
0.000108127
0.000103811
9.98251e-05
9.61424e-05
9.27364e-05
8.95907e-05
8.66861e-05
8.39999e-05
8.15186e-05
7.92281e-05
7.71139e-05
7.51612e-05
7.33551e-05
7.1685e-05
7.0141e-05
6.87137e-05
6.73972e-05
6.62017e-05
6.5111e-05
6.40944e-05
6.31537e-05
6.22827e-05
6.14793e-05
6.07351e-05
6.006e-05
5.94759e-05
5.89654e-05
5.85751e-05
5.82519e-05
5.79412e-05
5.76572e-05
5.74189e-05
5.71742e-05
5.69075e-05
5.7049e-05
0.000167939
0.000274539
0.000265163
0.000249276
0.000234175
0.000220136
0.000207149
0.000195153
0.00018409
0.00017388
0.000164456
0.000155756
0.000147734
0.000140328
0.000133491
0.000127181
0.000121359
0.000115981
0.000111014
0.000106426
0.000102189
9.82779e-05
9.46884e-05
9.13864e-05
8.83331e-05
8.55099e-05
8.29001e-05
8.0488e-05
7.826e-05
7.62009e-05
7.42994e-05
7.25384e-05
7.09087e-05
6.94056e-05
6.80208e-05
6.6745e-05
6.55697e-05
6.4487e-05
6.34893e-05
6.257e-05
6.17211e-05
6.0936e-05
6.02135e-05
5.95714e-05
5.89901e-05
5.84515e-05
5.79478e-05
5.74775e-05
5.70375e-05
5.66266e-05
5.62412e-05
5.58793e-05
5.55451e-05
5.52372e-05
5.49533e-05
5.46868e-05
5.44313e-05
5.41935e-05
5.39743e-05
5.37741e-05
5.35914e-05
5.34247e-05
5.32715e-05
5.31297e-05
5.29988e-05
5.28778e-05
5.27701e-05
5.26868e-05
5.26131e-05
5.25445e-05
5.24718e-05
5.24044e-05
5.23423e-05
5.22825e-05
5.22247e-05
5.21705e-05
5.21194e-05
5.2071e-05
8.96605e-05
0.000181027
0.000203511
0.000202948
0.00019514
0.000185433
0.000175608
0.000166235
0.000157477
0.000149358
0.000141852
0.000134918
0.000128516
0.000122605
0.000117149
0.000112114
0.000107489
0.000103242
9.93337e-05
9.57109e-05
9.2355e-05
8.92427e-05
8.6367e-05
8.37324e-05
8.13195e-05
7.90853e-05
7.70143e-05
7.50993e-05

