5e-05
5.02667e-05
5.04834e-05
5.06586e-05
5.08009e-05
5.09171e-05
5.10125e-05
5.10912e-05
5.11565e-05
5.12109e-05
5.12566e-05
5.12951e-05
5.13277e-05
0.000124223
0.000189117
0.000202711
0.00019945
0.000191007
0.000181341
0.000171768
0.000162687
0.000154214
0.00014636
0.000139093
0.000132376
0.000126173
0.000120445
0.000115159
0.000110276
0.000105755
0.000101572
9.77118e-05
9.41507e-05
9.0866e-05
8.78366e-05
8.50426e-05
8.24659e-05
8.00894e-05
7.78976e-05
7.58762e-05
7.40196e-05
7.25734e-05
7.15737e-05
7.07354e-05
6.99708e-05
6.92244e-05
6.84331e-05
6.76242e-05
6.67958e-05
6.59283e-05
6.50255e-05
6.41308e-05
6.3264e-05
6.24394e-05
6.16568e-05
6.09192e-05
0.000135779
0.000196984
0.000209122
0.000205052
0.000196023
0.000185871
0.000175874
0.00016643
0.000157637
0.00014949
0.000141963
0.00013501
0.000128589
0.000122661
0.000117191
0.000112145
0.000107489
0.000103193
9.92266e-05
9.55893e-05
9.22474e-05
8.91875e-05
8.63832e-05
8.37903e-05
8.13931e-05
7.91668e-05
7.70976e-05
7.51739e-05
7.33877e-05
7.17341e-05
7.02023e-05
6.87875e-05
6.74779e-05
6.62678e-05
6.51501e-05
6.41154e-05
6.3161e-05
6.22752e-05
6.14492e-05
6.06864e-05
5.99844e-05
5.93388e-05
5.8745e-05
5.81989e-05
5.76967e-05
5.72348e-05
5.68099e-05
5.6419e-05
5.60592e-05
5.57276e-05
5.54178e-05
5.51318e-05
5.48666e-05
5.46201e-05
5.43935e-05
5.41856e-05
5.39947e-05
5.38178e-05
5.36523e-05
5.35002e-05
5.33609e-05
5.32332e-05
5.31163e-05
5.30091e-05
5.29109e-05
5.28385e-05
5.27928e-05
5.27404e-05
5.26873e-05
5.26379e-05
5.25915e-05
5.25471e-05
5.2503e-05
5.24637e-05
5.24553e-05
5.24563e-05
5.2458e-05
5.24512e-05
5.24361e-05
5.2418e-05
5.23973e-05
5.23729e-05
5.23381e-05
5.22963e-05
5.22538e-05
5.22141e-05
5.21702e-05
5.2132e-05
5.21242e-05
5.21332e-05
5.21723e-05
5.22192e-05
5.22608e-05
5.22812e-05
5.22856e-05
5.22792e-05
5.22548e-05
5.22235e-05
5.22313e-05
5.25682e-05
5.31715e-05
5.38397e-05
5.43999e-05
5.48725e-05
5.519e-05
5.5383e-05
5.54762e-05
5.54867e-05
5.54267e-05
5.53094e-05
5.51965e-05
5.50645e-05
5.49245e-05
5.47787e-05
5.46259e-05
5.44593e-05
5.43111e-05
5.45467e-05
6.02688e-05
0.000247138
0.000278596
0.000263446
0.000247359
0.000232336
0.000218425
0.000205568
0.000193692
0.000182726
0.000172601
0.000163255
0.000154629
0.000146668
0.000139321
0.000132542
0.000126285
0.000120513
0.000115186
0.000110273
0.000105741
0.000101561
9.7705e-05
9.41486e-05
9.08655e-05
8.78352e-05
8.50626e-05
8.27457e-05
8.07694e-05
7.90076e-05
0.000112029
0.000198507
0.000218935
0.000217153
0.000208337
0.000197693
0.000186992
0.000176803
0.000167283
0.000158448
0.000150267
0.000142703
0.00013574
0.000129323
0.000123399
0.000117927
0.000112865
0.000108187
0.000103866
9.98738e-05
9.6181e-05
9.27677e-05
8.96152e-05
8.67038e-05
8.40151e-05
8.15323e-05
7.92395e-05
7.71201e-05
7.51598e-05
7.33464e-05
7.16725e-05
7.01277e-05
6.87023e-05
6.73869e-05
6.617e-05
6.50456e-05
6.40072e-05
6.30464e-05
6.21602e-05
6.13432e-05
6.05899e-05
5.98954e-05
5.9255e-05
5.86646e-05
5.812e-05
5.76178e-05

