5e-05
5.02669e-05
5.04842e-05
5.06602e-05
5.08034e-05
5.09206e-05
5.10168e-05
5.10963e-05
5.11623e-05
5.12174e-05
5.12636e-05
5.13026e-05
6.9058e-05
0.000172755
0.000199728
0.000200819
0.000193706
0.000184353
0.000174751
0.000165526
0.000156853
0.00014879
0.000141325
0.000134412
0.000128027
0.000122134
0.000116697
0.00011168
0.000107051
0.000102775
9.88289e-05
9.51885e-05
9.18307e-05
8.87336e-05
8.5877e-05
8.32422e-05
8.08119e-05
7.85703e-05
7.65025e-05
7.4595e-05
7.28353e-05
7.12099e-05
6.97072e-05
6.83195e-05
6.70362e-05
6.58525e-05
6.47612e-05
6.37549e-05
6.28272e-05
6.19717e-05
6.11805e-05
6.04438e-05
5.97559e-05
5.9118e-05
5.85311e-05
5.79888e-05
5.74889e-05
5.70283e-05
5.66285e-05
5.62743e-05
5.59301e-05
5.56017e-05
5.53001e-05
5.50235e-05
5.47698e-05
5.4533e-05
5.43088e-05
5.41025e-05
5.39078e-05
5.37266e-05
5.35608e-05
5.34039e-05
5.32584e-05
5.31231e-05
5.29937e-05
5.28721e-05
5.27606e-05
5.26582e-05
5.25664e-05
5.24844e-05
5.24115e-05
5.23453e-05
5.22776e-05
5.22133e-05
5.21544e-05
5.2102e-05
5.20505e-05
5.2004e-05
5.19612e-05
5.19243e-05
5.18911e-05
5.1861e-05
5.18332e-05
5.18083e-05
5.17863e-05
5.17658e-05
5.1749e-05
5.17353e-05
5.17211e-05
5.17073e-05
5.16909e-05
5.16907e-05
5.17031e-05
5.17209e-05
5.17642e-05
5.18281e-05
5.18841e-05
5.19319e-05
5.19637e-05
5.19823e-05
5.19954e-05
5.20043e-05
5.20064e-05
5.2002e-05
5.19953e-05
5.20071e-05
5.20287e-05
5.20386e-05
5.20412e-05
5.20425e-05
5.20423e-05
5.20428e-05
5.20727e-05
5.21058e-05
5.21349e-05
5.21595e-05
5.21761e-05
5.21803e-05
5.21795e-05
5.21942e-05
5.25759e-05
5.34508e-05
8.48086e-05
0.000262814
0.000275929
0.000260108
0.000244227
0.000231353
0.000333623
0.000353406
0.000344474
0.000326838
0.000307324
0.000288201
0.00027018
0.000253436
0.000237956
0.000223668
0.000210462
0.000198261
0.000186991
0.000176582
0.000166962
0.000158073
0.000149865
0.000142286
0.000135284
0.000160134
0.000246067
0.000263537
0.00025838
0.000246293
0.000232619
0.00024181
0.00031726
0.000327793
0.000317147
0.000300372
0.000282503
0.000265188
0.000248923
0.000233809
0.000219816
0.000206883
0.000194938
0.000183908
0.000173725
0.000164318
0.000155633
0.000147617
0.000140214
0.000133376
0.000127061
0.000121233
0.000115854
0.000110891
0.000106335
0.00010214
9.82738e-05
9.47044e-05
9.14043e-05
8.83476e-05
8.55211e-05
8.29115e-05
8.04993e-05
7.82721e-05
7.62156e-05
7.43153e-05
7.25615e-05
7.09433e-05
6.94479e-05
6.80668e-05
6.67895e-05
6.56097e-05
6.45131e-05
6.34968e-05
6.25572e-05
6.41306e-05
0.00017712
0.000207849
0.000209707
0.000202309
0.000192349
0.000182078
0.000172229
0.000163122
0.000154972
0.000147537
0.000140688
0.000134351
0.000128452
0.00012293
0.000117727
0.000112837
0.000108267
0.000104018
0.000100075
9.64117e-05
9.30126e-05
8.98654e-05
8.6953e-05
8.42589e-05
8.17676e-05
7.94619e-05
7.73275e-05
7.53554e-05
7.35338e-05
7.18515e-05
7.0298e-05
6.88598e-05
6.75307e-05
6.63004e-05
6.51648e-05
6.41174e-05
6.31514e-05
6.22605e-05
6.14389e-05
6.06813e-05
5.99824e-05
5.93343e-05

