5e-05
5.02631e-05
5.04691e-05
5.06301e-05
5.07572e-05
5.08582e-05
5.09394e-05
5.10052e-05
5.10589e-05
5.11033e-05
5.11402e-05
5.11713e-05
5.11977e-05
5.12132e-05
5.12233e-05
5.12328e-05
5.12421e-05
5.12517e-05
5.12614e-05
5.12679e-05
5.12689e-05
5.12683e-05
5.12649e-05
8.84389e-05
0.000181239
0.000204126
0.000203667
0.000195828
0.000186045
0.000176139
0.000166693
0.000157871
0.000149695
0.000142135
0.000135152
0.000128708
0.000122761
0.000117274
0.000112211
0.000107536
0.000103222
9.9304e-05
9.60038e-05
9.31835e-05
9.06894e-05
8.84019e-05
8.61792e-05
8.39972e-05
8.18805e-05
7.98375e-05
7.78795e-05
0.000179701
0.000215209
0.00021835
0.000210955
0.000200572
0.000189759
0.00017935
0.000169592
0.00016053
0.000152144
0.000144395
0.000137242
0.000130641
0.000124549
0.000118925
0.000113735
0.000108945
0.000104522
0.000100442
9.66768e-05
9.32033e-05
8.99977e-05
8.7037e-05
8.43044e-05
8.17803e-05
7.9451e-05
7.73193e-05
7.53681e-05
7.35725e-05
7.19148e-05
7.03769e-05
6.89501e-05
6.76308e-05
6.64089e-05
6.52729e-05
6.43998e-05
6.39186e-05
6.35405e-05
6.3159e-05
6.27645e-05
6.23287e-05
6.18458e-05
6.13188e-05
6.07539e-05
6.01875e-05
5.96323e-05
5.90954e-05
5.85816e-05
5.80932e-05
5.76316e-05
5.71934e-05
5.67799e-05
5.6394e-05
5.60327e-05
5.56942e-05
5.53879e-05
5.53373e-05
5.54929e-05
5.57041e-05
5.58979e-05
5.60227e-05
5.60599e-05
5.60151e-05
5.59047e-05
5.57476e-05
5.556e-05
5.53538e-05
5.51573e-05
5.497e-05
5.47774e-05
5.45821e-05
5.43864e-05
5.41961e-05
5.4016e-05
5.38464e-05
5.36872e-05
5.35279e-05
5.33757e-05
5.32354e-05
5.31066e-05
5.29887e-05
5.28808e-05
5.27796e-05
5.26841e-05
5.25956e-05
5.25394e-05
5.25016e-05
5.24784e-05
5.25129e-05
5.25576e-05
5.25891e-05
5.26092e-05
5.26106e-05
5.25987e-05
5.25863e-05
5.25927e-05
5.25922e-05
5.2568e-05
5.25309e-05
5.24915e-05
5.24461e-05
5.23995e-05
5.23628e-05
5.23303e-05
5.22995e-05
5.226e-05
5.2218e-05
5.21757e-05
5.21348e-05
5.2097e-05
5.20622e-05
5.20264e-05
5.1983e-05
5.19356e-05
5.18903e-05
5.1849e-05
5.18119e-05
5.17761e-05
5.17433e-05
5.17134e-05
5.1686e-05
5.16617e-05
5.16409e-05
5.16195e-05
5.15982e-05
5.15806e-05
5.15668e-05
5.15564e-05
9.19041e-05
0.000181319
0.000203161
0.000202446
0.000194606
0.000184897
0.000175082
0.000165727
0.000156991
0.000148891
0.000141403
0.000134487
0.000128099
0.000122202
0.000116758
0.000111732
0.000107094
0.000102811
9.88598e-05
9.52135e-05
9.18491e-05
8.87446e-05
8.58798e-05
8.32363e-05
8.0796e-05
7.85396e-05
7.64522e-05
7.45254e-05
7.27454e-05
7.11035e-05
6.96679e-05
6.8653e-05
6.78887e-05
6.71514e-05
6.6401e-05
6.56144e-05
6.4823e-05
6.4031e-05
6.32271e-05
6.24361e-05
6.16723e-05
6.09375e-05
6.0244e-05
5.95964e-05
5.89935e-05
0.000167397
0.000204156
0.000208143
0.000201509
0.000191836
0.000181685
0.000171892
0.000162707
0.000154177
0.000146287
0.000138998
0.000132266
0.000126052
0.000120331
0.000115067
0.000110214
0.000105732
0.00010159
9.77594e-05
9.42126e-05
9.09361e-05
8.79112e-05
8.51185e-05
8.2537e-05
8.01533e-05
7.7953e-05

