5e-05
5.02669e-05
5.04842e-05
5.06602e-05
5.08034e-05
5.09206e-05
5.10168e-05
5.10963e-05
5.11819e-05
5.13156e-05
5.14593e-05
5.15908e-05
5.17027e-05
5.17801e-05
5.18584e-05
5.19431e-05
5.20171e-05
5.20765e-05
5.21173e-05
5.21289e-05
5.21132e-05
5.20848e-05
0.000105767
0.000185381
0.000203957
0.000202161
0.000193988
0.000184205
0.000174401
0.000165074
0.000156372
0.00014831
0.000140861
0.000133981
0.000127625
0.000121759
0.000116348
0.000111356
0.000106751
0.0001025
9.85792e-05
9.49626e-05
9.16258e-05
8.85433e-05
8.56956e-05
8.30711e-05
8.06761e-05
7.84737e-05
7.64421e-05
7.45684e-05
7.28303e-05
7.12141e-05
6.9714e-05
6.83256e-05
6.70412e-05
6.5853e-05
6.47528e-05
6.3738e-05
6.27997e-05
6.19352e-05
6.11378e-05
6.03973e-05
5.97151e-05
5.90852e-05
5.85043e-05
5.79683e-05
5.74734e-05
5.70187e-05
5.66012e-05
5.62178e-05
5.58622e-05
5.5526e-05
5.52141e-05
5.49284e-05
5.46672e-05
5.44277e-05
5.42059e-05
5.40031e-05
5.38172e-05
5.36439e-05
5.34853e-05
5.33409e-05
5.32093e-05
5.30893e-05
5.298e-05
5.28803e-05
5.27836e-05
5.26906e-05
5.26004e-05
5.25131e-05
5.24294e-05
5.23504e-05
5.22743e-05
5.22041e-05
0.000145413
0.000196004
0.000204768
0.000199818
0.000190765
0.000180866
0.0001712
0.000162096
0.000153629
0.000145793
0.000138554
0.00013187
0.000125697
0.000119996
0.000114734
0.000109878
0.000105394
0.000101255
9.74318e-05
9.39017e-05
9.06443e-05
8.76358e-05
8.48572e-05
8.22934e-05
7.99288e-05
7.77482e-05
7.57371e-05
7.38803e-05
7.21622e-05
7.05727e-05
6.91038e-05
6.77483e-05
6.64969e-05
6.53434e-05
6.42783e-05
6.33099e-05
6.26894e-05
6.24292e-05
6.2356e-05
6.23065e-05
6.22719e-05
6.20584e-05
6.1636e-05
6.11998e-05
6.0766e-05
6.03219e-05
5.98904e-05
5.94688e-05
5.90399e-05
5.86171e-05
5.82048e-05
5.7801e-05
5.73996e-05
5.70101e-05
5.66403e-05
5.62841e-05
5.59432e-05
0.000167221
0.000202568
0.000206209
0.000199563
0.000189984
0.000179954
0.000170303
0.000161266
0.000152875
0.000225294
0.000268395
0.000271159
0.000260973
0.000247186
0.000232943
0.000219277
0.000206481
0.000194609
0.00018363
0.000173486
0.000164117
0.000155468
0.000147484
0.000140136
0.00013337
0.000127133
0.000121377
0.00011606
0.000111139
0.000106584
0.000102369
9.84755e-05
9.48818e-05
9.15642e-05
8.84954e-05
8.56629e-05
8.30496e-05
8.0633e-05
7.83972e-05
7.63513e-05
7.44779e-05
7.27483e-05
7.11504e-05
6.96728e-05
6.83034e-05
6.70339e-05
6.58597e-05
6.47738e-05
6.37657e-05
6.28328e-05
6.19709e-05
6.11731e-05
6.04358e-05
5.97552e-05
5.91276e-05
5.85459e-05
0.000160529
0.000202126
0.000207736
0.000201641
0.000192139
0.000182033
0.000172247
0.000163056
0.000154516
0.000146615
0.000139312
0.000132571
0.000126348
0.000120601
0.000115294
0.000110388
0.000105858
0.000101678
9.78199e-05
9.42587e-05
9.09736e-05
8.79427e-05
0.000194296
0.000225639
0.000226804
0.000218333
0.000207232
0.000195858
0.000184968
0.000174782
0.000165332
0.000156593
0.000148542
0.000141125
0.000134278
0.000127958
0.000122121
0.000116727
0.000111748
0.00010715
0.000102904
9.89791e-05
0.000176696

