5e-05
5.02667e-05
5.04834e-05
5.06586e-05
5.08009e-05
5.09171e-05
5.10125e-05
5.10912e-05
5.11565e-05
5.12109e-05
5.12566e-05
5.12951e-05
5.13283e-05
5.1373e-05
5.14221e-05
5.147e-05
5.1514e-05
5.15527e-05
5.1585e-05
5.16018e-05
5.15989e-05
5.15829e-05
5.1564e-05
5.15394e-05
5.15176e-05
5.15005e-05
5.14879e-05
5.14794e-05
5.14735e-05
5.14639e-05
5.14526e-05
5.14449e-05
5.14409e-05
5.14389e-05
5.14334e-05
5.14293e-05
5.14285e-05
5.14307e-05
5.14341e-05
5.14348e-05
5.14373e-05
5.14421e-05
5.14487e-05
5.14537e-05
5.14599e-05
5.14678e-05
5.1477e-05
5.14872e-05
5.14981e-05
5.15057e-05
5.15123e-05
5.15094e-05
5.15057e-05
5.15159e-05
5.15303e-05
5.15404e-05
5.1544e-05
5.15466e-05
5.15496e-05
5.15514e-05
0.000163833
0.000200219
0.000204257
0.000197828
0.000188402
0.000178501
0.000168951
0.000159996
0.000212319
0.000269707
0.000276921
0.000267845
0.00025405
0.000239452
0.000225338
0.000212085
0.000199775
0.000188387
0.000177868
0.000168158
0.000159195
0.000150916
0.00014327
0.000136212
0.000129697
0.000123682
0.000118131
0.00011301
0.00010828
0.00010391
9.98782e-05
9.61591e-05
9.27284e-05
8.95634e-05
8.66403e-05
8.39373e-05
8.14426e-05
7.9142e-05
7.70152e-05
7.50496e-05
7.32353e-05
7.1564e-05
7.00469e-05
6.86634e-05
6.73851e-05
0.000162137
0.000206288
0.000212489
0.000206356
0.000196641
0.000186277
0.000176223
0.000166772
0.000157988
0.000149848
0.000142319
0.000135365
0.000128934
0.000122996
0.000117514
0.000112454
0.000107784
0.000103472
9.95105e-05
9.59033e-05
9.25756e-05
8.95149e-05
8.6716e-05
8.41343e-05
8.17288e-05
7.94984e-05
7.74323e-05
7.55169e-05
7.37333e-05
7.20783e-05
7.05772e-05
6.92667e-05
6.80954e-05
6.69924e-05
6.59418e-05
6.49394e-05
6.40035e-05
6.31273e-05
6.23022e-05
6.15738e-05
6.09416e-05
6.03763e-05
5.9904e-05
5.94568e-05
0.000155689
0.000199182
0.000205655
0.000200005
0.000190771
0.000180848
0.000171209
0.000162155
0.000153738
0.000145943
0.000138734
0.00013207
0.000125906
0.000120215
0.00011496
0.000156416
0.000229917
0.000244308
0.000239173
0.000245399
0.000320317
0.000330563
0.000319744
0.000302776
0.000284711
0.000267211
0.000250776
0.000235511
0.000221383
0.000208328
0.000196275
0.000185151
0.000174884
0.000165406
0.000156652
0.000148568
0.000141108
0.000134224
0.00012787
0.000122005
0.000116593
0.0001116
0.000106984
0.000102722
9.87892e-05
9.51584e-05
9.1803e-05
8.87048e-05
8.58475e-05
8.32126e-05
8.07819e-05
7.85363e-05
7.64624e-05
7.45501e-05
7.27871e-05
7.11564e-05
6.96494e-05
6.8257e-05
6.69682e-05
6.57768e-05
6.46754e-05
6.36592e-05
6.27239e-05
6.18634e-05
6.10717e-05
6.03433e-05
5.96731e-05
5.90553e-05
5.84831e-05
0.000158458
0.000201309
0.000207377
0.000201447
0.000192037
0.000182328
0.000173157
0.000164598
0.000156563
0.000148966
0.000141824
0.000135159
0.00012904
0.000186428
0.000337135
0.0003338
0.000313395
0.000293456
0.000274901
0.000257722
0.000241863
0.000227219
0.000213694
0.000201207
0.000189695
0.000179087
0.000169326
0.000160321
0.000152006
0.000144322
0.000137224
0.000130662

