5e-05
5.02631e-05
5.04691e-05
5.06301e-05
5.07572e-05
5.08582e-05
5.09394e-05
5.10052e-05
5.10589e-05
5.11153e-05
5.11865e-05
5.12588e-05
5.13546e-05
5.14314e-05
5.14745e-05
5.15331e-05
5.16018e-05
5.16647e-05
5.17173e-05
5.17587e-05
5.17801e-05
5.17881e-05
5.17904e-05
5.17867e-05
5.2e-05
5.25245e-05
5.31916e-05
5.38761e-05
5.44247e-05
5.45861e-05
5.46062e-05
5.45465e-05
5.4447e-05
5.43248e-05
5.41891e-05
5.40467e-05
5.39022e-05
5.37589e-05
5.36191e-05
5.34844e-05
5.33556e-05
5.32334e-05
5.31181e-05
5.30097e-05
5.29083e-05
5.28137e-05
5.27256e-05
5.26403e-05
5.25597e-05
5.24852e-05
5.24121e-05
0.000133983
0.000193652
0.000205445
0.00020141
0.000192556
0.000182621
0.000172846
0.000163616
0.000155027
0.00014707
0.000139711
0.000132911
0.000126636
0.000120845
0.000115503
0.000110575
0.000106028
0.000101832
9.79586e-05
9.43815e-05
9.10775e-05
8.80295e-05
8.52179e-05
8.26248e-05
8.02539e-05
7.80791e-05
7.60715e-05
7.42164e-05
7.24975e-05
7.09027e-05
6.9429e-05
6.8066e-05
6.68039e-05
6.56349e-05
6.4553e-05
6.3559e-05
6.26656e-05
6.18361e-05
6.10654e-05
6.03542e-05
5.96972e-05
5.90896e-05
5.85248e-05
5.79992e-05
5.75068e-05
5.70487e-05
5.66229e-05
5.62289e-05
5.5866e-05
5.55315e-05
5.52195e-05
5.4927e-05
5.46563e-05
5.44067e-05
5.42045e-05
5.40618e-05
5.39475e-05
5.38376e-05
5.37292e-05
5.36162e-05
5.35043e-05
5.33952e-05
5.32883e-05
5.31776e-05
5.30672e-05
5.29626e-05
5.28643e-05
5.27721e-05
5.26858e-05
5.26052e-05
5.25272e-05
5.24528e-05
5.23839e-05
5.23171e-05
5.22511e-05
5.21906e-05
5.21327e-05
5.20797e-05
5.20497e-05
5.20409e-05
5.20383e-05
5.20368e-05
5.20338e-05
5.20313e-05
5.20561e-05
5.20892e-05
5.21134e-05
9.28751e-05
0.000181082
0.000202623
0.000201858
0.000194042
0.000184375
0.000174607
0.0001653
0.00015664
0.000148693
0.000141371
0.000134595
0.000128321
0.000122508
0.000117183
0.00011233
0.000107866
0.00010377
0.0001
9.64842e-05
9.318e-05
9.00981e-05
8.72342e-05
8.46095e-05
8.21911e-05
7.9947e-05
7.78472e-05
7.58818e-05
7.40496e-05
7.23472e-05
7.07596e-05
6.92884e-05
6.7929e-05
6.66721e-05
6.55046e-05
6.4424e-05
6.34269e-05
6.25049e-05
6.16529e-05
6.08667e-05
0.000108909
0.000190328
0.000209174
0.000207204
0.000198725
0.000188608
0.00017848
0.00016886
0.000159887
0.000151574
0.000143909
0.000136843
0.000130323
0.000124305
0.000118747
0.000113615
0.000108874
0.000104494
0.000100447
9.6705e-05
9.32463e-05
9.00516e-05
8.71012e-05
8.43761e-05
8.18557e-05
7.95277e-05
7.73766e-05
7.53884e-05
7.35499e-05
7.18488e-05
7.02769e-05
6.88259e-05
6.74878e-05
6.62541e-05
6.51165e-05
6.40676e-05
6.31005e-05
6.22086e-05
6.13861e-05
6.06275e-05
5.99261e-05
5.92763e-05
5.8674e-05
5.81179e-05
5.76027e-05
5.71275e-05
5.66872e-05
5.62889e-05
5.59454e-05
5.56318e-05
5.53437e-05
5.50751e-05
5.48201e-05
5.45795e-05
5.4356e-05
5.41485e-05
5.39559e-05
5.37772e-05
5.36079e-05
5.34497e-05
8.55461e-05
0.000180073
0.000203646
0.000203466
0.000195742
0.000186006
0.000176124
0.000166695
0.000157886
0.00014972
0.00014217
0.000135198

