5e-05
5.02631e-05
5.04691e-05
5.06301e-05
5.07572e-05
5.08582e-05
5.09394e-05
5.10052e-05
5.1059e-05
5.11231e-05
5.11962e-05
5.12637e-05
5.1322e-05
5.13611e-05
5.13897e-05
5.14127e-05
5.14312e-05
5.1446e-05
5.14579e-05
5.14666e-05
5.14641e-05
5.14595e-05
5.14537e-05
5.14395e-05
5.14224e-05
5.14083e-05
5.13976e-05
5.13902e-05
9.45626e-05
0.000182354
0.000203615
0.000202683
0.000194755
0.000185007
0.000175174
0.000165809
0.000157066
0.000148961
0.000141468
0.000134548
0.000128161
0.000122264
0.000116819
0.000111794
0.000107157
0.000102877
9.89272e-05
9.52788e-05
9.19113e-05
8.88012e-05
8.59297e-05
8.32789e-05
8.08292e-05
7.85637e-05
7.64734e-05
7.45454e-05
7.27646e-05
7.11218e-05
6.96065e-05
6.82825e-05
6.7362e-05
6.6711e-05
6.61448e-05
6.61276e-05
0.000173856
0.000204135
0.000206294
0.000199326
0.000189763
0.000179831
0.000170264
0.000161283
0.00015293
0.000145191
0.000138028
0.000131397
0.000125271
0.000119609
0.000114374
0.000109541
0.00010508
0.000100961
9.71566e-05
9.36425e-05
9.03984e-05
8.74052e-05
8.4641e-05
8.20893e-05
7.97329e-05
7.75583e-05
7.55526e-05
7.37027e-05
7.19962e-05
7.04235e-05
6.8997e-05
6.76911e-05
6.64889e-05
6.53789e-05
6.43523e-05
6.34016e-05
6.25208e-05
6.17044e-05
6.0947e-05
6.02405e-05
5.95856e-05
5.89793e-05
5.84151e-05
5.78851e-05
5.73934e-05
5.694e-05
5.65221e-05
5.6137e-05
5.57824e-05
5.54551e-05
5.51476e-05
5.48633e-05
5.45999e-05
5.43561e-05
5.41297e-05
0.000168614
0.000202119
0.000205156
0.000198367
0.000188802
0.000178837
0.000169243
0.000160252
0.000151908
0.000144191
0.000137064
0.000130484
0.000124408
0.000118794
0.000113611
0.000108828
0.000104414
0.000100342
9.65838e-05
9.31154e-05
8.99119e-05
8.69555e-05
8.42272e-05
8.17069e-05
7.93799e-05
7.88377e-05
0.000188623
0.000217921
0.000218795
0.000210675
0.000200113
0.0001893
0.000178941
0.000169256
0.000160278
0.000151997
0.000144357
0.000137301
0.000130781
0.000124756
0.000119186
0.000114035
0.000109274
0.000104872
0.0001008
9.7029e-05
9.35495e-05
9.03615e-05
8.74199e-05
8.47008e-05
8.21787e-05
7.98464e-05
7.76881e-05
7.5691e-05
7.38457e-05
7.2141e-05
7.05626e-05
6.91041e-05
6.77722e-05
6.65642e-05
6.54544e-05
6.44296e-05
6.34808e-05
6.2591e-05
6.17623e-05
6.09945e-05
6.02836e-05
5.96243e-05
5.90103e-05
5.84419e-05
5.7916e-05
5.74222e-05
5.69626e-05
5.65387e-05
5.61485e-05
5.57893e-05
5.54587e-05
5.51545e-05
5.48703e-05
5.46029e-05
5.43568e-05
5.41312e-05
5.39246e-05
5.39168e-05
5.42709e-05
6.34118e-05
0.000167677
0.000195797
0.00019784
0.000191394
0.000182466
0.000173154
0.000164158
0.000155682
0.000147766
0.00014042
0.000133617
0.000127323
0.000121509
0.000116156
0.000111213
0.000106649
0.00010243
9.85346e-05
9.49335e-05
9.1603e-05
8.8528e-05
8.56892e-05
8.30688e-05
8.06499e-05
7.84171e-05
7.63561e-05
7.44536e-05
7.26971e-05
0.000121351
0.000198606
0.000215716
0.000212889
0.000203875
0.000193347
0.000182873
0.000172965
0.000163726
0.000155164
0.000147257
0.000139966
0.000133236
0.000127019
0.000121274
0.000116165
0.000111888

