5e-05
5.02669e-05
5.04842e-05
5.06602e-05
5.08034e-05
5.09206e-05
5.10168e-05
5.10963e-05
5.11623e-05
5.12174e-05
5.12636e-05
5.13026e-05
5.1338e-05
5.1391e-05
5.14557e-05
5.15345e-05
5.16461e-05
5.17599e-05
5.18622e-05
5.20308e-05
0.000165961
0.000198918
0.000201997
0.000195418
0.000186086
0.000176349
0.000166975
0.000158187
0.000150027
0.000142462
0.000135461
0.000128996
0.00012303
0.000117525
0.000112445
0.00010776
0.000103437
9.94482e-05
9.57686e-05
9.2374e-05
8.92421e-05
8.63526e-05
8.36866e-05
8.12254e-05
7.8951e-05
7.68603e-05
7.49533e-05
7.32012e-05
7.15866e-05
7.01129e-05
6.87523e-05
6.74892e-05
6.63065e-05
6.52051e-05
6.41821e-05
6.32365e-05
6.23595e-05
6.1547e-05
6.07926e-05
6.00908e-05
5.9436e-05
5.8827e-05
5.82639e-05
5.7744e-05
5.72644e-05
5.68197e-05
5.64067e-05
5.60269e-05
5.56758e-05
5.53514e-05
5.50545e-05
5.48201e-05
5.49288e-05
5.5328e-05
5.57992e-05
5.63007e-05
5.67395e-05
5.70294e-05
5.71792e-05
5.73451e-05
5.75686e-05
7.79824e-05
0.000176073
0.000201344
0.000201979
0.000194694
0.000185244
0.000175596
0.000166332
0.000157655
0.000198896
0.000263045
0.000272823
0.000264815
0.000251542
0.000237262
0.000223381
0.000210326
0.000198191
0.00018696
0.000176582
0.000166998
0.000158147
0.000149972
0.000142423
0.000135451
0.000129011
0.000123067
0.000117581
0.000112516
0.000107839
0.000103519
9.95317e-05
9.58498e-05
9.24523e-05
8.93441e-05
8.64917e-05
0.00010366
0.000198511
0.000221291
0.00022003
0.000211224
0.000200484
0.000189661
0.000179325
0.000169653
0.000160668
0.000152344
0.00014465
0.00013754
0.000130991
0.000124971
0.000119409
0.000114262
0.000109493
0.000105087
0.000101026
9.73365e-05
9.39371e-05
9.07839e-05
8.78675e-05
8.517e-05
8.26732e-05
8.0361e-05
7.82184e-05
7.63038e-05
7.50113e-05
7.41319e-05
7.35178e-05
0.000148865
0.000199897
0.000217631
0.000393888
0.000409723
0.000385113
0.000359951
0.000414136
0.00044232
0.000446835
0.000501738
0.00049648
0.000472342
0.000443422
0.000414444
0.00042563
0.000465766
0.00045757
0.00043446
0.000407785
0.000381326
0.000356273
0.000332933
0.000311315
0.000291335
0.000272884
0.000255852
0.00024013
0.000225619
0.000212276
0.000200266
0.000249982
0.000294358
0.000296572
0.000285201
0.000270026
0.000254356
0.000239281
0.000225124
0.000211938
0.00019971
0.000188386
0.000177915
0.000168238
0.000159294
0.000151022
0.000143378
0.000136319
0.000129799
0.00012379
0.000118258
0.00011315
0.000108431
0.00010407
0.000100039
9.63171e-05
9.28807e-05
0.00015534
0.000217631
0.000229059
0.000223733
0.000213354
0.000201892
0.000190665
0.00018008
0.000170231
0.000161109
0.00015268
0.000144893
0.000137703
0.000131066
0.000124942
0.000119302
0.000114331
0.000109905
0.000105889
0.000102189
9.8735e-05
9.54716e-05
9.23667e-05
8.94245e-05
8.6664e-05
8.40851e-05
8.16805e-05
7.94421e-05
7.7361e-05
7.54284e-05
7.36353e-05
7.19695e-05
7.04181e-05
6.8976e-05
6.76398e-05
6.63995e-05
6.52538e-05
6.41934e-05
6.32149e-05
6.23126e-05
6.1481e-05
6.07081e-05
5.99917e-05
5.9332e-05

