5e-05
5.02631e-05
5.04691e-05
5.06301e-05
5.07572e-05
5.08582e-05
5.09394e-05
5.10052e-05
5.10648e-05
5.11412e-05
5.12267e-05
5.1337e-05
5.14839e-05
5.16571e-05
5.1829e-05
5.20043e-05
5.21551e-05
5.2272e-05
5.23546e-05
5.23937e-05
5.23674e-05
5.23116e-05
5.22453e-05
5.21726e-05
5.21033e-05
5.20394e-05
5.19824e-05
5.19322e-05
5.18873e-05
5.18407e-05
5.17943e-05
5.17536e-05
5.17185e-05
5.16871e-05
5.16609e-05
5.16396e-05
5.16226e-05
5.16094e-05
5.1598e-05
5.15845e-05
5.15732e-05
5.15648e-05
5.15589e-05
5.15552e-05
5.15524e-05
5.15482e-05
5.15453e-05
5.1544e-05
5.15436e-05
5.15409e-05
5.15374e-05
5.15263e-05
0.000162269
0.000200032
0.000204515
0.000198213
0.000188803
0.000189004
0.000277819
0.000294848
0.000287995
0.000273908
0.000258226
0.000242828
0.000228291
0.000214758
0.000202226
0.000190645
0.00017995
0.000170071
0.000160952
0.000152535
0.000144766
0.000137593
0.00013097
0.000124853
0.000119207
0.000113996
0.000109188
0.000104751
0.000100656
9.68741e-05
9.33798e-05
9.01554e-05
8.71795e-05
8.4431e-05
8.18929e-05
7.9547e-05
7.73813e-05
7.53821e-05
7.35369e-05
7.18336e-05
7.02593e-05
6.88052e-05
6.74624e-05
6.62224e-05
6.50793e-05
6.40262e-05
6.30563e-05
6.21629e-05
6.13399e-05
6.05813e-05
5.98792e-05
5.92318e-05
5.86325e-05
5.80788e-05
5.75615e-05
5.70813e-05
5.66404e-05
5.62541e-05
5.59112e-05
5.56e-05
5.53138e-05
5.50377e-05
6.27759e-05
0.000173464
0.000202962
0.000204698
0.000197526
0.000187883
0.000177937
0.000168398
0.000159471
0.000151189
0.000143531
0.000136459
0.000129951
0.000123949
0.000118408
0.00011329
0.000108561
0.000104188
0.000100147
9.64171e-05
9.29731e-05
8.97977e-05
8.68879e-05
8.42088e-05
8.17521e-05
7.95453e-05
7.75503e-05
7.57182e-05
7.40213e-05
7.2469e-05
7.10357e-05
6.96885e-05
6.84168e-05
6.72225e-05
6.60987e-05
6.5068e-05
6.41416e-05
6.32929e-05
6.25678e-05
6.19675e-05
6.13926e-05
6.09319e-05
6.04919e-05
6.0031e-05
5.95517e-05
5.90849e-05
5.8648e-05
5.82286e-05
5.78261e-05
5.74304e-05
5.70388e-05
5.66557e-05
5.63185e-05
5.6012e-05
5.57238e-05
5.54549e-05
5.52029e-05
5.49602e-05
5.47117e-05
5.4472e-05
5.42468e-05
5.40393e-05
5.38459e-05
5.36674e-05
5.34994e-05
5.33438e-05
5.31971e-05
5.30589e-05
5.29335e-05
5.28204e-05
5.27199e-05
5.2652e-05
5.25968e-05
5.25656e-05
5.25522e-05
5.25408e-05
5.25299e-05
5.25166e-05
5.2495e-05
5.24656e-05
5.24337e-05
5.23992e-05
5.23557e-05
5.2309e-05
5.22641e-05
5.22216e-05
5.21813e-05
5.21397e-05
5.20963e-05
5.20556e-05
5.20137e-05
5.19707e-05
5.19279e-05
5.18879e-05
5.1848e-05
5.1812e-05
5.1781e-05
5.17544e-05
5.17319e-05
5.1713e-05
5.16968e-05
5.16799e-05
5.16643e-05
5.16484e-05
5.16323e-05
5.16178e-05
5.16039e-05
5.15909e-05
5.16218e-05
5.18876e-05
5.22823e-05
5.26813e-05
5.2986e-05
5.31861e-05
5.33233e-05
5.34038e-05
5.34222e-05
5.34259e-05
5.34221e-05
5.34023e-05
5.33562e-05
5.32933e-05
5.32219e-05
5.31431e-05
5.30977e-05
5.33974e-05
5.39776e-05
5.48405e-05
6.92424e-05
0.000252449
0.00026907
0.000253256
0.000237794
0.000223446
0.000210178
0.000197919

