5e-05
5.02669e-05
5.04842e-05
5.06602e-05
5.08034e-05
5.09206e-05
5.10168e-05
5.10963e-05
5.11623e-05
5.12174e-05
5.12636e-05
5.13026e-05
5.1338e-05
5.1391e-05
5.14557e-05
5.15345e-05
5.16461e-05
5.17599e-05
5.18622e-05
5.19399e-05
0.000131562
0.000190914
0.000202791
0.000198975
0.000190342
0.000180613
0.000171026
0.000161967
0.00015353
0.0001457
0.000138452
0.000131758
0.000125579
0.000119878
0.000114618
0.000109765
0.000105288
0.000101157
9.73462e-05
9.38302e-05
9.05864e-05
8.75935e-05
8.48321e-05
8.22828e-05
7.99272e-05
7.77614e-05
7.57851e-05
7.39691e-05
7.22954e-05
7.07672e-05
6.93564e-05
6.80468e-05
6.68212e-05
6.56802e-05
6.46207e-05
6.36414e-05
6.27333e-05
6.1892e-05
6.11111e-05
6.03848e-05
0.000162721
0.000203767
0.00020913
0.000202884
0.000193267
0.000225026
0.000290453
0.000299172
0.000289452
0.000274363
0.000258331
0.000242844
0.000228621
0.000215708
0.000203863
0.000192986
0.000182918
0.000173507
0.000164702
0.000156601
0.000149193
0.000142237
0.000135606
0.000129382
0.000123579
0.000118186
0.000113193
0.000133068
0.000220438
0.000239785
0.000236505
0.000226183
0.000214132
0.000202131
0.000190747
0.000180133
0.000170297
0.000161204
0.000152804
0.000145048
0.000137887
0.000131277
0.000125172
0.000119532
0.000114323
0.000109512
0.000105066
0.000100963
9.71765e-05
9.36806e-05
9.04515e-05
8.74679e-05
8.47148e-05
8.21721e-05
7.98263e-05
7.76888e-05
7.57325e-05
7.39418e-05
7.2317e-05
7.08249e-05
6.94543e-05
6.82291e-05
6.71096e-05
6.60673e-05
6.50698e-05
6.41251e-05
6.32338e-05
6.23948e-05
6.16136e-05
6.08877e-05
6.02313e-05
5.96511e-05
5.91112e-05
5.85999e-05
5.81112e-05
5.76555e-05
5.72407e-05
5.69178e-05
5.6626e-05
5.63413e-05
5.6073e-05
5.58201e-05
5.55798e-05
5.53506e-05
5.51309e-05
5.49913e-05
5.53374e-05
5.59707e-05
5.67528e-05
5.7584e-05
5.8472e-05
6.86318e-05
0.000252017
0.000276611
0.00026142
0.000245474
0.000230578
0.000216787
0.000204041
0.00019227
0.000181402
0.00017137
0.00016211
0.000153564
0.000145676
0.000138395
0.000131677
0.000125478
0.000119758
0.000114481
0.000109614
0.000105124
0.000100982
9.71594e-05
9.3633e-05
9.03803e-05
8.738e-05
8.46124e-05
8.21113e-05
8.01083e-05
7.84652e-05
7.69395e-05
7.54653e-05
7.40479e-05
7.26712e-05
7.13326e-05
7.00372e-05
6.87919e-05
6.75899e-05
6.64482e-05
6.53657e-05
6.43513e-05
6.34047e-05
6.25204e-05
0.000162074
0.000206093
0.000212293
0.00020616
0.000196417
0.000186034
0.000175967
0.000166506
0.00015771
0.000149565
0.000142039
0.000135088
0.000128668
0.000122736
0.000117257
0.000112198
0.000107528
0.000103216
9.9236e-05
9.55633e-05
9.21718e-05
8.90373e-05
0.000110196
0.000204864
0.0002272
0.000225424
0.000216083
0.00020482
0.000193732
0.000183358
0.000173748
0.00016485
0.000156584
0.000148875
0.000141665
0.000134933
0.000128674
0.000122865
0.000117479
0.000112488
0.000107866
0.000103588
9.96303e-05
9.5966e-05
0.00019245
0.000229099
0.000231809
0.000223585
0.000212295
0.000200598
0.000189362
0.00017884
0.000179196
0.000268784
0.000286552
0.000280333

