5e-05
5.02667e-05
5.04834e-05
5.06586e-05
5.08009e-05
5.09171e-05
5.10125e-05
5.10977e-05
5.12653e-05
5.14836e-05
5.16951e-05
5.1879e-05
5.20169e-05
5.20969e-05
5.21514e-05
5.22074e-05
5.22795e-05
5.23419e-05
5.24123e-05
5.24629e-05
5.24503e-05
5.24117e-05
8.97907e-05
0.000180742
0.000203101
0.000202393
0.000194959
0.000185933
0.00017721
0.000211303
0.00037106
0.000370203
0.000346969
0.000324388
0.000303424
0.000284038
0.000266129
0.000249592
0.000234324
0.000220229
0.000207219
0.000195211
0.00018413
0.000173904
0.000164467
0.000155774
0.000147768
0.000140386
0.000133574
0.000127298
0.000121528
0.000116224
0.000111321
0.000106773
0.000102565
9.86773e-05
9.50814e-05
9.17594e-05
8.86875e-05
8.58475e-05
8.32028e-05
8.075e-05
7.84871e-05
7.63983e-05
7.44709e-05
7.269e-05
7.10459e-05
6.95307e-05
6.8135e-05
6.68468e-05
6.56577e-05
6.45558e-05
6.35402e-05
6.26055e-05
0.000139116
0.000200349
0.000212295
0.000207971
0.000198701
0.000188329
0.000178131
0.000168498
0.000159531
0.000151227
0.000143553
0.000136469
0.000129929
0.000123891
0.000118314
0.000113166
0.000108416
0.00010403
9.99809e-05
9.62422e-05
9.28274e-05
8.99518e-05
8.75174e-05
8.53504e-05
8.33107e-05
8.13658e-05
7.94343e-05
7.75711e-05
7.57918e-05
7.40903e-05
7.24868e-05
7.09819e-05
6.95718e-05
6.82466e-05
6.70113e-05
6.58627e-05
6.4796e-05
6.38061e-05
6.28898e-05
6.20682e-05
6.13148e-05
6.06182e-05
5.99612e-05
5.93397e-05
5.87588e-05
5.82187e-05
5.77159e-05
5.72512e-05
5.68189e-05
5.64143e-05
5.60348e-05
5.5684e-05
5.53616e-05
5.50653e-05
5.47898e-05
5.4534e-05
5.42994e-05
5.40848e-05
5.38963e-05
5.37492e-05
5.36223e-05
5.35028e-05
5.34087e-05
5.33286e-05
5.32698e-05
5.33218e-05
5.34654e-05
5.36339e-05
5.37418e-05
5.38061e-05
5.38734e-05
5.39816e-05
5.39832e-05
5.39454e-05
5.38829e-05
5.37899e-05
5.36673e-05
5.35336e-05
5.34023e-05
5.32664e-05
5.31342e-05
5.30073e-05
5.28877e-05
5.27768e-05
5.27021e-05
5.28627e-05
5.31827e-05
5.35776e-05
5.38886e-05
5.40139e-05
5.40585e-05
5.40789e-05
5.41158e-05
5.4136e-05
5.4123e-05
5.40585e-05
5.39663e-05
5.38573e-05
5.37412e-05
5.36236e-05
5.35097e-05
5.34006e-05
5.32931e-05
5.31832e-05
5.30967e-05
5.30267e-05
5.29597e-05
5.2895e-05
0.000149988
0.000196506
0.000204037
0.000198751
0.000189656
0.000179809
0.000170219
0.00016119
0.000152792
0.000145014
0.000137827
0.000131192
0.000125276
0.000120265
0.000115891
0.000111898
0.000107973
0.000104176
0.000100547
9.71188e-05
9.38684e-05
9.08126e-05
8.7952e-05
8.52599e-05
8.27357e-05
8.03882e-05
7.82098e-05
7.61901e-05
7.43225e-05
7.26306e-05
7.13988e-05
7.04547e-05
6.96802e-05
6.89273e-05
6.8168e-05
6.74449e-05
6.67074e-05
6.59443e-05
6.51366e-05
6.43268e-05
6.35309e-05
6.27455e-05
6.19811e-05
6.12554e-05
6.05724e-05
5.99266e-05
5.93148e-05
5.8739e-05
5.82006e-05
5.77009e-05
5.724e-05
5.68154e-05
5.64211e-05
5.60568e-05
5.57222e-05
5.54151e-05
5.51307e-05
5.48663e-05
5.46156e-05
5.43845e-05
5.41849e-05
5.40223e-05
5.38812e-05
5.37595e-05
5.36979e-05
5.36869e-05
5.36714e-05
0.0001444

