5e-05
5.02669e-05
5.04842e-05
5.06602e-05
5.08034e-05
5.09206e-05
5.10168e-05
5.10963e-05
5.11623e-05
5.12174e-05
5.12636e-05
5.13026e-05
6.92199e-05
0.000173611
0.000200636
0.000201722
0.000194521
0.000185047
0.000175322
0.000166005
0.000157268
0.000149152
0.000141664
0.000134747
0.00012836
0.000122466
0.000117027
0.000112008
0.000107376
0.0001031
9.91497e-05
9.55018e-05
9.21348e-05
8.90271e-05
8.61566e-05
8.35052e-05
8.10583e-05
7.88002e-05
7.67147e-05
7.47871e-05
7.30083e-05
7.13672e-05
6.98532e-05
6.84565e-05
6.71679e-05
6.59791e-05
6.48823e-05
6.38703e-05
6.29394e-05
6.21084e-05
6.13462e-05
6.06382e-05
5.99922e-05
5.94284e-05
5.89179e-05
5.84458e-05
5.79964e-05
5.75695e-05
5.7163e-05
5.67737e-05
5.63863e-05
5.60209e-05
5.56834e-05
5.53721e-05
5.50817e-05
5.48141e-05
5.45685e-05
5.43431e-05
5.41364e-05
5.3946e-05
5.37677e-05
5.36039e-05
5.3454e-05
5.33169e-05
5.31915e-05
5.30768e-05
5.29719e-05
5.28758e-05
5.27878e-05
5.27071e-05
5.26332e-05
5.25654e-05
5.24996e-05
5.24299e-05
5.23574e-05
5.22892e-05
5.22229e-05
5.21628e-05
5.21088e-05
5.20593e-05
5.20187e-05
5.20065e-05
5.20056e-05
5.20102e-05
5.20165e-05
5.20164e-05
5.20137e-05
5.20101e-05
5.20011e-05
5.19896e-05
5.19784e-05
5.19674e-05
5.19567e-05
5.19463e-05
5.19315e-05
5.19165e-05
5.18999e-05
5.18824e-05
5.18852e-05
5.19085e-05
5.19241e-05
5.19332e-05
0.00015295
0.000196835
0.000203465
0.00019792
0.000188788
0.000178983
0.000169734
0.000161426
0.000154026
0.000147638
0.000244921
0.000357208
0.000343894
0.000321991
0.000301278
0.000282078
0.000264329
0.000247934
0.000232795
0.000218818
0.000205916
0.000194006
0.000183012
0.000172864
0.000163497
0.000154856
0.000146901
0.000139568
0.000132799
0.000126553
0.00012079
0.00011547
0.000110556
0.00010602
0.000101857
9.8023e-05
0.000188903
0.000231951
0.000236593
0.000228786
0.000217401
0.000205446
0.000193903
0.000183069
0.000173004
0.000163706
0.000155116
0.000147182
0.000139858
0.000133092
0.000126839
0.000121061
0.00011572
0.000110787
0.000106233
0.00010203
9.81464e-05
9.45608e-05
9.12501e-05
8.81867e-05
8.53552e-05
8.27426e-05
0.000156754
0.000214524
0.000224558
0.000218966
0.000209048
0.000198283
0.000187755
0.000177807
0.000168501
0.000159808
0.000151665
0.000144093
0.000137078
0.000130583
0.000124573
0.000119013
0.00011387
0.000109104
0.000104693
0.000100618
9.68492e-05
9.33644e-05
9.01449e-05
8.71705e-05
8.44219e-05
8.18852e-05
7.95422e-05
7.73773e-05
7.5378e-05
7.35344e-05
7.18347e-05
7.02678e-05
6.88233e-05
6.74915e-05
6.62638e-05
6.513e-05
6.40827e-05
6.3117e-05
6.22268e-05
6.14061e-05
6.06477e-05
5.99461e-05
5.92974e-05
5.87985e-05
5.86617e-05
5.87015e-05
5.87541e-05
5.87749e-05
5.86836e-05
5.84956e-05
5.82283e-05
5.79071e-05
5.75583e-05
5.72011e-05
5.68478e-05
5.64996e-05
5.61668e-05
5.58489e-05
5.5545e-05
5.52599e-05
5.49937e-05
5.47457e-05
5.45149e-05
5.43006e-05
5.40993e-05
5.3904e-05
5.37181e-05
5.35446e-05
5.33835e-05
5.32364e-05
5.3101e-05
5.29755e-05
5.28613e-05
5.27577e-05
5.26637e-05
5.25784e-05

