5e-05
5.02631e-05
5.04691e-05
5.06301e-05
5.07572e-05
5.08582e-05
5.09394e-05
5.10052e-05
5.10589e-05
5.11033e-05
5.11402e-05
5.11713e-05
5.11977e-05
5.12132e-05
5.12233e-05
5.12328e-05
5.12421e-05
5.12517e-05
5.12614e-05
5.12679e-05
5.12689e-05
5.12683e-05
5.12649e-05
5.12518e-05
5.12369e-05
5.1225e-05
5.12176e-05
5.12144e-05
5.12149e-05
5.12155e-05
5.12155e-05
5.12179e-05
5.12225e-05
5.12268e-05
5.12316e-05
5.12386e-05
5.12477e-05
5.12586e-05
5.12707e-05
5.12812e-05
5.12921e-05
5.1367e-05
5.17524e-05
5.23343e-05
5.29808e-05
5.35925e-05
5.40461e-05
5.43346e-05
5.44985e-05
5.45606e-05
5.4546e-05
5.44543e-05
0.000161492
0.000199932
0.00020471
0.000198514
0.000189137
0.000179215
0.00016962
0.000160608
0.000152233
0.000144484
0.000137326
0.000130719
0.000124621
0.000118992
0.000113797
0.000109002
0.000104575
0.000100491
9.67219e-05
9.32449e-05
9.00361e-05
8.70725e-05
8.43371e-05
8.18105e-05
7.94789e-05
7.7345e-05
7.53919e-05
7.35945e-05
7.1935e-05
7.03956e-05
6.89674e-05
6.76467e-05
6.64236e-05
6.52864e-05
6.44123e-05
6.39302e-05
6.35511e-05
6.31689e-05
6.27735e-05
6.23371e-05
6.18535e-05
6.1326e-05
6.07605e-05
6.01936e-05
5.96379e-05
5.91006e-05
5.85864e-05
5.80976e-05
5.76357e-05
0.000167718
0.000202994
0.000206586
0.000199921
0.000190326
0.000180289
0.000170841
0.000162187
0.000154219
0.000146847
0.000139982
0.000133565
0.000127562
0.000121951
0.000116716
0.000111841
0.000107307
0.000103117
9.92419e-05
0.0001067
0.000207062
0.000231476
0.000230195
0.000220797
0.000209291
0.000197692
0.000186637
0.000176312
0.000166741
0.000157893
0.000149721
0.000142177
0.00013521
0.000128777
0.000122839
0.000117382
0.000112359
0.000107733
0.00010352
9.96429e-05
9.60543e-05
9.27327e-05
8.96492e-05
8.67896e-05
8.41486e-05
8.17283e-05
7.94877e-05
7.73958e-05
7.54498e-05
7.36483e-05
7.19762e-05
7.04281e-05
6.90053e-05
6.76932e-05
6.64813e-05
6.53515e-05
6.43029e-05
6.33316e-05
6.24329e-05
6.16034e-05
6.08377e-05
6.01272e-05
5.94609e-05
5.88386e-05
5.82626e-05
5.77314e-05
5.72421e-05
5.67888e-05
5.63706e-05
5.59848e-05
5.56291e-05
5.53016e-05
5.50009e-05
5.47213e-05
5.44615e-05
5.42237e-05
5.40067e-05
5.38087e-05
5.36279e-05
5.34597e-05
5.33055e-05
5.31647e-05
5.30363e-05
5.29141e-05
5.27998e-05
5.26927e-05
5.25943e-05
5.25023e-05
5.24188e-05
5.23429e-05
5.22695e-05
5.22021e-05
5.21398e-05
5.20823e-05
5.20299e-05
5.1981e-05
5.19373e-05
5.18986e-05
5.18644e-05
5.1834e-05
5.18071e-05
5.17832e-05
5.17611e-05
5.17371e-05
5.17103e-05
5.16858e-05
5.16618e-05
5.16409e-05
5.17016e-05
5.2068e-05
5.25789e-05
5.30187e-05
5.33548e-05
5.35712e-05
5.37058e-05
5.37685e-05
5.37536e-05
5.3691e-05
5.35995e-05
5.34854e-05
5.33648e-05
5.32462e-05
5.31315e-05
5.30182e-05
0.000164924
0.000200945
0.000204851
0.000198357
0.000188887
0.000178948
0.00016936
0.000160367
0.000152018
0.000144294
0.000137157
0.000130568
0.0001245
0.000118915
0.000113766
0.000109011
0.000104617
0.000100554
9.6792e-05
9.33172e-05
9.01092e-05
8.71475e-05
8.44101e-05
8.18823e-05
7.95491e-05

