5e-05
5.02631e-05
5.04691e-05
5.06301e-05
5.07572e-05
5.08582e-05
5.09394e-05
5.10052e-05
5.10589e-05
5.11033e-05
5.11402e-05
5.11715e-05
5.12137e-05
5.12647e-05
5.13384e-05
5.1414e-05
5.14831e-05
5.15422e-05
5.15887e-05
5.16122e-05
5.16321e-05
5.16417e-05
5.16436e-05
5.1632e-05
5.16179e-05
5.16057e-05
5.15958e-05
5.15877e-05
5.15805e-05
5.15713e-05
5.15599e-05
5.15477e-05
5.15378e-05
5.15272e-05
5.15154e-05
5.15041e-05
5.14957e-05
5.14892e-05
5.14816e-05
5.14745e-05
5.14698e-05
5.14676e-05
5.14673e-05
5.14688e-05
5.14716e-05
5.14862e-05
5.1531e-05
5.16133e-05
5.17286e-05
5.18419e-05
5.19259e-05
5.19854e-05
0.000148451
0.000195272
0.00020294
0.000197767
0.000188765
0.000178996
0.000169468
0.000160496
0.000152149
0.000144421
0.000137281
0.000130687
0.000124598
0.000118977
0.000113789
0.000109001
0.000104579
0.000100495
9.67248e-05
9.32402e-05
9.00239e-05
8.70567e-05
8.43172e-05
8.17853e-05
7.94472e-05
7.72977e-05
7.53389e-05
7.35407e-05
7.18836e-05
7.03487e-05
6.89236e-05
6.76008e-05
6.63748e-05
7.27752e-05
0.000181741
0.000210376
0.000211472
0.000203749
0.000193611
0.000183219
0.00017327
0.000163965
0.000155336
0.000147357
0.000139988
0.000133186
0.000126931
0.000121208
0.000115944
0.000111087
0.000106599
0.000102448
9.8604e-05
9.50323e-05
9.17224e-05
8.86604e-05
8.58458e-05
8.32493e-05
8.08521e-05
7.86366e-05
7.65844e-05
7.46838e-05
0.000132997
0.000203103
0.000217744
0.000214023
0.000204649
0.000193951
0.000183372
0.000173365
0.000164044
0.000155408
0.00014742
0.00014004
0.000206476
0.000256933
0.000262583
0.000253725
0.000240708
0.000227026
0.00021384
0.000201486
0.000190023
0.000179445
0.000169675
0.000160653
0.000152336
0.00014471
0.000137682
0.000131181
0.000177472
0.00024187
0.00025285
0.000246238
0.000234358
0.00022142
0.000208803
0.000197172
0.000217572
0.00044023
0.000469487
0.000447766
0.000420668
0.000393416
0.000367481
0.000343268
0.00032082
0.000356018
0.000400922
0.000397539
0.000378973
0.000356517
0.000361502
0.000418437
0.000417984
0.000399315
0.000375798
0.000351927
0.000329146
0.00030786
0.000288123
0.000269872
0.000253014
0.000237448
0.000223078
0.000209812
0.000197565
0.00018626
0.000175825
0.000166192
0.0001573
0.000149091
0.000141513
0.000134519
0.000128062
0.000122102
0.0001166
0.000111521
0.000106833
0.000102505
9.85097e-05
9.48214e-05
9.14167e-05
8.82781e-05
8.53866e-05
8.27173e-05
8.02517e-05
7.79741e-05
7.58701e-05
7.39268e-05
7.2132e-05
7.0475e-05
6.89449e-05
6.75321e-05
6.62279e-05
6.5024e-05
6.3913e-05
6.28874e-05
6.19405e-05
6.10662e-05
6.02591e-05
5.95143e-05
5.88268e-05
5.81922e-05
5.76065e-05
5.70659e-05
5.65673e-05
5.61072e-05
5.56825e-05
5.52905e-05
5.49288e-05
5.45955e-05
5.42882e-05
5.40045e-05
5.37427e-05
5.3501e-05
5.3278e-05
5.30721e-05
5.28821e-05
5.27343e-05
5.26943e-05
5.26755e-05
9.98896e-05
0.000183144
0.000203127
0.000201869
0.000193871
0.000184131
0.000174441
0.000165245
0.000156615
0.000148575
0.000141117
0.000134216
0.000127841
0.000121945
0.000116493
0.000111557

