5e-05
5.02631e-05
5.04691e-05
5.06301e-05
5.07572e-05
5.08582e-05
5.09394e-05
5.10052e-05
5.10589e-05
5.11033e-05
5.11402e-05
5.11728e-05
5.13086e-05
0.000106377
0.000181019
0.000198354
0.00019665
0.000188944
0.00017968
0.000170335
0.000161391
0.000153006
0.000145225
0.000138013
0.000131345
0.00012519
0.00011951
0.000114269
0.000109431
0.000104961
0.000100832
9.70207e-05
9.35036e-05
9.02584e-05
8.72608e-05
8.45064e-05
8.2201e-05
8.02874e-05
7.86153e-05
7.70372e-05
7.54972e-05
7.402e-05
7.25883e-05
7.11909e-05
6.98554e-05
6.85872e-05
6.73886e-05
6.62481e-05
6.51699e-05
6.41559e-05
6.31896e-05
6.22894e-05
6.14522e-05
6.06764e-05
5.996e-05
5.92992e-05
5.869e-05
5.81268e-05
5.7607e-05
5.71262e-05
5.66775e-05
5.62609e-05
5.58779e-05
5.55392e-05
5.52466e-05
5.49857e-05
5.47495e-05
5.45323e-05
5.43257e-05
5.41267e-05
5.39403e-05
5.37633e-05
5.35957e-05
5.34388e-05
5.32901e-05
5.31528e-05
5.30195e-05
5.28942e-05
5.27802e-05
5.26745e-05
5.25788e-05
5.2491e-05
5.24043e-05
5.23228e-05
5.22488e-05
5.21782e-05
5.21151e-05
5.20583e-05
5.20053e-05
5.19573e-05
5.19155e-05
5.18794e-05
5.18482e-05
5.18178e-05
5.17875e-05
5.17682e-05
5.17762e-05
5.17936e-05
5.18127e-05
5.18301e-05
5.18499e-05
5.19094e-05
5.20109e-05
5.21139e-05
5.22026e-05
5.22919e-05
5.23911e-05
5.24561e-05
5.24924e-05
5.25108e-05
5.25139e-05
5.25042e-05
5.82085e-05
0.000170276
0.000200692
0.000202868
0.000195938
0.000186457
0.000176639
0.000167211
0.00015838
0.00015018
0.000142597
0.000135611
0.000129166
0.000123224
0.000117762
0.000112712
0.000108052
0.00010378
9.98452e-05
9.62044e-05
9.28187e-05
8.96817e-05
8.68107e-05
8.41638e-05
8.17078e-05
7.94369e-05
7.73364e-05
7.54037e-05
7.36375e-05
7.20092e-05
7.05031e-05
6.91014e-05
6.77884e-05
6.65811e-05
6.54653e-05
6.4427e-05
6.34787e-05
0.000176451
0.000208594
0.000210893
0.000203572
0.000193588
0.000183264
0.000173343
0.000164049
0.000155423
0.000147442
0.00014007
0.000133261
0.000126969
0.000121159
0.000115793
0.000110839
0.000106266
0.000102046
9.81531e-05
9.45621e-05
9.12495e-05
8.81908e-05
8.53682e-05
8.27644e-05
8.03625e-05
7.81463e-05
0.000175206
0.000216055
0.000220726
0.000213674
0.000203257
0.000192296
0.000181708
0.000171768
0.000162536
0.000153994
0.000146105
0.000138822
0.000132102
0.000125924
0.000120234
0.000114977
0.000110115
0.000105621
0.000101469
9.76299e-05
9.40812e-05
9.08055e-05
8.77828e-05
8.50045e-05
8.24507e-05
8.01013e-05
7.79546e-05
7.59715e-05
7.41256e-05
7.24171e-05
7.0834e-05
6.93664e-05
6.80088e-05
6.67474e-05
6.55736e-05
6.44862e-05
6.34807e-05
6.25517e-05
6.16912e-05
6.08964e-05
6.01631e-05
5.94878e-05
5.88639e-05
5.82855e-05
5.77521e-05
5.72573e-05
5.6802e-05
5.63841e-05
5.61369e-05
5.61404e-05
5.62259e-05
5.63404e-05
5.6427e-05
5.64139e-05
5.63016e-05
5.61435e-05
5.5955e-05
5.57463e-05
5.55262e-05
5.52877e-05
5.50458e-05
5.48164e-05
5.46233e-05
5.44443e-05
5.42661e-05
5.40921e-05
5.39174e-05
5.37443e-05
5.35789e-05
5.34253e-05
5.32833e-05
5.31611e-05
5.30738e-05
5.29963e-05
5.29158e-05

