5e-05
5.02669e-05
5.04842e-05
5.06602e-05
5.08034e-05
5.09206e-05
5.10168e-05
5.10963e-05
5.11819e-05
5.13156e-05
5.14593e-05
5.15908e-05
5.17027e-05
5.17801e-05
5.18584e-05
5.19431e-05
5.20171e-05
5.20765e-05
5.21173e-05
5.21289e-05
5.21132e-05
5.20848e-05
5.20529e-05
0.00015646
0.000198672
0.000204648
0.000198816
0.000189533
0.000179619
0.000169995
0.00016095
0.000152549
0.000144778
0.000137598
0.000130965
0.000124842
0.000119194
0.000113984
0.000109176
0.000104739
0.000100646
9.68703e-05
9.33868e-05
9.0169e-05
8.71962e-05
8.44564e-05
8.19549e-05
7.96542e-05
7.75318e-05
7.55743e-05
7.37589e-05
0.000165066
0.000210964
0.000217525
0.000211246
0.000201202
0.000190463
0.000180048
0.000170258
0.000161163
0.000222642
0.00027206
0.000276626
0.000266727
0.00025273
0.000238138
0.000224093
0.000210931
0.000198716
0.000187419
0.00017698
0.000167333
0.000158426
0.000150205
0.000142619
0.000135617
0.000129153
0.000123188
0.000117683
0.0001126
0.000107908
0.00010358
9.95854e-05
9.58999e-05
9.24992e-05
8.93611e-05
8.64596e-05
8.37775e-05
8.12972e-05
7.90036e-05
7.68832e-05
7.49241e-05
7.31124e-05
7.14401e-05
6.98982e-05
6.84757e-05
6.71655e-05
6.59576e-05
6.4843e-05
6.38167e-05
6.2872e-05
6.20009e-05
6.11961e-05
6.04552e-05
5.97733e-05
5.91456e-05
5.85631e-05
5.80231e-05
5.75261e-05
5.70689e-05
5.66449e-05
5.62534e-05
5.58903e-05
5.55541e-05
5.5245e-05
5.49582e-05
5.46919e-05
5.44473e-05
5.42237e-05
5.40193e-05
5.38326e-05
5.36599e-05
5.34965e-05
5.3342e-05
5.31979e-05
5.30653e-05
5.29427e-05
5.28314e-05
5.27282e-05
5.26478e-05
5.28471e-05
5.33436e-05
5.39689e-05
5.45642e-05
6.08748e-05
0.000167656
0.00019692
0.000199115
0.000192575
0.00018355
0.000262192
0.000291017
0.000288268
0.000275563
0.000260315
0.000245008
0.000230434
0.000216817
0.000204187
0.000192495
0.000181685
0.000258799
0.000290866
0.000289016
0.00027645
0.000261113
0.000245668
0.000230982
0.000217286
0.000204591
0.000192851
0.000182006
0.000171993
0.000162749
0.00015421
0.000146323
0.000139043
0.000132322
0.000126119
0.000120395
0.000115109
0.000110227
0.000105721
0.000101561
9.77436e-05
9.42377e-05
9.10084e-05
8.80301e-05
8.52774e-05
8.27224e-05
8.03522e-05
7.81546e-05
7.61225e-05
7.42474e-05
0.000148895
0.000206519
0.000217008
0.000212001
0.000202324
0.000191647
0.000181207
0.000242426
0.000286536
0.000288722
0.000277479
0.000262532
0.000247156
0.000232418
0.000218624
0.000205821
0.000193978
0.000183037
0.000172933
0.000163604
0.000154991
0.000147042
0.000139701
0.000132922
0.000126664
0.00012089
0.000115562
0.000110644
0.000106104
0.000101914
9.80483e-05
9.44776e-05
9.11825e-05
8.81387e-05
8.53302e-05
8.27391e-05
8.03451e-05
7.81327e-05
7.60844e-05
7.41912e-05
7.24456e-05
7.08354e-05
6.93489e-05
6.7979e-05
6.6716e-05
6.55442e-05
6.44615e-05
6.34646e-05
6.25469e-05
6.17024e-05
6.09248e-05
6.02053e-05
5.95416e-05
5.89273e-05
5.83612e-05
5.78595e-05
5.74135e-05
5.70019e-05
5.66233e-05
5.62705e-05
5.59401e-05
5.5634e-05
5.53503e-05
5.50873e-05
5.48384e-05
5.46046e-05

