5e-05
5.02667e-05
5.04834e-05
5.06586e-05
5.08009e-05
5.09171e-05
5.10125e-05
5.10912e-05
5.11585e-05
5.12873e-05
5.15188e-05
5.18025e-05
5.20731e-05
5.22877e-05
5.24398e-05
5.25492e-05
5.26223e-05
5.26652e-05
5.26841e-05
5.26831e-05
5.26574e-05
5.26253e-05
0.000104072
0.000184868
0.000203798
0.000202004
0.000194241
0.00018512
0.000175959
0.000167143
0.000158856
0.00015108
0.000143775
0.000136937
0.000130564
0.000124635
0.000119135
0.000114037
0.000109315
0.000104941
0.000100889
9.71407e-05
9.3676e-05
9.04738e-05
8.7515e-05
8.47814e-05
8.22563e-05
7.99241e-05
7.77702e-05
7.57811e-05
7.39434e-05
0.000138567
0.000204475
0.000217629
0.000213417
0.000203967
0.000193343
0.000182922
0.000173093
0.000163931
0.000155394
0.000147477
0.000140154
0.00013339
0.000127143
0.000121368
0.000116061
0.00011117
0.000106674
0.000102549
9.87402e-05
9.52117e-05
9.19476e-05
8.89213e-05
8.61158e-05
8.35165e-05
8.11446e-05
7.89668e-05
7.69562e-05
7.50956e-05
7.33716e-05
7.17726e-05
7.02818e-05
6.89196e-05
6.76664e-05
6.65082e-05
6.54348e-05
6.44384e-05
6.35129e-05
6.26612e-05
6.18972e-05
6.1173e-05
6.04941e-05
5.98647e-05
5.92856e-05
5.87832e-05
5.83292e-05
5.78985e-05
5.74944e-05
5.7112e-05
5.67447e-05
5.63894e-05
5.60465e-05
5.57266e-05
5.54393e-05
5.52032e-05
5.49946e-05
5.48033e-05
5.46239e-05
5.44464e-05
5.42772e-05
5.41172e-05
5.39661e-05
5.38235e-05
5.36891e-05
5.35625e-05
5.34427e-05
5.33243e-05
5.32083e-05
5.31137e-05
5.30494e-05
5.29904e-05
5.29369e-05
5.28855e-05
5.28282e-05
5.27657e-05
5.27045e-05
5.26461e-05
5.25856e-05
5.25279e-05
5.24742e-05
5.24244e-05
5.23875e-05
5.23826e-05
5.23828e-05
5.23667e-05
5.23454e-05
5.23292e-05
5.23385e-05
5.23538e-05
5.2394e-05
5.24404e-05
5.24827e-05
5.25159e-05
5.25384e-05
5.25809e-05
5.26399e-05
5.27193e-05
5.27825e-05
5.28112e-05
5.28132e-05
5.27975e-05
5.28265e-05
5.28816e-05
5.29541e-05
5.30563e-05
5.31411e-05
5.31785e-05
5.31869e-05
5.31492e-05
5.30906e-05
5.30302e-05
5.29873e-05
5.29413e-05
5.28907e-05
5.28272e-05
5.27652e-05
5.27029e-05
5.26401e-05
5.25769e-05
5.25158e-05
5.24542e-05
5.23985e-05
5.23674e-05
5.23715e-05
5.24114e-05
5.24495e-05
5.24787e-05
5.24942e-05
5.2502e-05
0.000165659
0.00019916
0.000202398
0.000195852
0.000186518
0.000176763
0.000167365
0.000158554
0.000150372
0.0001428
0.000135804
0.000129337
0.000123368
0.00018146
0.00024152
0.000251037
0.000244008
0.000232073
0.000219184
0.000206643
0.000194844
0.000183877
0.000173729
0.000164354
0.000243052
0.0002781
0.000277825
0.000266331
0.00025185
0.000237154
0.000223131
0.000210023
0.000197869
0.000186633
0.000176257
0.000166679
0.000157848
0.000149759
0.000142322
0.000135467
0.000129137
0.000123287
0.000117877
0.000112864
0.000108223
0.000103923
9.99423e-05
9.62592e-05
9.28519e-05
8.97011e-05
8.67918e-05
8.41315e-05
8.16928e-05
7.94429e-05
7.73573e-05
7.54285e-05
7.36412e-05
7.19826e-05
7.04484e-05
6.9031e-05
6.77445e-05
6.65674e-05
6.54822e-05
6.44944e-05
6.3588e-05
6.27508e-05
6.19669e-05
6.12329e-05
6.05431e-05
5.98991e-05

