5e-05
5.02669e-05
5.04842e-05
5.06602e-05
5.08034e-05
5.09206e-05
5.10168e-05
5.10963e-05
5.11623e-05
5.12174e-05
5.12636e-05
5.13049e-05
5.13677e-05
5.14272e-05
5.14686e-05
5.1505e-05
5.1537e-05
5.15614e-05
5.15757e-05
5.15818e-05
5.1578e-05
5.15692e-05
5.15604e-05
5.15471e-05
5.1534e-05
5.1524e-05
5.15173e-05
5.15135e-05
5.15121e-05
5.15095e-05
5.15057e-05
5.15036e-05
5.15034e-05
5.15014e-05
5.14964e-05
5.1492e-05
5.14878e-05
5.14862e-05
5.14873e-05
5.14906e-05
5.14959e-05
5.15028e-05
5.1511e-05
5.16233e-05
5.21004e-05
5.28311e-05
5.37353e-05
5.48235e-05
5.68268e-05
0.000234437
0.000271658
0.000256901
0.000241296
0.000226725
0.000213238
0.000200773
0.000189261
0.000178631
0.000168816
0.000159758
0.000245111
0.000289223
0.000291202
0.000279715
0.000264533
0.000248947
0.000234021
0.000220058
0.000207108
0.000195135
0.000184076
0.000173864
0.000164439
0.00015574
0.000147713
0.000140305
0.000133469
0.00012716
0.000121338
0.000115962
0.000110999
0.000106415
0.000102186
9.82828e-05
9.46811e-05
9.13574e-05
8.82877e-05
8.54537e-05
8.28381e-05
8.04218e-05
7.81918e-05
7.61339e-05
7.42325e-05
7.2478e-05
7.08596e-05
9.67994e-05
0.000192398
0.000215677
0.000214784
0.000206261
0.000195745
0.000185124
0.000175004
0.000165553
0.000156791
0.00014869
0.000141209
0.000134303
0.00012793
0.000122047
0.000185856
0.000242442
0.000250773
0.000243363
0.000231329
0.000218432
0.000205913
0.000194145
0.000183206
0.000173083
0.000163731
0.000155097
0.000147126
0.000139766
0.000132971
0.000126695
0.000120901
0.000115551
0.000110614
0.000106058
0.000101855
9.79759e-05
9.43969e-05
9.10914e-05
8.80378e-05
8.52204e-05
8.26296e-05
8.02622e-05
7.80838e-05
7.60692e-05
7.42173e-05
7.25319e-05
7.09816e-05
6.9549e-05
6.82222e-05
6.69858e-05
6.58308e-05
6.47588e-05
6.37573e-05
6.28243e-05
6.19615e-05
6.11645e-05
6.0427e-05
5.97402e-05
5.91059e-05
5.8521e-05
5.79819e-05
5.74849e-05
5.70207e-05
5.65886e-05
5.61906e-05
5.58247e-05
5.54846e-05
5.51697e-05
5.48801e-05
5.46121e-05
5.43662e-05
5.41383e-05
5.39247e-05
5.37238e-05
5.3537e-05
5.33642e-05
0.000129199
0.000192511
0.000205495
0.00020184
0.00019309
0.000183166
0.00017337
0.000164109
0.000155486
0.000147503
0.000140126
0.000133315
0.000127027
0.000121223
0.000115864
0.000110916
0.00010635
0.000102133
9.82406e-05
9.46488e-05
9.13341e-05
8.82749e-05
8.54458e-05
8.283e-05
8.04131e-05
7.81835e-05
7.61272e-05
7.42281e-05
7.2475e-05
7.08564e-05
0.000145845
0.000205324
0.000216444
0.000211651
0.000202049
0.000191407
0.000180971
0.000171127
0.000161967
0.000153486
0.000145646
0.000138402
0.000131711
0.000125534
0.000119833
0.00011457
0.000109714
0.00010523
0.000101092
9.72718e-05
9.37447e-05
9.04894e-05
8.74866e-05
8.47152e-05
8.21567e-05
7.98076e-05
7.7653e-05
7.56668e-05
7.38363e-05
7.21477e-05
7.05845e-05
6.91389e-05
6.78014e-05
6.6563e-05
6.5419e-05
6.43587e-05
6.3377e-05
6.24651e-05
6.16237e-05
6.0848e-05
6.01289e-05
5.94625e-05
5.88461e-05
5.82746e-05
5.77486e-05
5.72651e-05
5.68208e-05
5.64125e-05

