5e-05
5.02669e-05
5.04842e-05
5.06602e-05
5.08034e-05
5.09206e-05
5.10168e-05
5.10963e-05
5.12001e-05
5.13961e-05
5.16103e-05
5.18076e-05
5.1974e-05
5.21083e-05
5.22106e-05
5.23306e-05
5.24618e-05
5.2574e-05
5.26589e-05
5.27008e-05
5.26726e-05
5.26146e-05
9.0871e-05
0.000181468
0.000203696
0.00020308
0.000195241
0.000185505
0.000175656
0.000166257
0.000157498
0.000149424
0.000141983
0.000135112
0.000128767
0.0001229
0.000117477
0.000112467
0.000107836
0.000103553
9.95958e-05
9.59404e-05
9.25638e-05
8.94449e-05
8.65617e-05
8.38944e-05
8.14311e-05
7.91594e-05
7.71011e-05
7.52381e-05
7.3496e-05
7.18689e-05
7.03744e-05
6.9039e-05
6.7831e-05
6.67065e-05
6.56523e-05
6.46671e-05
6.37423e-05
6.28772e-05
6.20445e-05
6.1262e-05
6.05378e-05
5.98671e-05
5.92439e-05
5.86652e-05
5.81254e-05
5.76263e-05
5.71607e-05
5.67286e-05
5.63313e-05
5.59637e-05
5.56258e-05
5.53133e-05
5.50269e-05
5.47608e-05
5.45114e-05
5.42832e-05
5.40753e-05
5.38826e-05
5.37061e-05
5.35423e-05
5.33832e-05
5.32328e-05
5.30936e-05
5.29672e-05
5.2853e-05
0.000111639
0.000187437
0.000204633
0.00020237
0.000194039
0.0001842
0.000174378
0.000165058
0.000156367
0.000148317
0.000140878
0.000134008
0.000127667
0.000121816
0.000116417
0.000111435
0.000106848
0.000102642
9.87707e-05
9.52002e-05
9.18976e-05
8.88367e-05
8.60023e-05
8.3378e-05
8.09537e-05
7.87124e-05
7.66443e-05
7.47639e-05
7.30361e-05
7.14398e-05
6.99658e-05
6.86032e-05
6.73424e-05
6.61741e-05
6.50857e-05
6.40725e-05
6.31417e-05
6.22996e-05
6.15135e-05
6.07845e-05
6.01015e-05
5.94642e-05
5.88925e-05
5.86869e-05
5.8892e-05
5.94489e-05
6.53067e-05
0.000246344
0.000266289
0.000251264
0.000236047
0.000221869
0.000208746
0.00019662
0.000185421
0.000175082
0.000165538
0.000156728
0.000148597
0.000141093
0.000134179
0.000127805
0.000121924
0.000116497
0.000111481
0.000106848
0.000102572
9.86265e-05
9.49788e-05
9.16109e-05
8.85027e-05
8.56352e-05
8.29943e-05
8.05759e-05
7.83485e-05
7.62927e-05
7.43937e-05
7.26449e-05
7.10423e-05
6.9563e-05
6.81987e-05
6.69295e-05
6.57544e-05
6.46633e-05
6.36542e-05
6.27203e-05
6.18583e-05
6.10607e-05
6.03248e-05
5.96466e-05
5.90214e-05
5.84452e-05
5.7914e-05
5.74223e-05
5.69658e-05
5.65425e-05
5.61526e-05
5.57936e-05
0.000100028
0.000186267
0.000206864
0.000205518
0.000197332
0.000187504
0.000178013
0.000169173
0.000160961
0.00015322
0.000223109
0.000264329
0.000266979
0.000257126
0.000243735
0.000229864
0.000216503
0.000203969
0.000259853
0.000303334
0.000304487
0.000292109
0.000276047
0.000259623
0.000243912
0.000229218
0.000215585
0.000202978
0.000191336
0.000180603
0.000170704
0.000161571
0.000153133
0.000145341
0.000138148
0.000131507
0.000125372
0.000119703
0.000114465
0.00010963
0.000105167
0.000101048
9.7247e-05
9.37348e-05
9.04851e-05
8.74854e-05
8.47164e-05
8.21695e-05
7.98384e-05
7.76924e-05
7.57114e-05
7.38752e-05
7.21697e-05
7.05862e-05
6.9122e-05
6.77685e-05
6.65196e-05
6.539e-05
6.43609e-05
6.34096e-05
6.25588e-05
6.17881e-05
6.10705e-05
6.03916e-05
5.99993e-05

