5e-05
5.02631e-05
5.04691e-05
5.06301e-05
5.07572e-05
5.08582e-05
5.09394e-05
5.10052e-05
5.10709e-05
5.11502e-05
5.12246e-05
5.12913e-05
5.14058e-05
5.15718e-05
5.17134e-05
5.18378e-05
5.19547e-05
5.20892e-05
5.22057e-05
8.83204e-05
0.000178687
0.000201178
0.000200833
0.000193211
0.000183637
0.000173925
0.000164659
0.000156004
0.000147981
0.000140561
0.000133707
0.000127378
0.000121537
0.000116144
0.000111162
0.000106577
0.000102595
9.91861e-05
9.6186e-05
9.33743e-05
9.0628e-05
8.79963e-05
8.5469e-05
8.30734e-05
8.08168e-05
7.86978e-05
7.67139e-05
7.48609e-05
7.31337e-05
7.15477e-05
7.01244e-05
6.8871e-05
6.77048e-05
6.65774e-05
6.5522e-05
6.45446e-05
6.36704e-05
6.28644e-05
6.211e-05
6.13876e-05
6.06706e-05
5.99843e-05
5.93431e-05
5.87459e-05
5.81928e-05
5.76795e-05
5.72058e-05
5.67669e-05
5.63612e-05
5.59829e-05
5.5632e-05
5.5308e-05
5.50099e-05
5.47372e-05
5.45235e-05
5.45611e-05
5.47689e-05
5.50395e-05
5.52427e-05
5.53715e-05
5.54289e-05
5.5393e-05
5.52841e-05
5.51357e-05
5.49698e-05
5.48492e-05
5.5218e-05
5.62006e-05
0.000173466
0.000269224
0.000256056
0.000240431
0.000225879
0.000212419
0.000199984
0.0001885
0.000177897
0.000168108
0.000159071
0.000150728
0.000143026
0.000135916
0.000129353
0.000123294
0.000117701
0.000112538
0.000107772
0.000103372
9.93104e-05
9.5561e-05
9.20996e-05
8.89041e-05
8.59541e-05
8.32311e-05
8.07177e-05
7.83977e-05
7.62561e-05
7.42793e-05
7.24543e-05
7.07693e-05
6.92136e-05
6.77775e-05
6.6452e-05
6.52288e-05
6.41035e-05
6.30707e-05
6.21169e-05
6.12349e-05
6.04214e-05
5.9677e-05
5.89889e-05
5.83511e-05
5.77597e-05
5.72115e-05
5.67038e-05
5.62345e-05
5.58088e-05
5.54275e-05
5.50783e-05
5.47736e-05
5.44925e-05
5.42253e-05
5.3972e-05
5.37449e-05
5.35439e-05
5.33521e-05
5.31666e-05
5.29985e-05
5.28379e-05
0.000104025
0.000187757
0.000207493
0.000205865
0.000197516
0.000187464
0.000177378
0.000167786
0.000158834
0.000150536
0.000142863
0.000135775
0.00012923
0.000123187
0.000117609
0.000112459
0.000107706
0.000103317
9.92664e-05
9.55268e-05
9.20748e-05
8.88884e-05
8.59471e-05
8.32318e-05
8.07254e-05
7.84118e-05
9.12945e-05
0.000196499
0.000222701
0.000222346
0.000213575
0.000202573
0.000191416
0.000180774
0.000233385
0.000288227
0.000293667
0.00028314
0.000268072
0.000252322
0.000237159
0.000222948
0.000301551
0.000325884
0.000319755
0.000304247
0.000286539
0.000269022
0.00025245
0.000237108
0.000222978
0.000209912
0.000197825
0.000186651
0.000176304
0.000166718
0.000157848
0.000149646
0.000142063
0.000135057
0.000128585
0.000122608
0.000117088
0.000111991
0.000107284
0.000102938
9.89262e-05
9.52224e-05
9.18034e-05
8.8647e-05
8.57334e-05
8.30439e-05
8.05612e-05
7.82695e-05
7.61541e-05
7.42016e-05
7.23994e-05
7.0736e-05
6.92007e-05
6.77836e-05
6.64755e-05
6.52679e-05
6.41534e-05
6.31247e-05
6.21751e-05
6.12985e-05
6.04892e-05
5.97423e-05
5.90532e-05
5.84173e-05
5.78306e-05
5.72893e-05
5.67898e-05
5.63287e-05
5.59028e-05
5.55099e-05
5.51474e-05
5.48132e-05
5.45045e-05
5.42196e-05
5.39564e-05

