5e-05
5.02631e-05
5.04691e-05
5.06301e-05
5.07572e-05
5.08582e-05
5.09394e-05
5.10052e-05
5.10671e-05
5.11772e-05
5.12985e-05
5.14354e-05
5.15737e-05
5.16556e-05
5.17059e-05
5.17625e-05
5.18271e-05
5.19048e-05
5.1998e-05
5.20712e-05
5.21074e-05
5.212e-05
0.000117519
0.000187999
0.000203592
0.000200883
0.000192488
0.00018271
0.000172986
0.000163768
0.000155172
0.000147209
0.000139851
0.000133053
0.000126778
0.000120986
0.000115641
0.000110709
0.000106157
0.000101953
9.80697e-05
9.44851e-05
9.11748e-05
8.81203e-05
8.53022e-05
8.27024e-05
8.03038e-05
7.80908e-05
7.60503e-05
7.41851e-05
7.24719e-05
7.08943e-05
6.94364e-05
6.80851e-05
6.68358e-05
6.56808e-05
6.46116e-05
6.36167e-05
6.26912e-05
6.18342e-05
6.10325e-05
6.02821e-05
5.95882e-05
5.89487e-05
5.83592e-05
5.78168e-05
5.73167e-05
5.68566e-05
5.64325e-05
5.60433e-05
5.5684e-05
5.53536e-05
5.50483e-05
0.000135952
0.000194966
0.000206458
0.000202285
0.000193352
0.000183356
0.000173529
0.000164252
0.000155616
0.000147617
0.000140226
0.000133401
0.000127099
0.000121282
0.000115913
0.000110956
0.00010638
0.000102155
9.82564e-05
9.46589e-05
9.13393e-05
8.82761e-05
8.54952e-05
8.32105e-05
8.13062e-05
7.96449e-05
7.81194e-05
7.66548e-05
7.52114e-05
0.000175974
0.000210617
0.000213795
0.000206736
0.000196783
0.00018639
0.000181759
0.000271571
0.000289738
0.000283565
0.000269932
0.000254607
0.000239505
0.000225232
0.000211943
0.000199636
0.000188274
0.000177802
0.000168133
0.000159206
0.000150958
0.000143336
0.000136303
0.000129838
0.00012387
0.000118353
0.000113254
0.000108539
0.000104184
0.000100161
9.64454e-05
9.3013e-05
8.98415e-05
8.6904e-05
8.41899e-05
8.1685e-05
7.93966e-05
7.72992e-05
7.53663e-05
7.35811e-05
7.19301e-05
7.0402e-05
6.89872e-05
6.7675e-05
0.000162261
0.000206559
0.000212855
0.000206724
0.000196949
0.000186504
0.000176371
0.000166848
0.000157999
0.00014981
0.000142242
0.000135252
0.000128796
0.000122837
0.000201597
0.000246526
0.000250953
0.000242292
0.000229911
0.000216983
0.000204773
0.000193598
0.000183363
0.000173795
0.000164818
0.000156459
0.000148651
0.000141361
0.000134587
0.000128296
0.000122463
0.000117055
0.000112044
0.000107412
0.000103131
9.91765e-05
9.552e-05
9.21394e-05
8.90063e-05
8.61118e-05
8.34414e-05
8.09781e-05
7.87062e-05
7.66108e-05
7.46783e-05
7.28951e-05
7.1248e-05
6.97288e-05
6.83278e-05
6.70336e-05
6.58383e-05
6.47348e-05
6.37116e-05
6.27679e-05
6.18983e-05
6.10972e-05
6.03583e-05
5.96745e-05
5.90441e-05
5.84602e-05
5.79188e-05
5.74197e-05
5.69589e-05
5.6533e-05
5.61414e-05
5.578e-05
5.54455e-05
5.51379e-05
5.48554e-05
5.45936e-05
5.43517e-05
5.41296e-05
5.39257e-05
5.37383e-05
5.3563e-05
5.33987e-05
5.32471e-05
5.31073e-05
5.29769e-05
5.28577e-05
5.2749e-05
5.2649e-05
5.2555e-05
5.24691e-05
5.23909e-05
5.23234e-05
5.22833e-05
5.22498e-05
5.22158e-05
5.21837e-05
5.21531e-05
5.21235e-05
5.20943e-05
5.20651e-05
5.20326e-05
5.20006e-05
5.19701e-05
5.19406e-05
5.19095e-05
5.18798e-05
5.18516e-05
5.18209e-05
5.17909e-05
5.17637e-05

