5e-05
5.02669e-05
5.04842e-05
5.06602e-05
5.08034e-05
5.09206e-05
5.10168e-05
5.10963e-05
5.11623e-05
5.12174e-05
5.12636e-05
5.13049e-05
5.13677e-05
5.14272e-05
5.14686e-05
5.1505e-05
5.1537e-05
5.15614e-05
5.15757e-05
5.15818e-05
5.1578e-05
5.15692e-05
5.15604e-05
5.15471e-05
5.1534e-05
5.1524e-05
5.15173e-05
5.15135e-05
5.15121e-05
5.15095e-05
5.15057e-05
5.15036e-05
5.15034e-05
5.15014e-05
5.14964e-05
5.1492e-05
5.14878e-05
5.14862e-05
5.14873e-05
5.14906e-05
5.14959e-05
5.15028e-05
5.1511e-05
5.16233e-05
5.21004e-05
5.28311e-05
5.37353e-05
5.48235e-05
5.68268e-05
0.000234437
0.000271658
0.000256901
0.000241296
0.000226725
0.000213238
0.000200773
0.000189261
0.000178631
0.000168816
0.000159758
0.000223747
0.000283739
0.000291034
0.000281242
0.000266521
0.000250981
0.000235967
0.000221878
0.000208796
0.000196696
0.000185518
0.000175196
0.000165668
0.000156875
0.000148761
0.000141272
0.000134362
0.000127984
0.000122098
0.000116665
0.000111647
0.000107014
0.000102738
9.87927e-05
9.51518e-05
9.17919e-05
8.86889e-05
8.58239e-05
8.31799e-05
8.07373e-05
7.84831e-05
7.64028e-05
7.44807e-05
7.27072e-05
7.10711e-05
6.95618e-05
6.81666e-05
6.68763e-05
6.56853e-05
6.45872e-05
9.0704e-05
0.000187494
0.000211388
0.000210911
0.000202713
0.000192475
0.000182107
0.000172222
0.00016299
0.000154431
0.000146517
0.000139204
0.000132452
0.000126221
0.000120467
0.000115156
0.000110254
0.00015364
0.000227661
0.000242274
0.000237287
0.000226328
0.000214026
0.000201918
0.00019048
0.00017983
0.000169966
0.00016085
0.000152432
0.000144661
0.00013749
0.000130872
0.000124764
0.000119123
0.000113915
0.000109108
0.00010468
0.000100618
9.68743e-05
9.34149e-05
9.02294e-05
8.7313e-05
8.46262e-05
8.21446e-05
7.98494e-05
7.7719e-05
7.57388e-05
7.39051e-05
7.22004e-05
7.06182e-05
6.91562e-05
6.7806e-05
6.6558e-05
6.53998e-05
6.43304e-05
6.33438e-05
6.24338e-05
6.15946e-05
6.08144e-05
6.00906e-05
5.94234e-05
5.88089e-05
5.82394e-05
5.77127e-05
5.72276e-05
5.67791e-05
5.63665e-05
5.59849e-05
5.56294e-05
5.52974e-05
5.49896e-05
5.47051e-05
5.44438e-05
0.000150601
0.000198397
0.000206149
0.000200802
0.00019157
0.00018157
0.00017183
0.000162666
0.000154149
0.000146267
0.000138986
0.000132263
0.000126057
0.000120325
0.000115035
0.000110152
0.000105643
0.000101481
9.76397e-05
9.40951e-05
9.47036e-05
0.000201573
0.000228874
0.000228602
0.000219579
0.00023872
0.00030777
0.000316776
0.000306256
0.000290065
0.000272885
0.000256259
0.00024065
0.000226151
0.000212738
0.000200347
0.000188904
0.00017834
0.000168588
0.000160273
0.000256086
0.000277849
0.000273342
0.000260715
0.000246149
0.000231701
0.000218019
0.000205272
0.000193463
0.000182548
0.000172468
0.000163163
0.000244803
0.000277082
0.000275905
0.000264218
0.000249795
0.000235233
0.000221361
0.000208403
0.000196389
0.000185277
0.00017501
0.000165529
0.000156772
0.000148686
0.000141215
0.000134319
0.000127954
0.000122076
0.000116647
0.000111634
0.000107004
0.000102731
9.87893e-05
9.51525e-05
9.17971e-05

