5e-05
5.02669e-05
5.04842e-05
5.06602e-05
5.08034e-05
5.09206e-05
5.10168e-05
5.10963e-05
5.11623e-05
5.12174e-05
5.12636e-05
5.13026e-05
5.13512e-05
5.1429e-05
5.14946e-05
5.15838e-05
5.16912e-05
5.17934e-05
5.18792e-05
0.000124129
0.000189241
0.000203053
0.00019982
0.000191315
0.000181555
0.00017189
0.000162746
0.000154229
0.000146343
0.000139051
0.000132317
0.000126103
0.000120368
0.000115077
0.000110195
0.000105691
0.000101535
9.76998e-05
9.41612e-05
9.08961e-05
8.78832e-05
0.00018064
0.000222338
0.00022698
0.000219614
0.000208804
0.000197446
0.000186487
0.000176209
0.000166666
0.000157835
0.000149671
0.000142124
0.000135154
0.000128721
0.000122783
0.000117301
0.000112242
0.000107597
0.000103324
9.93626e-05
9.5695e-05
9.23109e-05
8.91888e-05
8.63083e-05
8.36467e-05
8.11842e-05
7.89116e-05
7.68095e-05
7.48675e-05
7.30763e-05
7.1419e-05
6.98884e-05
6.84745e-05
0.000102104
0.000191852
0.000213269
0.000211909
0.000203385
0.000193018
0.000182591
0.000172671
0.000163405
0.000154816
0.000146875
0.000139542
0.000132768
0.000126516
0.000120745
0.00011542
0.000110505
0.000105968
0.00010178
9.79154e-05
9.43485e-05
9.10557e-05
8.80181e-05
8.5216e-05
8.26276e-05
8.02376e-05
7.80277e-05
7.60026e-05
7.41458e-05
7.24382e-05
7.08886e-05
6.94822e-05
6.81809e-05
6.69757e-05
6.58509e-05
6.48018e-05
6.38293e-05
6.29284e-05
6.20905e-05
6.13109e-05
6.05885e-05
5.99396e-05
5.93513e-05
5.87982e-05
5.82811e-05
5.78026e-05
5.73596e-05
5.69513e-05
5.66038e-05
5.62885e-05
5.5996e-05
5.57238e-05
5.54664e-05
5.52176e-05
5.49832e-05
5.47824e-05
5.49651e-05
5.56563e-05
8.68445e-05
0.000264693
0.000277663
0.00026171
0.000245705
0.0002308
0.000216997
0.000204241
0.000192458
0.000181578
0.000171535
0.000162269
0.000153731
0.000145872
0.000138638
0.000131978
0.000125819
0.000120125
0.000114862
0.000109999
0.000105498
0.000101334
9.74888e-05
9.3936e-05
9.06513e-05
8.76187e-05
8.4819e-05
8.22343e-05
7.98485e-05
7.76477e-05
7.56193e-05
7.37486e-05
7.20181e-05
7.04215e-05
6.89672e-05
6.76346e-05
6.64073e-05
6.52759e-05
6.42331e-05
6.32676e-05
6.23687e-05
6.15352e-05
0.000141922
0.00020084
0.000212032
0.000207497
0.000198183
0.000187821
0.000177646
0.00016804
0.000159098
0.00015082
0.00014317
0.000136109
0.000129614
0.00012363
0.000118112
0.000192549
0.000241631
0.000247691
0.000239732
0.000227716
0.000215014
0.000202736
0.00019121
0.000180503
0.000170597
0.000161445
0.000152993
0.000145189
0.000137983
0.000131329
0.00012518
0.000119499
0.000203706
0.000245246
0.000248659
0.000239787
0.000227465
0.00021467
0.000202373
0.000190855
0.000180167
0.000170395
0.000161667
0.000153711
0.000146385
0.00013961
0.000133305
0.00012741
0.000121863
0.000116655
0.000111791
0.000107272
0.000103078
9.91842e-05
9.55719e-05
9.22279e-05
8.91338e-05
8.62721e-05
8.3626e-05
8.11774e-05
7.89111e-05
7.68173e-05
7.48833e-05
7.30973e-05
7.1448e-05
6.99214e-05
6.85106e-05
6.7205e-05
6.59999e-05
6.48882e-05
6.3863e-05
6.29174e-05
6.20453e-05
6.1241e-05
6.04991e-05
5.98113e-05

