5e-05
5.02631e-05
5.04691e-05
5.06301e-05
5.07572e-05
5.08582e-05
5.09394e-05
5.10109e-05
5.10995e-05
5.12161e-05
5.13358e-05
5.14416e-05
5.15322e-05
5.16065e-05
5.16632e-05
5.17435e-05
5.18235e-05
5.18886e-05
5.19283e-05
5.19477e-05
5.19589e-05
5.19557e-05
0.00014649
0.000196227
0.000204731
0.000199694
0.000190614
0.000180709
0.000171041
0.000161931
0.000153455
0.000145609
0.000201612
0.000259691
0.000267617
0.00025922
0.000246067
0.000232072
0.000218515
0.00020578
0.000193947
0.000182998
0.000172882
0.000240004
0.000281926
0.000283609
0.000272457
0.000257791
0.000242742
0.000228347
0.000214881
0.00020238
0.000190802
0.000180098
0.000170214
0.000161086
0.000152659
0.00014488
0.000137699
0.000131069
0.000124941
0.000119284
0.000114151
0.000109678
0.000105661
0.000101918
9.83861e-05
9.50535e-05
9.19133e-05
8.89692e-05
8.62133e-05
8.36301e-05
8.12268e-05
7.89847e-05
7.68895e-05
7.49439e-05
9.64242e-05
0.00019291
0.000216427
0.000215577
0.000207034
0.000196479
0.000185816
0.000175657
0.000166173
0.000157381
0.000149251
0.000141735
0.000134793
0.000128396
0.000201106
0.000248146
0.000253205
0.000244661
0.000232212
0.00021915
0.000206553
0.00019474
0.000183772
0.000173626
0.000164251
0.00015559
0.000147588
0.000140198
0.000133377
0.000127082
0.000121272
0.000115927
0.000111002
0.000106454
0.000102255
9.83787e-05
9.47974e-05
9.15031e-05
0.000139431
0.00021199
0.000226979
0.000222925
0.000213018
0.000201746
0.000190607
0.00018006
0.000170237
0.000161156
0.000191583
0.000261821
0.000273615
0.000266198
0.000253038
0.000238715
0.000224744
0.000211587
0.000199351
0.000188021
0.000177546
0.000167867
0.000158927
0.00015069
0.000143347
0.000136897
0.000131166
0.00012589
0.00012099
0.000116498
0.000112277
0.000108184
0.000104193
0.000100361
9.67243e-05
9.33184e-05
9.01395e-05
8.71819e-05
8.4443e-05
8.19826e-05
7.99806e-05
7.82176e-05
7.65341e-05
7.48739e-05
7.32493e-05
7.16991e-05
7.02622e-05
6.89211e-05
6.76653e-05
6.66069e-05
6.60417e-05
6.55562e-05
6.50747e-05
6.45438e-05
6.38957e-05
6.31996e-05
6.24738e-05
6.17454e-05
6.1036e-05
6.03602e-05
5.97127e-05
5.91041e-05
5.85373e-05
5.80109e-05
5.75231e-05
5.72429e-05
5.71713e-05
5.70781e-05
5.6959e-05
5.67985e-05
5.66115e-05
5.63908e-05
5.61318e-05
5.58673e-05
5.56048e-05
5.53384e-05
5.50771e-05
5.48292e-05
0.000152778
0.000198613
0.000205813
0.000200319
0.000191062
0.000181078
0.000171363
0.000162224
0.00015373
0.000145871
0.000138779
0.00013246
0.000126723
0.000121368
0.000116304
0.000111532
0.000107075
0.000102916
9.90486e-05
9.54609e-05
9.21359e-05
8.90551e-05
8.6196e-05
0.000119517
0.000205715
0.000225346
0.000222814
0.000213368
0.000202201
0.000191052
0.000180469
0.000170596
0.000161448
0.000152991
0.000145181
0.000137972
0.000131318
0.000125173
0.000119503
0.000114272
0.000109441
0.000104981
0.000100866
9.70692e-05
9.35668e-05
9.03497e-05
8.73884e-05
8.4652e-05
8.21199e-05
7.9779e-05
7.76158e-05
7.56193e-05
7.37764e-05
7.20752e-05
7.04997e-05
6.90382e-05
6.76842e-05
6.64299e-05

