5e-05
5.02631e-05
5.04691e-05
5.06301e-05
5.07572e-05
5.08582e-05
5.09394e-05
5.10052e-05
5.10589e-05
5.11033e-05
5.11402e-05
5.11715e-05
5.12137e-05
5.12647e-05
5.13384e-05
5.1414e-05
5.14831e-05
5.15422e-05
5.15887e-05
0.000136243
0.000192438
0.000203228
0.000199026
0.000288003
0.000309122
0.000302833
0.000288159
0.000271563
0.000255194
0.00023972
0.000225308
0.00021196
0.000199625
0.000188231
0.00017771
0.000167997
0.000159032
0.000150758
0.000143118
0.000136066
0.000129557
0.000123551
0.000118009
0.000112895
0.000108175
0.00010383
9.98503e-05
9.62176e-05
9.29036e-05
8.98512e-05
8.70129e-05
8.43748e-05
8.19126e-05
7.96199e-05
7.74974e-05
7.55327e-05
7.37104e-05
7.20227e-05
7.04555e-05
6.9005e-05
6.76612e-05
6.64179e-05
6.52708e-05
6.42128e-05
6.32341e-05
6.23306e-05
6.14978e-05
6.07301e-05
7.27769e-05
0.000179349
0.000206962
0.000207904
0.00020031
0.00019039
0.000180231
0.000170506
0.000161409
0.000152979
0.000145209
0.000138042
0.000131426
0.000125314
0.000119663
0.000114439
0.000109612
0.000105154
0.000101036
9.72254e-05
9.37024e-05
9.04471e-05
8.74429e-05
8.46704e-05
8.21113e-05
7.97508e-05
7.75739e-05
7.55662e-05
7.37145e-05
7.20068e-05
7.04551e-05
6.90739e-05
6.7818e-05
6.66616e-05
6.55893e-05
6.4591e-05
6.36576e-05
6.27727e-05
6.1943e-05
6.11706e-05
6.04694e-05
5.9824e-05
5.92278e-05
5.86749e-05
5.81574e-05
5.76736e-05
5.72222e-05
5.67945e-05
5.63972e-05
5.60273e-05
5.56834e-05
5.53658e-05
5.50728e-05
5.48027e-05
5.45536e-05
0.00011296
0.000188386
0.000205453
0.00020311
0.000194714
0.000184818
0.000174946
0.000165579
0.000156846
0.000148772
0.000141324
0.000134453
0.000128135
0.000122307
0.000116925
0.000111969
0.000107448
0.000103284
9.94276e-05
9.58559e-05
9.25366e-05
8.94527e-05
8.65892e-05
8.39617e-05
8.15481e-05
7.9329e-05
7.75331e-05
8.50711e-05
0.000268802
0.000287074
0.000304537
0.000377396
0.000384636
0.000370193
0.000349511
0.000327874
0.00038939
0.000417629
0.000408106
0.000387056
0.000363402
0.000404586
0.000436426
0.000427091
0.000405141
0.000409152
0.00045773
0.000452634
0.00043074
0.000404613
0.000378459
0.000353614
0.000330439
0.000308962
0.000289108
0.00027077
0.000253838
0.000238208
0.000223779
0.00021046
0.000198164
0.000186813
0.00026079
0.000297531
0.000296745
0.000284081
0.000268281
0.000252282
0.000237027
0.000222777
0.000209565
0.000197348
0.000186069
0.00017566
0.000166051
0.000157178
0.000148986
0.000141423
0.000134439
0.000127992
0.00012204
0.000116546
0.000111473
0.000106791
0.000102468
9.84784e-05
9.47953e-05
9.13951e-05
8.82563e-05
8.53587e-05
8.26841e-05
8.02153e-05
7.79363e-05
7.58325e-05
7.38907e-05
7.20985e-05
7.04444e-05
6.89174e-05
6.75078e-05
6.62068e-05
6.50064e-05
6.38987e-05
6.28761e-05
6.19322e-05
6.10609e-05
6.02566e-05
5.95142e-05
5.88289e-05
5.82238e-05
5.77618e-05
5.73535e-05
5.69543e-05
5.65516e-05
5.61551e-05
5.5769e-05
5.54011e-05
5.50744e-05
5.48941e-05
5.47483e-05
5.45641e-05
5.43535e-05
5.4133e-05
5.39182e-05
5.37159e-05
5.35187e-05
5.33275e-05
5.32483e-05

