5e-05
5.02631e-05
5.04691e-05
5.06301e-05
5.07572e-05
5.08582e-05
5.09394e-05
5.10052e-05
5.10589e-05
5.11033e-05
5.11402e-05
5.11713e-05
5.11979e-05
5.12189e-05
5.12352e-05
5.12497e-05
5.12631e-05
5.12756e-05
5.12874e-05
5.12987e-05
5.13067e-05
5.13141e-05
5.1318e-05
5.13167e-05
5.13143e-05
5.13134e-05
5.13146e-05
5.13177e-05
5.13198e-05
5.13227e-05
5.13273e-05
5.13332e-05
5.13403e-05
5.13483e-05
5.1354e-05
5.13566e-05
5.13603e-05
5.13652e-05
5.13712e-05
5.1378e-05
5.13855e-05
5.13934e-05
5.14016e-05
5.141e-05
5.14184e-05
5.14268e-05
5.14348e-05
5.14453e-05
5.14791e-05
5.15166e-05
5.1549e-05
5.15782e-05
5.16032e-05
5.16238e-05
5.16401e-05
5.16524e-05
5.16613e-05
5.16672e-05
5.16704e-05
0.000144089
0.000195374
0.000204423
0.000199576
0.000190561
0.000180679
0.000171022
0.000161924
0.000153463
0.000145633
0.000138398
0.000131718
0.000125551
0.00011986
0.000114606
0.000109757
0.000105281
0.000101149
9.73301e-05
9.38032e-05
9.05482e-05
8.75444e-05
8.47723e-05
8.22089e-05
7.98383e-05
7.76511e-05
7.56323e-05
7.37656e-05
7.20428e-05
7.04508e-05
6.89816e-05
6.76273e-05
6.6377e-05
6.52236e-05
6.41602e-05
9.06499e-05
0.000186805
0.00021032
0.000209756
0.000201626
0.000191529
0.000181307
0.000171555
0.000162441
0.000153985
0.000146159
0.000138925
0.000132239
0.000126063
0.000120357
0.000183833
0.000240173
0.000248574
0.000241317
0.000229444
0.000216699
0.00020432
0.000192681
0.000181862
0.000171849
0.000162599
0.000154058
0.000146173
0.000138894
0.000132179
0.000126006
0.000120319
0.000115072
0.000110227
0.000105752
0.000101618
9.77971e-05
9.42666e-05
9.10047e-05
8.81944e-05
8.59769e-05
8.41624e-05
8.26044e-05
8.11817e-05
7.97888e-05
7.83335e-05
7.6758e-05
7.51615e-05
7.35875e-05
7.20442e-05
7.05778e-05
6.9228e-05
6.79667e-05
6.67849e-05
6.56783e-05
6.46435e-05
6.36749e-05
6.27634e-05
6.19122e-05
6.11364e-05
6.06885e-05
6.04331e-05
6.02439e-05
6.00373e-05
5.97538e-05
5.94208e-05
5.90293e-05
5.86028e-05
5.81719e-05
5.7749e-05
5.73395e-05
5.69414e-05
5.65625e-05
5.62056e-05
5.58706e-05
5.55529e-05
5.52559e-05
0.000130452
0.000193274
0.000206097
0.000202376
0.000193587
0.000183631
0.000173808
0.000164523
0.000155877
0.000147872
0.000140475
0.000133644
0.000127337
0.000121516
0.000116143
0.000111183
0.000106605
0.000102379
9.84777e-05
9.48732e-05
9.15424e-05
8.84658e-05
8.56237e-05
8.2998e-05
8.05728e-05
7.83351e-05
7.62706e-05
7.43634e-05
7.26033e-05
7.09793e-05
0.000145873
0.000205307
0.00021643
0.000211606
0.000202188
0.000192011
0.000182074
0.000172692
0.000163855
0.000155548
0.000147803
0.000140583
0.000133856
0.000127616
0.000121835
0.000116484
0.00011153
0.000106945
0.000102707
9.87897e-05
9.51705e-05
9.18271e-05
8.87388e-05
8.58847e-05
8.32466e-05
8.08108e-05
7.85621e-05
7.64833e-05
7.45598e-05
7.27846e-05
7.11468e-05
6.9636e-05
6.82422e-05
6.69564e-05
6.57703e-05
6.46744e-05
6.36608e-05
6.27235e-05
6.18574e-05
6.10588e-05
6.03211e-05
5.96388e-05
5.90083e-05
5.84255e-05
5.78883e-05
5.73906e-05
5.69321e-05
5.65098e-05
5.61183e-05

