5e-05
5.02631e-05
5.04691e-05
5.06301e-05
5.07572e-05
5.08582e-05
5.09394e-05
5.10052e-05
5.10589e-05
5.11033e-05
5.11402e-05
5.11715e-05
5.12137e-05
5.12647e-05
5.13384e-05
5.1414e-05
5.14831e-05
5.15422e-05
5.15887e-05
7.53571e-05
0.000175662
0.000201336
0.000201966
0.000194588
0.000185025
0.000175253
0.000165907
0.000157169
0.000149065
0.000141567
0.000134639
0.00012824
0.000122334
0.000116881
0.000111844
0.000107195
0.000102905
9.89457e-05
9.52894e-05
9.19142e-05
8.88004e-05
8.5928e-05
8.32783e-05
8.08341e-05
7.85792e-05
7.65096e-05
7.46305e-05
7.29369e-05
7.14127e-05
0.000171381
0.000209217
0.00021338
0.000206601
0.000196655
0.000186201
0.000176108
0.000166632
0.000240569
0.000279062
0.000279833
0.000268572
0.000254048
0.000239221
0.000225045
0.000211789
0.000199495
0.000188127
0.000177627
0.00016793
0.000158976
0.000150709
0.000143074
0.000136027
0.000129523
0.000123518
0.000117972
0.000112852
0.000108134
0.000103805
9.98178e-05
9.61404e-05
9.27406e-05
8.9594e-05
0.000101026
0.000200793
0.000225108
0.000224093
0.000215073
0.000203955
0.000192727
0.000182033
0.000172048
0.000162791
0.000154235
0.000146334
0.00013904
0.000132309
0.000126096
0.000120386
0.000115166
0.000110366
0.000105939
0.000101847
9.80607e-05
9.4554e-05
9.12937e-05
8.82712e-05
8.54746e-05
8.29049e-05
8.05346e-05
7.8346e-05
7.63232e-05
7.44489e-05
7.27125e-05
7.11049e-05
6.96098e-05
6.82272e-05
6.69478e-05
6.57643e-05
6.46716e-05
6.36632e-05
6.27326e-05
6.18738e-05
6.11094e-05
0.000174335
0.000206664
0.000209111
0.000201935
0.000192063
0.000181833
0.000172005
0.000162802
0.000154277
0.000146409
0.000139148
0.00013247
0.000126308
0.000120619
0.000119401
0.000219389
0.000243546
0.000241636
0.00023152
0.000219285
0.000206979
0.000195261
0.00018434
0.00017423
0.000164893
0.000156521
0.000157987
0.000336112
0.000349208
0.000327565
0.00030642
0.0002868
0.000268662
0.000251908
0.000236437
0.000222152
0.000208963
0.000196787
0.000185546
0.000175169
0.000165589
0.000156746
0.000148582
0.000141046
0.000134088
0.000127665
0.000121736
0.000116262
0.000111209
0.000106544
0.000102237
9.82621e-05
9.45923e-05
9.12045e-05
8.80769e-05
8.519e-05
8.25253e-05
8.00657e-05
7.77952e-05
7.5699e-05
7.37639e-05
7.19779e-05
7.03297e-05
6.88084e-05
6.7404e-05
6.61075e-05
6.49107e-05
6.38059e-05
6.27858e-05
6.18442e-05
6.09748e-05
6.01767e-05
5.94458e-05
5.87709e-05
5.81464e-05
5.75683e-05
5.70332e-05
5.65381e-05
5.60803e-05
5.56573e-05
5.52665e-05
5.49053e-05
5.45719e-05
5.42641e-05
5.39805e-05
5.37185e-05
5.34765e-05
5.3253e-05
5.30466e-05
5.28563e-05
5.26807e-05
5.25186e-05
5.23691e-05
5.22312e-05
5.21043e-05
5.19874e-05
5.18794e-05
5.17798e-05
5.16881e-05
5.16039e-05
5.15266e-05
5.14552e-05
5.13894e-05
5.13287e-05
5.12726e-05
5.12209e-05
5.11733e-05
5.11568e-05
5.12381e-05
5.13313e-05
5.13951e-05
5.14199e-05
5.14179e-05
5.13961e-05
5.13643e-05
5.1348e-05
5.14542e-05
5.15729e-05
5.16328e-05
5.16476e-05
5.16352e-05
5.16124e-05
5.15873e-05
5.15538e-05
5.15137e-05
5.15739e-05

