5e-05
5.02631e-05
5.04691e-05
5.06301e-05
5.07572e-05
5.08582e-05
5.09394e-05
5.10052e-05
5.10589e-05
5.11033e-05
5.11402e-05
5.11728e-05
5.13086e-05
5.15961e-05
5.18625e-05
5.21283e-05
5.23666e-05
5.25368e-05
5.26485e-05
5.26847e-05
5.2652e-05
5.25807e-05
0.000139753
0.000194968
0.000205288
0.000200797
0.000191831
0.000181898
0.00017216
0.00016297
0.000154417
0.000146498
0.000139181
0.000132425
0.000126186
0.000120439
0.000115371
0.000110907
0.000106881
0.000186185
0.000229537
0.00023462
0.000227208
0.000216128
0.000204411
0.000193061
0.000182384
0.000172433
0.000163202
0.000154655
0.000146732
0.000139409
0.000169967
0.000246421
0.000260872
0.000254895
0.000242734
0.00022922
0.000215959
0.000203446
0.000191796
0.000181008
0.00017104
0.000161849
0.000153384
0.000145578
0.000138377
0.00013173
0.000125588
0.000224826
0.000251717
0.000250188
0.000239689
0.000226868
0.000213951
0.000201656
0.000190173
0.000179526
0.000169684
0.000160593
0.000152201
0.000144454
0.000137297
0.000130689
0.00012459
0.000118957
0.00011376
0.000108964
0.000104536
0.000100449
9.66789e-05
9.32012e-05
8.9993e-05
8.70299e-05
8.42924e-05
8.17739e-05
7.9475e-05
7.73628e-05
7.5416e-05
7.36188e-05
7.19634e-05
7.04765e-05
6.91504e-05
6.79357e-05
6.6808e-05
6.57743e-05
6.4837e-05
6.39451e-05
6.30981e-05
6.23011e-05
6.15515e-05
6.08469e-05
6.01857e-05
5.95598e-05
5.89671e-05
5.84102e-05
5.78919e-05
5.74056e-05
5.69526e-05
5.65342e-05
5.61468e-05
5.57844e-05
5.54504e-05
5.51626e-05
5.49011e-05
5.46684e-05
5.44775e-05
5.42928e-05
5.41241e-05
5.39985e-05
5.38911e-05
5.37835e-05
5.36592e-05
5.3533e-05
5.34412e-05
5.33599e-05
5.32722e-05
5.31875e-05
5.31052e-05
5.30355e-05
5.2989e-05
5.29483e-05
5.29076e-05
5.28587e-05
5.27945e-05
5.27401e-05
5.26884e-05
0.000153839
0.000197401
0.000203941
0.000198331
0.00018914
0.000179287
0.000169727
0.00016074
0.000152379
0.000144638
0.000137484
0.000130875
0.000124775
0.00011914
0.000113934
0.000109127
0.000104685
0.000100585
9.68001e-05
9.33081e-05
9.00871e-05
8.71163e-05
8.43761e-05
8.18459e-05
7.95111e-05
7.73577e-05
7.53714e-05
7.35389e-05
7.18435e-05
7.02767e-05
6.88317e-05
6.74992e-05
6.62704e-05
6.51356e-05
6.4081e-05
6.31012e-05
6.21946e-05
6.13576e-05
6.05869e-05
5.98779e-05
5.92272e-05
5.86514e-05
5.81339e-05
5.76512e-05
5.7197e-05
5.67713e-05
5.63753e-05
5.60029e-05
5.56546e-05
5.53333e-05
5.50379e-05
5.47771e-05
5.45473e-05
5.43432e-05
5.41769e-05
5.4022e-05
5.38636e-05
5.37129e-05
5.35678e-05
5.34277e-05
5.38807e-05
0.000168872
0.000201484
0.000204288
0.000197471
0.00018794
0.000178024
0.000168486
0.000159551
0.000151258
0.000143587
0.000136497
0.000129951
0.000123906
0.000118327
0.000113179
0.000108565
0.000104537
0.000100902
9.75817e-05
9.44975e-05
9.15575e-05
8.87431e-05
8.60908e-05
8.35998e-05
8.12657e-05
7.90836e-05
7.70339e-05
7.51201e-05
7.33473e-05
7.17295e-05
7.02353e-05
6.8843e-05
6.75483e-05
6.63391e-05
6.5211e-05
6.4164e-05
6.31965e-05
6.23032e-05
6.14876e-05
6.07601e-05
0.000145877
0.000199094

