5e-05
5.02631e-05
5.04691e-05
5.06301e-05
5.07572e-05
5.08582e-05
5.09394e-05
5.10052e-05
5.10709e-05
5.11502e-05
5.12246e-05
5.12913e-05
5.14058e-05
5.15718e-05
5.17134e-05
5.18378e-05
5.19547e-05
5.20892e-05
5.22057e-05
5.22834e-05
5.2308e-05
5.22948e-05
5.22643e-05
5.22063e-05
5.21434e-05
5.20827e-05
5.20274e-05
5.19778e-05
5.19335e-05
5.18917e-05
5.18523e-05
5.18161e-05
5.17846e-05
5.17541e-05
5.17227e-05
5.17077e-05
5.19443e-05
5.24294e-05
5.30241e-05
5.35309e-05
5.38479e-05
5.4044e-05
5.41271e-05
5.41412e-05
5.41089e-05
5.40434e-05
5.3955e-05
5.38518e-05
5.37398e-05
5.36449e-05
5.3598e-05
5.36152e-05
5.36219e-05
5.35773e-05
5.35214e-05
5.34667e-05
5.34442e-05
5.34244e-05
5.33958e-05
0.000132505
0.000192119
0.000204069
0.000200189
0.000191464
0.000181637
0.000171953
0.000162804
0.000154284
0.000146394
0.000139098
0.000132358
0.000126136
0.000120393
0.000115093
0.000110239
0.000105993
0.000102246
9.88669e-05
9.57005e-05
9.27187e-05
8.99047e-05
8.72182e-05
8.46625e-05
8.22553e-05
8.00044e-05
7.79591e-05
7.65511e-05
7.58936e-05
0.000191645
0.000286005
0.000271547
0.000254731
0.000239079
0.000224604
0.000211233
0.000198884
0.000187483
0.000176957
0.000167239
0.000158268
0.000149987
0.000160264
0.000260848
0.000282279
0.000277403
0.000264414
0.000249503
0.000234734
0.000220754
0.00020773
0.000195666
0.000184515
0.000174217
0.000164709
0.000155931
0.000147829
0.000140349
0.000133445
0.000127071
0.000121187
0.000115755
0.00011074
0.000106112
0.000101839
9.78993e-05
9.42681e-05
9.09158e-05
8.78196e-05
8.49622e-05
8.2331e-05
7.99012e-05
7.76556e-05
7.55799e-05
7.36616e-05
7.18892e-05
7.02524e-05
6.8749e-05
6.73728e-05
6.61051e-05
6.49527e-05
6.3889e-05
6.28994e-05
6.19791e-05
6.11365e-05
6.03671e-05
5.96507e-05
5.8981e-05
5.83658e-05
5.77926e-05
5.72563e-05
5.67566e-05
5.62922e-05
5.58613e-05
5.54696e-05
5.51097e-05
5.47753e-05
5.44639e-05
5.41742e-05
5.39051e-05
5.36554e-05
5.3424e-05
5.32098e-05
5.30115e-05
5.28284e-05
5.26594e-05
5.25034e-05
5.23593e-05
5.22262e-05
5.21032e-05
5.19898e-05
5.18853e-05
5.17888e-05
5.16998e-05
5.16177e-05
5.1542e-05
5.14723e-05
5.14081e-05
5.1349e-05
5.12946e-05
5.12445e-05
5.11984e-05
5.11559e-05
5.1117e-05
5.10812e-05
5.10483e-05
5.1018e-05
5.09901e-05
5.09646e-05
5.09421e-05
5.09316e-05
5.09252e-05
5.09184e-05
5.09101e-05
5.09006e-05
5.08901e-05
5.08788e-05
5.0867e-05
5.08571e-05
5.09435e-05
5.11028e-05
5.12428e-05
5.13523e-05
5.14387e-05
5.14872e-05
5.14976e-05
5.14861e-05
5.14607e-05
5.14273e-05
5.13896e-05
5.13504e-05
5.13112e-05
5.12728e-05
5.12354e-05
5.11999e-05
5.11661e-05
5.11345e-05
5.11051e-05
5.1078e-05
5.10528e-05
5.10295e-05
5.10082e-05
5.09885e-05
5.09704e-05
5.09539e-05
5.09389e-05
5.09253e-05
5.09128e-05
5.09016e-05
5.08914e-05
0.000126142
0.000192604
0.000206561
0.000203138
0.000194367
0.00018434
0.00017442
0.000165033
0.00015629
0.000148193
0.000140709
0.000133797
0.000150312
0.000240906
0.000260101
0.000255642
0.000243896
0.000230427
0.00021709
0.000204468
0.000192709

