5e-05
5.02631e-05
5.04691e-05
5.06301e-05
5.07572e-05
5.08582e-05
5.09394e-05
5.10052e-05
5.10589e-05
5.11033e-05
5.11402e-05
5.11713e-05
5.11975e-05
5.12149e-05
5.12284e-05
5.1267e-05
5.13462e-05
5.14338e-05
5.15162e-05
5.15703e-05
5.1592e-05
5.16021e-05
5.16083e-05
5.16056e-05
5.15995e-05
5.15917e-05
5.15827e-05
5.15746e-05
5.15667e-05
5.15546e-05
5.15611e-05
5.15777e-05
5.1595e-05
5.16086e-05
5.16189e-05
5.16244e-05
5.16288e-05
5.16323e-05
5.1635e-05
5.1637e-05
5.16382e-05
5.16388e-05
5.16345e-05
5.1626e-05
5.16183e-05
5.16117e-05
5.16037e-05
5.15947e-05
5.15843e-05
5.15754e-05
5.15673e-05
5.15567e-05
5.15364e-05
5.15173e-05
5.15023e-05
5.15092e-05
5.15561e-05
5.16275e-05
5.17012e-05
7.83403e-05
0.000176024
0.000200878
0.000201274
0.000193872
0.000184357
0.000174648
0.000165362
0.000156676
0.000148617
0.000141163
0.000134278
0.000127918
0.000122042
0.000116614
0.000111605
0.000106983
0.00010274
9.88352e-05
9.52342e-05
9.19103e-05
8.88402e-05
8.59954e-05
8.33565e-05
8.09154e-05
7.86615e-05
7.65796e-05
7.46545e-05
7.28775e-05
7.12375e-05
6.97238e-05
6.8448e-05
6.75884e-05
6.693e-05
6.62251e-05
6.55313e-05
6.48373e-05
6.41326e-05
6.34199e-05
6.27081e-05
6.20068e-05
6.13142e-05
6.06457e-05
6.00029e-05
5.93965e-05
5.88275e-05
5.82955e-05
5.77991e-05
5.73368e-05
5.69071e-05
5.6508e-05
5.61378e-05
5.57948e-05
5.54772e-05
0.000124899
0.000191911
0.000206128
0.000202847
0.000194175
0.000184225
0.000174372
0.000165048
0.000156363
0.000148319
0.000140886
0.000134021
0.00012768
0.000121822
0.000116412
0.000111415
0.000106804
0.00010256
9.89001e-05
9.58032e-05
9.30851e-05
9.05692e-05
8.81346e-05
8.57933e-05
8.35363e-05
8.14237e-05
7.94135e-05
7.74976e-05
7.56809e-05
7.39567e-05
7.23284e-05
7.08043e-05
6.94148e-05
6.819e-05
6.70754e-05
6.60555e-05
0.000157387
0.00020317
0.000210124
0.000204415
0.000195042
0.000184977
0.000175146
0.000265446
0.000287376
0.000282561
0.000269444
0.000254318
0.000279105
0.000334893
0.000338355
0.000325015
0.000306987
0.000288374
0.000270514
0.000253794
0.000238282
0.000223934
0.000210675
0.000198433
0.000187135
0.000176713
0.000167118
0.000158282
0.000150161
0.000142675
0.000135747
0.000129332
0.000123406
0.000117929
0.000112875
0.000108238
0.000103965
0.000100018
9.63667e-05
9.29882e-05
8.98542e-05
8.69452e-05
8.42512e-05
8.17572e-05
7.9452e-05
7.73218e-05
7.53508e-05
7.35277e-05
0.000159629
0.00020898
0.000216718
0.00021085
0.00020095
0.000190269
0.000179876
0.000170096
0.000161005
0.00015259
0.000144814
0.000137634
0.000131006
0.000124887
0.000119238
0.000114023
0.000109211
0.000142555
0.000223253
0.000240214
0.000236084
0.000225461
0.000213312
0.000201292
0.00018992
0.000179327
0.000169513
0.00016044
0.000152062
0.000144327
0.000137186
0.00013059
0.000124499
0.000119043
0.000114247
0.000109983
0.000106385
0.000103355
0.00010064
9.82782e-05
9.63591e-05
0.000151577
0.000302714
0.000297422
0.000278877
0.000261383
0.000245194
0.000230238
0.000216425
0.000203672
0.000191898
0.000181029
0.000170996

