5e-05
5.02667e-05
5.04834e-05
5.06586e-05
5.08009e-05
5.09171e-05
5.10125e-05
5.10912e-05
5.11565e-05
5.12109e-05
5.12566e-05
5.12951e-05
5.13277e-05
5.13491e-05
5.13984e-05
5.14767e-05
5.15596e-05
5.16373e-05
5.17055e-05
5.17605e-05
5.179e-05
5.18027e-05
0.000141401
0.000194023
0.000203588
0.000198967
0.000190072
0.000180268
0.000170667
0.000161603
0.00015316
0.000145345
0.000138126
0.000131462
0.000125312
0.000119637
0.0001144
0.000109569
0.00010511
0.000100997
9.72087e-05
9.39796e-05
9.13341e-05
8.89766e-05
8.68096e-05
8.47686e-05
8.27822e-05
8.08701e-05
7.90232e-05
7.72156e-05
7.54451e-05
7.37492e-05
7.2143e-05
7.06357e-05
6.92229e-05
6.79036e-05
6.66777e-05
6.55371e-05
6.44804e-05
6.34972e-05
6.25838e-05
6.17383e-05
6.0957e-05
6.02349e-05
5.95678e-05
5.89478e-05
5.83772e-05
5.7849e-05
5.73599e-05
5.6908e-05
5.64933e-05
5.61134e-05
5.57655e-05
5.54462e-05
5.51509e-05
5.49024e-05
5.46886e-05
5.45163e-05
5.43777e-05
5.42455e-05
5.41198e-05
5.39904e-05
5.38569e-05
5.372e-05
5.35832e-05
5.34522e-05
5.3326e-05
5.32087e-05
5.30969e-05
5.29925e-05
5.28954e-05
5.28029e-05
5.27183e-05
5.26354e-05
5.25505e-05
5.24718e-05
5.24014e-05
5.23388e-05
5.22832e-05
5.22339e-05
5.21904e-05
5.21518e-05
5.21177e-05
5.20875e-05
5.20608e-05
0.000103866
0.000184309
0.000203172
0.000201528
0.000193449
0.000183733
0.000173988
0.000164727
0.000238979
0.000278462
0.000279563
0.00026842
0.000253952
0.000239158
0.000225007
0.000211774
0.000199518
0.000188206
0.000177746
0.000168083
0.000159162
0.000150926
0.000143321
0.000136298
0.000129817
0.000123861
0.000118372
0.000113306
0.000108621
0.000104287
0.000100283
9.6582e-05
9.31605e-05
8.99898e-05
8.70532e-05
8.43385e-05
8.1832e-05
7.95109e-05
7.73706e-05
7.54225e-05
7.36401e-05
7.20258e-05
7.05462e-05
6.91787e-05
6.78985e-05
6.67022e-05
6.55874e-05
6.45398e-05
6.3564e-05
6.26998e-05
6.22319e-05
6.20922e-05
6.20746e-05
6.20017e-05
6.18898e-05
6.16678e-05
6.13627e-05
6.09962e-05
6.05823e-05
6.01305e-05
5.96516e-05
5.92048e-05
5.87647e-05
5.83402e-05
5.79318e-05
5.75366e-05
5.71462e-05
5.67914e-05
5.68363e-05
6.23824e-05
0.000249089
0.000280397
0.000265108
0.000248894
0.000233752
0.000219733
0.000206775
0.000194806
0.000183754
0.000173551
0.000167224
0.000274163
0.000297944
0.000293042
0.000279283
0.000263408
0.000247666
0.00023276
0.000218875
0.000206016
0.000194134
0.000183164
0.000173038
0.00016369
0.000155061
0.00014712
0.000140032
0.000133651
0.000127824
0.000122397
0.000117303
0.000112513
0.000108014
0.000103822
9.99115e-05
9.62783e-05
9.29083e-05
8.97847e-05
8.68903e-05
9.2033e-05
0.00019809
0.000224697
0.000224439
0.000215676
0.00020465
0.000193451
0.000182761
0.000172769
0.000163501
0.000154924
0.000146997
0.000139676
0.000132916
0.000126674
0.000120912
0.000115591
0.000110677
0.000106137
0.000101942
9.80693e-05
9.4495e-05
9.11961e-05
8.81514e-05
8.5338e-05
8.27399e-05
8.03411e-05
7.81245e-05
7.6079e-05
7.41919e-05
7.24507e-05
7.08443e-05
6.93622e-05
6.79946e-05
6.67328e-05
6.55684e-05

