5e-05
5.02631e-05
5.04691e-05
5.06301e-05
5.07572e-05
5.08582e-05
5.09394e-05
5.10052e-05
5.10709e-05
5.11502e-05
5.12246e-05
5.12913e-05
5.14058e-05
5.15718e-05
5.17134e-05
5.18378e-05
5.19547e-05
5.20892e-05
5.22057e-05
5.22834e-05
5.2308e-05
5.22948e-05
0.000140111
0.000194439
0.000204523
0.000200006
0.000191076
0.000181194
0.000171511
0.000162377
0.000153878
0.00014601
0.000138741
0.000132026
0.000125824
0.000120112
0.000115089
0.000110719
0.000106833
0.000103202
9.97005e-05
9.63712e-05
9.32001e-05
9.02101e-05
8.74047e-05
8.47793e-05
8.23278e-05
8.00432e-05
7.79176e-05
7.59637e-05
7.42009e-05
0.000155132
0.000206253
0.000214873
0.000209447
0.000199824
0.000189378
0.000179193
0.000169593
0.000160641
0.000152305
0.000144578
0.000137434
0.000130833
0.000124738
0.000119109
0.000113912
0.000109113
0.000104683
0.00010059
9.68092e-05
9.33192e-05
9.00987e-05
8.71283e-05
8.44243e-05
8.21629e-05
8.02486e-05
7.85603e-05
7.69551e-05
7.54145e-05
7.3931e-05
7.24725e-05
7.10506e-05
6.96899e-05
6.84051e-05
6.72515e-05
6.66668e-05
6.67692e-05
0.000183222
0.00027823
0.00026437
0.000248106
0.000232963
0.000218958
0.000206021
0.000194073
0.000183042
0.000172857
0.000163455
0.000154775
0.000146762
0.000139365
0.000132536
0.000126233
0.000120414
0.000115042
0.000110083
0.000105506
0.00010128
9.73792e-05
9.3778e-05
9.04535e-05
8.73844e-05
8.45514e-05
8.19365e-05
7.95229e-05
7.72947e-05
7.52381e-05
7.33393e-05
7.15863e-05
6.99678e-05
6.84737e-05
6.70947e-05
6.5822e-05
6.46512e-05
6.35762e-05
0.000161388
0.000209759
0.000217088
0.000211005
0.000200992
0.000190232
0.000179775
0.000169941
0.000160799
0.000152337
0.000144527
0.000214378
0.000263934
0.000268788
0.00025936
0.000245864
0.000231747
0.000218151
0.000205412
0.000193579
0.000182625
0.000172508
0.00016316
0.000154523
0.000146546
0.000139178
0.000132374
0.0001261
0.00012031
0.000114963
0.000110024
0.000105463
0.00010125
9.73605e-05
9.37689e-05
9.04527e-05
8.73911e-05
8.45648e-05
8.19557e-05
7.95474e-05
7.73241e-05
7.52715e-05
7.33767e-05
7.16277e-05
7.00134e-05
6.85232e-05
6.71476e-05
6.58778e-05
6.47057e-05
6.36239e-05
6.26255e-05
6.17039e-05
6.08534e-05
6.00684e-05
5.93439e-05
5.86752e-05
5.80581e-05
5.74886e-05
5.69631e-05
5.64781e-05
5.60625e-05
0.000172982
0.000206534
0.000209257
0.000202129
0.000192237
0.000181962
0.000172083
0.000162827
0.000154234
0.000146284
0.000138941
0.000132256
0.000126164
0.000120533
0.000115316
0.000110484
0.000127418
0.000219891
0.000240946
0.000238113
0.00022779
0.000215594
0.000203413
0.000191849
0.000181063
0.000171067
0.000161825
0.000153288
0.000145406
0.000138129
0.000131411
0.00012521
0.000119485
0.0001142
0.000109322
0.000104819
0.000100663
9.68259e-05
9.32843e-05
9.00152e-05
8.69976e-05
8.42122e-05
8.1641e-05
7.92675e-05
7.70766e-05
7.50544e-05
7.31875e-05
7.14643e-05
6.98734e-05
6.8405e-05
6.70499e-05
6.57992e-05
6.4645e-05
6.35797e-05
6.25966e-05
6.1689e-05
6.0851e-05
6.00776e-05
5.9364e-05
5.87055e-05
5.80976e-05
5.75365e-05
5.70183e-05

