5e-05
5.02631e-05
5.04691e-05
5.06301e-05
5.07572e-05
5.08582e-05
5.09394e-05
5.10093e-05
5.10945e-05
5.12192e-05
5.13914e-05
5.15577e-05
5.1698e-05
5.18291e-05
5.19884e-05
5.21653e-05
5.23197e-05
5.24384e-05
5.25182e-05
5.25351e-05
5.24965e-05
5.24447e-05
5.23819e-05
5.23021e-05
5.2373e-05
5.26361e-05
5.29786e-05
5.33204e-05
5.35652e-05
5.36672e-05
5.37815e-05
5.38937e-05
5.39701e-05
5.39842e-05
5.39573e-05
5.39029e-05
5.38284e-05
5.37398e-05
5.36423e-05
5.35397e-05
5.34352e-05
5.33306e-05
5.32224e-05
5.31159e-05
5.30063e-05
5.29114e-05
5.28493e-05
5.28016e-05
5.30352e-05
5.37775e-05
5.47319e-05
5.5568e-05
5.59881e-05
5.61207e-05
5.61265e-05
5.60366e-05
5.58675e-05
5.56647e-05
5.54456e-05
5.68493e-05
0.000171503
0.000203468
0.000205968
0.000198971
0.000189306
0.000179279
0.000194583
0.000275363
0.000289745
0.000282294
0.000268276
0.000252885
0.000237836
0.000223654
0.000210465
0.000198257
0.000186978
0.000176563
0.000166944
0.00015806
0.000149858
0.000240867
0.0002701
0.000268355
0.000256857
0.000242839
0.000228731
0.000215305
0.000202772
0.000191154
0.000180411
0.000170485
0.000161321
0.000152861
0.000145052
0.000137844
0.000131214
0.00012511
0.000119483
0.000114291
0.000109498
0.000105071
0.000100976
9.71897e-05
9.36928e-05
9.04647e-05
8.75034e-05
8.47724e-05
8.22433e-05
7.99004e-05
7.7737e-05
7.57391e-05
7.38928e-05
7.21807e-05
7.05977e-05
6.91332e-05
6.77785e-05
6.65209e-05
6.53587e-05
6.42873e-05
6.32999e-05
6.23877e-05
6.15422e-05
6.07555e-05
6.00297e-05
5.93602e-05
5.87435e-05
8.10651e-05
0.00018119
0.000206438
0.000206634
0.00019887
0.000188967
0.000178887
0.000169278
0.000160326
0.000152051
0.000144408
0.000137335
0.000130818
0.000124801
0.00011925
0.000114152
0.000109449
0.000105098
0.000101067
9.73091e-05
9.38746e-05
9.07181e-05
8.7766e-05
0.00017894
0.000221218
0.000226096
0.000218862
0.000208147
0.000196859
0.000185946
0.000175705
0.000166188
0.000157374
0.000149228
0.000141705
0.00013476
0.00012835
0.000122442
0.000116994
0.000111967
0.00010733
0.000103044
9.90833e-05
9.54259e-05
9.20476e-05
8.89295e-05
8.60605e-05
8.34323e-05
8.10063e-05
7.87654e-05
7.66971e-05
7.47791e-05
7.30055e-05
7.13624e-05
6.98405e-05
6.84329e-05
6.71328e-05
6.59276e-05
6.48126e-05
6.37844e-05
6.28369e-05
6.19637e-05
6.1159e-05
6.04175e-05
5.9734e-05
5.91031e-05
5.85152e-05
5.79689e-05
5.74657e-05
5.70028e-05
5.6576e-05
5.61806e-05
5.58162e-05
5.54783e-05
5.51674e-05
5.48791e-05
5.46133e-05
5.4365e-05
5.41348e-05
5.39194e-05
5.37203e-05
5.35363e-05
5.33661e-05
5.32098e-05
5.30653e-05
5.29337e-05
5.28139e-05
5.27026e-05
5.26014e-05
5.25114e-05
5.24476e-05
5.2394e-05
5.23471e-05
0.000139548
0.000193938
0.000204082
0.000199611
0.000190722
0.000180878
0.000171225
0.000162116
0.000153642
0.000145796
0.000204031
0.000259995
0.000267247
0.000258668
0.000245487
0.000231509
0.000217983
0.000205278
0.000193473
0.000182555
0.000172491
0.000163207
0.000154641
0.000242236
0.000271508
0.000269745
0.000258216
0.000244152
0.000229988
0.000216503

