5e-05
5.02669e-05
5.04842e-05
5.06602e-05
5.08034e-05
5.09206e-05
5.10168e-05
5.1098e-05
5.11951e-05
5.12939e-05
5.13916e-05
5.15126e-05
5.16466e-05
0.00015655
0.000195485
0.000200616
0.000194836
0.00018588
0.000176355
0.000167103
0.000158359
0.000150208
0.00014266
0.000135676
0.000129219
0.000123254
0.000117748
0.000112665
0.000107969
0.000103632
9.96299e-05
0.000202942
0.000234014
0.000234681
0.00022566
0.000214015
0.000202127
0.000190762
0.000180138
0.000170281
0.000161168
0.000152747
0.000243815
0.000271875
0.000269626
0.000257942
0.000243858
0.000229721
0.000216272
0.00020372
0.000192084
0.000181324
0.000171369
0.000162173
0.000153682
0.000145845
0.00013861
0.000131929
0.00012576
0.000120065
0.000114802
0.000109938
0.000105536
0.000101774
9.84752e-05
9.55181e-05
9.27485e-05
9.0157e-05
8.77073e-05
8.53734e-05
8.31444e-05
8.10186e-05
7.89984e-05
7.70864e-05
7.52771e-05
7.35676e-05
7.19685e-05
7.04828e-05
6.94438e-05
6.91449e-05
0.000180744
0.000290333
0.000280391
0.000263254
0.00024704
0.000232008
0.000218106
0.000205262
0.000193401
0.00018245
0.000172342
0.000163012
0.000154402
0.000146456
0.000139124
0.000132359
0.000126117
0.00012036
0.000115048
0.000110147
0.000105627
0.000101455
9.76046e-05
9.40681e-05
9.08235e-05
8.78347e-05
8.50719e-05
8.25204e-05
8.01638e-05
7.79866e-05
7.59748e-05
7.41155e-05
7.23962e-05
7.07966e-05
6.93109e-05
6.79331e-05
6.66619e-05
6.54897e-05
6.44089e-05
6.34125e-05
6.24939e-05
6.16471e-05
6.08855e-05
6.02003e-05
5.95722e-05
5.89866e-05
5.84427e-05
5.79332e-05
5.74594e-05
5.70199e-05
5.66124e-05
5.62346e-05
5.59039e-05
5.56144e-05
5.53445e-05
5.5092e-05
5.48504e-05
5.46236e-05
5.44068e-05
5.4198e-05
5.40114e-05
5.38634e-05
5.37323e-05
5.36022e-05
5.34738e-05
5.33505e-05
5.32382e-05
5.3147e-05
5.30599e-05
5.29741e-05
5.28829e-05
5.27905e-05
5.26988e-05
5.26124e-05
5.25299e-05
5.24539e-05
5.23791e-05
5.22991e-05
5.22211e-05
5.22541e-05
5.2544e-05
5.29648e-05
5.33887e-05
5.37158e-05
5.38942e-05
5.39489e-05
5.39515e-05
5.39212e-05
5.38664e-05
5.37935e-05
5.37081e-05
5.36086e-05
5.35021e-05
5.33954e-05
5.32851e-05
5.31735e-05
5.30614e-05
5.29523e-05
5.28474e-05
5.27503e-05
5.26623e-05
5.26065e-05
5.25696e-05
5.25392e-05
5.25109e-05
5.24824e-05
5.24527e-05
5.24223e-05
5.24082e-05
5.23962e-05
5.23818e-05
5.23607e-05
5.23382e-05
5.23145e-05
5.22891e-05
5.22575e-05
5.22248e-05
5.21927e-05
5.21572e-05
5.21221e-05
5.20938e-05
5.20891e-05
5.20936e-05
5.20979e-05
5.20927e-05
5.2079e-05
5.20692e-05
5.20807e-05
5.20968e-05
5.21116e-05
5.21197e-05
5.21084e-05
5.20895e-05
5.20699e-05
5.20502e-05
5.20286e-05
5.20226e-05
5.20302e-05
5.20412e-05
5.20515e-05
5.20589e-05
5.20573e-05
5.20495e-05
5.20344e-05
5.20175e-05
5.19958e-05
5.19738e-05
5.19529e-05
5.19304e-05
5.19071e-05
5.18857e-05
5.18663e-05
5.18475e-05
5.18272e-05
5.18089e-05
5.17927e-05
5.17785e-05
5.17661e-05
5.17607e-05
5.17718e-05
5.17838e-05
5.17964e-05
5.18036e-05
5.18095e-05
5.18141e-05
5.18171e-05
5.18187e-05
5.18152e-05
5.18055e-05
5.17944e-05

