5e-05
5.02631e-05
5.04691e-05
5.06301e-05
5.07572e-05
5.08582e-05
5.09394e-05
5.10052e-05
5.10589e-05
5.11033e-05
5.11402e-05
5.11728e-05
5.13086e-05
5.15961e-05
5.18625e-05
5.21283e-05
5.23666e-05
5.25368e-05
9.18856e-05
0.000179311
0.000200983
0.000200406
0.000192723
0.000183154
0.000173462
0.000164223
0.000155595
0.000147598
0.000140203
0.000133369
0.0001979
0.000252044
0.000259107
0.000315542
0.000350468
0.000346394
0.000330211
0.000311354
0.000292644
0.000274862
0.0002582
0.000242706
0.000228315
0.000214948
0.000202562
0.000191091
0.000180474
0.000170639
0.000161535
0.000153112
0.000145306
0.000138093
0.000131428
0.000125272
0.000119589
0.000114344
0.000109503
0.000105033
0.000100907
9.70967e-05
9.3575e-05
9.03215e-05
8.73199e-05
8.45638e-05
8.20397e-05
7.97188e-05
7.7581e-05
7.56085e-05
7.37815e-05
7.20866e-05
7.05194e-05
6.90677e-05
6.77235e-05
6.64804e-05
6.5329e-05
6.42661e-05
6.32784e-05
6.23644e-05
6.15222e-05
6.07444e-05
6.00282e-05
5.93678e-05
5.87523e-05
5.81828e-05
5.76582e-05
5.71717e-05
5.67247e-05
5.63135e-05
5.59334e-05
5.55834e-05
5.52628e-05
5.49693e-05
5.47006e-05
5.44508e-05
5.42182e-05
5.40119e-05
5.38474e-05
5.37056e-05
5.35777e-05
5.34594e-05
5.33539e-05
5.32978e-05
5.32925e-05
5.3297e-05
5.32948e-05
5.33001e-05
5.33218e-05
5.33152e-05
5.32855e-05
5.32429e-05
5.31897e-05
5.3128e-05
5.30603e-05
5.29822e-05
5.28952e-05
5.28051e-05
5.27178e-05
5.26293e-05
5.25435e-05
5.24641e-05
5.23896e-05
5.23161e-05
5.22487e-05
5.22071e-05
5.21729e-05
5.21498e-05
5.21526e-05
5.21467e-05
5.2143e-05
5.21697e-05
5.22029e-05
5.22251e-05
5.22206e-05
5.2205e-05
5.22153e-05
5.22282e-05
5.22276e-05
5.22232e-05
5.2215e-05
5.22138e-05
5.22304e-05
5.2248e-05
5.22612e-05
5.2262e-05
5.22437e-05
5.22316e-05
5.2219e-05
5.21991e-05
0.000159185
0.000198997
0.000204211
0.000198167
0.000188852
0.000178979
0.000169427
0.000244736
0.000282728
0.000283149
0.000271604
0.000256838
0.000241793
0.000227412
0.000213968
0.000201497
0.000189963
0.00017931
0.000169476
0.000160399
0.000152023
0.000144292
0.000137156
0.000130568
0.00012449
0.00011888
0.000113702
0.000108919
0.000104501
0.000100425
9.66636e-05
9.31926e-05
8.99879e-05
8.70225e-05
8.42789e-05
8.17441e-05
7.94041e-05
7.72459e-05
7.52561e-05
7.3423e-05
7.17558e-05
7.02308e-05
6.8818e-05
6.75053e-05
6.62871e-05
6.51594e-05
6.41117e-05
6.314e-05
6.22432e-05
6.14165e-05
6.06653e-05
5.99828e-05
5.93608e-05
5.88087e-05
5.82977e-05
5.78105e-05
5.73564e-05
5.69312e-05
5.65325e-05
5.61616e-05
5.58111e-05
5.54782e-05
5.51669e-05
5.48779e-05
5.46103e-05
5.43604e-05
5.41292e-05
5.39162e-05
5.37212e-05
5.35406e-05
5.33715e-05
5.32159e-05
5.30699e-05
5.29365e-05
5.28158e-05
5.28429e-05
5.30997e-05
5.3419e-05
5.37493e-05
5.40351e-05
5.42059e-05
5.42633e-05
5.4262e-05
5.42181e-05
5.4143e-05
5.40461e-05
5.39214e-05
5.37845e-05
5.36522e-05
5.35485e-05
5.34522e-05
5.33503e-05
5.32467e-05
5.3137e-05
5.30239e-05
5.29139e-05
5.28114e-05
5.27166e-05
5.2638e-05
5.25909e-05
5.25505e-05
5.25043e-05

