5e-05
5.02631e-05
5.04691e-05
5.06301e-05
5.07572e-05
5.08582e-05
5.09394e-05
5.10052e-05
5.10589e-05
5.11033e-05
5.11402e-05
5.11713e-05
5.11977e-05
5.12132e-05
5.12233e-05
5.12328e-05
5.12421e-05
5.12517e-05
5.12614e-05
5.12679e-05
5.12689e-05
5.12683e-05
9.61266e-05
0.000183307
0.000204351
0.000203299
0.000195287
0.000185475
0.000175588
0.000166177
0.00015739
0.000149247
0.000141721
0.000134769
0.000128352
0.00012243
0.000116965
0.000111924
0.000107272
0.000102977
9.9013e-05
9.54189e-05
9.24174e-05
8.98729e-05
8.76332e-05
8.55807e-05
8.3575e-05
8.15932e-05
7.96613e-05
7.77889e-05
7.59884e-05
7.42481e-05
7.25724e-05
7.09835e-05
6.95017e-05
6.81282e-05
6.68552e-05
6.56733e-05
6.45793e-05
6.3565e-05
6.26244e-05
6.17551e-05
6.09547e-05
6.02181e-05
5.95404e-05
5.89149e-05
5.83381e-05
5.78073e-05
5.73166e-05
5.68653e-05
5.64508e-05
5.60699e-05
5.57193e-05
5.53941e-05
5.50943e-05
5.4816e-05
5.45598e-05
5.43418e-05
5.41572e-05
5.39924e-05
5.384e-05
5.36918e-05
5.35478e-05
5.34127e-05
5.32839e-05
5.3157e-05
5.32155e-05
5.35942e-05
5.40098e-05
5.43611e-05
5.4643e-05
5.48316e-05
5.49251e-05
5.49302e-05
5.48565e-05
5.47435e-05
5.46068e-05
5.44564e-05
5.42992e-05
5.414e-05
5.39824e-05
5.38248e-05
5.36703e-05
5.35234e-05
5.33829e-05
5.3248e-05
5.31298e-05
5.32529e-05
5.35687e-05
5.39278e-05
5.42582e-05
5.4509e-05
5.46626e-05
5.47252e-05
5.47141e-05
5.46485e-05
5.45454e-05
5.44172e-05
5.42927e-05
5.41718e-05
5.40407e-05
5.3902e-05
5.37585e-05
5.36166e-05
5.3481e-05
5.33525e-05
5.34111e-05
0.000168666
0.000201683
0.000204598
0.000197807
0.000188275
0.000178354
0.000168809
0.000159862
0.000151558
0.000143901
0.000136842
0.000130335
0.000124384
0.000118903
0.000113834
0.000109145
0.0001048
0.000100776
9.70593e-05
9.36464e-05
9.04895e-05
8.75517e-05
8.48249e-05
8.23026e-05
7.99652e-05
7.78028e-05
7.58131e-05
7.39776e-05
7.22824e-05
7.07066e-05
6.92463e-05
6.78949e-05
6.66454e-05
6.5492e-05
6.44274e-05
6.34408e-05
6.25198e-05
6.16623e-05
6.08692e-05
6.01376e-05
5.94633e-05
5.88392e-05
5.82634e-05
5.77321e-05
5.7242e-05
5.67905e-05
5.63754e-05
5.59901e-05
5.56327e-05
5.53049e-05
5.50048e-05
5.473e-05
5.44784e-05
5.42448e-05
5.40302e-05
5.38338e-05
5.36539e-05
5.34842e-05
5.3326e-05
5.31785e-05
5.30427e-05
5.29163e-05
5.2801e-05
5.26956e-05
5.25951e-05
5.25027e-05
5.24173e-05
5.23384e-05
5.22664e-05
5.21993e-05
5.21388e-05
5.20847e-05
5.20361e-05
5.19925e-05
5.19534e-05
5.19183e-05
5.18858e-05
5.18522e-05
5.18166e-05
5.17838e-05
5.17524e-05
5.17245e-05
5.17788e-05
5.21392e-05
5.26446e-05
5.30794e-05
5.34108e-05
5.36229e-05
5.37535e-05
5.38125e-05
5.37943e-05
5.37286e-05
5.36342e-05
5.35174e-05
5.33943e-05
5.32735e-05
5.31567e-05
5.30414e-05
5.29247e-05
5.28137e-05
5.2711e-05
5.26164e-05
5.2528e-05
5.24448e-05
5.23669e-05
5.22943e-05
5.22285e-05
5.21675e-05
5.21105e-05
5.20593e-05
5.20268e-05
5.20142e-05
5.20084e-05
5.20017e-05
5.1991e-05
5.19736e-05
5.19469e-05
5.192e-05
5.18948e-05
5.18711e-05
5.18458e-05
5.18217e-05
5.17997e-05

