5e-05
5.02631e-05
5.04691e-05
5.06301e-05
5.07572e-05
5.08582e-05
5.09394e-05
5.10052e-05
5.10589e-05
5.11033e-05
5.11402e-05
5.11713e-05
5.11975e-05
5.12149e-05
5.12343e-05
5.12745e-05
5.13193e-05
5.13623e-05
5.1401e-05
7.99614e-05
0.00017753
0.000202213
0.000202454
0.000194917
0.000185286
0.000175475
0.000166102
0.000157342
0.000149218
0.000141699
0.000134794
0.000128744
0.000123496
0.00011889
0.00011481
0.000111179
0.000107955
0.000105152
0.000103177
0.000265059
0.000308951
0.00029115
0.000272782
0.000255732
0.000239978
0.000225433
0.000212001
0.000199598
0.000188146
0.000177572
0.000167809
0.000158796
0.000150476
0.000142795
0.000135703
0.000129156
0.000123112
0.000117532
0.000112382
0.000107627
0.000103238
9.91869e-05
9.5447e-05
9.19943e-05
8.8807e-05
8.58647e-05
8.31485e-05
8.06409e-05
7.83258e-05
7.61887e-05
7.42158e-05
7.23946e-05
7.07134e-05
6.91615e-05
6.77289e-05
6.64068e-05
6.51865e-05
6.40604e-05
6.30209e-05
6.20613e-05
6.11755e-05
6.0358e-05
5.96037e-05
5.89076e-05
5.82649e-05
5.76719e-05
5.71248e-05
5.662e-05
5.6154e-05
5.5724e-05
5.53269e-05
5.49604e-05
5.46221e-05
5.43101e-05
5.40221e-05
5.37563e-05
5.35109e-05
5.32845e-05
5.30757e-05
5.2883e-05
5.27054e-05
5.25417e-05
5.23907e-05
5.22514e-05
5.21229e-05
5.20044e-05
5.18954e-05
5.17951e-05
5.17028e-05
5.16177e-05
5.15391e-05
5.14667e-05
5.14001e-05
5.13388e-05
5.12824e-05
5.12304e-05
5.11824e-05
5.11383e-05
5.10979e-05
5.10606e-05
5.10264e-05
5.09948e-05
5.09659e-05
5.09393e-05
5.09149e-05
5.08925e-05
5.0872e-05
5.08533e-05
5.08362e-05
5.08205e-05
5.08063e-05
0.000165822
0.000202882
0.000206976
0.000200393
0.00019075
0.000180625
0.000170866
0.000161712
0.000153212
0.000145345
0.000138076
0.000131362
0.000125163
0.00011945
0.000114305
0.000109651
0.000105346
0.000101314
9.75462e-05
9.40305e-05
9.07575e-05
8.77178e-05
8.49e-05
9.37284e-05
0.000198443
0.000224604
0.000224188
0.000215325
0.000204218
0.000192955
0.000182209
0.000172169
0.000215985
0.000278326
0.000286658
0.00027741
0.000263044
0.000247775
0.00023299
0.000219105
0.000206205
0.000194268
0.00018324
0.000173056
0.000163654
0.000154975
0.000146962
0.000139566
0.000132739
0.000126437
0.00012062
0.00011525
0.000110294
0.000105718
0.000101495
9.75959e-05
9.39971e-05
9.06752e-05
8.7609e-05
8.47786e-05
8.21659e-05
7.97541e-05
7.75279e-05
7.54733e-05
7.35769e-05
7.18265e-05
7.02113e-05
6.8732e-05
6.73739e-05
6.61208e-05
6.49622e-05
6.38893e-05
6.28967e-05
6.19785e-05
6.11292e-05
6.03436e-05
5.96163e-05
5.89436e-05
5.83221e-05
5.77484e-05
5.72185e-05
5.67289e-05
5.62771e-05
5.58602e-05
5.54753e-05
5.51199e-05
5.4792e-05
5.44897e-05
5.42108e-05
5.39537e-05
5.37166e-05
5.3498e-05
0.000157017
0.000200835
0.000207189
0.000201324
0.000191875
0.000181763
0.000171951
0.000162729
0.00015416
0.00014623
0.000138904
0.000132138
0.000125892
0.000120126
0.000114804
0.000109891
0.000105355
0.000101167
9.72992e-05
9.37292e-05
9.04344e-05
8.73937e-05
8.45876e-05
8.19979e-05
7.96078e-05
7.74013e-05
7.5365e-05

