5e-05
5.02631e-05
5.04691e-05
5.06301e-05
5.07572e-05
5.08582e-05
5.09394e-05
5.10052e-05
5.10606e-05
5.11494e-05
5.12672e-05
5.13805e-05
5.14798e-05
5.15841e-05
5.16736e-05
5.17483e-05
5.18074e-05
5.18513e-05
5.18815e-05
5.18989e-05
5.18958e-05
5.18806e-05
5.18617e-05
5.18345e-05
5.18083e-05
5.19936e-05
5.24393e-05
5.29929e-05
5.35348e-05
5.38027e-05
5.38926e-05
5.39081e-05
5.38731e-05
5.38103e-05
5.37206e-05
5.3616e-05
5.34999e-05
5.33829e-05
5.32686e-05
5.31583e-05
5.30529e-05
5.29529e-05
5.28561e-05
5.27629e-05
5.26761e-05
5.25936e-05
5.2515e-05
5.244e-05
5.23868e-05
5.23521e-05
5.23221e-05
0.000110854
0.000186427
0.000203695
0.000201509
0.000193254
0.000183487
0.000173731
0.000164473
0.00015584
0.000147853
0.000140483
0.000133683
0.000127434
0.000122049
0.000117549
0.000113902
0.00017291
0.000314924
0.000305679
0.000286444
0.000268377
0.000251657
0.000236208
0.000221942
0.000208769
0.000196607
0.000185379
0.000175014
0.000165446
0.000156614
0.00014846
0.000140933
0.000133984
0.00012757
0.000121649
0.000116182
0.000111136
0.000106477
0.000102177
9.82079e-05
9.45431e-05
9.11598e-05
8.80366e-05
8.51535e-05
8.24925e-05
8.00438e-05
7.77854e-05
7.56993e-05
7.37718e-05
0.00013875
0.000209934
0.000224529
0.000220398
0.000210518
0.000199317
0.000188264
0.000177814
0.00016808
0.000159065
0.000150731
0.000143033
0.000135926
0.000129364
0.000123314
0.000117745
0.000112709
0.000108124
0.000103863
9.98903e-05
0.000174625
0.000227514
0.000235546
0.000228835
0.000217743
0.000205805
0.000194194
0.000183269
0.000173113
0.000163711
0.000155022
0.000146998
0.000139589
0.000132755
0.000126469
0.000120694
0.000115366
0.000110439
0.000105896
0.000101706
9.78353e-05
9.42486e-05
9.09276e-05
8.78536e-05
8.50125e-05
8.24087e-05
8.00171e-05
7.78155e-05
7.57726e-05
7.38732e-05
7.21119e-05
7.04796e-05
6.89681e-05
6.75695e-05
6.62761e-05
6.50805e-05
6.39757e-05
6.29551e-05
6.20125e-05
6.1142e-05
6.03383e-05
5.95962e-05
5.89112e-05
5.82787e-05
5.7695e-05
5.71561e-05
5.66588e-05
5.61998e-05
5.57762e-05
5.53853e-05
5.50246e-05
5.46917e-05
5.43845e-05
5.41011e-05
5.38396e-05
5.35985e-05
5.33854e-05
5.31942e-05
5.30177e-05
5.28531e-05
5.26983e-05
5.25534e-05
5.24182e-05
5.22921e-05
5.21746e-05
5.20654e-05
5.1964e-05
5.18702e-05
5.17833e-05
5.17031e-05
5.1629e-05
5.15606e-05
5.14974e-05
5.1439e-05
5.1385e-05
5.13352e-05
5.12894e-05
5.12474e-05
5.12188e-05
5.11993e-05
5.11816e-05
5.1163e-05
5.11436e-05
5.11231e-05
5.11025e-05
5.10821e-05
5.10622e-05
5.10426e-05
5.10239e-05
5.10063e-05
5.09898e-05
5.09745e-05
5.09602e-05
5.09467e-05
5.09338e-05
5.09218e-05
5.0911e-05
5.09012e-05
5.08922e-05
5.08839e-05
5.08762e-05
5.0869e-05
5.08624e-05
5.08566e-05
0.0001175
0.000190157
0.000206203
0.000203463
0.000194894
0.000184905
0.00017497
0.000165553
0.000156775
0.000148644
0.000141128
0.000134187
0.000127779
0.000121862
0.000116401
0.00011136
0.000106707
0.00010241
9.84439e-05
9.47822e-05
9.14021e-05
8.82824e-05
8.54028e-05
8.2745e-05
8.02921e-05
7.80283e-05

