5e-05
5.02631e-05
5.04691e-05
5.06301e-05
5.07572e-05
5.08582e-05
5.09394e-05
5.10052e-05
5.10686e-05
5.11471e-05
5.12216e-05
5.12868e-05
5.13417e-05
5.13866e-05
5.14228e-05
5.14513e-05
5.14736e-05
5.14907e-05
5.15036e-05
5.1509e-05
5.15076e-05
0.000118767
0.00018878
0.000204139
0.000201316
0.000192854
0.000183029
0.000173268
0.00016402
0.000259091
0.000283165
0.000279087
0.000266331
0.000251462
0.000236671
0.000222651
0.000209581
0.000197471
0.000186275
0.000175933
0.000166379
0.000157557
0.000149412
0.000141994
0.000135497
0.000129733
0.000124526
0.000119733
0.00011524
0.00011097
0.000106891
0.000102998
9.9281e-05
0.000174117
0.000224738
0.000232215
0.000225521
0.000214643
0.000202976
0.000191643
0.000180976
0.000171049
0.000161861
0.000153372
0.000145535
0.0001383
0.000131623
0.000125461
0.000119773
0.00011452
0.000109669
0.00010519
0.000171565
0.000229172
0.000238509
0.000232035
0.000220867
0.000208775
0.000197001
0.000185923
0.000175625
0.000166092
0.000157281
0.000149145
0.000141634
0.000134701
0.000128302
0.000122398
0.000116947
0.000111911
0.00010726
0.000102968
9.90073e-05
9.53527e-05
9.19805e-05
8.88659e-05
8.59912e-05
8.33389e-05
8.08916e-05
7.86335e-05
7.65486e-05
7.4622e-05
7.28443e-05
7.12042e-05
6.9691e-05
6.82943e-05
6.70024e-05
6.58087e-05
6.47054e-05
6.36879e-05
6.27496e-05
6.18844e-05
6.10997e-05
6.06426e-05
6.05041e-05
6.05214e-05
6.05722e-05
6.05251e-05
6.03369e-05
6.00558e-05
5.9703e-05
5.93024e-05
5.88754e-05
5.84385e-05
5.80011e-05
5.7567e-05
5.715e-05
5.67537e-05
5.63794e-05
5.60276e-05
5.56981e-05
5.53904e-05
5.51036e-05
5.48364e-05
5.4584e-05
5.43465e-05
5.41269e-05
5.39245e-05
5.37383e-05
5.35671e-05
5.34097e-05
5.3265e-05
6.23526e-05
0.000172948
0.000202354
0.000204097
0.000219726
0.00029706
0.000309262
0.000300134
0.000284686
0.000268012
0.000251792
0.000236535
0.000222351
0.000209221
0.000297511
0.000315657
0.000308093
0.000292739
0.000275688
0.00025896
0.000243181
0.000228498
0.000214903
0.000202339
0.000190738
0.000180028
0.00017014
0.000161014
0.000152591
0.000144814
0.000137635
0.000131009
0.000124894
0.000119249
0.00011404
0.00010923
0.000104786
0.000100684
9.6896e-05
9.33997e-05
9.01734e-05
8.71953e-05
8.44451e-05
8.19073e-05
7.95657e-05
7.74052e-05
7.54117e-05
7.35722e-05
7.18748e-05
7.03068e-05
6.88579e-05
0.000174243
0.00021039
0.000213866
0.000206779
0.00019669
0.000186157
0.000176015
0.000166509
0.000157684
0.00014952
0.000141977
0.000135011
0.000128581
0.000122644
0.000117193
0.000112416
0.000108137
0.000104251
0.000100648
9.72458e-05
0.000172701
0.000221753
0.000228945
0.000222392
0.000211759
0.000200345
0.000189248
0.000178804
0.000169089
0.000160091
0.000151771
0.000144079
0.000136972
0.000130406
0.000124344
0.000118747
0.000113579
0.000108805
0.000104399
0.000100331
9.65772e-05
9.31124e-05
8.99146e-05
8.69631e-05
8.42391e-05
8.1725e-05
7.94045e-05
0.000175868
0.000216423
0.000220992
0.000213897
0.000203451
0.000192467
0.000181867
0.00017204
0.000163234
0.000155209

