5e-05
5.02667e-05
5.04834e-05
5.06586e-05
5.08009e-05
5.09171e-05
5.10125e-05
5.10912e-05
5.11565e-05
5.12109e-05
5.12566e-05
5.12951e-05
5.13283e-05
5.1373e-05
5.14221e-05
5.147e-05
5.1514e-05
5.15527e-05
5.1585e-05
5.16018e-05
5.15989e-05
5.15829e-05
5.1564e-05
5.15394e-05
5.15176e-05
5.15005e-05
5.14879e-05
5.14794e-05
5.14735e-05
5.14639e-05
5.14526e-05
5.14449e-05
5.14409e-05
5.14389e-05
5.14334e-05
5.14293e-05
5.14285e-05
5.14307e-05
5.14341e-05
5.14348e-05
5.14373e-05
5.14421e-05
5.14487e-05
5.14537e-05
5.14599e-05
5.14678e-05
5.1477e-05
5.14872e-05
5.14981e-05
5.15057e-05
5.15123e-05
5.15094e-05
5.15057e-05
5.15159e-05
5.15303e-05
5.15404e-05
5.1544e-05
5.15466e-05
5.15496e-05
5.40218e-05
0.000169405
0.000201349
0.000203921
0.000197042
0.000187514
0.000177625
0.000168123
0.000159225
0.000150967
0.000143323
0.000136263
0.000129742
0.000123723
0.000118168
0.000113042
0.000108308
0.000103937
9.99033e-05
9.61827e-05
9.27507e-05
8.95849e-05
8.6658e-05
8.39526e-05
8.14547e-05
7.91493e-05
7.70206e-05
7.50578e-05
7.32482e-05
7.15747e-05
7.0027e-05
6.86003e-05
6.7286e-05
6.60751e-05
6.49594e-05
6.39279e-05
6.29711e-05
6.20884e-05
6.12758e-05
6.05226e-05
5.9825e-05
5.91812e-05
5.85904e-05
5.80708e-05
5.76081e-05
5.71797e-05
5.67756e-05
5.63939e-05
5.60499e-05
5.57552e-05
5.54916e-05
5.52477e-05
5.50146e-05
5.47966e-05
5.45914e-05
5.43905e-05
5.41976e-05
5.40166e-05
5.38397e-05
5.36748e-05
5.35229e-05
5.33831e-05
5.32546e-05
5.31351e-05
5.30434e-05
5.30087e-05
5.29789e-05
5.29625e-05
5.29739e-05
5.29865e-05
5.29757e-05
5.2956e-05
5.29305e-05
5.28989e-05
5.28543e-05
5.28045e-05
5.27852e-05
5.28426e-05
5.29341e-05
5.29967e-05
5.30222e-05
5.30131e-05
5.29941e-05
5.29643e-05
5.29206e-05
5.29135e-05
5.29471e-05
5.29965e-05
5.30916e-05
5.31682e-05
5.31927e-05
5.3182e-05
5.31525e-05
5.31229e-05
5.30754e-05
5.30113e-05
0.000131947
0.000191441
0.000203338
0.000199504
0.000190855
0.000181107
0.000171491
0.000162405
0.000153944
0.000146105
0.000138854
0.000132152
0.000125959
0.000120234
0.000114943
0.00011006
0.000105552
0.000101391
9.75488e-05
9.40053e-05
9.07382e-05
8.77259e-05
8.49425e-05
8.23712e-05
8.00003e-05
7.78151e-05
7.58011e-05
7.39402e-05
7.22191e-05
7.06265e-05
6.91584e-05
6.78063e-05
6.65582e-05
6.54071e-05
6.43471e-05
6.33708e-05
6.24629e-05
6.16234e-05
6.08508e-05
6.01369e-05
5.9474e-05
5.88614e-05
5.82985e-05
5.77817e-05
5.73062e-05
5.68655e-05
5.64578e-05
5.60835e-05
5.57402e-05
5.54202e-05
5.5123e-05
5.48475e-05
5.45897e-05
5.435e-05
5.41271e-05
5.39219e-05
5.37353e-05
5.35658e-05
5.34121e-05
5.32726e-05
5.3146e-05
5.30301e-05
5.29211e-05
5.28198e-05
5.27252e-05
5.2637e-05
5.25553e-05
5.2539e-05
5.2874e-05
5.34242e-05
5.39915e-05
5.44323e-05
5.46781e-05
5.4782e-05
5.4808e-05
5.48668e-05
0.000117957
0.000273928
0.000275453
0.000259534
0.000243736
0.000229003
0.000215353
0.000202752
0.000191115
0.000180366
0.000170441
0.000161294
0.00015287
0.000145125
0.00013798
0.000131383
0.000125285
0.00011965
0.000114439

