5e-05
5.02669e-05
5.04842e-05
5.06602e-05
5.08034e-05
5.09206e-05
5.10168e-05
5.10963e-05
5.11818e-05
5.12786e-05
5.13907e-05
5.15194e-05
5.16366e-05
5.1708e-05
5.17481e-05
5.17782e-05
5.17988e-05
5.1808e-05
5.18126e-05
5.18076e-05
5.17799e-05
5.17477e-05
5.17153e-05
5.16762e-05
5.16366e-05
5.16024e-05
5.15746e-05
5.15508e-05
0.000109732
0.000186893
0.000204567
0.000202441
0.000194139
0.000184298
0.000174462
0.000165124
0.000156419
0.000148356
0.000140906
0.000134026
0.000127678
0.00012182
0.000116416
0.00011143
0.00010683
0.000102582
9.86588e-05
9.50415e-05
9.17266e-05
8.8672e-05
8.58458e-05
8.32342e-05
8.08119e-05
7.8564e-05
7.64822e-05
7.45618e-05
7.27904e-05
7.1155e-05
6.96476e-05
6.82582e-05
6.69711e-05
6.57819e-05
6.46836e-05
6.36719e-05
6.27404e-05
6.18796e-05
6.10786e-05
6.03359e-05
5.96482e-05
5.90122e-05
5.84281e-05
5.7892e-05
5.73995e-05
5.69419e-05
5.6515e-05
5.6123e-05
5.57621e-05
5.54273e-05
5.51183e-05
5.48358e-05
5.45781e-05
5.43393e-05
5.41175e-05
5.39125e-05
5.37253e-05
5.35552e-05
5.34009e-05
5.32608e-05
5.31336e-05
5.30169e-05
5.29074e-05
5.28069e-05
5.27117e-05
5.26185e-05
5.2533e-05
5.24562e-05
5.23854e-05
5.23183e-05
5.22558e-05
5.22002e-05
5.21504e-05
5.21029e-05
5.20607e-05
5.20321e-05
5.20335e-05
5.204e-05
5.20413e-05
5.20401e-05
5.20384e-05
5.20358e-05
5.2032e-05
5.20269e-05
5.20191e-05
5.20055e-05
5.19913e-05
5.19775e-05
5.19598e-05
5.19419e-05
5.19254e-05
5.19103e-05
5.18953e-05
5.1878e-05
5.18592e-05
5.18394e-05
5.18192e-05
5.18017e-05
5.18052e-05
5.18214e-05
5.18265e-05
5.1829e-05
5.18287e-05
5.1829e-05
5.18268e-05
5.18366e-05
5.18847e-05
5.19578e-05
5.21063e-05
5.22805e-05
5.24288e-05
5.25687e-05
5.27216e-05
5.28381e-05
5.29047e-05
5.3354e-05
0.000164528
0.00027139
0.000262257
0.000246593
0.000231698
0.00021785
0.000205039
0.000193205
0.000182291
0.000172219
0.000162923
0.000154341
0.000146428
0.000139122
0.000132378
0.000126154
0.000120411
0.000115106
0.000110206
0.00010568
0.000101501
9.76422e-05
9.41015e-05
9.08447e-05
8.78331e-05
8.50483e-05
8.24739e-05
8.00947e-05
7.78969e-05
7.58657e-05
7.399e-05
0.00017388
0.000216859
0.000222157
0.000215224
0.000204761
0.000193708
0.000183025
0.000173001
0.000163691
0.000155078
0.000147119
0.000139772
0.000133013
0.000126786
0.000121035
0.000115719
0.000110807
0.000106267
0.000102071
9.8192e-05
9.46048e-05
9.12932e-05
8.82368e-05
8.54158e-05
8.28072e-05
8.03898e-05
7.81561e-05
7.60947e-05
7.41937e-05
7.24411e-05
7.08252e-05
6.93341e-05
6.79574e-05
6.66865e-05
6.55131e-05
6.4434e-05
6.34539e-05
6.25524e-05
6.17197e-05
6.09415e-05
6.02229e-05
5.95597e-05
5.89451e-05
5.8375e-05
5.78479e-05
5.73603e-05
5.6909e-05
5.64909e-05
5.61013e-05
5.57414e-05
5.54238e-05
5.51456e-05
5.48901e-05
5.46492e-05
5.44199e-05
5.42056e-05
5.4008e-05
5.38257e-05
5.36576e-05
5.35024e-05
5.3359e-05
5.32266e-05
5.31057e-05
5.30178e-05
5.29588e-05
5.29163e-05
5.6843e-05
0.00016964
0.000200544
0.000202866
0.000195984
0.000186557
0.000176788
0.000167397
0.0001586

