5e-05
5.02631e-05
5.04691e-05
5.06301e-05
5.07572e-05
5.08582e-05
5.09394e-05
5.10052e-05
5.10648e-05
5.11412e-05
5.12267e-05
5.1337e-05
5.14839e-05
5.16571e-05
5.1829e-05
5.20043e-05
5.21551e-05
5.2272e-05
5.23546e-05
5.23937e-05
5.23674e-05
5.23116e-05
5.22453e-05
0.000158116
0.000199527
0.000205203
0.000199242
0.000189889
0.000179932
0.00017028
0.00016121
0.000152785
0.000144992
0.000137793
0.000131148
0.000125016
0.000119357
0.000114137
0.000109318
0.000104867
0.000100759
9.69688e-05
9.34721e-05
9.0246e-05
8.72685e-05
8.45183e-05
8.19806e-05
7.96393e-05
7.74788e-05
7.54821e-05
7.3638e-05
7.19277e-05
7.03399e-05
6.88742e-05
6.75236e-05
6.62788e-05
6.51284e-05
6.40818e-05
6.31289e-05
6.22545e-05
6.14504e-05
6.07023e-05
6.00082e-05
5.93662e-05
5.87681e-05
5.82112e-05
5.76952e-05
5.72197e-05
5.67801e-05
5.63706e-05
5.59927e-05
5.56451e-05
5.53256e-05
5.50291e-05
5.47539e-05
5.44964e-05
5.42594e-05
5.40424e-05
5.38436e-05
5.36617e-05
5.34951e-05
5.33387e-05
5.31916e-05
5.3057e-05
5.29334e-05
5.28179e-05
0.000153178
0.000198122
0.000205
0.000199437
0.000190204
0.000180271
0.000170615
0.000161532
0.000153091
0.000145278
0.00013806
0.000131397
0.000125248
0.000119573
0.000114336
0.000109503
0.00010504
0.00010092
9.71158e-05
9.36034e-05
0.000197075
0.000229944
0.000231365
0.000222727
0.000211363
0.000199711
0.000233987
0.000294926
0.000302039
0.000291683
0.000276283
0.000260057
0.000244385
0.000229678
0.000216016
0.000203376
0.0001917
0.00018092
0.000170968
0.000161785
0.000153329
0.000145529
0.00013833
0.00013168
0.000125537
0.000119858
0.000114613
0.000109771
0.0001053
0.000101177
9.73921e-05
9.39054e-05
9.07032e-05
8.78082e-05
8.5178e-05
8.27594e-05
8.05212e-05
7.84691e-05
7.65745e-05
7.48015e-05
0.000133471
0.00020105
0.000215112
0.000211373
0.000202198
0.000191766
0.000181516
0.0002562
0.000287467
0.000285603
0.000273407
0.000258483
0.000243406
0.000229031
0.000215606
0.000203147
0.000191611
0.000180933
0.000171047
0.000161899
0.000153471
0.000145695
0.000138511
0.000131878
0.00012575
0.000120083
0.000114828
0.000158996
0.000229878
0.000243397
0.00023802
0.000226908
0.000214531
0.000202378
0.000257253
0.000301966
0.000303521
0.0002913
0.000275324
0.000258983
0.000243353
0.000228755
0.00021523
0.000202723
0.000191169
0.000180498
0.000170638
0.000161525
0.000153108
0.000145334
0.000138145
0.000131503
0.000125369
0.000119706
0.000114477
0.000109646
0.000105181
0.000101059
9.72498e-05
9.37288e-05
9.04755e-05
8.74719e-05
8.46961e-05
8.21347e-05
7.97723e-05
7.75937e-05
7.55846e-05
7.37317e-05
7.20226e-05
7.04431e-05
6.89849e-05
6.76372e-05
6.63919e-05
6.52427e-05
6.41812e-05
6.41483e-05
0.000175565
0.000205358
0.000207276
0.000200337
0.000190873
0.00018102
0.000171518
0.000162577
0.000154224
0.000146486
0.00013933
0.000132706
0.000126563
0.000120872
0.000115605
0.00011073
0.000106257
0.00010247
9.92769e-05
9.6657e-05
0.000107844
0.000288083
0.000301964
0.000283621
0.000265824
0.000249321
0.000234064
0.000219969

