5e-05
5.02669e-05
5.04842e-05
5.06602e-05
5.08034e-05
5.09206e-05
5.10168e-05
5.10963e-05
5.11623e-05
5.12174e-05
5.12636e-05
5.13026e-05
5.13352e-05
5.13523e-05
5.13572e-05
5.13613e-05
5.13662e-05
5.1372e-05
5.13789e-05
5.13866e-05
5.13921e-05
5.13983e-05
5.14057e-05
5.14141e-05
5.14213e-05
5.14276e-05
5.14349e-05
5.14417e-05
5.14465e-05
5.14472e-05
5.14472e-05
5.14493e-05
5.14532e-05
5.14589e-05
5.14661e-05
5.14743e-05
5.14988e-05
5.15778e-05
5.16781e-05
5.17779e-05
5.18681e-05
5.19447e-05
5.20066e-05
5.20466e-05
5.20719e-05
5.21059e-05
5.21619e-05
5.22154e-05
5.22791e-05
5.23675e-05
5.24491e-05
8.65517e-05
0.000178322
0.000201199
0.000200964
0.000193388
0.000251179
0.000297023
0.000299256
0.000287489
0.000271866
0.000255805
0.00024041
0.000226004
0.000212638
0.000200278
0.00018886
0.000178317
0.00016858
0.000159592
0.000151295
0.000143678
0.000136998
0.000131177
0.000126096
0.000121887
0.000266536
0.000336914
0.000320804
0.000300621
0.000281594
0.00026394
0.00024761
0.000232519
0.00021858
0.000205709
0.00019383
0.000182883
0.000172782
0.000163456
0.000154847
0.0001469
0.000139565
0.000132794
0.000126545
0.000120776
0.000115451
0.000110536
0.000105999
0.000101812
9.79615e-05
9.44286e-05
9.11713e-05
8.81533e-05
8.53642e-05
8.27877e-05
8.04051e-05
7.81998e-05
7.6162e-05
7.42795e-05
7.25404e-05
7.0934e-05
6.94501e-05
6.80793e-05
6.68108e-05
6.5637e-05
6.45532e-05
6.35527e-05
6.2629e-05
6.17756e-05
6.09848e-05
6.02548e-05
5.95813e-05
5.89601e-05
5.83869e-05
5.78583e-05
5.73706e-05
5.69206e-05
5.65055e-05
5.61225e-05
5.57691e-05
5.5443e-05
5.51421e-05
5.48644e-05
5.46082e-05
5.43716e-05
5.41533e-05
5.39607e-05
5.38055e-05
5.36617e-05
5.35249e-05
5.33975e-05
5.32781e-05
5.31656e-05
5.30593e-05
5.29589e-05
5.2864e-05
5.27744e-05
5.26899e-05
5.26123e-05
5.25605e-05
5.25213e-05
5.24868e-05
5.24533e-05
5.24138e-05
5.23719e-05
5.23294e-05
5.22827e-05
5.2233e-05
5.21976e-05
5.21865e-05
5.21814e-05
5.21755e-05
5.21615e-05
5.21443e-05
5.21251e-05
5.21041e-05
5.20797e-05
5.20509e-05
5.20223e-05
5.19945e-05
5.19677e-05
5.19418e-05
5.19132e-05
5.18857e-05
5.18602e-05
5.18367e-05
5.18151e-05
5.17954e-05
5.17773e-05
5.1759e-05
5.17398e-05
5.17225e-05
5.17071e-05
5.16934e-05
5.16807e-05
5.16663e-05
5.16532e-05
5.16419e-05
5.16323e-05
5.16241e-05
5.16172e-05
5.1611e-05
5.16025e-05
5.15947e-05
5.15884e-05
5.15833e-05
5.15793e-05
5.15762e-05
5.15739e-05
5.15723e-05
5.15713e-05
5.15689e-05
5.15639e-05
5.15569e-05
5.1551e-05
5.15466e-05
5.15435e-05
5.15415e-05
5.15405e-05
5.15402e-05
5.15407e-05
5.15417e-05
5.15431e-05
5.15448e-05
5.15468e-05
5.15485e-05
5.15468e-05
5.15453e-05
5.15444e-05
5.15442e-05
5.15422e-05
5.15357e-05
5.153e-05
5.15258e-05
5.15231e-05
5.15217e-05
5.15188e-05
5.1516e-05
5.15146e-05
5.15136e-05
5.15106e-05
5.15058e-05
5.15015e-05
5.14989e-05
5.14979e-05
5.14983e-05
5.14998e-05
5.15022e-05
5.15054e-05
5.15091e-05
5.15133e-05
5.15178e-05
5.15225e-05
5.15273e-05
0.000118657
0.0001885
0.000203777
0.000200952
0.000192521

