5e-05
5.02631e-05
5.04691e-05
5.06301e-05
5.07572e-05
5.08582e-05
5.09394e-05
5.10109e-05
5.10995e-05
5.12161e-05
5.13358e-05
5.14416e-05
5.15322e-05
5.16065e-05
5.16632e-05
5.17435e-05
5.18235e-05
5.18886e-05
5.19283e-05
5.19477e-05
5.19589e-05
5.19557e-05
5.19306e-05
5.18872e-05
5.1844e-05
5.18054e-05
5.17719e-05
5.17433e-05
5.17155e-05
5.16844e-05
5.16524e-05
5.16217e-05
5.15941e-05
5.15667e-05
5.1543e-05
5.15234e-05
5.15086e-05
5.14981e-05
5.14897e-05
5.14805e-05
5.14712e-05
5.14625e-05
5.14552e-05
5.14564e-05
5.14788e-05
5.15088e-05
5.15407e-05
5.15647e-05
5.15806e-05
5.16109e-05
5.16401e-05
5.16571e-05
0.000151785
0.000196971
0.00020399
0.000198533
0.000189384
0.000179524
0.000169935
0.000160914
0.000152522
0.000144755
0.000137667
0.000131387
0.000125702
0.000120418
0.000115464
0.000110818
0.000106466
0.000102403
9.86143e-05
9.50776e-05
9.17942e-05
8.87396e-05
8.58944e-05
8.32565e-05
8.08179e-05
7.85637e-05
7.64826e-05
7.45628e-05
7.27921e-05
7.11585e-05
6.96485e-05
6.82557e-05
6.69715e-05
0.000107645
0.000192705
0.000212652
0.000210864
0.000202254
0.000191937
0.000181594
0.000171761
0.000162579
0.000154064
0.000146193
0.000138924
0.000132214
0.00012602
0.000120302
0.000115023
0.000110146
0.000191063
0.000237021
0.000242257
0.000234298
0.000222552
0.00021021
0.000198307
0.00018714
0.00017677
0.000167176
0.000158309
0.000150133
0.000142602
0.000135645
0.000129222
0.000123289
0.000117805
0.000112738
0.000108058
0.000103725
9.9726e-05
9.60502e-05
0.000160771
0.000220052
0.000230462
0.000224778
0.000214257
0.000202728
0.000191459
0.00018084
0.00017096
0.00016181
0.000153349
0.000145531
0.000138308
0.000131656
0.000125776
0.000120677
0.000116193
0.000112068
0.000108231
0.000104719
0.000101405
9.81472e-05
9.49277e-05
9.18087e-05
8.88291e-05
8.60303e-05
8.34117e-05
8.09714e-05
7.87099e-05
7.66903e-05
7.50952e-05
7.37078e-05
7.23711e-05
7.1031e-05
6.97018e-05
6.84243e-05
6.72393e-05
6.61305e-05
6.50892e-05
6.42289e-05
6.38466e-05
6.35299e-05
6.32041e-05
6.46174e-05
0.000173155
0.00020319
0.000205284
0.00019828
0.000188702
0.000178773
0.000169215
0.000160255
0.000151934
0.000144235
0.000137121
0.000130722
0.000125001
0.000119693
0.00011476
0.000110155
0.000105866
0.000101859
9.81039e-05
9.46124e-05
9.13711e-05
8.83548e-05
8.55551e-05
8.2964e-05
8.05625e-05
7.83365e-05
7.62692e-05
7.43552e-05
7.25877e-05
7.09576e-05
6.9449e-05
6.80556e-05
6.67716e-05
6.55868e-05
6.46641e-05
6.40419e-05
6.35649e-05
6.30657e-05
6.24839e-05
6.18504e-05
6.12123e-05
6.05801e-05
5.99673e-05
5.93844e-05
5.8833e-05
5.83127e-05
5.78172e-05
5.73443e-05
5.68957e-05
5.64773e-05
0.00013308
0.000194836
0.000207214
0.00020329
0.000194386
0.000184346
0.000174451
0.000165101
0.000156396
0.000148338
0.000140891
0.000134012
0.000127663
0.000121804
0.000116395
0.0001114
0.000106791
0.000102539
9.86161e-05
9.50108e-05
9.16911e-05
8.86239e-05
8.57864e-05
8.31637e-05
8.07403e-05
7.85035e-05
7.64389e-05
7.45329e-05
7.27685e-05
7.11325e-05
6.96175e-05
6.82146e-05

