5e-05
5.02631e-05
5.04691e-05
5.06301e-05
5.07572e-05
5.08582e-05
5.09394e-05
5.10052e-05
5.10589e-05
5.11033e-05
5.11402e-05
5.11713e-05
8.02804e-05
0.000177871
0.000202519
0.000202725
0.000195156
0.000185501
0.000175671
0.000166278
0.000157494
0.000149346
0.000141809
0.000134837
0.000230554
0.000261301
0.000260452
0.000249623
0.000236178
0.00022258
0.000209619
0.000197517
0.000186299
0.000175926
0.000166347
0.000157504
0.000149344
0.000141813
0.000134863
0.000128446
0.000122525
0.000117123
0.000112453
0.000108368
0.000104706
0.000101341
9.81236e-05
9.50233e-05
9.20588e-05
8.92332e-05
8.65529e-05
8.40003e-05
8.15749e-05
7.92938e-05
7.71731e-05
7.52098e-05
7.33923e-05
7.17078e-05
0.000147752
0.000206079
0.000216832
0.000211901
0.000202238
0.00019156
0.000181102
0.000171239
0.000162064
0.000153571
0.000145722
0.000138476
0.000131787
0.000125614
0.000119917
0.000114656
0.0001098
0.000105316
0.000101177
9.73747e-05
9.38816e-05
9.06627e-05
8.7691e-05
8.49402e-05
8.23937e-05
8.00408e-05
7.78647e-05
7.5848e-05
7.41618e-05
7.29301e-05
7.18591e-05
7.08381e-05
6.98532e-05
6.88724e-05
6.78864e-05
6.6895e-05
6.59013e-05
6.49392e-05
6.40187e-05
6.31446e-05
6.23194e-05
6.15436e-05
6.08168e-05
6.01337e-05
5.94941e-05
5.88995e-05
5.83456e-05
5.78293e-05
5.73588e-05
5.71567e-05
5.71724e-05
5.72544e-05
5.73291e-05
5.73438e-05
5.72795e-05
5.71409e-05
5.6944e-05
5.67069e-05
5.64456e-05
5.61713e-05
5.5912e-05
5.56666e-05
5.54205e-05
5.51757e-05
0.000165962
0.000201217
0.000204897
0.000198348
0.000188877
0.000178945
0.000169364
0.000160379
0.000152038
0.000144323
0.000137196
0.000130613
0.000124534
0.000118922
0.000113766
0.000109021
0.000104652
0.000100675
0.000117442
0.000210108
0.000231662
0.000229509
0.0002199
0.000208402
0.000196901
0.000204241
0.000284149
0.000297915
0.000289898
0.000275354
0.000259462
0.00024395
0.00022934
0.000215753
0.000203165
0.000191527
0.000180776
0.000170849
0.000161684
0.000153224
0.00014541
0.000138187
0.000131512
0.000125349
0.00011966
0.000114409
0.000109561
0.000105085
0.000100954
9.71408e-05
9.36218e-05
9.03749e-05
8.73756e-05
8.46052e-05
8.20499e-05
7.96935e-05
7.75206e-05
7.55167e-05
7.36657e-05
7.19579e-05
7.03831e-05
6.89309e-05
6.75866e-05
6.63442e-05
6.51958e-05
6.41361e-05
6.31567e-05
6.22541e-05
6.1422e-05
6.06506e-05
5.99388e-05
5.92816e-05
5.86751e-05
5.81158e-05
5.7599e-05
5.71234e-05
5.6686e-05
5.62837e-05
5.59135e-05
5.5573e-05
5.52595e-05
5.49702e-05
5.46994e-05
5.44449e-05
5.42101e-05
5.39921e-05
5.3792e-05
5.36873e-05
5.3901e-05
5.4271e-05
5.45807e-05
5.47967e-05
5.49023e-05
5.49345e-05
5.49027e-05
5.48006e-05
5.46576e-05
5.44917e-05
5.4309e-05
5.41251e-05
5.3948e-05
5.37794e-05
5.36163e-05
5.34554e-05
5.33036e-05
5.31632e-05
5.30338e-05
5.29134e-05
5.28005e-05
5.26953e-05
5.25974e-05
5.25083e-05
5.24258e-05
5.2349e-05
5.22794e-05
5.223e-05
5.22018e-05
5.21816e-05
5.21616e-05
5.21385e-05
5.21098e-05
5.20726e-05
5.2036e-05
5.20019e-05
5.197e-05
5.19371e-05
5.1906e-05
5.18775e-05

