5e-05
5.02631e-05
5.04691e-05
5.06301e-05
5.07572e-05
5.08582e-05
5.09394e-05
5.10052e-05
5.10589e-05
5.11033e-05
5.11402e-05
5.11713e-05
5.11979e-05
0.000108293
0.000185989
0.000203879
0.000201865
0.000193634
0.000183844
0.000174054
0.000164759
0.00015609
0.000148058
0.000140634
0.000133777
0.000127445
0.000121601
0.000116206
0.000111226
0.000106625
0.000102424
9.88382e-05
9.57471e-05
9.29959e-05
9.04672e-05
8.80767e-05
8.57759e-05
8.35484e-05
8.1398e-05
7.93365e-05
7.73746e-05
7.55197e-05
7.3775e-05
7.21338e-05
7.05983e-05
6.91689e-05
6.78409e-05
6.66061e-05
6.54539e-05
6.4387e-05
0.000149216
0.000202808
0.000212233
0.000207121
0.000197643
0.000187257
0.000177106
0.000167542
0.000158646
0.000150411
0.000142803
0.000135779
0.000129296
0.000123328
0.000118092
0.000113541
0.000109483
0.000105773
0.0001023
9.89926e-05
9.5819e-05
9.27948e-05
0.000130172
0.000295823
0.000297229
0.000279046
0.000261595
0.000245413
0.000230452
0.000216633
0.000203871
0.000192131
0.000181375
0.000171443
0.000162244
0.000153723
0.000145834
0.000138537
0.00013179
0.000125556
0.000119796
0.000114476
0.000109562
0.000105026
0.000100837
9.69691e-05
9.33986e-05
9.01024e-05
8.70598e-05
8.42512e-05
8.16583e-05
7.92651e-05
7.7056e-05
7.50166e-05
7.31341e-05
7.13964e-05
6.97927e-05
6.83123e-05
6.69457e-05
6.56843e-05
6.45201e-05
6.34457e-05
6.24539e-05
6.15385e-05
6.06938e-05
5.99142e-05
5.91945e-05
5.85302e-05
5.7917e-05
5.7351e-05
5.68286e-05
5.63465e-05
5.59019e-05
5.54917e-05
5.5113e-05
5.47635e-05
5.44408e-05
5.4143e-05
5.38684e-05
5.3615e-05
5.33811e-05
5.31917e-05
5.31055e-05
5.30305e-05
5.29383e-05
5.28267e-05
5.27279e-05
8.92979e-05
0.000180929
0.000203665
0.000203247
0.000195448
0.000185681
0.000175775
0.000166322
0.000157488
0.000149295
0.000141718
0.000134719
0.000128256
0.000122289
0.00011678
0.000111695
0.000107001
0.000102667
0.000182021
0.000233946
0.000241195
0.000233889
0.000222326
0.000210001
0.00019806
0.000186842
0.000176416
0.000166768
0.000157851
0.000149616
0.000142012
0.000134991
0.00012851
0.000122527
0.000117003
0.000111904
0.000107197
0.000102851
9.884e-05
9.51373e-05
9.17193e-05
8.85642e-05
8.56518e-05
8.29634e-05
8.04818e-05
7.81912e-05
7.60769e-05
7.41252e-05
7.23238e-05
7.0661e-05
6.91261e-05
6.77095e-05
6.64019e-05
6.5195e-05
6.40811e-05
6.30528e-05
6.21036e-05
6.12276e-05
6.04191e-05
5.96729e-05
5.89843e-05
5.83488e-05
5.77624e-05
5.72212e-05
5.67219e-05
5.62611e-05
5.5836e-05
5.54437e-05
9.40033e-05
0.000185669
0.00020798
0.000207137
0.000198982
0.000188916
0.000178751
0.000169068
0.000160025
0.000151643
0.000143893
0.000136735
0.000130125
0.000124024
0.000118392
0.000113192
0.000108392
0.000103962
9.98718e-05
9.60968e-05
9.26123e-05
8.9396e-05
8.64269e-05
8.36864e-05
8.11566e-05
7.88216e-05
7.66664e-05
7.46769e-05
7.28405e-05
7.11456e-05
6.9581e-05
6.8137e-05
6.68043e-05
6.55744e-05
6.44394e-05
6.33918e-05
6.24251e-05
6.15329e-05
6.07096e-05
5.99498e-05
5.92486e-05
5.86015e-05
5.80044e-05
5.74534e-05
5.69449e-05

