5e-05
5.02669e-05
5.04842e-05
5.06602e-05
5.08034e-05
5.09206e-05
5.10168e-05
5.10963e-05
5.11623e-05
5.12174e-05
5.12636e-05
5.13026e-05
5.13525e-05
5.14192e-05
5.14844e-05
5.15431e-05
5.15936e-05
5.16358e-05
5.167e-05
5.16973e-05
5.1715e-05
5.17247e-05
5.17301e-05
5.17257e-05
5.17183e-05
5.17111e-05
5.17047e-05
5.16991e-05
5.16943e-05
5.16904e-05
5.16873e-05
5.16849e-05
5.16831e-05
5.16815e-05
5.16766e-05
5.16722e-05
5.16689e-05
5.16666e-05
5.16654e-05
5.1665e-05
5.16653e-05
5.16661e-05
5.16675e-05
5.16693e-05
5.16713e-05
5.16736e-05
5.16761e-05
5.16786e-05
5.16813e-05
5.16839e-05
5.16865e-05
5.16891e-05
5.16916e-05
5.1694e-05
5.16963e-05
5.16986e-05
5.17007e-05
5.17026e-05
5.17045e-05
7.51464e-05
0.000176197
0.000202055
0.000202677
0.000195254
0.000185651
0.000175841
0.000166461
0.000157691
0.000149558
0.000142038
0.000135093
0.00012868
0.000122761
0.000117297
0.000112254
0.000107599
0.000103302
9.93353e-05
9.56742e-05
9.22948e-05
8.91754e-05
8.62959e-05
8.36366e-05
8.1178e-05
7.89085e-05
7.6814e-05
7.48811e-05
0.000156851
0.000209723
0.000218543
0.000212927
0.00020301
0.000192228
0.000181715
0.000171818
0.000162617
0.000154101
0.000146232
0.000138965
0.000132257
0.000126065
0.000120345
0.000115079
0.000110241
0.000105782
0.000101666
9.78658e-05
9.43545e-05
9.11097e-05
8.81107e-05
8.53388e-05
8.27768e-05
8.04088e-05
7.82202e-05
7.61955e-05
7.43203e-05
7.25877e-05
7.09874e-05
6.95095e-05
6.81447e-05
6.68845e-05
6.57208e-05
6.46463e-05
6.36543e-05
6.27383e-05
6.18927e-05
6.1112e-05
6.03913e-05
5.97259e-05
5.91116e-05
5.85446e-05
5.80211e-05
5.75385e-05
5.72935e-05
5.74566e-05
5.78988e-05
5.85817e-05
5.97728e-05
0.000210589
0.000282904
0.000270066
0.000253599
0.000238116
0.000223782
0.00021053
0.000198285
0.000186974
0.00017653
0.000166887
0.000157986
0.000149769
0.000142184
0.000135182
0.000128719
0.000122754
0.000117251
0.000112173
0.000107489
0.000103166
9.91776e-05
9.54957e-05
9.20988e-05
8.89649e-05
8.60737e-05
8.34045e-05
8.09405e-05
7.86674e-05
7.65704e-05
7.46359e-05
7.28506e-05
7.12009e-05
6.96787e-05
6.82746e-05
6.69794e-05
6.57845e-05
6.46823e-05
6.36654e-05
6.27273e-05
6.18617e-05
6.1063e-05
6.03261e-05
5.96461e-05
5.90185e-05
5.84407e-05
5.80967e-05
5.80827e-05
5.82268e-05
5.84057e-05
5.85373e-05
5.85758e-05
5.84692e-05
5.82588e-05
5.79901e-05
5.76844e-05
0.000149698
0.000198034
0.000206125
0.000200945
0.000191791
0.000181829
0.000172108
0.00016295
0.000234749
0.000276658
0.000278629
0.000267808
0.000253466
0.000238729
0.000224609
0.000211397
0.00019914
0.000187804
0.000177332
0.000167663
0.000158737
0.000150496
0.00014289
0.000135868
0.000129386
0.000123403
0.000117879
0.000112781
0.000108071
0.000103722
9.97082e-05
9.60035e-05
9.25841e-05
8.9428e-05
8.6515e-05
8.38263e-05
8.13446e-05
7.90539e-05
7.69396e-05
7.49881e-05
7.31864e-05
7.152e-05
6.99813e-05
6.85613e-05
6.72488e-05
6.6036e-05
6.4917e-05
6.3885e-05
6.2933e-05
6.20549e-05
6.12449e-05
6.04978e-05
5.98086e-05
5.91729e-05
5.85863e-05
5.80452e-05

