5e-05
5.02669e-05
5.04842e-05
5.06602e-05
5.08034e-05
5.09206e-05
5.10168e-05
5.10963e-05
5.11623e-05
5.12174e-05
5.12636e-05
5.13026e-05
5.13512e-05
0.00016054
0.00019731
0.000201618
0.000195483
0.000186351
0.000176719
0.000215287
0.000278357
0.000287032
0.000277933
0.000263627
0.000248377
0.000233599
0.000219719
0.000206825
0.000194896
0.000183871
0.000173692
0.000164296
0.000155625
0.000147624
0.000140239
0.000133425
0.000127136
0.000121333
0.000115978
0.000111035
0.000106474
0.000102262
9.8372e-05
9.47805e-05
9.14627e-05
8.84011e-05
8.55761e-05
8.29696e-05
8.05645e-05
7.83453e-05
7.62953e-05
7.43965e-05
7.26358e-05
7.10077e-05
6.95067e-05
6.81206e-05
6.68417e-05
6.56619e-05
6.45984e-05
6.36315e-05
6.27216e-05
6.18711e-05
6.10874e-05
6.03659e-05
5.97014e-05
5.90854e-05
5.85113e-05
5.79819e-05
5.74889e-05
5.70323e-05
5.66124e-05
5.62209e-05
5.58588e-05
5.55235e-05
5.52097e-05
5.49176e-05
5.46489e-05
5.44013e-05
5.41755e-05
5.39698e-05
5.37827e-05
5.3611e-05
5.3446e-05
5.32919e-05
5.31501e-05
5.30211e-05
5.2899e-05
5.27872e-05
5.26842e-05
5.25917e-05
5.25072e-05
5.24298e-05
5.23582e-05
5.22929e-05
5.22337e-05
5.21788e-05
5.21302e-05
5.20873e-05
5.2046e-05
5.20071e-05
5.19678e-05
5.19462e-05
5.1939e-05
5.19387e-05
5.19652e-05
5.20137e-05
5.20554e-05
5.209e-05
5.21096e-05
5.2117e-05
5.21198e-05
5.21192e-05
5.21124e-05
5.20999e-05
5.20856e-05
5.20905e-05
5.21056e-05
5.21097e-05
5.21068e-05
5.2103e-05
5.20982e-05
5.20944e-05
5.21203e-05
5.21497e-05
5.21755e-05
5.2197e-05
5.22107e-05
5.22122e-05
5.22089e-05
5.22214e-05
5.2601e-05
5.3474e-05
8.483e-05
0.000262833
0.000275947
0.000260125
0.000244243
0.00022945
0.000215751
0.00020309
0.000191395
0.000180598
0.00017063
0.000161434
0.00015296
0.00014516
0.000137981
0.00017173
0.000254051
0.000270052
0.00026414
0.000251546
0.000237456
0.000303622
0.000339208
0.000336013
0.0003271
0.000398518
0.000404088
0.000388062
0.000365984
0.000343099
0.000321113
0.000300523
0.000281411
0.000263734
0.000247423
0.000232373
0.00021848
0.000205657
0.00019598
0.000285745
0.000303582
0.000296547
0.000281957
0.000265699
0.000249731
0.000297381
0.000337203
0.000335429
0.000320546
0.000302241
0.000283769
0.000266177
0.000249751
0.000234528
0.000220477
0.000207511
0.000195545
0.000184497
0.000174294
0.000164864
0.000156155
0.000148115
0.000140689
0.000133835
0.000127506
0.000121662
0.000116268
0.00011129
0.000106692
0.000102448
9.85273e-05
9.49073e-05
9.15582e-05
8.84626e-05
8.56035e-05
8.29638e-05
8.05276e-05
7.82802e-05
7.62082e-05
7.42978e-05
7.25366e-05
7.09128e-05
6.94156e-05
6.81482e-05
0.000159841
0.00020095
0.000206816
0.000201189
0.000192151
0.000182423
0.000172887
0.000163839
0.000155376
0.000147516
0.000140231
0.000133482
0.000127233
0.000121455
0.000116114
0.000111178
0.000106617
0.000102401
9.85027e-05
9.49026e-05
9.15782e-05
8.85086e-05
8.56744e-05
8.3054e-05
8.06335e-05
7.83959e-05
7.63304e-05
7.44245e-05
7.2666e-05
7.10436e-05
6.95468e-05
6.81658e-05
6.68915e-05
6.57122e-05

