5e-05
5.02669e-05
5.04842e-05
5.06602e-05
5.08034e-05
5.09206e-05
5.10168e-05
5.10963e-05
5.11818e-05
5.12786e-05
5.13907e-05
5.15194e-05
5.16366e-05
5.1708e-05
5.17481e-05
5.17782e-05
5.17988e-05
5.1808e-05
5.18126e-05
5.18076e-05
5.17799e-05
5.17477e-05
5.17153e-05
5.16762e-05
5.16366e-05
5.16024e-05
5.15746e-05
5.15508e-05
5.40118e-05
0.000169814
0.000201852
0.000204423
0.000197511
0.000187941
0.000178008
0.00016846
0.00015952
0.000151226
0.000143558
0.000136475
0.000129939
0.000123907
0.000118343
0.000113208
0.000108471
0.000104098
0.000100058
9.63331e-05
9.29189e-05
8.97726e-05
8.68618e-05
8.4172e-05
8.16777e-05
0.000183238
0.000219906
0.000223055
0.000215403
0.000204709
0.000193588
0.000182895
0.000172872
0.000163568
0.00015496
0.000147011
0.000139673
0.000132898
0.000126637
0.000120854
0.000115513
0.000110582
0.000106033
0.000101837
9.79659e-05
9.43894e-05
9.10835e-05
8.80337e-05
8.52194e-05
0.000152791
0.000214157
0.000225426
0.000220228
0.000210068
0.000225336
0.000298676
0.000309488
0.000299907
0.000284338
0.000267655
0.000251461
0.00023624
0.000222093
0.000209002
0.000196904
0.000185727
0.000175408
0.000165884
0.000157093
0.000148975
0.000141482
0.000134566
0.000128184
0.00012229
0.000116852
0.000111842
0.000107245
0.000103007
9.90894e-05
9.54709e-05
9.21302e-05
8.90452e-05
8.6196e-05
8.35642e-05
8.11317e-05
7.88798e-05
7.67994e-05
7.48782e-05
7.30999e-05
7.14566e-05
6.99397e-05
6.85397e-05
6.72461e-05
6.60486e-05
6.49403e-05
6.39148e-05
6.29662e-05
6.20916e-05
6.1304e-05
6.05899e-05
5.99209e-05
5.9301e-05
5.87263e-05
5.81963e-05
5.77045e-05
5.72624e-05
5.68934e-05
5.65814e-05
5.63744e-05
5.62205e-05
5.60659e-05
5.59261e-05
5.58209e-05
5.56991e-05
5.55458e-05
5.5792e-05
0.000166779
0.000273468
0.000264175
0.000248363
0.000233333
0.000219358
0.000206431
0.00019449
0.000183478
0.000173315
0.000163934
0.000155275
0.000197879
0.000272316
0.000284817
0.000277014
0.000263159
0.000248081
0.000233371
0.000219519
0.000206636
0.000194711
0.000183713
0.000173568
0.000164197
0.000155542
0.000147548
0.000140165
0.000133349
0.000127055
0.000121243
0.000115873
0.000110912
0.000106333
0.000102109
9.82124e-05
9.46178e-05
9.13017e-05
8.82425e-05
8.542e-05
8.28143e-05
8.04075e-05
7.8188e-05
7.61639e-05
7.43069e-05
0.000160198
0.000210368
0.000218331
0.000212468
0.000202499
0.000191723
0.000181229
0.000171355
0.000162177
0.000153683
0.00014583
0.000138568
0.000131862
0.000125672
0.000119959
0.000114688
0.000109824
0.000105334
0.00010119
9.73639e-05
9.3832e-05
9.05756e-05
8.75856e-05
8.48287e-05
8.22833e-05
7.99242e-05
7.77461e-05
7.57357e-05
7.38774e-05
7.21592e-05
7.05724e-05
6.91065e-05
6.77521e-05
6.65003e-05
6.53412e-05
6.42709e-05
6.32975e-05
6.24139e-05
6.15996e-05
6.08429e-05
6.01373e-05
5.94834e-05
5.88801e-05
5.83233e-05
5.78094e-05
5.7335e-05
5.68969e-05
5.64924e-05
5.61205e-05
5.58008e-05
5.55278e-05
5.52879e-05
5.50515e-05
5.48216e-05
5.4595e-05
5.43832e-05
5.42076e-05
5.40647e-05
5.39259e-05
5.37893e-05
5.36599e-05

