5e-05
5.02631e-05
5.04691e-05
5.06301e-05
5.07572e-05
5.08582e-05
5.09394e-05
5.10052e-05
5.10648e-05
5.11412e-05
5.12267e-05
5.1337e-05
5.14839e-05
5.16571e-05
5.1829e-05
5.20043e-05
5.21551e-05
5.2272e-05
5.23546e-05
5.23937e-05
5.23674e-05
5.23116e-05
5.22453e-05
5.21726e-05
5.21033e-05
5.20394e-05
5.19824e-05
5.19322e-05
0.000127574
0.000191711
0.00020502
0.000201488
0.000192791
0.000182894
0.000173117
0.000163874
0.000155268
0.0001473
0.000139936
0.000133132
0.000126852
0.000121056
0.000115707
0.000110772
0.000106216
0.000102009
9.81268e-05
9.45441e-05
9.12377e-05
8.81832e-05
8.53625e-05
8.27508e-05
8.03309e-05
7.8097e-05
7.60374e-05
7.4138e-05
7.23833e-05
7.07789e-05
6.93111e-05
6.79615e-05
6.67185e-05
6.55655e-05
6.44974e-05
0.00013898
0.000199846
0.000211728
0.000207425
0.000198195
0.000201192
0.000286227
0.000301519
0.000293764
0.000279083
0.000262941
0.000247149
0.00023226
0.000218411
0.000205593
0.000193749
0.000182813
0.000172717
0.000163395
0.000154786
0.000146841
0.000139507
0.000132735
0.000126483
0.000120709
0.000115379
0.000110458
0.000105916
0.000101723
9.78511e-05
9.42757e-05
9.09746e-05
8.79269e-05
8.5115e-05
8.25216e-05
8.01297e-05
7.79236e-05
7.58889e-05
7.40116e-05
7.2277e-05
7.06764e-05
6.91972e-05
6.78313e-05
6.65642e-05
6.53918e-05
6.43119e-05
6.33358e-05
6.24485e-05
6.16346e-05
6.08845e-05
6.01801e-05
5.95243e-05
5.89117e-05
5.83443e-05
5.78197e-05
5.73332e-05
5.68827e-05
5.64623e-05
5.60751e-05
5.57189e-05
5.53916e-05
5.50907e-05
5.48157e-05
5.45844e-05
5.4376e-05
5.41847e-05
5.40044e-05
5.38333e-05
5.36676e-05
5.35114e-05
5.33666e-05
5.32325e-05
5.31125e-05
5.30232e-05
5.29477e-05
5.28945e-05
5.29063e-05
5.29595e-05
5.3018e-05
5.30664e-05
5.31252e-05
5.31791e-05
5.32048e-05
5.32004e-05
5.3176e-05
5.31322e-05
5.30984e-05
5.30922e-05
5.3093e-05
5.31522e-05
5.32758e-05
5.33691e-05
5.35253e-05
5.36547e-05
5.37195e-05
5.37254e-05
5.37066e-05
5.36832e-05
5.36455e-05
5.35953e-05
5.3525e-05
5.34336e-05
5.33277e-05
5.32464e-05
5.31761e-05
5.31059e-05
5.30383e-05
5.29721e-05
5.29008e-05
5.28107e-05
5.27171e-05
5.26269e-05
5.25439e-05
5.24655e-05
5.23932e-05
5.23231e-05
5.2258e-05
5.21948e-05
5.21336e-05
5.20793e-05
5.20319e-05
5.1992e-05
5.19801e-05
5.19765e-05
5.19931e-05
5.20236e-05
5.20528e-05
5.20795e-05
5.21008e-05
5.21112e-05
5.21113e-05
5.21066e-05
5.20973e-05
5.2077e-05
5.20517e-05
5.20267e-05
5.20023e-05
5.19789e-05
5.19528e-05
5.19238e-05
5.18964e-05
5.18667e-05
5.1835e-05
5.18027e-05
5.17723e-05
5.17413e-05
5.17135e-05
5.169e-05
5.16705e-05
5.16544e-05
5.16414e-05
5.16307e-05
5.1619e-05
5.16081e-05
5.15964e-05
5.15844e-05
5.15736e-05
5.1563e-05
5.15532e-05
5.1587e-05
5.18554e-05
5.22526e-05
5.26539e-05
5.29607e-05
5.31627e-05
5.33017e-05
6.47167e-05
0.000171221
0.000199383
0.000200979
0.000194037
0.000184707
0.000175072
0.00016582
0.000231135
0.000276
0.000278616
0.000268486
0.000255103
0.000254823
0.000423934
0.000427457
0.000399497
0.000372803
0.00034808
0.000325231
0.000304127

