5e-05
5.02631e-05
5.04691e-05
5.06301e-05
5.07572e-05
5.08582e-05
5.09394e-05
5.10052e-05
5.10709e-05
5.11502e-05
5.12246e-05
5.12913e-05
5.14058e-05
5.15718e-05
5.17134e-05
5.18378e-05
5.19547e-05
5.20892e-05
5.22057e-05
5.22834e-05
5.2308e-05
5.22948e-05
8.45633e-05
0.000179526
0.000203295
0.000203191
0.0001955
0.00018579
0.000175929
0.000166516
0.00015772
0.000149563
0.000142023
0.000240329
0.000266657
0.000264105
0.000252638
0.00023926
0.000226026
0.000213417
0.000201506
0.000190372
0.000179981
0.000170322
0.000161358
0.000153047
0.000145347
0.000138217
0.000131619
0.000125536
0.000119962
0.000114877
0.000110174
0.000105781
0.000101712
9.7952e-05
9.45093e-05
9.13323e-05
8.83891e-05
8.56463e-05
8.30642e-05
8.06562e-05
7.84257e-05
7.63613e-05
7.44539e-05
7.26904e-05
7.10626e-05
6.95584e-05
6.81692e-05
6.68831e-05
6.66417e-05
0.000179187
0.00021016
0.000211988
0.000204465
0.000194567
0.000184552
0.000175031
0.000166073
0.000157703
0.0001499
0.000142604
0.000135791
0.000129453
0.000123573
0.000118178
0.000113678
0.000110166
0.000223282
0.000397699
0.000418495
0.000406289
0.000384571
0.000360851
0.000337675
0.000315837
0.000295524
0.000276719
0.00025934
0.000243292
0.000228474
0.000214795
0.000202168
0.000190511
0.00017975
0.000169816
0.000160646
0.000152181
0.000144367
0.000137153
0.000130494
0.000124347
0.000118672
0.000113433
0.000108598
0.000104134
0.000100014
9.62107e-05
9.26995e-05
8.94579e-05
8.64654e-05
8.37029e-05
8.11531e-05
7.87995e-05
7.66309e-05
7.46349e-05
7.2792e-05
7.10893e-05
6.95182e-05
6.80744e-05
6.67407e-05
6.55069e-05
6.43653e-05
6.33092e-05
6.23327e-05
6.14306e-05
6.06055e-05
5.98553e-05
5.91657e-05
5.85468e-05
5.79756e-05
5.74406e-05
5.69401e-05
5.64848e-05
5.60731e-05
5.56869e-05
5.53219e-05
5.4988e-05
5.46745e-05
5.43779e-05
5.40996e-05
5.38394e-05
5.35971e-05
5.33795e-05
5.31803e-05
5.29942e-05
5.28197e-05
5.26565e-05
5.25041e-05
5.23621e-05
5.22301e-05
5.21077e-05
5.19942e-05
5.18892e-05
5.17924e-05
5.17031e-05
5.16206e-05
5.15442e-05
5.14737e-05
5.14086e-05
5.13488e-05
5.12936e-05
5.12427e-05
5.11957e-05
5.11524e-05
5.11127e-05
5.10761e-05
5.10426e-05
5.10117e-05
5.09834e-05
5.09573e-05
5.09334e-05
5.09116e-05
5.08916e-05
5.08732e-05
5.08564e-05
5.0841e-05
5.08269e-05
5.0815e-05
5.08143e-05
5.08169e-05
5.08184e-05
5.08178e-05
5.08154e-05
5.08114e-05
7.3985e-05
0.000178144
0.000204768
0.000205147
0.000197578
0.000187879
0.000177975
0.000168496
0.000159603
0.000151321
0.000143642
0.000136534
0.00012996
0.000123885
0.000118272
0.000113088
0.0001083
0.000103878
9.97952e-05
9.60253e-05
9.25447e-05
8.93316e-05
8.63654e-05
8.36272e-05
8.10995e-05
7.87663e-05
7.66125e-05
7.46243e-05
7.27892e-05
7.10954e-05
6.95321e-05
6.80891e-05
6.67573e-05
6.5528e-05
6.43934e-05
6.33459e-05
6.23791e-05
6.14869e-05
6.06632e-05
5.99028e-05
5.92008e-05
5.8553e-05
5.79553e-05
5.74039e-05
5.68951e-05
5.64257e-05
5.59926e-05
6.95264e-05
0.000178562
0.000206935
0.000208072
0.000200502
0.000190548
0.000180339
0.000170564

