5e-05
5.02631e-05
5.04691e-05
5.06301e-05
5.07572e-05
5.08582e-05
5.09394e-05
5.10052e-05
5.10761e-05
5.1157e-05
5.12311e-05
5.12951e-05
5.13562e-05
5.14249e-05
5.15046e-05
5.16016e-05
5.16913e-05
5.17665e-05
5.18252e-05
0.000111207
0.000185899
0.000202867
0.000200649
0.000192436
0.000182721
0.000173017
0.000163806
0.000155218
0.000147259
0.000139897
0.000133094
0.000126815
0.000121018
0.000138762
0.000229265
0.000249036
0.000245339
0.000234381
0.00022167
0.000209044
0.000197084
0.00018594
0.000175619
0.000166081
0.000157289
0.000149194
0.000141721
0.000134821
0.00012848
0.000122633
0.000117228
0.000112225
0.000107584
0.000103287
9.93187e-05
9.56515e-05
9.22848e-05
8.91942e-05
8.63704e-05
8.37708e-05
8.13481e-05
7.91018e-05
7.70247e-05
7.51036e-05
7.33264e-05
7.1679e-05
7.01482e-05
6.87534e-05
6.74681e-05
6.62829e-05
6.51883e-05
6.41749e-05
6.32314e-05
6.23569e-05
6.15473e-05
6.07978e-05
6.0104e-05
5.94596e-05
5.88603e-05
5.83061e-05
5.7791e-05
5.73102e-05
5.68638e-05
5.64502e-05
5.6065e-05
5.57073e-05
5.53758e-05
5.50709e-05
5.47905e-05
5.45308e-05
5.42928e-05
5.40747e-05
5.38713e-05
5.36799e-05
5.35128e-05
5.33778e-05
5.3258e-05
5.31478e-05
5.3047e-05
5.29529e-05
5.28612e-05
5.27751e-05
5.26929e-05
5.2609e-05
5.25283e-05
8.91603e-05
0.000180734
0.000203301
0.000202816
0.000195031
0.000185318
0.000175485
0.000166109
0.000157353
0.000149279
0.00014185
0.000134999
0.000128672
0.000122825
0.000117419
0.000112419
0.000107796
0.000103555
9.96937e-05
9.61271e-05
9.27982e-05
8.97073e-05
8.68231e-05
8.41488e-05
0.000189332
0.000220002
0.000221583
0.000214096
0.000203982
0.000193364
0.000183022
0.000173277
0.000219628
0.00027446
0.000280923
0.000271489
0.000257441
0.000242624
0.000228311
0.000262305
0.00034151
0.000509364
0.00050424
0.00047305
0.000441663
0.000411983
0.000384339
0.000358735
0.000335075
0.000313223
0.000293045
0.000274422
0.000257231
0.000241358
0.000226701
0.000213167
0.000200671
0.000189134
0.000178483
0.000168649
0.000159572
0.000151191
0.000143454
0.000136312
0.000129719
0.000123632
0.000118013
0.000112826
0.000108041
0.000103696
9.97029e-05
9.60009e-05
9.25629e-05
8.93715e-05
8.64123e-05
8.36717e-05
8.11359e-05
7.8791e-05
7.6624e-05
7.46221e-05
7.2773e-05
7.10654e-05
6.94888e-05
6.8033e-05
6.6689e-05
6.54483e-05
6.43035e-05
6.32466e-05
6.2271e-05
6.13703e-05
6.0539e-05
5.9772e-05
5.90643e-05
5.84189e-05
5.78255e-05
5.72767e-05
5.67685e-05
5.62976e-05
5.58617e-05
5.54581e-05
5.50848e-05
5.47396e-05
5.44208e-05
5.41268e-05
5.38551e-05
5.36047e-05
5.33817e-05
5.31783e-05
5.29892e-05
5.28128e-05
5.26482e-05
5.24949e-05
5.23523e-05
5.22199e-05
5.20974e-05
5.19839e-05
5.18787e-05
5.17815e-05
5.16968e-05
5.1625e-05
5.15585e-05
5.14954e-05
5.14353e-05
5.13781e-05
5.1324e-05
5.12731e-05
5.12253e-05
5.11806e-05
5.11451e-05
5.11187e-05
5.10937e-05
5.10695e-05
5.10552e-05
5.10431e-05
5.10294e-05
5.10135e-05
5.09957e-05
5.09764e-05
5.09567e-05
5.09371e-05
5.09182e-05
5.09e-05
5.08828e-05
5.08743e-05
5.08716e-05

