5e-05
5.02669e-05
5.04842e-05
5.06602e-05
5.08034e-05
5.09206e-05
5.10168e-05
5.10963e-05
5.12001e-05
5.13961e-05
5.16103e-05
5.18076e-05
5.1974e-05
0.000107476
0.000182941
0.000200298
0.000198429
0.000190549
0.00018114
0.000171689
0.000162647
0.00015418
0.00014632
0.000139037
0.000132309
0.000126097
0.000120365
0.000115074
0.000110189
0.000105667
0.000101513
9.77248e-05
9.42532e-05
9.10495e-05
8.80914e-05
8.53509e-05
8.2815e-05
8.04703e-05
7.82992e-05
7.62869e-05
7.44261e-05
7.27058e-05
7.11156e-05
6.96457e-05
6.82847e-05
6.70227e-05
6.58565e-05
6.47823e-05
6.38293e-05
6.29866e-05
0.000159062
0.000202756
0.00020902
0.000203114
0.000193688
0.000183608
0.000173814
0.000164599
0.00015602
0.000148071
0.000140692
0.000133864
0.000127558
0.000121735
0.000116355
0.000111385
0.000106792
0.000102551
9.86318e-05
9.50113e-05
9.16706e-05
8.8586e-05
8.574e-05
8.31123e-05
8.06886e-05
7.84495e-05
7.63788e-05
7.44694e-05
7.27095e-05
7.10842e-05
6.95851e-05
6.82005e-05
6.69144e-05
6.57237e-05
6.46241e-05
6.36112e-05
6.26786e-05
6.18144e-05
6.10129e-05
6.02755e-05
5.95954e-05
5.89669e-05
5.83852e-05
5.78485e-05
5.73537e-05
5.68979e-05
5.64792e-05
5.6096e-05
5.57426e-05
5.54181e-05
5.51214e-05
5.48502e-05
5.46023e-05
5.43843e-05
5.42122e-05
5.40641e-05
5.39308e-05
5.38012e-05
5.36692e-05
5.35387e-05
5.34103e-05
5.32901e-05
5.31756e-05
5.30708e-05
5.30029e-05
5.29482e-05
5.28963e-05
5.2848e-05
5.28014e-05
5.27556e-05
5.27088e-05
5.26556e-05
5.2598e-05
5.25495e-05
5.25218e-05
5.24874e-05
5.24524e-05
5.241e-05
5.2364e-05
5.23382e-05
5.26366e-05
5.33068e-05
5.42931e-05
6.05473e-05
0.000241951
0.000262233
0.000247521
0.000281384
0.000350262
0.000357311
0.00034414
0.000325177
0.000305325
0.000286191
0.000268251
0.000251596
0.00023619
0.00022197
0.000273878
0.000325337
0.000327857
0.000314725
0.000297267
0.000279314
0.000262111
0.000246009
0.000231068
0.000217252
0.00020449
0.000192713
0.000181859
0.000171845
0.000162601
0.000154066
0.000146192
0.000138935
0.000132236
0.000126053
0.000120336
0.000115054
0.000110173
0.000105665
0.000101501
9.76575e-05
9.41076e-05
9.08309e-05
8.78073e-05
8.5017e-05
8.24421e-05
8.00659e-05
7.78712e-05
7.58425e-05
7.39679e-05
7.22383e-05
7.06425e-05
6.91665e-05
6.77977e-05
6.65324e-05
6.53847e-05
6.43349e-05
6.35117e-05
6.31468e-05
6.29989e-05
6.29014e-05
6.26831e-05
6.23549e-05
6.19242e-05
6.14439e-05
6.09103e-05
6.0363e-05
5.98145e-05
5.92591e-05
5.87222e-05
5.82114e-05
5.7718e-05
5.72544e-05
5.68204e-05
5.64152e-05
5.60394e-05
5.56926e-05
5.537e-05
5.50687e-05
5.47913e-05
5.45377e-05
5.43212e-05
5.41312e-05
5.39601e-05
5.37957e-05
5.3641e-05
5.34981e-05
5.33655e-05
5.32381e-05
5.31152e-05
5.29968e-05
5.28876e-05
5.27875e-05
5.26958e-05
5.26118e-05
5.25313e-05
5.24495e-05
5.23741e-05
5.23046e-05
5.22496e-05
5.22189e-05
5.21964e-05
5.21756e-05
5.21489e-05
5.21138e-05
5.20723e-05
5.20316e-05
5.1992e-05
5.1956e-05
5.19461e-05
5.19507e-05
5.19535e-05
5.19835e-05
5.20259e-05
5.20588e-05
5.20728e-05
5.232e-05

