5e-05
5.02667e-05
5.04834e-05
5.06586e-05
5.08009e-05
5.09171e-05
5.10125e-05
5.10912e-05
5.11673e-05
5.12604e-05
5.13492e-05
5.14273e-05
5.14936e-05
5.15487e-05
5.16209e-05
5.17027e-05
5.17768e-05
5.1839e-05
5.18885e-05
5.1926e-05
5.19529e-05
5.19707e-05
5.19811e-05
5.19855e-05
5.19851e-05
5.1981e-05
5.19741e-05
5.19651e-05
5.19546e-05
5.19431e-05
5.1931e-05
5.19187e-05
5.19063e-05
5.18942e-05
5.18823e-05
5.18709e-05
5.18599e-05
5.18496e-05
5.18398e-05
5.18307e-05
5.18221e-05
5.18142e-05
5.18068e-05
5.18e-05
5.17937e-05
5.1788e-05
5.17827e-05
5.17779e-05
5.17735e-05
5.17695e-05
5.17658e-05
5.17624e-05
5.17594e-05
5.17566e-05
5.17541e-05
5.17518e-05
5.17497e-05
5.17477e-05
5.1746e-05
9.79228e-05
0.000182751
0.000203107
0.000201928
0.000193971
0.000184263
0.00017449
0.00016519
0.000156509
0.000148464
0.000141028
0.000134159
0.000127818
0.000121965
0.000116563
0.000111576
0.000106972
0.000185333
0.000233871
0.000240098
0.000232572
0.000221059
0.000208861
0.00019706
0.000185981
0.00017569
0.000225802
0.000280025
0.000285739
0.00027575
0.000261274
0.000246103
0.000231478
0.000217764
0.000205031
0.000193253
0.000182373
0.000172326
0.000163052
0.00015449
0.000146587
0.000139292
0.000132558
0.000126342
0.000120605
0.000115308
0.000110419
0.000105906
0.00010174
9.78939e-05
9.43439e-05
9.10669e-05
8.80418e-05
8.52494e-05
8.26716e-05
8.0292e-05
7.80953e-05
7.60676e-05
7.41957e-05
7.24677e-05
7.08725e-05
6.94e-05
6.80407e-05
6.67858e-05
6.56275e-05
6.45581e-05
6.3571e-05
6.26597e-05
6.18185e-05
6.10419e-05
6.03251e-05
5.96633e-05
5.90524e-05
5.84891e-05
5.81673e-05
5.82516e-05
5.86046e-05
5.9163e-05
5.99931e-05
0.000113224
0.000334508
0.000389679
0.000386503
0.00036865
0.000347002
0.000325209
0.00030446
0.000285088
0.000267129
0.000250525
0.000235189
0.000221032
0.000207964
0.000195903
0.000184772
0.0001745
0.00016502
0.00015627
0.000148194
0.000140742
0.000133866
0.000127521
0.000121665
0.000116262
0.000111276
0.000106675
0.000102429
9.85112e-05
9.48953e-05
9.15584e-05
8.84788e-05
8.56366e-05
8.30135e-05
8.05925e-05
7.83579e-05
7.62955e-05
7.43919e-05
7.26348e-05
7.10129e-05
6.95157e-05
6.81338e-05
6.68581e-05
6.56805e-05
6.45934e-05
6.35899e-05
6.26636e-05
6.18084e-05
6.10189e-05
6.02901e-05
5.96173e-05
5.89962e-05
5.84228e-05
5.78934e-05
5.74047e-05
5.69536e-05
5.65356e-05
5.61472e-05
5.57887e-05
5.54582e-05
5.51536e-05
5.48727e-05
5.46139e-05
5.43753e-05
5.41542e-05
5.39479e-05
5.37578e-05
5.35829e-05
5.3422e-05
5.3274e-05
5.31379e-05
5.30127e-05
5.28976e-05
5.27916e-05
5.26941e-05
5.26044e-05
5.25218e-05
5.24458e-05
5.23758e-05
5.23114e-05
5.22521e-05
5.21974e-05
5.21471e-05
5.21008e-05
5.20581e-05
5.20188e-05
5.19826e-05
5.19492e-05
5.19185e-05
5.18902e-05
5.18642e-05
5.18402e-05
5.18181e-05
5.17978e-05
5.17791e-05
5.17619e-05
5.1746e-05
5.17315e-05
5.17181e-05
5.17058e-05
5.16945e-05
5.16841e-05
5.16746e-05
5.16659e-05
5.16579e-05
5.16505e-05
5.16438e-05
5.16377e-05
5.16321e-05
5.1627e-05
5.16224e-05
5.16181e-05

