5e-05
5.02669e-05
5.04842e-05
5.06602e-05
5.08034e-05
5.09206e-05
5.10168e-05
5.10963e-05
5.11819e-05
5.13156e-05
5.14593e-05
5.15908e-05
5.17027e-05
5.17801e-05
5.18584e-05
5.19431e-05
5.20171e-05
5.20765e-05
5.21173e-05
5.21289e-05
5.21132e-05
5.20848e-05
5.20529e-05
5.20092e-05
5.19613e-05
5.19182e-05
5.18805e-05
5.18481e-05
5.18158e-05
0.000137019
0.000194197
0.000205132
0.000200844
0.000191944
0.000182025
0.000172283
0.000163093
0.000154544
0.00014663
0.000139318
0.000132568
0.000126338
0.000120589
0.00011528
0.000110377
0.000105855
0.000101708
9.78888e-05
9.43644e-05
9.11128e-05
8.81027e-05
8.53123e-05
8.27283e-05
8.03393e-05
7.81313e-05
7.60904e-05
7.42031e-05
7.24617e-05
7.08528e-05
6.93691e-05
6.80002e-05
6.6732e-05
6.55628e-05
6.44833e-05
6.34874e-05
0.000165897
0.000206129
0.000211105
0.000204639
0.000194868
0.000184539
0.000174547
0.000165166
0.000156455
0.000148397
0.000140955
0.000134082
0.000127738
0.000121883
0.000116477
0.000111487
0.000106884
0.000102635
9.87154e-05
9.50982e-05
9.17603e-05
8.86743e-05
8.58219e-05
8.31845e-05
8.07458e-05
7.84915e-05
7.64087e-05
7.44829e-05
7.27052e-05
7.1066e-05
6.95537e-05
6.81606e-05
6.68762e-05
6.5691e-05
6.45996e-05
6.35947e-05
6.2668e-05
6.18119e-05
6.10236e-05
6.0298e-05
5.963e-05
5.90103e-05
5.84358e-05
5.79072e-05
5.74206e-05
5.69696e-05
5.65531e-05
5.6167e-05
5.58095e-05
5.54808e-05
5.51758e-05
5.48928e-05
5.46328e-05
5.43949e-05
5.41774e-05
5.39785e-05
5.37946e-05
5.36208e-05
5.34567e-05
5.33038e-05
5.31631e-05
5.3033e-05
5.29147e-05
5.28052e-05
5.27188e-05
5.29127e-05
5.34041e-05
5.40248e-05
5.46158e-05
5.51725e-05
5.55048e-05
5.55863e-05
5.56152e-05
5.56108e-05
5.5563e-05
5.54974e-05
5.54136e-05
5.52964e-05
5.51615e-05
5.50149e-05
5.48563e-05
5.46813e-05
5.45008e-05
5.4324e-05
5.41458e-05
5.39693e-05
5.37931e-05
5.3624e-05
5.34601e-05
5.33058e-05
5.31633e-05
5.30315e-05
5.29251e-05
5.28396e-05
5.276e-05
5.26838e-05
5.2612e-05
5.25468e-05
5.24861e-05
5.24241e-05
5.23622e-05
5.23069e-05
5.22546e-05
5.22076e-05
5.21661e-05
5.2125e-05
5.20858e-05
5.20496e-05
5.20165e-05
5.20081e-05
5.20185e-05
5.20353e-05
5.20533e-05
5.20666e-05
5.2065e-05
5.20518e-05
5.20301e-05
5.20066e-05
5.19856e-05
5.19659e-05
5.19416e-05
5.19195e-05
8.85819e-05
0.000180185
0.000202832
0.000202356
0.000194617
0.000184966
0.000176674
0.0002708
0.000290995
0.000285361
0.000271792
0.000256385
0.000241166
0.000226774
0.000213369
0.000200953
0.000189476
0.000178877
0.000169092
0.000160056
0.000151712
0.00014401
0.000136902
0.000130343
0.000124288
0.000118699
0.000113541
0.000108781
0.000104385
0.000100329
9.65816e-05
9.3124e-05
8.99337e-05
8.69865e-05
8.42635e-05
0.000134028
0.000208263
0.000223921
0.000220198
0.000210509
0.000199414
0.000188434
0.000178038
0.000168352
0.000159384
0.000151097
0.000143446
0.000136384
0.000129863
0.000123844
0.000118286
0.000113156
0.000108442
0.000104107
0.000100105
9.64127e-05
9.30008e-05
8.98464e-05
8.69335e-05
8.42434e-05
8.1759e-05
7.94595e-05
7.73327e-05

