5e-05
5.02669e-05
5.04842e-05
5.06602e-05
5.08034e-05
5.09206e-05
5.10168e-05
5.10963e-05
5.11818e-05
5.12786e-05
5.13907e-05
5.15194e-05
5.16366e-05
5.1708e-05
5.17481e-05
5.17782e-05
5.17988e-05
5.1808e-05
5.18126e-05
5.18076e-05
5.17799e-05
5.17477e-05
5.17153e-05
5.16762e-05
5.16366e-05
5.16024e-05
5.15746e-05
5.15508e-05
5.1531e-05
5.15059e-05
5.14806e-05
5.14594e-05
5.14431e-05
5.14302e-05
5.14163e-05
5.14033e-05
5.13946e-05
5.13907e-05
5.139e-05
5.13909e-05
5.1395e-05
5.14021e-05
5.14117e-05
5.14234e-05
5.14366e-05
5.14479e-05
5.1456e-05
5.14679e-05
5.15031e-05
5.1541e-05
5.15696e-05
5.15932e-05
0.000130931
0.000191666
0.000203923
0.000200128
0.000191428
0.000181609
0.000171932
0.000162789
0.000154273
0.000146385
0.000139094
0.000132363
0.000126151
0.000120415
0.000115113
0.000110216
0.000105694
0.000101517
9.76654e-05
9.41126e-05
9.08353e-05
8.78071e-05
8.50072e-05
8.24246e-05
8.00415e-05
7.784e-05
7.58078e-05
7.39347e-05
7.22085e-05
7.06142e-05
6.91412e-05
6.77811e-05
6.65276e-05
6.53733e-05
6.43103e-05
6.33314e-05
6.243e-05
6.15986e-05
6.08293e-05
6.01197e-05
5.94623e-05
5.88501e-05
5.82855e-05
5.77664e-05
5.72873e-05
5.68433e-05
5.64329e-05
5.60561e-05
5.57099e-05
5.53888e-05
5.50939e-05
5.48321e-05
5.46182e-05
5.4426e-05
5.42439e-05
5.40733e-05
5.39153e-05
5.37685e-05
5.36314e-05
5.35034e-05
5.33821e-05
5.32636e-05
5.31527e-05
5.30496e-05
5.29495e-05
5.28555e-05
5.27687e-05
5.26888e-05
5.2614e-05
5.25414e-05
5.24716e-05
5.24047e-05
5.2341e-05
5.22834e-05
5.22499e-05
5.22319e-05
5.22055e-05
5.21788e-05
5.21516e-05
5.21271e-05
5.21019e-05
5.20906e-05
5.21192e-05
5.21743e-05
5.23061e-05
5.2465e-05
5.25991e-05
5.27259e-05
5.28667e-05
5.2972e-05
5.30284e-05
5.34681e-05
0.000164634
0.000271488
0.000262347
0.000246676
0.000231775
0.00021792
0.000205104
0.000193265
0.000182347
0.000172271
0.00016297
0.000154385
0.000146469
0.00013916
0.000132412
0.000126185
0.00012044
0.000115133
0.000110231
0.000105703
0.000101522
9.76618e-05
9.41197e-05
9.08614e-05
8.78485e-05
8.50626e-05
8.24871e-05
8.01068e-05
7.79081e-05
7.5876e-05
7.39996e-05
7.22616e-05
7.06532e-05
6.91697e-05
6.7803e-05
6.6544e-05
6.53842e-05
6.43157e-05
6.33312e-05
6.24241e-05
6.15863e-05
6.08116e-05
6.00987e-05
5.94654e-05
5.88922e-05
5.83611e-05
5.78644e-05
5.74006e-05
5.69664e-05
5.6561e-05
5.61807e-05
5.58234e-05
5.54935e-05
5.51895e-05
5.49093e-05
5.46462e-05
5.43939e-05
5.41589e-05
5.39424e-05
5.37446e-05
5.35642e-05
5.33996e-05
5.32483e-05
5.31083e-05
5.2979e-05
5.28596e-05
5.27533e-05
5.26712e-05
5.25987e-05
5.25313e-05
5.24596e-05
5.23931e-05
5.23319e-05
5.22729e-05
5.22158e-05
5.21623e-05
5.21119e-05
5.20641e-05
5.20184e-05
5.19727e-05
5.19302e-05
5.19056e-05
5.18979e-05
5.18921e-05
5.30556e-05
0.000168243
0.000200577
0.000203336
0.000196563
0.000187103
0.000177267
0.000167807
0.000158944
0.000150719
0.000143134
0.00013615
0.000129712
0.000123754
0.000118242
0.00011314
0.000108427
0.000104096
0.000100118
9.64381e-05
9.30329e-05
8.98863e-05

