5e-05
5.02667e-05
5.04834e-05
5.06586e-05
5.08009e-05
5.09171e-05
5.10125e-05
5.10912e-05
5.11565e-05
5.12109e-05
5.12566e-05
5.12951e-05
5.13298e-05
5.13804e-05
5.14578e-05
5.15578e-05
5.16553e-05
5.17419e-05
5.18144e-05
9.53886e-05
0.000181148
0.000201938
0.000200988
0.000193164
0.000183527
0.000173803
0.000164542
0.000155898
0.000147886
0.000140481
0.000133644
0.000127333
0.000121508
0.000116129
0.00011116
0.000106572
0.000102338
9.84317e-05
9.4828e-05
9.15033e-05
8.8436e-05
8.56061e-05
8.29952e-05
8.05862e-05
7.83612e-05
7.6306e-05
7.44097e-05
7.26613e-05
7.10732e-05
6.96243e-05
6.82916e-05
6.70554e-05
6.59016e-05
6.4834e-05
6.38465e-05
6.2931e-05
6.20802e-05
6.12932e-05
6.05657e-05
5.98917e-05
5.92542e-05
5.86577e-05
5.81054e-05
5.75959e-05
5.71277e-05
5.66968e-05
5.62966e-05
5.59265e-05
5.55852e-05
5.52704e-05
5.49819e-05
5.47179e-05
5.44763e-05
5.4252e-05
5.40429e-05
5.38465e-05
5.36669e-05
5.35027e-05
5.33487e-05
5.32056e-05
0.000106082
0.000185875
0.000204429
0.000202605
0.000194406
0.000210101
0.000287298
0.000299942
0.000291427
0.000276625
0.000260575
0.000244938
0.000230219
0.000271786
0.000320839
0.000322852
0.000309809
0.000292642
0.000275034
0.000258175
0.000242405
0.000227796
0.000214329
0.000201899
0.000190423
0.000179829
0.000170042
0.000160994
0.000152635
0.000144908
0.000137771
0.000131179
0.00012509
0.000119463
0.000114255
0.000109443
0.000104998
0.000100895
9.71089e-05
9.36144e-05
9.03895e-05
8.74134e-05
8.4667e-05
8.21325e-05
7.97936e-05
7.76341e-05
7.56375e-05
7.37925e-05
0.000117054
0.000197966
0.000216273
0.000213778
0.000204805
0.000194379
0.000184345
0.000175083
0.000166649
0.000159045
0.000152356
0.000146072
0.000140609
0.000274851
0.000429946
0.000448479
0.000433859
0.000410018
0.000384567
0.000359801
0.000336459
0.000314714
0.000294548
0.000275888
0.000258644
0.000242714
0.000228002
0.00021442
0.00020202
0.000190929
0.0001809
0.00017171
0.000163115
0.000155009
0.000147414
0.000140301
0.000133639
0.000127437
0.000121683
0.000116348
0.000111406
0.000106833
0.000102606
9.86987e-05
9.50873e-05
9.17475e-05
8.86621e-05
8.58357e-05
8.32307e-05
8.08236e-05
7.86018e-05
7.65504e-05
7.46554e-05
7.28999e-05
7.12707e-05
6.9762e-05
6.83668e-05
6.70778e-05
6.58886e-05
6.47874e-05
0.00014832
0.000203096
0.000212842
0.000207804
0.00019832
0.000187902
0.000177711
0.000168106
0.000159174
0.000150904
0.000143263
0.000136209
0.000129698
0.000123685
0.000118136
0.000113015
0.000108288
0.000103923
9.98944e-05
9.61761e-05
9.27418e-05
8.95718e-05
8.66431e-05
8.39378e-05
8.14417e-05
7.91391e-05
7.7015e-05
7.50554e-05
7.32469e-05
7.15752e-05
7.00327e-05
6.86098e-05
6.72942e-05
6.60794e-05
6.49537e-05
6.39106e-05
6.29489e-05
6.2063e-05
6.1247e-05
6.04954e-05
5.98015e-05
5.91571e-05
5.85602e-05
5.8007e-05
5.7498e-05
5.70299e-05
5.65968e-05
5.61983e-05
5.58315e-05
5.54922e-05
5.51803e-05
5.48941e-05
5.46385e-05
5.44284e-05
5.42432e-05
5.40642e-05
5.38965e-05
5.37405e-05
5.3595e-05
5.34589e-05
5.33314e-05
5.321e-05

