5e-05
5.02667e-05
5.04834e-05
5.06586e-05
5.08009e-05
5.09171e-05
5.10125e-05
5.10977e-05
5.12653e-05
5.14836e-05
5.16951e-05
5.1879e-05
0.000143252
0.000192541
0.000201194
0.000196455
0.000187724
0.000178161
0.000168828
0.000160021
0.000151772
0.000144108
0.000137017
0.000130455
0.000124395
0.000119025
0.000114385
0.000110322
0.000106994
0.000146361
0.000311076
0.000314815
0.000295833
0.000277182
0.000259846
0.00024381
0.000228995
0.000215312
0.000202679
0.000191017
0.000180253
0.000170319
0.000161151
0.000152692
0.000144886
0.000137698
0.000131082
0.000124983
0.000119356
0.000216647
0.000252451
0.000253691
0.000243945
0.000231178
0.000218087
0.000205553
0.000193821
0.000182935
0.000172863
0.000163555
0.000154937
0.000146969
0.000139615
0.000132827
0.000126561
0.000120775
0.000115434
0.000110506
0.00010596
0.000101764
9.78901e-05
9.431e-05
9.10068e-05
8.79604e-05
8.515e-05
8.25533e-05
8.01546e-05
7.79424e-05
7.59028e-05
7.40195e-05
7.22816e-05
7.06743e-05
6.9189e-05
6.78173e-05
6.65524e-05
6.53868e-05
6.43106e-05
6.33182e-05
6.23981e-05
6.15487e-05
6.07669e-05
6.00451e-05
5.93774e-05
5.87605e-05
5.82273e-05
5.8012e-05
5.80333e-05
5.8133e-05
5.8186e-05
5.81727e-05
5.80243e-05
5.78073e-05
5.75475e-05
5.72487e-05
5.694e-05
5.66304e-05
5.63237e-05
5.60171e-05
5.5722e-05
5.54414e-05
5.51759e-05
5.49256e-05
5.46921e-05
5.45007e-05
5.43292e-05
5.41697e-05
5.40085e-05
5.38446e-05
5.36862e-05
5.35361e-05
5.33933e-05
5.32609e-05
9.33084e-05
0.000182249
0.000203956
0.000203161
0.000195259
0.0001855
0.000175641
0.000166247
0.000157477
0.000149347
0.000141841
0.000134935
0.000128567
0.000122685
0.000117272
0.000112282
0.000107691
0.000103559
9.98399e-05
9.6443e-05
9.32596e-05
9.02856e-05
8.75482e-05
8.50674e-05
8.2679e-05
8.0435e-05
7.83359e-05
7.63629e-05
7.45047e-05
7.2769e-05
7.11588e-05
6.96577e-05
6.82652e-05
6.69751e-05
6.57816e-05
6.46794e-05
6.36895e-05
6.30054e-05
6.25455e-05
6.22206e-05
6.18671e-05
6.1379e-05
6.08573e-05
6.03551e-05
5.99094e-05
5.94841e-05
5.906e-05
5.86159e-05
5.81733e-05
5.77409e-05
5.73261e-05
5.69329e-05
5.65646e-05
5.62206e-05
5.58963e-05
5.55863e-05
5.5315e-05
5.50744e-05
5.485e-05
5.464e-05
5.44379e-05
5.42453e-05
5.40548e-05
5.38736e-05
5.37041e-05
5.35488e-05
5.34039e-05
5.32657e-05
5.31344e-05
5.30079e-05
5.28905e-05
5.2785e-05
5.2897e-05
5.34506e-05
5.42133e-05
0.000129461
0.000186608
0.000198408
0.00019503
0.000186931
0.000177674
0.000168486
0.000159761
0.000151585
0.000143974
0.000136923
0.000130399
0.000124368
0.000118796
0.000113685
0.000109297
0.000105439
0.000101975
9.8739e-05
9.56877e-05
9.28487e-05
9.01581e-05
8.7592e-05
8.512e-05
8.27738e-05
8.05596e-05
7.84649e-05
7.6492e-05
7.46506e-05
7.29378e-05
7.13413e-05
6.98519e-05
6.8466e-05
6.71797e-05
6.59897e-05
6.48914e-05
6.38787e-05
6.29412e-05
6.20757e-05
6.12784e-05
6.0544e-05
5.98653e-05
5.92369e-05
5.86502e-05
5.81089e-05
5.7623e-05
5.7196e-05
5.68109e-05
5.6464e-05
5.61944e-05
5.59914e-05
5.57988e-05
5.5609e-05

