5e-05
5.02667e-05
5.04834e-05
5.06586e-05
5.08009e-05
5.09171e-05
5.10125e-05
5.10912e-05
5.11585e-05
5.12873e-05
5.15188e-05
5.18025e-05
5.20731e-05
5.22877e-05
5.24398e-05
5.25492e-05
5.26223e-05
5.26652e-05
5.26841e-05
5.26831e-05
5.26574e-05
5.26253e-05
0.000157361
0.000198335
0.000203942
0.000198059
0.000189222
0.000180017
0.000171087
0.000162589
0.000154633
0.000147175
0.000140167
0.000133606
0.000127489
0.000121796
0.000116514
0.000111618
0.000107083
0.00010288
9.89859e-05
9.53842e-05
9.20545e-05
8.8977e-05
8.61333e-05
8.35059e-05
8.10789e-05
7.88372e-05
7.67669e-05
7.48549e-05
7.30884e-05
7.1451e-05
6.99296e-05
6.85376e-05
6.72877e-05
6.61581e-05
6.5129e-05
6.42227e-05
6.34022e-05
6.26334e-05
6.18707e-05
6.11387e-05
6.04525e-05
5.98154e-05
9.60791e-05
0.000185052
0.00020647
0.000205499
0.000197479
0.00018765
0.000177739
0.000168289
0.000159458
0.00015126
0.000143668
0.000136646
0.00013019
0.000124241
0.00011875
0.000113676
0.000108986
0.000104649
0.00010063
9.69348e-05
9.35278e-05
9.03812e-05
8.74723e-05
8.47817e-05
8.22921e-05
7.99966e-05
7.78998e-05
7.59453e-05
7.41306e-05
7.24527e-05
7.09058e-05
6.951e-05
6.82313e-05
6.70393e-05
6.59324e-05
6.49013e-05
6.39352e-05
6.3027e-05
6.21738e-05
6.13828e-05
6.06606e-05
6.00231e-05
5.94439e-05
5.89106e-05
5.84154e-05
5.79464e-05
5.7508e-05
5.70997e-05
5.67193e-05
5.6365e-05
5.60352e-05
5.57282e-05
5.54419e-05
5.51698e-05
5.49119e-05
5.46863e-05
5.45011e-05
5.43305e-05
5.4174e-05
5.40275e-05
5.38824e-05
5.37388e-05
5.36028e-05
5.34754e-05
5.3351e-05
5.32345e-05
5.31265e-05
5.30266e-05
5.29433e-05
5.28957e-05
5.28565e-05
5.2804e-05
5.2749e-05
5.27018e-05
5.26824e-05
5.26713e-05
5.26871e-05
5.2711e-05
5.27324e-05
5.27465e-05
5.27512e-05
5.27774e-05
5.28213e-05
5.28867e-05
5.29371e-05
5.29539e-05
5.29449e-05
5.29191e-05
5.29387e-05
5.29852e-05
5.30497e-05
5.31446e-05
5.32226e-05
5.32538e-05
5.32563e-05
5.32133e-05
5.31498e-05
5.30849e-05
0.000135735
0.000192329
0.000203278
0.000199148
0.000190417
0.000180661
0.000171066
0.000162004
0.000153566
0.000145748
0.000138524
0.000131872
0.000125764
0.000120162
0.000114991
0.000110212
0.000105788
0.000101699
9.79112e-05
9.43999e-05
9.11548e-05
8.81563e-05
8.53751e-05
8.28018e-05
8.04222e-05
7.82255e-05
7.61948e-05
7.4318e-05
7.25838e-05
7.09772e-05
6.94947e-05
6.81272e-05
6.68625e-05
6.56932e-05
6.46108e-05
6.36125e-05
6.26932e-05
6.18457e-05
6.10626e-05
6.03415e-05
5.96778e-05
5.90665e-05
5.84975e-05
5.79702e-05
5.74809e-05
5.70262e-05
5.66081e-05
5.62244e-05
5.58716e-05
5.55405e-05
5.52355e-05
5.49562e-05
5.47006e-05
5.44667e-05
5.42625e-05
5.41373e-05
5.40527e-05
5.39836e-05
5.39185e-05
5.38517e-05
5.37804e-05
5.36954e-05
5.36035e-05
5.35029e-05
5.33984e-05
5.32937e-05
5.31898e-05
5.30884e-05
5.2994e-05
5.29322e-05
5.28922e-05
5.28566e-05
5.28151e-05
5.27731e-05
5.27276e-05
5.2677e-05
5.26271e-05
5.25798e-05
5.25582e-05
5.25487e-05
5.25413e-05
5.25484e-05
5.25605e-05
5.25711e-05
5.25699e-05
5.25583e-05
5.25355e-05
5.25071e-05

