5e-05
5.02631e-05
5.04691e-05
5.06301e-05
5.07572e-05
5.08582e-05
5.09394e-05
5.10052e-05
5.10589e-05
5.11033e-05
5.11402e-05
5.11728e-05
5.13086e-05
0.000154944
0.000193364
0.000198589
0.000193022
0.000184265
0.000174901
0.000165764
0.000157116
0.000149041
0.000141558
0.000134625
0.000128217
0.000122302
0.000116844
0.000111809
0.00010716
0.000102864
9.88967e-05
9.52339e-05
9.18541e-05
8.87358e-05
8.58552e-05
8.32089e-05
8.10033e-05
7.91817e-05
7.75946e-05
7.6095e-05
7.46275e-05
7.32172e-05
7.18471e-05
7.05067e-05
6.92238e-05
6.80042e-05
6.68504e-05
6.57513e-05
6.47112e-05
6.37326e-05
6.27988e-05
6.19287e-05
6.11192e-05
6.0369e-05
5.96762e-05
5.90373e-05
5.84482e-05
5.79036e-05
5.74009e-05
5.69359e-05
5.65019e-05
5.60988e-05
5.57283e-05
5.5401e-05
5.51191e-05
5.4868e-05
5.46408e-05
5.4432e-05
5.42331e-05
5.40412e-05
5.38614e-05
5.36905e-05
5.35285e-05
5.33768e-05
5.32328e-05
6.47573e-05
0.000173938
0.000202718
0.000204224
0.000196997
0.00018736
0.000177445
0.000167936
0.000159035
0.000150779
0.00014314
0.000136086
0.000129574
0.000123562
0.000118013
0.000112892
0.000108168
0.000103809
9.97838e-05
9.60657e-05
9.26421e-05
8.95076e-05
8.6624e-05
8.39653e-05
8.15107e-05
7.92485e-05
7.72015e-05
7.53584e-05
7.36664e-05
7.20981e-05
7.06577e-05
6.93449e-05
6.81064e-05
6.69395e-05
6.58472e-05
6.48249e-05
6.38687e-05
6.29751e-05
6.21348e-05
6.13441e-05
6.06044e-05
5.99174e-05
5.92754e-05
5.86787e-05
5.81275e-05
5.76176e-05
5.71422e-05
5.67038e-05
5.63196e-05
5.59692e-05
5.56543e-05
5.53876e-05
5.5133e-05
5.48997e-05
5.47144e-05
5.4552e-05
0.000104164
0.000184622
0.000203535
0.000201874
0.00019381
0.000184106
0.00017437
0.000165111
0.000156478
0.000148495
0.000141117
0.0001343
0.000127994
0.000122153
0.000116766
0.000111792
0.000107192
0.000102925
9.89704e-05
9.53165e-05
9.19395e-05
8.88385e-05
8.59841e-05
8.3351e-05
8.09103e-05
7.86542e-05
7.65695e-05
7.46429e-05
7.28651e-05
7.12218e-05
6.96992e-05
6.8293e-05
6.69914e-05
6.57888e-05
6.46793e-05
6.36568e-05
6.27156e-05
6.18492e-05
6.10516e-05
6.03146e-05
5.96353e-05
5.901e-05
5.84343e-05
5.79041e-05
5.74106e-05
5.69535e-05
5.65328e-05
5.61459e-05
5.57901e-05
6.30966e-05
0.000174291
0.000203989
0.000205728
0.000198493
0.000188774
0.000178758
0.000169156
0.000160193
0.00015189
0.000144207
0.000137101
0.000130533
0.000124466
0.000118859
0.000113678
0.000108895
0.000104482
0.00010042
9.66807e-05
9.32373e-05
9.00806e-05
0.000158591
0.000217327
0.000227658
0.000222082
0.000211723
0.000200363
0.00018925
0.00017877
0.000169019
0.000159989
0.000151645
0.000143936
0.000136819
0.000130248
0.000124185
0.000118587
0.000113417
0.000108645
0.000104237
0.00010017
9.64176e-05
9.30924e-05
9.02547e-05
8.77173e-05
8.54107e-05
8.32623e-05
8.1186e-05
7.91691e-05
7.72529e-05
7.54413e-05
7.37345e-05
7.21314e-05
7.06162e-05
6.91958e-05
6.78785e-05
6.66811e-05
6.55751e-05
6.45411e-05
6.35771e-05
6.26732e-05
0.000138749
0.000198803
0.000210459
0.00020615
0.000196988
0.000186771
0.000176734
0.000167251

