5e-05
5.02669e-05
5.04842e-05
5.06602e-05
5.08034e-05
5.09206e-05
5.10168e-05
5.1098e-05
5.11951e-05
5.12939e-05
5.13916e-05
5.15126e-05
5.16466e-05
5.17928e-05
5.18877e-05
5.20111e-05
5.21414e-05
5.22571e-05
5.23508e-05
5.24068e-05
5.24017e-05
5.23699e-05
5.23353e-05
5.2292e-05
5.22447e-05
5.21977e-05
5.21546e-05
5.21144e-05
5.20745e-05
5.20349e-05
5.19993e-05
5.19657e-05
5.19346e-05
5.19074e-05
5.18807e-05
5.18576e-05
5.18383e-05
5.18224e-05
5.18092e-05
5.17949e-05
5.17825e-05
5.17689e-05
5.17549e-05
5.17511e-05
5.17748e-05
5.1807e-05
5.18405e-05
5.18711e-05
5.18908e-05
5.19057e-05
5.19174e-05
7.10399e-05
0.00017474
0.000201545
0.000202505
0.000195207
0.000185655
0.000175865
0.000166493
0.000157727
0.00014959
0.000142058
0.000135189
0.000129148
0.000123745
0.000118845
0.000114282
0.000110035
0.000106057
0.000102312
9.87808e-05
9.54529e-05
9.23229e-05
8.93864e-05
8.66315e-05
8.4049e-05
8.16441e-05
7.94145e-05
7.76888e-05
7.6756e-05
0.00018777
0.000296818
0.0003804
0.00040247
0.000392103
0.000371681
0.000349038
0.000326817
0.000305848
0.000286333
0.000268266
0.000251572
0.000236156
0.000221925
0.000208791
0.00019667
0.000185484
0.000175162
0.000165637
0.000156847
0.000148736
0.00014125
0.00013434
0.000127979
0.000122127
0.000116732
0.000111747
0.000107145
0.000102895
9.89701e-05
9.5345e-05
9.19965e-05
8.89024e-05
8.60338e-05
8.33766e-05
8.09174e-05
7.86479e-05
7.65541e-05
7.46227e-05
7.2841e-05
7.11975e-05
6.96815e-05
6.83022e-05
6.70468e-05
0.000105404
0.000191939
0.000212384
0.000210798
0.000202276
0.000191978
0.000181633
0.000171794
0.000162631
0.000154154
0.000146314
0.000139069
0.000132372
0.000126185
0.000158152
0.000236425
0.000251919
0.000246719
0.000235256
0.000222375
0.000209686
0.000274753
0.000310113
0.000308292
0.000294794
0.000278261
0.000261587
0.000245703
0.000230867
0.000217113
0.000204393
0.000192645
0.000181793
0.000171764
0.000165537
0.00025747
0.000276565
0.000271565
0.000259241
0.000245143
0.000247986
0.000317959
0.000326999
0.000316106
0.000299391
0.000281649
0.000264461
0.000248302
0.000233277
0.000219365
0.0002065
0.000194611
0.000183626
0.000173478
0.000164107
0.000155456
0.000147472
0.000140127
0.000133361
0.000127119
0.000121357
0.000116035
0.000111119
0.000106578
0.0001024
9.85448e-05
9.49824e-05
9.1686e-05
8.864e-05
8.58253e-05
8.32235e-05
8.08135e-05
7.85853e-05
7.65265e-05
7.46202e-05
7.2858e-05
7.12354e-05
6.97591e-05
6.8405e-05
6.71553e-05
6.59924e-05
6.49101e-05
6.39137e-05
6.30146e-05
6.219e-05
6.14288e-05
6.07206e-05
6.0048e-05
5.94187e-05
5.88356e-05
5.82957e-05
5.7794e-05
5.73447e-05
5.69431e-05
5.65764e-05
5.62381e-05
5.59236e-05
5.56248e-05
5.53428e-05
5.50744e-05
5.48238e-05
5.45863e-05
5.43652e-05
5.41604e-05
0.000164373
0.000200538
0.000204516
0.00019807
0.000188637
0.000178729
0.000169171
0.000160206
0.000151882
0.000144182
0.000137075
0.000130527
0.000124485
0.000118908
0.000113755
0.000108998
0.000104606
0.00010055
9.6805e-05
0.00010809
0.00020708
0.000230821

