5e-05
5.02669e-05
5.04842e-05
5.06602e-05
5.08034e-05
5.09206e-05
5.10168e-05
5.10963e-05
5.11623e-05
5.12174e-05
5.12636e-05
5.13026e-05
5.13359e-05
5.13767e-05
5.14257e-05
5.14744e-05
5.15195e-05
5.15575e-05
5.15848e-05
0.000122896
0.000189477
0.000203709
0.000200524
0.000192008
0.000182225
0.000172536
0.000163367
0.000154826
0.000146915
0.000139604
0.00013285
0.000126611
0.000120853
0.000115537
0.000110628
0.000106096
0.000101912
9.80504e-05
9.44849e-05
9.1191e-05
8.8151e-05
8.53457e-05
8.2757e-05
8.03682e-05
7.81638e-05
7.61296e-05
7.42523e-05
7.252e-05
7.0924e-05
6.94792e-05
6.81503e-05
6.69191e-05
6.57902e-05
6.47807e-05
6.38587e-05
6.30067e-05
6.22066e-05
6.1456e-05
6.07508e-05
6.00856e-05
5.94435e-05
5.88431e-05
5.82887e-05
5.7777e-05
5.73017e-05
5.68635e-05
5.64603e-05
5.60895e-05
5.57485e-05
5.54341e-05
5.51414e-05
5.4872e-05
5.46247e-05
5.43976e-05
5.41891e-05
5.39977e-05
5.38219e-05
5.36605e-05
5.35121e-05
5.33758e-05
5.32505e-05
5.31352e-05
5.30255e-05
5.29155e-05
5.28057e-05
6.85455e-05
0.000174973
0.00020265
0.000203814
0.0001965
0.000186866
0.000177003
0.00016757
0.00015875
0.000150571
0.000143001
0.000136005
0.000129545
0.000123575
0.000118061
0.00011297
0.00010827
0.00010393
9.99239e-05
9.62204e-05
9.28004e-05
0.000195847
0.000228433
0.000229813
0.000221284
0.000210044
0.000294931
0.000314866
0.000307961
0.000292848
0.000275889
0.0002592
0.000243446
0.000229063
0.000216134
0.000204507
0.000194231
0.00028793
0.00039691
0.000380543
0.000355822
0.000332508
0.000310907
0.000290942
0.0002725
0.000255472
0.000239752
0.00022524
0.000211845
0.000213431
0.000304755
0.000321089
0.000312638
0.000296756
0.000340794
0.000380032
0.000375919
0.000358255
0.000337179
0.000316081
0.000296041
0.000277369
0.000260076
0.000244103
0.000261534
0.000325145
0.000331655
0.000319644
0.000382021
0.0003955
0.000382472
0.000428724
0.000440417
0.000424548
0.000400717
0.000375557
0.000351241
0.000328413
0.000352304
0.000390369
0.000385383
0.000366965
0.00034521
0.000323489
0.000302874
0.000283649
0.000265828
0.000249351
0.000234134
0.000220085
0.000207115
0.000195155
0.000184339
0.000174538
0.000253881
0.00027856
0.000275246
0.000263152
0.000248812
0.000292867
0.000330961
0.000329091
0.000314567
0.000296733
0.000278738
0.000261591
0.000245563
0.000230694
0.000216942
0.000204234
0.000192494
0.000181654
0.000171644
0.000162401
0.000186496
0.000260069
0.000272931
0.000265845
0.000252779
0.000238475
0.000224501
0.000211337
0.000199097
0.000187767
0.000177297
0.000167628
0.000158702
0.000150463
0.000142859
0.000135838
0.000129355
0.00012337
0.000117945
0.000113261
0.000109103
0.000105281
0.000166922
0.000221771
0.000230963
0.000225031
0.000214516
0.000203038
0.000191811
0.000181217
0.000171344
0.000162195
0.000153729
0.000145902
0.00013867
0.000131991
0.000125823
0.000120128
0.000114869
0.000110011
0.000105517
0.000101363
9.75263e-05
9.39838e-05
9.07152e-05
8.76982e-05
8.49128e-05
8.23432e-05
7.99728e-05
7.77864e-05
7.57696e-05

