5e-05
5.02631e-05
5.04691e-05
5.06301e-05
5.07572e-05
5.08582e-05
5.09394e-05
5.10052e-05
5.10589e-05
5.11153e-05
5.11865e-05
5.12588e-05
6.9028e-05
0.000172841
0.000199952
0.000201063
0.000193917
0.000184512
0.000174858
0.000165607
0.000156936
0.00014888
0.000141425
0.000134532
0.000128384
0.000123036
0.000118282
0.000113963
0.000109891
0.000105788
0.000101872
9.81782e-05
9.47242e-05
9.15053e-05
8.8511e-05
8.57298e-05
8.31494e-05
8.07575e-05
7.8542e-05
7.6491e-05
7.45934e-05
7.28384e-05
7.12158e-05
6.9716e-05
6.83302e-05
6.70498e-05
6.58672e-05
6.47716e-05
6.37583e-05
6.28228e-05
6.19549e-05
6.11467e-05
6.03881e-05
5.96835e-05
5.90353e-05
5.84393e-05
5.78906e-05
5.73871e-05
5.69255e-05
5.65016e-05
5.61067e-05
5.57361e-05
5.53914e-05
5.50753e-05
5.47867e-05
5.45235e-05
5.42835e-05
5.40647e-05
5.38636e-05
5.36781e-05
5.35054e-05
5.33442e-05
5.31972e-05
5.30637e-05
5.29427e-05
5.28539e-05
5.27856e-05
5.27228e-05
5.26628e-05
5.2601e-05
5.25359e-05
5.24743e-05
5.24148e-05
5.23561e-05
5.22979e-05
5.22414e-05
5.21939e-05
5.21743e-05
5.21514e-05
5.21253e-05
5.21014e-05
5.20789e-05
5.2057e-05
5.2033e-05
5.20065e-05
5.19748e-05
5.1942e-05
5.19088e-05
5.18773e-05
5.18489e-05
5.18233e-05
5.17964e-05
5.17671e-05
5.17393e-05
5.17139e-05
5.17189e-05
5.17672e-05
5.18293e-05
5.18823e-05
5.19242e-05
5.195e-05
5.19662e-05
5.19754e-05
5.19777e-05
5.19677e-05
5.19504e-05
5.19316e-05
5.19125e-05
5.18935e-05
5.18747e-05
5.18565e-05
5.18361e-05
5.18149e-05
5.1795e-05
5.17734e-05
5.17493e-05
5.17274e-05
5.17051e-05
5.16849e-05
5.16852e-05
5.17045e-05
5.17278e-05
5.17501e-05
5.17691e-05
5.1787e-05
5.18306e-05
5.1881e-05
5.38092e-05
0.000167934
0.000199861
0.00020255
0.000195798
0.000186384
0.000176595
0.000167181
0.000158361
0.000150205
0.000142743
0.000135876
0.000129521
0.000123636
0.000118184
0.000113191
0.000108645
0.000104464
0.000100629
9.71013e-05
0.000124019
0.000209885
0.00022935
0.000226652
0.000217037
0.00020572
0.00021654
0.000292001
0.000304007
0.000295143
0.000280066
0.00026376
0.000247881
0.000232939
0.000219047
0.000206182
0.000194291
0.000183312
0.000173173
0.000163813
0.000155172
0.000147198
0.000139835
0.00013304
0.000126769
0.000120982
0.00011564
0.000110708
0.000106156
0.000101956
9.80799e-05
9.45218e-05
9.12513e-05
8.82358e-05
8.54529e-05
8.28826e-05
8.05073e-05
7.83115e-05
7.62813e-05
7.44041e-05
7.26641e-05
7.10537e-05
6.95653e-05
6.81899e-05
6.69188e-05
6.57406e-05
6.46515e-05
6.36442e-05
6.27118e-05
6.18479e-05
6.34802e-05
0.000176213
0.000206924
0.000208833
0.000201501
0.000191606
0.000181396
0.000171603
0.000162436
0.00015393
0.000146064
0.000138797
0.000132084
0.000125885
0.000120161
0.000114876
0.000109997
0.000105492
0.000101342
9.75343e-05
9.40232e-05
9.07834e-05
8.77901e-05
8.50198e-05
8.24574e-05
8.00905e-05
7.79044e-05
7.58854e-05
7.40206e-05
7.2295e-05
7.07001e-05
6.92273e-05
6.78644e-05
6.66025e-05
6.54345e-05
6.4353e-05
6.33527e-05
6.24305e-05
6.15809e-05
6.07983e-05
6.00773e-05
5.94131e-05
5.88012e-05

