5e-05
5.02669e-05
5.04842e-05
5.06602e-05
5.09083e-05
5.16585e-05
5.3162e-05
0.000220147
0.000275599
0.000262127
0.000246234
0.000231327
0.000217556
0.000204875
0.000193159
0.000182361
0.000172388
0.000163167
0.00015464
0.000146755
0.000139452
0.000132696
0.00023243
0.000267844
0.000268178
0.000257343
0.000243511
0.000229427
0.000215974
0.000203399
0.000191739
0.000180959
0.000171003
0.000161809
0.000153323
0.000145491
0.000138262
0.000131591
0.000125434
0.000119752
0.000114507
0.000109667
0.000105199
0.000101075
9.72655e-05
9.37489e-05
9.05032e-05
8.75076e-05
8.4743e-05
8.21901e-05
7.9823e-05
7.76327e-05
7.56122e-05
7.37488e-05
7.20285e-05
7.04412e-05
6.89778e-05
6.76286e-05
6.6382e-05
6.52292e-05
6.4155e-05
6.31563e-05
6.2236e-05
6.13894e-05
6.0609e-05
5.98909e-05
5.92308e-05
5.86211e-05
5.80583e-05
5.75413e-05
5.70646e-05
5.66256e-05
5.62225e-05
5.58525e-05
5.55116e-05
5.51966e-05
5.49491e-05
5.4997e-05
5.5229e-05
5.54769e-05
5.56916e-05
5.58275e-05
5.57903e-05
5.56638e-05
5.54864e-05
5.52846e-05
5.50698e-05
5.48565e-05
5.46497e-05
5.4451e-05
5.42577e-05
5.40636e-05
5.39882e-05
8.32632e-05
0.000174423
0.000197553
0.000197833
0.000190777
0.000181653
0.0001723
0.000163323
0.000154929
0.000147146
0.000139933
0.000133254
0.000127068
0.000121334
0.000116029
0.000111119
0.000106575
0.000102368
9.84768e-05
9.48812e-05
9.1559e-05
8.84906e-05
8.56521e-05
8.3029e-05
8.06041e-05
7.83627e-05
7.62956e-05
7.43897e-05
7.26327e-05
7.10089e-05
6.95043e-05
6.81138e-05
6.6827e-05
6.5649e-05
6.45844e-05
6.3605e-05
6.27e-05
6.18665e-05
6.10981e-05
6.03854e-05
5.97247e-05
5.91106e-05
5.85363e-05
5.80031e-05
5.75116e-05
5.7076e-05
5.66921e-05
5.63568e-05
5.60582e-05
5.57795e-05
5.55183e-05
5.5274e-05
5.50719e-05
5.48899e-05
5.47122e-05
5.45368e-05
5.43523e-05
0.000119472
0.000189564
0.000204891
0.000202048
0.00019355
0.000183686
0.00017388
0.000164587
0.000155928
0.000166853
0.000254824
0.000272515
0.000266979
0.000254353
0.000240107
0.000226066
0.0002128
0.000200449
0.000189011
0.00017844
0.000168678
0.000159666
0.000151346
0.00014366
0.000136565
0.000130019
0.000123979
0.000118406
0.000113263
0.000108518
0.000104135
0.000100088
9.63542e-05
9.29081e-05
8.97256e-05
8.67892e-05
8.40803e-05
8.15791e-05
7.92692e-05
7.71383e-05
7.51712e-05
7.33508e-05
7.16705e-05
7.01169e-05
6.86787e-05
6.73519e-05
6.61265e-05
6.49971e-05
6.39513e-05
6.29819e-05
6.20885e-05
6.12663e-05
6.05071e-05
5.98084e-05
5.91658e-05
5.8575e-05
0.000107526
0.000188642
0.000207495
0.000205608
0.000197233
0.000187222
0.000177198
0.000167673
0.000158786
0.000150549
0.000142934
0.000135901
0.000129409
0.000123419
0.000117891
0.000112783
0.000108065
0.000103709
9.96855e-05
9.59711e-05
9.25443e-05
8.93835e-05
0.000151555
0.000216035
0.000228169
0.000223019
0.000213041
0.00020218
0.000191671
0.000181817
0.000172598
0.00016388
0.000155686
0.00014797
0.000140761
0.000134058
0.000127838
0.000122073
0.000116722
0.000111762
0.000107197
0.000103045
0.000115535
0.000210112

