5e-05
5.02669e-05
5.04842e-05
5.06602e-05
5.08034e-05
5.09206e-05
5.10168e-05
5.10963e-05
5.11818e-05
5.12786e-05
5.13907e-05
5.15194e-05
5.16366e-05
5.1708e-05
5.17481e-05
5.17782e-05
5.17988e-05
5.1808e-05
5.18126e-05
7.35966e-05
0.000176224
0.000202583
0.000203338
0.000195917
0.00018626
0.000176382
0.000166934
0.000158101
0.00014991
0.000142328
0.000135323
0.000128856
0.00012289
0.000117384
0.000216926
0.000247929
0.000247845
0.000237904
0.00022534
0.000212578
0.000200399
0.000189023
0.000178476
0.000168727
0.000159725
0.000151411
0.000143734
0.000136652
0.000130138
0.00012413
0.000118578
0.000113449
0.000108704
0.000104312
0.00010025
9.65025e-05
9.30442e-05
8.98517e-05
8.69068e-05
8.41905e-05
8.16785e-05
7.93585e-05
7.72164e-05
7.52411e-05
7.34201e-05
7.17382e-05
7.01792e-05
6.87369e-05
6.74033e-05
6.61711e-05
6.50365e-05
6.39923e-05
6.30308e-05
6.21403e-05
6.13137e-05
6.05528e-05
5.98513e-05
5.92021e-05
5.86029e-05
5.80525e-05
5.75474e-05
5.70803e-05
5.66478e-05
5.62483e-05
5.58815e-05
5.55456e-05
5.52382e-05
5.49569e-05
5.46993e-05
5.44622e-05
5.42416e-05
5.40385e-05
5.38487e-05
5.3668e-05
5.35018e-05
5.33506e-05
5.3211e-05
5.30804e-05
5.29593e-05
5.28496e-05
5.27499e-05
5.26563e-05
5.25716e-05
5.25037e-05
5.24688e-05
5.24418e-05
0.000166206
0.00019946
0.00020259
0.000195991
0.000186633
0.00017687
0.000167467
0.000158647
0.000150458
0.000142882
0.000135878
0.000129409
0.000123437
0.000117924
0.000112834
0.000108131
0.000103787
9.97752e-05
9.60695e-05
9.26498e-05
8.95128e-05
8.66299e-05
8.39588e-05
0.000170944
0.000217555
0.000224002
0.00021737
0.000206918
0.000195817
0.000185089
0.000175092
0.000189344
0.000267084
0.000281016
0.00027401
0.000260703
0.000246029
0.000232043
0.000339135
0.000502402
0.000503798
0.000479898
0.000450716
0.000421306
0.000393295
0.00036714
0.000342906
0.000320503
0.000299812
0.000280708
0.00026308
0.000246806
0.000231783
0.000217916
0.000205118
0.0001933
0.000182388
0.000172313
0.000163011
0.000154423
0.000146517
0.00013923
0.000132498
0.00012628
0.000120535
0.00011523
0.000110331
0.000105806
0.000101628
9.77661e-05
9.41968e-05
9.09032e-05
8.78655e-05
8.5064e-05
8.24803e-05
8.00974e-05
7.78996e-05
7.58724e-05
7.40007e-05
7.22715e-05
7.06775e-05
6.92309e-05
6.79069e-05
6.66827e-05
6.55462e-05
6.44918e-05
6.35124e-05
6.26038e-05
6.17588e-05
6.09727e-05
6.02469e-05
5.95774e-05
5.89599e-05
5.83853e-05
5.78455e-05
5.73452e-05
5.68837e-05
5.64598e-05
5.60706e-05
5.57133e-05
5.53841e-05
5.50799e-05
5.47991e-05
5.45397e-05
5.43042e-05
5.41029e-05
5.39203e-05
5.37513e-05
5.35858e-05
5.34327e-05
5.32916e-05
5.31588e-05
5.30336e-05
5.29172e-05
5.28087e-05
5.27074e-05
5.26123e-05
5.25209e-05
5.24363e-05
5.23727e-05
5.23291e-05
5.22902e-05
5.22492e-05
5.22043e-05
5.21604e-05
5.212e-05
5.2083e-05
5.20488e-05
5.20173e-05
5.19881e-05
5.1961e-05
5.19375e-05
5.19394e-05
5.19633e-05
5.19974e-05
5.2014e-05
5.20177e-05
5.20067e-05
5.19938e-05
5.20019e-05
5.20286e-05
5.20464e-05
5.20542e-05
5.20582e-05

