5e-05
5.02631e-05
5.04691e-05
5.06301e-05
5.07572e-05
5.08582e-05
5.09394e-05
5.10093e-05
5.10945e-05
5.12192e-05
5.13914e-05
5.15577e-05
5.1698e-05
5.18291e-05
5.19884e-05
5.21653e-05
5.23197e-05
5.24384e-05
5.25182e-05
5.25351e-05
5.24965e-05
5.24447e-05
5.23819e-05
5.23021e-05
5.2373e-05
5.26361e-05
5.29786e-05
5.33204e-05
9.44406e-05
0.000179067
0.000199596
0.000198843
0.000191344
0.000182032
0.000172587
0.000163559
0.000155105
0.000147247
0.000139967
0.000133229
0.000126999
0.000121238
0.000115909
0.000110983
0.000106425
0.000102223
9.83693e-05
9.48219e-05
9.18249e-05
8.95849e-05
8.77862e-05
8.6081e-05
8.41551e-05
8.21221e-05
8.01289e-05
7.81936e-05
7.6321e-05
7.45456e-05
7.28749e-05
7.12978e-05
6.97955e-05
6.83888e-05
6.7086e-05
0.000109785
0.000193872
0.000213426
0.000211462
0.000202765
0.000192365
0.000276639
0.000302988
0.000298653
0.000284803
0.000268634
0.000252545
0.000237294
0.00022308
0.000209912
0.000197736
0.000186488
0.000176101
0.000166511
0.000157655
0.000149479
0.000141931
0.000134966
0.000128537
0.000122603
0.000117124
0.000112066
0.000107395
0.000103081
9.90975e-05
9.54213e-05
9.20279e-05
8.88971e-05
8.603e-05
8.34003e-05
8.09797e-05
7.87479e-05
7.6688e-05
7.47834e-05
7.30165e-05
7.13803e-05
6.98676e-05
6.84713e-05
6.7201e-05
6.60308e-05
6.49426e-05
6.39299e-05
6.29943e-05
6.213e-05
6.133e-05
6.05837e-05
5.98924e-05
5.92509e-05
5.8656e-05
5.80998e-05
5.75851e-05
5.71113e-05
5.66756e-05
5.62727e-05
5.58974e-05
5.55446e-05
5.52195e-05
5.49198e-05
5.46445e-05
5.43928e-05
5.41601e-05
5.39467e-05
5.37517e-05
5.35715e-05
5.34055e-05
5.32542e-05
5.31362e-05
5.30552e-05
5.30087e-05
5.29736e-05
5.29274e-05
5.28994e-05
5.28726e-05
5.28515e-05
5.28589e-05
5.28679e-05
5.28673e-05
5.28522e-05
5.2801e-05
5.27885e-05
5.27908e-05
5.27548e-05
5.26987e-05
5.26359e-05
5.25786e-05
5.25336e-05
5.24884e-05
5.24377e-05
5.23764e-05
5.23182e-05
5.22574e-05
5.21929e-05
5.21301e-05
5.20712e-05
5.20171e-05
5.19684e-05
5.19328e-05
5.19055e-05
5.1883e-05
5.1865e-05
5.18433e-05
5.18194e-05
5.17958e-05
5.1772e-05
5.17504e-05
5.17399e-05
5.17504e-05
5.17602e-05
5.17679e-05
5.17752e-05
5.17733e-05
5.17685e-05
5.17581e-05
5.17435e-05
5.17273e-05
5.17116e-05
5.1692e-05
5.16715e-05
5.16536e-05
5.16387e-05
5.16265e-05
5.16166e-05
5.16087e-05
5.16025e-05
5.15968e-05
5.15859e-05
5.15725e-05
5.15611e-05
5.15521e-05
5.15444e-05
5.15358e-05
5.15285e-05
5.15202e-05
5.15137e-05
5.15062e-05
5.14998e-05
5.14909e-05
5.14816e-05
5.14703e-05
5.14595e-05
5.14493e-05
5.14396e-05
5.14314e-05
5.14235e-05
5.14182e-05
5.14149e-05
5.14112e-05
5.14093e-05
5.1411e-05
5.14317e-05
5.14562e-05
5.14814e-05
5.14997e-05
5.15106e-05
5.15114e-05
5.15097e-05
5.15088e-05
5.15084e-05
5.15055e-05
5.14998e-05
5.14949e-05
5.14903e-05
0.000156473
0.000198465
0.000204383
0.000198548
0.00018927
0.000179367
0.000169765
0.000207924
0.00027423
0.000284005
0.000275333
0.0002613
0.000246278
0.00023172
0.000218044
0.000205337
0.000193572
0.000182688
0.000172633
0.000163345

