5e-05
5.02669e-05
5.04842e-05
5.06602e-05
5.08034e-05
5.09206e-05
5.10168e-05
5.10963e-05
5.12001e-05
5.13961e-05
5.16103e-05
5.18076e-05
5.1974e-05
5.21083e-05
5.22106e-05
5.23306e-05
5.24618e-05
5.2574e-05
5.26589e-05
5.27008e-05
5.26726e-05
5.26146e-05
5.25476e-05
5.24685e-05
5.23939e-05
5.2326e-05
5.22648e-05
5.22099e-05
0.000120668
0.000189801
0.000204628
0.000201583
0.0001931
0.00018332
0.00017362
0.000164425
0.000155852
0.000147906
0.000140555
0.000133758
0.000127479
0.00012168
0.000116325
0.000111379
0.000106809
0.000102586
9.86852e-05
9.50869e-05
9.1804e-05
8.88106e-05
8.60251e-05
8.34347e-05
8.10509e-05
7.88947e-05
7.6929e-05
7.5105e-05
7.3405e-05
7.18238e-05
7.03487e-05
6.89757e-05
6.76741e-05
6.64588e-05
6.5335e-05
6.42955e-05
6.33318e-05
6.24388e-05
6.1609e-05
6.08421e-05
6.01292e-05
5.94689e-05
5.88608e-05
5.82987e-05
5.77813e-05
5.73032e-05
5.68638e-05
5.64564e-05
5.60767e-05
5.57281e-05
5.54091e-05
5.51139e-05
5.48427e-05
5.45915e-05
5.43518e-05
5.41269e-05
5.39189e-05
5.37291e-05
5.35563e-05
5.33934e-05
5.32393e-05
5.30996e-05
5.29712e-05
5.2852e-05
5.27404e-05
5.26377e-05
5.25436e-05
5.24576e-05
5.23803e-05
5.23122e-05
5.22497e-05
5.21938e-05
5.2145e-05
5.21026e-05
5.20659e-05
5.2043e-05
5.20508e-05
5.20689e-05
5.2089e-05
5.2101e-05
5.20998e-05
5.20899e-05
5.20729e-05
5.20555e-05
5.20359e-05
5.20188e-05
5.20318e-05
5.20517e-05
5.20687e-05
5.20841e-05
5.20962e-05
5.21046e-05
5.21078e-05
5.21009e-05
5.2086e-05
5.20768e-05
5.20854e-05
5.20846e-05
5.20805e-05
5.20667e-05
5.20471e-05
5.20457e-05
5.23665e-05
5.30576e-05
5.4063e-05
6.03349e-05
0.000241755
0.000262052
0.000247353
0.000232437
0.000218536
0.00020567
0.00019378
0.0001828
0.000172662
0.000163304
0.000154666
0.000146694
0.000139336
0.000132556
0.000126307
0.000120541
0.000115221
0.000110303
0.000105761
0.000101568
9.76999e-05
9.41235e-05
9.08213e-05
8.77738e-05
8.49623e-05
8.23732e-05
8.00025e-05
7.78192e-05
0.000177927
0.00021964
0.000224396
0.000217192
0.000206563
0.000195384
0.000184584
0.000216963
0.000284763
0.000294547
0.000285404
0.000305889
0.000361785
0.000363888
0.000348802
0.000329017
0.00030874
0.000289329
0.00027117
0.000254323
0.000238741
0.000224348
0.000211059
0.000198788
0.000187454
0.000176989
0.000167349
0.00015846
0.0001504
0.000143355
0.00013704
0.00013125
0.000125777
0.000120598
0.000115689
0.000111075
0.000106726
0.000102656
9.8856e-05
9.52989e-05
9.19911e-05
8.89225e-05
8.60679e-05
8.34246e-05
8.09786e-05
7.8716e-05
7.66256e-05
7.46961e-05
7.29125e-05
7.12624e-05
6.974e-05
6.8337e-05
6.70597e-05
6.58902e-05
6.48151e-05
6.38161e-05
6.2891e-05
6.20369e-05
6.12478e-05
6.05144e-05
5.98321e-05
5.91973e-05
5.86113e-05
5.80711e-05
5.75732e-05
5.71143e-05
5.66876e-05
5.62863e-05
5.59159e-05
5.5574e-05
5.52677e-05
5.5005e-05
5.47683e-05
5.45497e-05
5.43405e-05
5.41369e-05
5.39399e-05
5.37555e-05
5.35834e-05
5.34251e-05
5.33023e-05
5.32025e-05
5.31091e-05
5.30502e-05
5.30106e-05
5.29678e-05
5.29119e-05
5.30947e-05

