5e-05
5.02667e-05
5.04834e-05
5.06586e-05
5.08009e-05
5.09171e-05
5.10125e-05
5.10912e-05
5.11585e-05
5.12873e-05
5.15188e-05
5.18025e-05
5.20731e-05
5.22877e-05
5.24398e-05
5.25492e-05
5.26223e-05
5.26652e-05
5.26841e-05
5.80216e-05
0.000169855
0.000200197
0.000202406
0.000195526
0.000186083
0.000176504
0.000167615
0.000159487
0.000151933
0.000144838
0.000138223
0.000132019
0.000126173
0.000120687
0.000115563
0.000110787
0.000106351
0.000102236
9.84221e-05
9.48855e-05
9.1606e-05
8.85717e-05
8.57657e-05
8.31718e-05
8.07743e-05
7.8559e-05
7.65123e-05
7.46217e-05
7.28755e-05
7.12628e-05
6.97724e-05
6.83899e-05
6.71039e-05
6.59291e-05
6.48798e-05
6.39353e-05
6.30771e-05
6.23285e-05
6.16537e-05
6.10193e-05
6.03807e-05
5.97633e-05
5.91828e-05
5.86434e-05
5.81424e-05
5.76729e-05
5.72625e-05
5.68921e-05
5.65699e-05
5.62963e-05
5.6044e-05
5.57981e-05
5.55643e-05
5.53353e-05
5.5112e-05
5.48964e-05
5.4725e-05
5.45783e-05
5.44428e-05
5.43131e-05
5.4187e-05
8.98009e-05
0.00018019
0.000202379
0.000201872
0.000194184
0.000184599
0.00017489
0.000165628
0.000156978
0.000149853
0.000247269
0.000269974
0.000266216
0.000254234
0.00024027
0.000226387
0.000213217
0.000200934
0.000189545
0.000179003
0.00016925
0.000160231
0.000151902
0.00014422
0.000137158
0.000130649
0.000124641
0.000119092
0.000113958
0.000109213
0.00010483
0.00010078
9.70378e-05
9.35809e-05
9.03872e-05
8.74362e-05
8.47043e-05
8.21757e-05
7.9854e-05
7.77338e-05
7.5777e-05
7.39715e-05
7.23029e-05
7.07528e-05
6.93121e-05
6.79788e-05
6.67461e-05
6.56015e-05
6.4543e-05
6.35656e-05
6.26631e-05
6.18389e-05
6.11074e-05
9.35328e-05
0.000184424
0.000206648
0.000205905
0.000197922
0.000188056
0.000178113
0.000168648
0.000159809
0.000151609
0.000144019
0.00013703
0.000130597
0.000124683
0.000119214
0.000114135
0.000109422
0.000105054
0.000101065
9.74117e-05
9.40606e-05
9.10024e-05
8.81698e-05
8.55141e-05
8.30364e-05
8.07037e-05
7.85266e-05
7.65107e-05
7.46624e-05
0.000114315
0.000196924
0.000215952
0.000213732
0.000204872
0.000194342
0.000183809
0.000173804
0.000164468
0.000155818
0.000147841
0.000140507
0.000133771
0.000127554
0.000121809
0.000116494
0.000111582
0.000107034
0.000102822
9.89289e-05
9.53327e-05
9.19998e-05
8.89172e-05
8.60674e-05
8.34367e-05
8.10053e-05
7.87587e-05
7.6683e-05
7.47612e-05
7.29878e-05
7.13517e-05
6.98392e-05
6.8441e-05
6.71474e-05
6.5954e-05
6.48547e-05
6.3841e-05
6.29045e-05
6.20418e-05
6.12473e-05
6.05154e-05
5.9835e-05
5.92049e-05
5.86207e-05
5.80783e-05
5.75793e-05
5.7121e-05
5.66992e-05
5.63045e-05
5.59408e-05
5.56072e-05
5.53016e-05
5.50215e-05
5.47746e-05
5.461e-05
5.44891e-05
5.43865e-05
5.42904e-05
5.4195e-05
5.40973e-05
5.39879e-05
5.38736e-05
5.37522e-05
5.36285e-05
5.35061e-05
5.33859e-05
5.32694e-05
5.31611e-05
5.30864e-05
5.30346e-05
5.29881e-05
5.29364e-05
5.28851e-05
5.2831e-05
5.27724e-05
5.27152e-05
5.26612e-05
5.26333e-05
5.2618e-05
5.26053e-05
5.26075e-05
5.2615e-05
5.26214e-05
5.26163e-05
5.26012e-05
5.25751e-05
5.25437e-05

