5e-05
5.02669e-05
5.04842e-05
5.06602e-05
5.08034e-05
5.09206e-05
5.10168e-05
5.1098e-05
5.11951e-05
5.12939e-05
5.13916e-05
5.15126e-05
5.16466e-05
0.000107411
0.00018317
0.000200557
0.000198669
0.000190757
0.000181318
0.000171844
0.000162791
0.000154318
0.000146461
0.000139187
0.00013246
0.000126247
0.000120511
0.000195396
0.000243692
0.000249358
0.000241182
0.000229023
0.000216212
0.000203841
0.000192232
0.000181452
0.00017148
0.00016227
0.000153767
0.000145914
0.000138665
0.000131972
0.000125792
0.000120096
0.000114865
0.000110047
0.000105602
0.000101499
9.77036e-05
9.41962e-05
9.09565e-05
8.79634e-05
8.51835e-05
8.26122e-05
8.02384e-05
7.80474e-05
7.60253e-05
7.41557e-05
7.24283e-05
7.08341e-05
6.93565e-05
6.79861e-05
6.68099e-05
6.60249e-05
6.54747e-05
6.50548e-05
6.46273e-05
6.41979e-05
6.3744e-05
6.32525e-05
6.27242e-05
6.21684e-05
6.15975e-05
6.10233e-05
6.0449e-05
5.98796e-05
5.93329e-05
5.88186e-05
5.86764e-05
5.92054e-05
0.000171568
0.000281863
0.000272572
0.000256036
0.000240377
0.000225857
0.000212428
0.000200021
0.000188563
0.000177984
0.000168219
0.000159206
0.000150889
0.000143213
0.00013613
0.000129595
0.000123566
0.000118005
0.000112874
0.00010814
0.000103774
9.97453e-05
9.60261e-05
9.26109e-05
8.94784e-05
8.65929e-05
8.39256e-05
8.14622e-05
7.9187e-05
7.70849e-05
7.51424e-05
7.33472e-05
7.16869e-05
7.01419e-05
6.87065e-05
6.73752e-05
6.61468e-05
6.50142e-05
6.397e-05
6.30074e-05
6.21199e-05
6.13019e-05
6.05668e-05
5.99061e-05
5.93006e-05
5.87359e-05
5.82113e-05
5.77196e-05
5.72622e-05
5.68379e-05
5.64444e-05
5.60795e-05
5.57607e-05
5.54822e-05
5.52225e-05
5.49794e-05
5.47464e-05
5.45276e-05
5.43182e-05
5.41162e-05
5.39359e-05
5.37937e-05
5.3668e-05
5.35428e-05
5.3419e-05
5.32999e-05
5.31915e-05
5.31039e-05
5.30201e-05
5.29374e-05
5.28489e-05
5.27592e-05
5.26699e-05
5.25857e-05
5.25053e-05
5.30194e-05
0.000168683
0.000201556
0.000204432
0.000197608
0.000188344
0.000178878
0.000169811
0.000161253
0.000153187
0.000145615
0.000138573
0.000132038
0.000125977
0.00012036
0.000115157
0.000110333
0.000105866
0.000101733
9.79062e-05
9.4364e-05
9.10851e-05
8.80525e-05
8.5249e-05
8.26607e-05
8.02731e-05
7.80945e-05
7.6098e-05
7.42587e-05
7.25605e-05
7.09905e-05
6.95378e-05
6.81939e-05
6.69672e-05
6.58358e-05
6.47881e-05
6.38132e-05
6.29102e-05
6.20736e-05
6.1298e-05
6.05737e-05
5.99016e-05
5.92793e-05
5.8699e-05
5.81609e-05
0.000132474
0.000194298
0.000206738
0.000202896
0.00019407
0.000184097
0.000174265
0.000164995
0.000156368
0.00014838
0.000140991
0.000134148
0.000127822
0.00012198
0.000116586
0.000111603
0.000107016
0.000102796
9.89037e-05
9.53111e-05
9.19925e-05
8.89206e-05
8.60787e-05
8.34473e-05
8.10152e-05
7.87641e-05
7.6684e-05
7.47633e-05
7.2987e-05
7.13449e-05
6.9829e-05
6.84301e-05
6.71378e-05
6.59419e-05
6.48384e-05
6.38205e-05
6.28815e-05
6.20155e-05
6.1222e-05
6.05057e-05
5.98462e-05
5.92389e-05
5.8674e-05
5.81516e-05
5.76686e-05
5.72216e-05
5.68076e-05
5.64206e-05
5.60567e-05
5.57188e-05

