5e-05
5.02631e-05
5.04691e-05
5.06301e-05
5.07572e-05
5.08582e-05
5.09394e-05
5.10093e-05
5.10945e-05
5.12192e-05
5.13914e-05
5.15577e-05
5.1698e-05
5.18291e-05
5.19884e-05
5.21653e-05
5.23197e-05
5.24384e-05
5.25182e-05
5.25351e-05
5.24965e-05
5.24447e-05
9.04337e-05
0.000181635
0.000203181
0.000202476
0.000194934
0.000185612
0.000176118
0.000166948
0.000158404
0.00015049
0.000143146
0.000136306
0.000129951
0.000124054
0.000118586
0.000113519
0.000108825
0.00010448
0.000100459
0.000137951
0.000217417
0.000234348
0.000230538
0.000220308
0.000208579
0.000196971
0.000186257
0.000176803
0.000168315
0.000160424
0.000152784
0.000145475
0.000138611
0.00013218
0.000126156
0.00012055
0.000115342
0.0001105
0.000105984
0.000101794
9.79234e-05
9.43478e-05
9.10454e-05
8.79939e-05
8.51773e-05
8.25754e-05
8.01712e-05
7.79498e-05
7.59011e-05
7.40136e-05
7.22748e-05
7.06702e-05
6.91906e-05
6.78259e-05
6.65691e-05
9.88116e-05
0.000189988
0.00021199
0.000210881
0.000202487
0.000192197
0.000181824
0.000171947
0.000162728
0.000154184
0.000146284
0.000138987
0.000184554
0.00025079
0.00026179
0.000254667
0.000242149
0.000228547
0.000215289
0.000202831
0.000191264
0.000180565
0.000170682
0.000161556
0.000153127
0.000145337
0.00013814
0.000131495
0.000125361
0.000119716
0.000114509
0.000109693
0.00010524
0.000101128
9.73321e-05
9.38257e-05
9.0581e-05
8.75834e-05
8.48129e-05
8.22527e-05
7.98823e-05
7.76928e-05
7.56732e-05
7.38104e-05
0.000100019
0.000193693
0.000216329
0.000215194
0.000206569
0.000196002
0.000185352
0.000175213
0.000165748
0.000156976
0.000148866
0.000141376
0.000134462
0.000128101
0.000122256
0.000116889
0.000111943
0.000107363
0.00010315
9.92596e-05
9.56721e-05
9.23872e-05
8.93571e-05
8.65512e-05
8.39463e-05
8.15045e-05
7.92851e-05
0.000166849
0.000212769
0.000219316
0.000212962
0.000202821
0.000191995
0.000267203
0.000298712
0.000296311
0.000283209
0.000267366
0.000345718
0.000358025
0.000346473
0.000327922
0.000308083
0.000288845
0.000270771
0.000253979
0.000238443
0.000224083
0.000259699
0.000312723
0.000316406
0.000304215
0.0002876
0.000270438
0.000253965
0.00023854
0.000261834
0.000320017
0.00032498
0.000312784
0.000295739
0.00027801
0.000260957
0.000244974
0.000230136
0.000216412
0.000203735
0.000192031
0.000181227
0.000171254
0.000162049
0.000153552
0.000145702
0.000138453
0.000131762
0.000125587
0.000119887
0.000114624
0.000109766
0.00010528
0.000101141
9.73176e-05
9.3789e-05
9.05288e-05
8.75182e-05
8.47362e-05
8.21677e-05
7.97966e-05
7.76074e-05
7.55874e-05
7.37223e-05
7.20026e-05
7.04167e-05
6.8952e-05
6.76015e-05
6.63583e-05
6.52299e-05
6.41935e-05
6.32394e-05
6.23537e-05
6.15301e-05
6.07605e-05
6.00478e-05
5.93904e-05
5.87841e-05
5.82218e-05
5.76997e-05
5.72182e-05
5.67735e-05
5.63596e-05
5.59747e-05
5.56199e-05
5.52899e-05
5.4983e-05
5.47015e-05
5.44424e-05
5.41983e-05
5.39702e-05
5.3764e-05
5.35978e-05
5.34529e-05
5.33253e-05
5.32312e-05
5.315e-05
5.30763e-05
5.30025e-05
5.29214e-05
5.28416e-05
5.2763e-05

