5e-05
5.02631e-05
5.04691e-05
5.06301e-05
5.07572e-05
5.08582e-05
5.09394e-05
5.10093e-05
5.10945e-05
5.12192e-05
5.13914e-05
5.15577e-05
5.1698e-05
5.18291e-05
5.19884e-05
5.21653e-05
5.23197e-05
5.24384e-05
5.25182e-05
5.25351e-05
5.24965e-05
5.24447e-05
5.23819e-05
5.23021e-05
5.2373e-05
5.26361e-05
5.29786e-05
5.33204e-05
5.35652e-05
5.36672e-05
5.37815e-05
5.38937e-05
5.39701e-05
5.39842e-05
5.39573e-05
5.39029e-05
5.38284e-05
5.37398e-05
5.36423e-05
5.35397e-05
5.34352e-05
5.33306e-05
5.32224e-05
5.31159e-05
5.30063e-05
5.29114e-05
5.28493e-05
5.28016e-05
5.30352e-05
5.37775e-05
5.47319e-05
5.5568e-05
5.59881e-05
5.61207e-05
5.61265e-05
5.60366e-05
5.58675e-05
5.56647e-05
5.54456e-05
5.52086e-05
0.000164928
0.000202159
0.000206399
0.000199932
0.000190388
0.000180345
0.000170651
0.000161554
0.000153104
0.000145284
0.000138062
0.000131396
0.000125246
0.000119569
0.00011433
0.000109495
0.000105034
0.000100917
9.71129e-05
9.35977e-05
9.03517e-05
8.73542e-05
8.45839e-05
0.000181364
0.000221615
0.000225801
0.000218332
0.00020754
0.000274691
0.000310652
0.000309009
0.000295495
0.000278886
0.000262133
0.000246179
0.000231285
0.000217501
0.000204773
0.000193025
0.00018218
0.000172168
0.000162923
0.000154379
0.000146488
0.000139201
0.000132474
0.000126283
0.00012057
0.000115289
0.000110405
0.000105896
0.000101734
9.78887e-05
9.43317e-05
9.10457e-05
8.8009e-05
8.52031e-05
8.26058e-05
8.0207e-05
7.7994e-05
7.59528e-05
7.40678e-05
7.23242e-05
7.07086e-05
6.92175e-05
6.78416e-05
6.65729e-05
6.54041e-05
6.43248e-05
6.33299e-05
6.24135e-05
6.15674e-05
6.07866e-05
6.00678e-05
5.94259e-05
5.88614e-05
5.83684e-05
5.79213e-05
5.74947e-05
5.71155e-05
5.67646e-05
5.64443e-05
5.61754e-05
5.59294e-05
5.56935e-05
5.54611e-05
5.52093e-05
5.50116e-05
5.4843e-05
5.46492e-05
5.44475e-05
5.42503e-05
5.40689e-05
5.39092e-05
5.37583e-05
5.36099e-05
5.34585e-05
5.33172e-05
5.31795e-05
5.30441e-05
5.29159e-05
5.27965e-05
5.26867e-05
5.25865e-05
5.25034e-05
5.24322e-05
5.23693e-05
5.23138e-05
5.22577e-05
5.22019e-05
7.00969e-05
0.000175061
0.000202231
0.000203234
0.000195907
0.000186317
0.00017649
0.000167084
0.000158277
0.000150105
0.000142541
0.000135549
0.000129091
0.000123127
0.000117617
0.000112528
0.000107831
0.000103497
9.94981e-05
9.58076e-05
9.24022e-05
8.92596e-05
8.63587e-05
8.36752e-05
8.11946e-05
7.89057e-05
7.67944e-05
7.4846e-05
7.30459e-05
7.13848e-05
6.98499e-05
6.84341e-05
6.71258e-05
6.59184e-05
6.4801e-05
6.37684e-05
6.28124e-05
6.19295e-05
6.11144e-05
6.03616e-05
5.96674e-05
5.90264e-05
5.84365e-05
5.78936e-05
5.73918e-05
5.69301e-05
5.65073e-05
5.61362e-05
5.5799e-05
5.54903e-05
5.52004e-05
5.49267e-05
5.46649e-05
5.44208e-05
5.4196e-05
5.39891e-05
5.37954e-05
5.36137e-05
5.34463e-05
5.32916e-05
5.31455e-05
5.30076e-05
5.2881e-05
5.27616e-05
5.26491e-05
5.2547e-05
5.24535e-05
5.23624e-05
5.22754e-05
5.21995e-05
5.21535e-05
5.21197e-05
5.20946e-05
5.20952e-05
5.21012e-05
5.21082e-05
5.21088e-05
5.20965e-05
5.20801e-05
5.206e-05

