5e-05
5.02667e-05
5.04834e-05
5.06586e-05
5.08009e-05
5.09171e-05
5.10125e-05
5.10912e-05
5.11565e-05
5.12109e-05
5.12566e-05
5.12951e-05
5.13298e-05
5.13804e-05
5.14578e-05
5.15578e-05
5.16553e-05
5.17419e-05
5.18144e-05
8.66154e-05
0.000178686
0.000201608
0.000201353
0.000193733
0.000184133
0.000174389
0.000165093
0.00015641
0.00014836
0.000140919
0.000134048
0.000127706
0.000121853
0.000116447
0.000195826
0.000241913
0.00024694
0.00023868
0.000226619
0.000213962
0.000201755
0.000190307
0.000179679
0.000169848
0.000160764
0.000152375
0.00014463
0.000137483
0.000130912
0.000124862
0.000119283
0.000114126
0.000109353
0.000104945
0.000100874
9.71113e-05
9.36325e-05
9.04197e-05
8.74528e-05
8.47116e-05
8.21659e-05
7.98078e-05
7.76294e-05
7.56189e-05
7.3765e-05
7.2055e-05
7.0474e-05
6.90139e-05
6.76664e-05
6.64227e-05
6.52768e-05
6.42213e-05
6.3249e-05
6.23502e-05
6.15185e-05
6.07474e-05
6.00372e-05
5.93833e-05
5.87771e-05
5.82166e-05
5.77006e-05
5.72204e-05
5.67785e-05
5.6373e-05
5.60011e-05
5.56599e-05
5.5343e-05
5.50483e-05
5.47779e-05
5.45305e-05
5.4304e-05
5.40946e-05
5.39008e-05
5.37229e-05
5.3557e-05
5.34019e-05
5.32595e-05
5.31299e-05
5.30121e-05
5.29049e-05
5.28073e-05
5.27373e-05
5.27172e-05
5.27076e-05
5.27012e-05
5.26948e-05
5.26819e-05
5.26576e-05
5.26277e-05
5.25895e-05
5.25498e-05
5.25098e-05
5.247e-05
5.24256e-05
5.23718e-05
5.23181e-05
5.22651e-05
5.22165e-05
5.21726e-05
5.21329e-05
5.20973e-05
5.20653e-05
5.20366e-05
5.20108e-05
5.19878e-05
5.19661e-05
5.1943e-05
5.19196e-05
5.18919e-05
5.18636e-05
5.18385e-05
5.18171e-05
5.17999e-05
5.19738e-05
5.24976e-05
5.32396e-05
5.41276e-05
5.51599e-05
5.6452e-05
5.75395e-05
5.88826e-05
0.000199408
0.000280489
0.000267477
0.0002512
0.000236045
0.000222138
0.000209224
0.000197239
0.000186122
0.000175816
0.000166275
0.000157455
0.000149304
0.000208908
0.000272243
0.00028064
0.000271926
0.000258543
0.00024437
0.000262963
0.000327873
0.000334937
0.000323106
0.000337417
0.000390494
0.000390407
0.000373355
0.000351741
0.000329755
0.000308756
0.000289125
0.000270916
0.000254073
0.000238513
0.000224167
0.000210927
0.000198703
0.000187418
0.000177
0.000167382
0.000158498
0.000150288
0.000142704
0.0001357
0.000129235
0.000123267
0.000117754
0.000112661
0.000107958
0.000103618
0.000198946
0.000234564
0.00023665
0.000227974
0.000216315
0.000204299
0.000192775
0.000181988
0.000171982
0.000214039
0.000274625
0.00028261
0.000273491
0.000259401
0.000244442
0.000229963
0.000216365
0.000203732
0.000255058
0.000301561
0.000303729
0.000291694
0.000275758
0.000259388
0.000243706
0.000229035
0.000215421
0.000202831
0.000191202
0.000180463
0.000170548
0.00016139
0.000152933
0.000145127
0.000137923
0.000131274
0.000125139
0.000209362
0.000247966
0.000250326
0.000241045
0.000228532
0.000215626
0.000203244
0.000191655
0.000180903
0.000170958
0.000161772
0.000153292
0.000145471
0.000138278
0.000131646
0.000125516
0.000119855
0.000114628
0.000109801
0.000105344
0.000101227
9.74231e-05

