5e-05
5.02631e-05
5.04691e-05
5.06301e-05
5.07572e-05
5.08582e-05
5.09394e-05
5.10093e-05
5.10945e-05
5.12192e-05
5.13914e-05
5.15577e-05
0.000123022
0.000186971
0.000200466
0.000197372
0.000189169
0.000179735
0.000170362
0.000161435
0.000153064
0.000145294
0.000138097
0.000131429
0.000125417
0.000120064
0.000115223
0.000110779
0.000106606
0.00010263
9.89801e-05
9.56173e-05
9.24857e-05
8.95386e-05
8.67782e-05
8.42005e-05
8.17965e-05
7.95576e-05
7.74751e-05
7.55402e-05
7.37442e-05
7.20782e-05
7.05286e-05
6.90916e-05
6.77536e-05
6.65249e-05
6.54161e-05
6.44023e-05
6.3744e-05
6.3663e-05
6.38573e-05
6.39918e-05
6.37642e-05
6.3299e-05
6.27529e-05
0.000135717
0.00019557
0.000207507
0.000203521
0.000194637
0.000184603
0.000174698
0.000165335
0.000156615
0.000148539
0.000141072
0.000134176
0.000127807
0.000121926
0.000116494
0.000111482
0.000106859
0.000102595
9.86592e-05
9.50278e-05
9.16766e-05
8.8586e-05
8.57337e-05
8.30967e-05
8.06591e-05
7.84079e-05
7.63287e-05
7.4406e-05
7.26305e-05
7.09909e-05
6.94797e-05
6.80858e-05
6.67994e-05
6.56112e-05
6.45136e-05
6.34986e-05
6.25589e-05
6.16914e-05
6.08911e-05
6.01525e-05
5.94723e-05
5.88675e-05
5.83262e-05
5.78334e-05
5.73812e-05
5.6964e-05
5.65758e-05
5.62088e-05
5.58648e-05
5.55451e-05
5.52499e-05
5.49961e-05
5.47643e-05
5.45423e-05
5.43292e-05
5.41318e-05
5.39488e-05
5.37778e-05
5.36122e-05
5.34568e-05
5.33102e-05
5.3172e-05
5.30374e-05
5.29119e-05
5.27975e-05
5.26934e-05
5.25967e-05
5.25039e-05
5.24121e-05
5.23278e-05
5.22504e-05
5.21804e-05
5.21181e-05
5.20604e-05
5.20083e-05
5.19624e-05
5.19198e-05
5.18807e-05
5.18467e-05
5.18369e-05
5.18558e-05
5.19015e-05
5.19515e-05
5.19839e-05
5.20284e-05
5.20687e-05
5.21093e-05
5.21738e-05
5.22355e-05
5.22835e-05
5.23133e-05
5.23035e-05
5.23292e-05
5.23669e-05
5.23634e-05
5.23374e-05
5.23024e-05
5.22708e-05
5.22494e-05
5.22261e-05
5.21955e-05
5.21529e-05
5.21119e-05
5.20669e-05
5.2017e-05
5.19678e-05
5.19213e-05
5.18788e-05
5.18407e-05
5.1815e-05
5.17967e-05
5.17826e-05
5.17722e-05
5.17577e-05
5.17404e-05
5.17229e-05
5.17047e-05
5.16883e-05
5.16825e-05
5.16975e-05
5.17113e-05
5.17227e-05
5.17336e-05
5.17348e-05
5.1733e-05
5.17254e-05
5.17132e-05
5.16993e-05
5.16858e-05
5.16682e-05
5.16495e-05
5.16333e-05
5.162e-05
5.16092e-05
5.16007e-05
5.1594e-05
5.15889e-05
5.15843e-05
5.15744e-05
5.15618e-05
5.15512e-05
5.1543e-05
5.1536e-05
5.15281e-05
5.15213e-05
5.15136e-05
5.15076e-05
5.15006e-05
8.79653e-05
0.000180318
0.000203157
0.000202766
0.000195005
0.000185294
0.000175454
0.000166069
0.000157302
0.000149175
0.000141662
0.000134722
0.000128316
0.000122405
0.000116967
0.000111953
0.000107327
0.000103052
9.90993e-05
9.54413e-05
9.20622e-05
8.89434e-05
8.6065e-05
8.34052e-05
8.0947e-05
7.86781e-05
7.65834e-05
7.46466e-05
7.28556e-05
7.1203e-05
6.96749e-05
6.82621e-05
6.69596e-05
6.57581e-05
6.4644e-05
6.36128e-05
6.26652e-05
6.18146e-05
6.1038e-05
6.03273e-05
5.96948e-05
5.91166e-05
5.85842e-05
5.80869e-05
5.76149e-05
5.71743e-05
5.67625e-05

