5e-05
5.02631e-05
5.04691e-05
5.06301e-05
5.07572e-05
5.08582e-05
5.09394e-05
5.10052e-05
5.10589e-05
5.11033e-05
5.11402e-05
5.11713e-05
5.11975e-05
5.12149e-05
5.12284e-05
5.1267e-05
5.13462e-05
5.14338e-05
5.15162e-05
5.15703e-05
5.1592e-05
5.16021e-05
5.16083e-05
0.000166628
0.000200278
0.000203473
0.000196824
0.000187383
0.00017753
0.000168039
0.00015916
0.000150928
0.000143315
0.00013628
0.000129781
0.000123778
0.000118235
0.000113118
0.000108393
0.000104031
0.000100004
9.62863e-05
9.28494e-05
8.96722e-05
8.67393e-05
8.40325e-05
8.15318e-05
7.92219e-05
7.70874e-05
7.51177e-05
0.000159023
0.000210812
0.000219283
0.0002135
0.000203484
0.000192644
0.000182126
0.000172257
0.000163089
0.000154598
0.000146733
0.000139456
0.000132732
0.00012652
0.000120777
0.000115472
0.000110568
0.000106038
0.000101852
9.79871e-05
9.44191e-05
9.11232e-05
8.80753e-05
8.52591e-05
8.26603e-05
8.02644e-05
7.80755e-05
7.60667e-05
7.42162e-05
7.25082e-05
7.09299e-05
6.94621e-05
6.80943e-05
6.68267e-05
6.56559e-05
6.4574e-05
6.35719e-05
6.26469e-05
6.17935e-05
6.10059e-05
6.04003e-05
6.01595e-05
6.00722e-05
5.98946e-05
5.96875e-05
5.94428e-05
5.91528e-05
5.8823e-05
5.84647e-05
5.80896e-05
5.76982e-05
5.73077e-05
5.69215e-05
5.6552e-05
5.62017e-05
5.58716e-05
5.55615e-05
5.52713e-05
5.50004e-05
5.47479e-05
5.45131e-05
5.4295e-05
5.40926e-05
5.39043e-05
5.37238e-05
5.35549e-05
5.33993e-05
5.32534e-05
5.31186e-05
5.29952e-05
5.28825e-05
5.27794e-05
5.26853e-05
5.25993e-05
5.25205e-05
5.24448e-05
5.23714e-05
5.23005e-05
5.22333e-05
5.21716e-05
5.21279e-05
5.23459e-05
5.28282e-05
5.34142e-05
5.39483e-05
5.43292e-05
5.4587e-05
5.47293e-05
5.48314e-05
5.48658e-05
5.48372e-05
5.47627e-05
5.46468e-05
5.45031e-05
5.43495e-05
5.42251e-05
5.41682e-05
5.41316e-05
5.41069e-05
5.40569e-05
5.39783e-05
5.39041e-05
5.38775e-05
5.39138e-05
5.39549e-05
5.39393e-05
5.39003e-05
5.38527e-05
5.37813e-05
5.36853e-05
5.35683e-05
5.34453e-05
5.33184e-05
5.31966e-05
5.30737e-05
5.29488e-05
5.28331e-05
5.27264e-05
5.26283e-05
5.25403e-05
5.24585e-05
5.23782e-05
5.23055e-05
5.22409e-05
5.21906e-05
5.21693e-05
5.21704e-05
5.22074e-05
5.31984e-05
0.00016697
0.000199114
0.00020193
0.000195275
0.000185946
0.000176263
0.000166957
0.000158234
0.00015013
0.000142626
0.000135679
0.000129248
0.000123301
0.000117805
0.000112729
0.00010804
0.000103707
9.9704e-05
9.60063e-05
9.25896e-05
8.94354e-05
8.65223e-05
8.38282e-05
8.13414e-05
7.9045e-05
7.69207e-05
7.49602e-05
7.31494e-05
7.14773e-05
6.99344e-05
6.85113e-05
6.71968e-05
6.59828e-05
6.48624e-05
6.38299e-05
6.28783e-05
6.19985e-05
6.11871e-05
6.04376e-05
5.97454e-05
5.91079e-05
5.85207e-05
5.79799e-05
5.74817e-05
0.000146086
0.000198546
0.000207786
0.000202835
0.000193629
0.000183531
0.000173659
0.000164519
0.000156259
0.000148776
0.000142199
0.000136417
0.00013116
0.000126452
0.000122367
0.000175585
0.000324876
0.000317881
0.000297762
0.000278817
0.000261288
0.000245094
0.000230139
0.000216332
0.000203585
0.000191817
0.000180954

