5e-05
5.02667e-05
5.04834e-05
5.06586e-05
5.08009e-05
5.09171e-05
5.10125e-05
5.10912e-05
5.11565e-05
5.12109e-05
5.12566e-05
5.12951e-05
5.13277e-05
5.13491e-05
5.13984e-05
5.14767e-05
5.15596e-05
5.16373e-05
5.17055e-05
5.17605e-05
5.179e-05
5.18027e-05
5.18087e-05
5.18064e-05
5.17982e-05
5.17893e-05
5.17809e-05
5.17731e-05
5.17639e-05
5.17417e-05
5.17116e-05
5.16845e-05
5.16621e-05
5.16441e-05
5.16302e-05
5.16199e-05
5.16128e-05
5.16085e-05
5.16064e-05
5.16064e-05
5.16157e-05
5.1892e-05
5.24823e-05
5.31118e-05
5.37023e-05
5.42067e-05
5.457e-05
5.48269e-05
5.49824e-05
5.50231e-05
5.49588e-05
5.4838e-05
5.46857e-05
5.45206e-05
5.43469e-05
5.41713e-05
5.40012e-05
5.38352e-05
5.36782e-05
5.35254e-05
0.000153704
0.000198536
0.00020537
0.000199785
0.000190537
0.000180587
0.000170919
0.000161826
0.000153373
0.00014555
0.000138323
0.000131653
0.000125498
0.000119818
0.000114573
0.000109756
0.000105325
0.00010126
9.75272e-05
9.40775e-05
9.08894e-05
8.7933e-05
8.51898e-05
8.2644e-05
8.02834e-05
7.80996e-05
7.60784e-05
7.42118e-05
7.24852e-05
7.08902e-05
6.9417e-05
6.80543e-05
6.67971e-05
6.56318e-05
6.45476e-05
6.35466e-05
6.26248e-05
6.17761e-05
6.09949e-05
6.02759e-05
5.9614e-05
5.90047e-05
5.84437e-05
5.79272e-05
5.74514e-05
5.70128e-05
5.66041e-05
5.6227e-05
5.58776e-05
5.55533e-05
5.5255e-05
5.49808e-05
5.47288e-05
5.44955e-05
5.42778e-05
5.40777e-05
5.38939e-05
5.37253e-05
5.35705e-05
5.34284e-05
5.32979e-05
5.31958e-05
5.31226e-05
5.30449e-05
5.29684e-05
5.28974e-05
5.2831e-05
5.27682e-05
5.27071e-05
5.26521e-05
5.26292e-05
5.26169e-05
5.26063e-05
5.2588e-05
5.25624e-05
5.25346e-05
5.2505e-05
5.24723e-05
5.24298e-05
5.2381e-05
5.2332e-05
5.22863e-05
5.22368e-05
5.21934e-05
5.2181e-05
5.21855e-05
5.22207e-05
5.22638e-05
5.2302e-05
5.23193e-05
5.23207e-05
5.23116e-05
5.22847e-05
5.22512e-05
5.22568e-05
5.25918e-05
5.31932e-05
5.38598e-05
5.44185e-05
5.48896e-05
5.52058e-05
5.53975e-05
5.54897e-05
5.54991e-05
5.54382e-05
5.532e-05
5.52062e-05
5.50735e-05
5.49329e-05
5.47864e-05
5.4633e-05
0.000158395
0.000198769
0.000203961
0.000203368
0.000380392
0.000402187
0.000377757
0.000352962
0.000329847
0.00030845
0.000288674
0.00027041
0.000253545
0.000237976
0.000223604
0.000210338
0.000198094
0.000186793
0.000176364
0.000166738
0.000157856
0.000149658
0.000142094
0.000135116
0.000128677
0.000122737
0.000117256
0.000112196
0.000107526
0.000103239
9.9525e-05
9.62586e-05
9.3306e-05
9.05331e-05
8.78892e-05
8.53601e-05
8.29493e-05
8.06846e-05
7.85526e-05
7.65616e-05
7.47074e-05
7.29832e-05
7.13805e-05
6.98872e-05
6.85005e-05
6.72417e-05
6.60904e-05
6.50283e-05
6.40441e-05
6.31248e-05
6.22715e-05
6.14803e-05
6.07467e-05
6.00622e-05
5.94259e-05
5.88368e-05
5.82917e-05
5.77874e-05
5.73211e-05
5.68898e-05
5.64887e-05
5.61146e-05
5.57655e-05
5.54432e-05
5.51462e-05
5.48726e-05
5.46205e-05
5.43851e-05
5.41669e-05
5.39648e-05
5.37761e-05
5.36027e-05
5.34435e-05
5.32976e-05
5.31638e-05
5.3041e-05
5.29283e-05
5.28248e-05
5.27297e-05

