5e-05
5.02631e-05
5.04691e-05
5.06301e-05
5.07572e-05
5.08582e-05
5.09394e-05
5.10052e-05
5.10589e-05
5.11033e-05
5.11402e-05
5.11713e-05
5.11979e-05
5.12167e-05
5.12297e-05
5.12414e-05
5.12526e-05
5.12746e-05
5.13165e-05
5.1361e-05
5.13985e-05
5.14315e-05
5.14601e-05
5.14844e-05
5.1504e-05
5.15159e-05
5.15248e-05
5.15441e-05
5.15815e-05
0.000153859
0.000197041
0.000203429
0.000197809
0.000188655
0.000178841
0.00016931
0.000160349
0.000152021
0.000144313
0.000137191
0.000130613
0.00012454
0.000118932
0.000113756
0.000108976
0.000104562
0.00010051
9.67821e-05
9.33383e-05
9.01579e-05
8.72201e-05
8.45056e-05
8.19968e-05
7.9678e-05
7.75347e-05
7.55537e-05
7.37228e-05
7.20308e-05
7.04671e-05
6.90222e-05
6.76871e-05
6.64537e-05
6.53141e-05
6.42614e-05
6.32889e-05
6.23907e-05
6.15611e-05
6.07956e-05
6.01122e-05
5.94959e-05
5.89248e-05
5.84238e-05
5.7976e-05
5.75623e-05
5.71746e-05
5.68086e-05
5.64622e-05
5.61342e-05
5.58255e-05
5.55638e-05
5.53325e-05
5.51159e-05
5.4909e-05
5.47096e-05
5.45173e-05
5.43322e-05
5.41545e-05
5.40025e-05
5.38821e-05
5.37715e-05
5.36646e-05
5.35589e-05
5.34525e-05
5.33412e-05
5.32323e-05
5.31271e-05
5.30262e-05
5.29298e-05
5.28381e-05
5.27512e-05
5.26692e-05
5.2592e-05
5.25194e-05
5.24493e-05
5.23812e-05
5.23179e-05
5.22594e-05
5.22055e-05
5.21565e-05
5.22936e-05
5.27541e-05
5.33747e-05
5.40303e-05
5.46827e-05
5.54113e-05
5.60611e-05
5.65293e-05
5.67813e-05
5.68405e-05
5.6758e-05
5.65834e-05
5.6357e-05
5.6129e-05
5.58991e-05
5.56637e-05
5.54258e-05
5.51891e-05
5.50845e-05
5.54248e-05
5.60213e-05
5.66755e-05
5.72388e-05
5.7612e-05
5.77645e-05
5.77892e-05
5.78166e-05
5.78135e-05
5.77487e-05
5.75933e-05
5.73454e-05
5.70568e-05
5.67493e-05
5.64358e-05
5.61249e-05
5.58225e-05
5.55321e-05
5.52559e-05
5.49947e-05
5.47408e-05
5.45015e-05
5.42807e-05
5.42763e-05
5.45949e-05
5.50217e-05
5.53716e-05
5.56281e-05
5.58578e-05
5.59919e-05
5.60088e-05
5.59411e-05
5.58108e-05
5.56383e-05
5.54402e-05
5.52286e-05
5.50122e-05
5.47967e-05
5.45863e-05
5.43834e-05
5.41898e-05
5.40063e-05
5.38335e-05
5.36684e-05
5.35127e-05
5.33778e-05
5.32733e-05
5.31815e-05
5.30978e-05
5.30179e-05
5.29366e-05
5.28583e-05
5.27833e-05
5.2714e-05
5.28892e-05
5.34179e-05
5.41029e-05
5.47952e-05
5.53827e-05
5.57952e-05
5.60158e-05
5.60719e-05
5.60079e-05
5.58651e-05
5.56732e-05
5.54369e-05
5.51898e-05
5.49458e-05
5.47097e-05
5.44839e-05
5.427e-05
5.40686e-05
5.388e-05
5.37041e-05
5.35406e-05
5.3389e-05
5.32454e-05
5.31115e-05
5.29882e-05
5.28747e-05
5.27705e-05
5.26748e-05
5.25869e-05
5.25061e-05
5.24319e-05
5.23637e-05
5.23009e-05
5.22432e-05
5.21882e-05
5.21484e-05
5.21328e-05
5.21239e-05
5.21134e-05
5.20974e-05
5.20797e-05
5.20604e-05
5.20395e-05
5.20175e-05
5.19945e-05
5.19679e-05
5.19836e-05
5.22472e-05
5.26528e-05
5.30817e-05
5.34546e-05
0.00014252
0.00019148
0.000200214
0.000195624
0.000186984
0.000177469
0.000168139
0.000159327
0.000151117
0.000143506
0.000136465
0.000129956
0.000123943
0.000118387
0.000113256
0.000108517
0.00010414

