5e-05
5.02669e-05
5.04842e-05
5.06602e-05
5.08034e-05
5.09206e-05
5.10168e-05
5.10963e-05
5.11819e-05
5.13156e-05
5.14593e-05
5.15908e-05
5.17027e-05
5.17801e-05
5.18584e-05
5.19431e-05
5.20171e-05
5.20765e-05
5.21173e-05
5.21289e-05
5.21132e-05
5.20848e-05
5.20529e-05
5.20092e-05
5.19613e-05
5.19182e-05
5.18805e-05
5.18481e-05
0.000163246
0.000200213
0.000204443
0.000198059
0.000188633
0.000178715
0.000169139
0.000160157
0.000151819
0.000144109
0.000136989
0.000130414
0.000124348
0.00011875
0.000113584
0.000108814
0.000104407
0.000100344
9.66213e-05
9.3193e-05
9.00297e-05
8.71113e-05
8.44089e-05
8.19025e-05
7.95806e-05
7.74336e-05
7.5449e-05
7.36144e-05
7.19174e-05
7.03518e-05
6.8905e-05
6.75711e-05
6.63404e-05
6.51999e-05
6.41485e-05
6.31777e-05
6.22822e-05
6.14557e-05
6.06927e-05
5.99905e-05
5.93445e-05
5.87502e-05
5.81999e-05
5.76839e-05
5.72061e-05
5.67673e-05
5.63647e-05
5.59946e-05
5.56524e-05
5.53384e-05
5.50498e-05
5.47817e-05
5.45357e-05
5.43105e-05
5.41043e-05
5.39156e-05
5.37427e-05
5.35844e-05
5.34335e-05
5.32906e-05
5.31543e-05
5.30244e-05
5.29014e-05
0.000154085
0.000198428
0.000205093
0.000199457
0.0001902
0.000180262
0.000170611
0.000161537
0.000153106
0.000145307
0.000138101
0.000131447
0.000125305
0.000119637
0.000114407
0.000109576
0.000105114
0.000100996
9.7197e-05
9.36878e-05
9.04483e-05
8.74562e-05
8.46932e-05
8.21437e-05
7.97888e-05
7.76135e-05
7.56066e-05
7.37561e-05
7.20501e-05
7.04771e-05
6.90247e-05
6.768e-05
6.6435e-05
6.52843e-05
6.42224e-05
6.32421e-05
6.23388e-05
6.15047e-05
6.07496e-05
6.0326e-05
6.02474e-05
6.0342e-05
6.04473e-05
6.05556e-05
6.04741e-05
6.01735e-05
5.98498e-05
5.95198e-05
5.91714e-05
5.88285e-05
5.84885e-05
5.81349e-05
5.77818e-05
5.74337e-05
5.70891e-05
5.67425e-05
5.64035e-05
5.60804e-05
5.57672e-05
5.5466e-05
5.51747e-05
5.48994e-05
5.46375e-05
5.43926e-05
5.41666e-05
5.39577e-05
5.37801e-05
5.36288e-05
5.34885e-05
5.33563e-05
5.32328e-05
5.31198e-05
5.30151e-05
5.29125e-05
5.2813e-05
5.27231e-05
5.26387e-05
5.25622e-05
5.24934e-05
5.24272e-05
5.23647e-05
5.23071e-05
5.22542e-05
5.22276e-05
5.22211e-05
5.22222e-05
5.22259e-05
5.22259e-05
5.2212e-05
5.21876e-05
5.21555e-05
5.21223e-05
5.20924e-05
5.20645e-05
5.20326e-05
5.20035e-05
5.1978e-05
5.19504e-05
5.19198e-05
5.19096e-05
5.19154e-05
5.19204e-05
5.19238e-05
5.19245e-05
5.19196e-05
5.19097e-05
5.18984e-05
5.18859e-05
5.18686e-05
5.18504e-05
5.18329e-05
5.18145e-05
5.17968e-05
5.17803e-05
5.17659e-05
5.17502e-05
5.17334e-05
5.17176e-05
5.17055e-05
5.16967e-05
5.16888e-05
5.16812e-05
5.16762e-05
5.16726e-05
5.16674e-05
5.16637e-05
5.16583e-05
5.16545e-05
5.16525e-05
5.16485e-05
5.16424e-05
5.16308e-05
5.16178e-05
5.16076e-05
5.15995e-05
5.15919e-05
5.15872e-05
5.15845e-05
5.15761e-05
5.15673e-05
5.15617e-05
5.15592e-05
5.15595e-05
5.15617e-05
5.1562e-05
0.000123176
0.000189709
0.000203868
0.000200658
0.000192142
0.000182373
0.0001727
0.000163541
0.000155004
0.000147096
0.000139785
0.000133032
0.000126791
0.000121026

