5e-05
5.02667e-05
5.04834e-05
5.06586e-05
5.08009e-05
5.09171e-05
5.10125e-05
5.10912e-05
5.11585e-05
5.12873e-05
5.15188e-05
5.18025e-05
5.20731e-05
5.22877e-05
5.24398e-05
5.25492e-05
5.26223e-05
5.26652e-05
5.26841e-05
5.26831e-05
5.26574e-05
5.26253e-05
5.25815e-05
5.2511e-05
5.24434e-05
5.26021e-05
5.3057e-05
5.36745e-05
0.000137595
0.000188855
0.000198615
0.000194607
0.000186321
0.000177032
0.00016786
0.000159162
0.000151041
0.000143502
0.000136519
0.000130055
0.000124072
0.000118541
0.000113431
0.00010871
0.000104349
0.000100322
9.66018e-05
9.31666e-05
8.99945e-05
8.70656e-05
8.43603e-05
8.18562e-05
7.95349e-05
7.74043e-05
7.54728e-05
7.37138e-05
7.21039e-05
7.06613e-05
6.93458e-05
6.812e-05
6.69355e-05
6.58141e-05
6.47684e-05
6.37996e-05
6.29022e-05
6.20666e-05
6.13185e-05
6.06363e-05
6.00261e-05
5.94868e-05
5.89893e-05
5.85169e-05
5.80741e-05
5.76521e-05
5.72507e-05
5.68706e-05
5.65474e-05
5.62607e-05
5.59958e-05
5.57467e-05
5.55104e-05
5.52846e-05
5.50614e-05
5.48694e-05
5.46965e-05
5.45354e-05
5.43825e-05
5.42359e-05
5.40948e-05
5.39672e-05
5.38716e-05
5.37645e-05
5.36552e-05
5.35515e-05
5.34578e-05
5.34035e-05
5.33631e-05
5.33142e-05
5.32625e-05
5.32056e-05
5.31386e-05
5.30605e-05
5.29736e-05
5.28899e-05
5.28207e-05
5.27859e-05
5.27632e-05
5.27435e-05
5.27224e-05
5.26911e-05
5.26568e-05
5.26214e-05
5.25854e-05
5.25489e-05
5.25125e-05
5.24763e-05
5.244e-05
5.23988e-05
5.23539e-05
5.2325e-05
5.23213e-05
5.23183e-05
5.23165e-05
5.23128e-05
5.22995e-05
5.22776e-05
5.2254e-05
5.22303e-05
5.22017e-05
5.21735e-05
5.21471e-05
5.21224e-05
5.21087e-05
5.21252e-05
5.21453e-05
5.21474e-05
5.2143e-05
5.21424e-05
0.000163758
0.000198259
0.000201835
0.000195463
0.000186255
0.000176604
0.000167294
0.000158584
0.000150518
0.000222468
0.000264214
0.000266901
0.000256972
0.000243512
0.000229647
0.000216372
0.000203965
0.000192488
0.000181863
0.000172008
0.000162882
0.000154411
0.000146567
0.00013932
0.000132642
0.000126472
0.000120768
0.000115486
0.000110607
0.000106097
0.000101929
9.80767e-05
9.45174e-05
9.12266e-05
8.81899e-05
8.54071e-05
8.28709e-05
8.05659e-05
7.84394e-05
7.64704e-05
7.46413e-05
7.29464e-05
7.13693e-05
6.98987e-05
6.85373e-05
6.72777e-05
6.61017e-05
6.50103e-05
6.39985e-05
6.30645e-05
6.21995e-05
6.13987e-05
6.06577e-05
5.99681e-05
5.9332e-05
5.87458e-05
5.82024e-05
5.76989e-05
5.72312e-05
5.68002e-05
5.64047e-05
5.60406e-05
5.57039e-05
5.53948e-05
5.51114e-05
5.48512e-05
5.46063e-05
5.43782e-05
5.4165e-05
5.39652e-05
5.37825e-05
5.36161e-05
5.34638e-05
5.33178e-05
5.31837e-05
5.30622e-05
5.29522e-05
5.28527e-05
5.27725e-05
5.27619e-05
5.2783e-05
5.28116e-05
5.28366e-05
5.2853e-05
5.28585e-05
5.28444e-05
5.28179e-05
5.27777e-05
5.27289e-05
5.26757e-05
5.26193e-05
5.25618e-05
5.25078e-05
5.24834e-05
5.24779e-05
5.24742e-05
5.24621e-05
5.24473e-05
5.24268e-05
5.23993e-05
5.23708e-05
5.23432e-05
5.23397e-05
5.2347e-05
5.23552e-05
5.23766e-05
5.24018e-05
5.24247e-05
5.24347e-05
5.24335e-05
5.24203e-05
5.24008e-05

