5e-05
5.02631e-05
5.04691e-05
5.06301e-05
5.07572e-05
5.08582e-05
5.09394e-05
5.10052e-05
5.10589e-05
5.11033e-05
5.11402e-05
5.11713e-05
5.12069e-05
0.000143168
0.000194153
0.000202999
0.000198228
0.000189426
0.000179782
0.000170331
0.000161383
0.000153037
0.000145284
0.000138083
0.000131419
0.000125264
0.000119581
0.000114336
0.000109496
0.000105025
0.000100898
9.70907e-05
9.35781e-05
9.03307e-05
8.73331e-05
8.45683e-05
8.20184e-05
7.9667e-05
7.74973e-05
7.54939e-05
7.36435e-05
7.19994e-05
7.07461e-05
6.97306e-05
6.88668e-05
6.80735e-05
6.72582e-05
6.64181e-05
6.56397e-05
6.48942e-05
6.41218e-05
6.33163e-05
6.25109e-05
6.17382e-05
6.10034e-05
6.03145e-05
5.9671e-05
5.90713e-05
5.85135e-05
5.7992e-05
5.74863e-05
5.70073e-05
5.65624e-05
5.6155e-05
5.58026e-05
5.54884e-05
5.5201e-05
5.49346e-05
5.469e-05
5.44652e-05
5.42563e-05
5.40547e-05
5.3861e-05
5.36786e-05
5.35106e-05
5.3379e-05
5.32688e-05
5.31715e-05
5.30786e-05
5.29893e-05
5.29056e-05
5.28195e-05
5.27299e-05
5.264e-05
5.25548e-05
5.2477e-05
5.24062e-05
5.23407e-05
5.22784e-05
5.22189e-05
5.2161e-05
5.21047e-05
5.20512e-05
5.20008e-05
5.19547e-05
5.19102e-05
5.18697e-05
5.18346e-05
5.18045e-05
5.17787e-05
5.17522e-05
5.17243e-05
5.1694e-05
5.16677e-05
5.16459e-05
5.16282e-05
5.16141e-05
5.16047e-05
5.16216e-05
5.16515e-05
5.16776e-05
5.17009e-05
5.17212e-05
5.17336e-05
5.17434e-05
5.17791e-05
5.1817e-05
5.18477e-05
5.1867e-05
5.18788e-05
5.18857e-05
5.18882e-05
5.18835e-05
5.18713e-05
5.18547e-05
5.18378e-05
5.18214e-05
5.18049e-05
5.17856e-05
5.17671e-05
5.17502e-05
5.17322e-05
5.17142e-05
5.16981e-05
5.16831e-05
5.16827e-05
5.17016e-05
5.17445e-05
9.48677e-05
0.000180311
0.000200934
0.000200015
0.000192315
0.00018286
0.000173299
0.00016418
0.000155646
0.000147714
0.000140398
0.000133903
0.000128036
0.000122573
0.00011745
0.000112659
0.000108183
0.000103983
0.000100033
9.63427e-05
0.000196435
0.000230496
0.000232269
0.000223741
0.000212365
0.000200653
0.000189423
0.00017891
0.000169155
0.000160133
0.0001518
0.000144103
0.000136992
0.000130427
0.000124363
0.000118766
0.000113599
0.000108827
0.000104424
0.000100359
9.66025e-05
9.31542e-05
8.99859e-05
8.70634e-05
8.43886e-05
8.19335e-05
7.96627e-05
0.000106591
0.000197134
0.000218612
0.000217045
0.000208224
0.000197536
0.000186783
0.000176549
0.000166994
0.000158133
0.000149941
0.000142371
0.000135378
0.000128927
0.000122994
0.000117524
0.000112476
0.000107811
0.000103498
9.95123e-05
9.58321e-05
9.24307e-05
8.92844e-05
8.6378e-05
8.3696e-05
8.12212e-05
7.89346e-05
7.6824e-05
7.48759e-05
7.30746e-05
7.14107e-05
6.9875e-05
6.84556e-05
6.71443e-05
6.59354e-05
6.48193e-05
6.37889e-05
6.28371e-05
6.19582e-05
6.1146e-05
6.03976e-05
5.97085e-05
5.9074e-05
5.84895e-05
5.79461e-05
5.74424e-05
5.69768e-05
0.000161123
0.000201861
0.000207207
0.000201047
0.000191546
0.000181478
0.000171748
0.000162615
0.000154155
0.000146335
0.000139105
0.000132411
0.000126222
0.000120502
0.000115219
0.000110357
0.000105877
0.000101734

