5e-05
5.02667e-05
5.04834e-05
5.06586e-05
5.08009e-05
5.09171e-05
5.10125e-05
5.10977e-05
5.12653e-05
5.14836e-05
5.16951e-05
5.1879e-05
5.20169e-05
5.20969e-05
5.21514e-05
5.22074e-05
5.22795e-05
5.23419e-05
5.24123e-05
5.24629e-05
5.24503e-05
5.24117e-05
5.23663e-05
5.23113e-05
5.22589e-05
5.2435e-05
5.29149e-05
5.35771e-05
5.46122e-05
9.8007e-05
0.00026644
0.00027361
0.000257796
0.000242069
0.000227433
0.000213889
0.000201374
0.000189815
0.000179143
0.00016929
0.000160197
0.000151805
0.00014406
0.000136915
0.000130322
0.000124254
0.000118672
0.000113527
0.00010878
0.00010441
0.000204545
0.000241262
0.000243433
0.000277986
0.000335651
0.000339681
0.00032646
0.000308414
0.000289742
0.000271808
0.000254992
0.000239375
0.000224931
0.000211588
0.000199269
0.000187894
0.000177392
0.000167701
0.000158758
0.000150502
0.000142881
0.000135842
0.000129346
0.000123352
0.00011782
0.000112712
0.000107994
0.000103642
9.96263e-05
9.59191e-05
9.24974e-05
8.93359e-05
8.64157e-05
8.37196e-05
8.12321e-05
7.89379e-05
7.68199e-05
7.48657e-05
7.30578e-05
7.13888e-05
6.98505e-05
6.84303e-05
6.71179e-05
6.59058e-05
6.48233e-05
6.41009e-05
6.3654e-05
0.000153518
0.000197443
0.000204412
0.000199162
0.000190219
0.000180514
0.000171015
0.000162048
0.000153688
0.000145929
0.000138737
0.000132083
0.000125932
0.000120247
0.000114994
0.000110142
0.000105688
0.000101581
0.000123172
0.000212967
0.000233455
0.000230815
0.000220949
0.000209278
0.000203981
0.000290893
0.000306952
0.000299188
0.000284229
0.000267741
0.000306683
0.000349228
0.000347735
0.000332318
0.00031326
0.000294013
0.000275702
0.000258613
0.000334144
0.000348103
0.000337614
0.0003199
0.000300877
0.000282474
0.000306859
0.000352006
0.000351394
0.000336227
0.00031725
0.000297922
0.000279444
0.000326328
0.000356066
0.000350289
0.000333423
0.000318207
0.000383802
0.000388448
0.000398476
0.000437954
0.000431004
0.000446854
0.000471521
0.000458312
0.000433948
0.000467757
0.000475217
0.000456431
0.000430183
0.000402907
0.000376663
0.000352044
0.00032914
0.000307922
0.000288296
0.000354584
0.000364535
0.000351952
0.000332835
0.000312601
0.000293022
0.000274656
0.000257607
0.00024183
0.000227251
0.00021378
0.000201338
0.000189838
0.000179218
0.000169411
0.00016036
0.000152003
0.000144284
0.000219232
0.000258041
0.000259955
0.000250046
0.000237022
0.000224098
0.000211973
0.000200672
0.00022831
0.000286619
0.00029368
0.000283952
0.0002693
0.000253781
0.000238745
0.000224582
0.000289504
0.000318119
0.000313824
0.00029926
0.00028216
0.000265143
0.000249328
0.000234778
0.000221395
0.000208987
0.000197462
0.000186799
0.000176886
0.000167652
0.000159025
0.000150996
0.000143537
0.0001366
0.000130158
0.00012419
0.000118669
0.000113556
0.000108821
0.000104439
0.000100387
9.66441e-05
9.3189e-05
9.00006e-05
8.70548e-05
8.43354e-05
8.18266e-05
7.95125e-05
7.73754e-05
7.54007e-05
7.35713e-05
7.18828e-05
7.03379e-05
6.89333e-05
6.76458e-05
6.64659e-05
6.54273e-05
6.45145e-05
6.36666e-05
6.28719e-05

