5e-05
5.02667e-05
5.04834e-05
5.06586e-05
5.08009e-05
5.09171e-05
5.10125e-05
5.10912e-05
5.11584e-05
5.12431e-05
5.13311e-05
5.14109e-05
5.14735e-05
0.000136981
0.000192684
0.000203184
0.000198896
0.000190141
0.000180407
0.000170848
0.000161812
0.000153398
0.000145605
0.000138398
0.000131733
0.000125578
0.000119896
0.000114651
0.000109809
0.000105334
0.0001012
9.73812e-05
9.38558e-05
9.06029e-05
8.76017e-05
8.48328e-05
8.22782e-05
7.99195e-05
7.77406e-05
7.57305e-05
7.38763e-05
7.2166e-05
7.0586e-05
6.91264e-05
6.77802e-05
6.65387e-05
6.53993e-05
6.43704e-05
6.34155e-05
6.49492e-05
0.000176678
0.000207119
0.000209005
0.000201666
0.000191766
0.000181554
0.000171758
0.00016259
0.000154084
0.000146218
0.000138948
0.000132228
0.000126025
0.0001203
0.000115017
0.000110141
0.000105638
0.000101483
9.76486e-05
9.41107e-05
9.08461e-05
8.78338e-05
8.50542e-05
8.24893e-05
8.01224e-05
7.79382e-05
7.59225e-05
7.40622e-05
7.23454e-05
7.07609e-05
6.9299e-05
6.7974e-05
6.67691e-05
6.56613e-05
6.46383e-05
6.3689e-05
6.28022e-05
6.19793e-05
6.12163e-05
6.0509e-05
6.00137e-05
6.00136e-05
6.04446e-05
0.000110272
0.000274953
0.00027932
0.000262937
0.000246812
0.000231811
0.000217931
0.000205105
0.000193263
0.000182347
0.000172275
0.000162979
0.000154398
0.000146475
0.000139162
0.000132412
0.000126182
0.000120431
0.000115122
0.000110222
0.000105701
0.000101524
9.76677e-05
9.411e-05
9.08278e-05
8.77987e-05
8.50019e-05
8.24217e-05
8.00405e-05
7.78411e-05
7.58122e-05
7.39407e-05
7.22145e-05
7.0619e-05
6.91432e-05
6.77798e-05
6.65217e-05
6.53618e-05
6.42953e-05
6.3335e-05
6.24803e-05
6.17092e-05
6.11793e-05
0.000111744
0.000337142
0.000393477
0.000389948
0.00037178
0.000349884
0.000327876
0.000306931
0.000287402
0.000269328
0.000252656
0.000237275
0.000310494
0.000342333
0.000337863
0.000322033
0.000303367
0.000284738
0.000267079
0.000250618
0.000235362
0.000221277
0.00020827
0.000196253
0.00018515
0.00017489
0.000165421
0.000156692
0.000148625
0.000141171
0.000134286
0.000127923
0.000122042
0.00011661
0.000111592
0.000106956
0.000102674
9.87211e-05
9.50694e-05
9.16962e-05
8.85821e-05
8.57075e-05
8.30526e-05
8.06065e-05
7.85317e-05
7.68208e-05
7.53078e-05
7.38874e-05
7.24777e-05
7.10864e-05
6.9758e-05
6.85264e-05
6.73562e-05
6.62427e-05
6.52083e-05
6.43289e-05
6.39287e-05
6.37116e-05
6.34098e-05
6.29766e-05
6.24067e-05
6.17866e-05
6.1129e-05
6.04783e-05
5.98484e-05
5.92434e-05
5.86704e-05
5.81293e-05
5.76232e-05
5.71515e-05
5.67129e-05
5.63038e-05
5.59214e-05
5.55667e-05
5.52376e-05
5.49328e-05
5.46519e-05
5.43917e-05
5.415e-05
5.39253e-05
5.37189e-05
5.35299e-05
5.33555e-05
5.31951e-05
5.30481e-05
5.29115e-05
5.27863e-05
5.26701e-05
5.25632e-05
5.24656e-05
5.23766e-05
5.22936e-05
5.22167e-05
5.21466e-05
5.20827e-05
5.20222e-05
5.19647e-05
5.19115e-05
5.18621e-05
5.18161e-05
5.17747e-05
5.17357e-05
5.17e-05
5.1668e-05
5.16394e-05
5.16098e-05
5.158e-05
5.15524e-05
5.15271e-05
5.15051e-05
5.14863e-05
5.14685e-05
5.14522e-05
5.14384e-05

