5e-05
5.02631e-05
5.04691e-05
5.06301e-05
5.07572e-05
5.08582e-05
5.09394e-05
5.10052e-05
5.10589e-05
5.11033e-05
5.11402e-05
5.11713e-05
5.11975e-05
5.12149e-05
5.12284e-05
5.1267e-05
5.13462e-05
5.14338e-05
5.15162e-05
5.15703e-05
5.1592e-05
5.16021e-05
5.16083e-05
5.16056e-05
5.15995e-05
5.15917e-05
5.15827e-05
5.15746e-05
5.15667e-05
5.15546e-05
5.15611e-05
5.15777e-05
5.1595e-05
5.16086e-05
5.16189e-05
5.16244e-05
5.16288e-05
5.16323e-05
5.1635e-05
5.1637e-05
5.16382e-05
5.16388e-05
5.16345e-05
5.1626e-05
5.16183e-05
5.16117e-05
5.16037e-05
5.15947e-05
5.15843e-05
5.15754e-05
5.15673e-05
5.15567e-05
5.15364e-05
5.15173e-05
5.15023e-05
5.15092e-05
5.15561e-05
5.16275e-05
5.17012e-05
5.17625e-05
0.000129943
0.000190576
0.000202868
0.000199168
0.000190565
0.000180832
0.000171227
0.000162145
0.000153683
0.000145846
0.000138603
0.000131912
0.000125728
0.000120018
0.000114746
0.000109884
0.000105418
0.000101307
9.75156e-05
9.40163e-05
9.07843e-05
0.000117297
0.000207008
0.000227698
0.000225391
0.000215895
0.00020459
0.000193281
0.000182542
0.000172525
0.000163364
0.000155213
0.000147819
0.000140896
0.000134462
0.000128468
0.000122871
0.000117643
0.000112762
0.000108212
0.000103967
0.000100019
9.63494e-05
9.29485e-05
8.98e-05
8.68867e-05
8.41921e-05
8.17006e-05
7.93977e-05
7.72695e-05
7.53031e-05
7.34866e-05
7.18087e-05
7.02583e-05
6.88205e-05
6.74909e-05
6.62639e-05
6.51289e-05
6.4081e-05
6.31148e-05
6.2224e-05
6.14028e-05
6.06457e-05
5.99476e-05
5.93038e-05
5.87066e-05
5.81518e-05
5.76364e-05
5.7159e-05
5.67187e-05
5.63253e-05
5.62206e-05
5.6405e-05
5.6716e-05
5.69963e-05
5.71429e-05
5.71843e-05
5.71269e-05
5.70447e-05
5.69089e-05
5.67232e-05
5.65037e-05
5.6254e-05
5.59867e-05
5.5719e-05
5.54894e-05
5.53352e-05
5.52089e-05
5.51013e-05
5.4975e-05
5.48258e-05
5.46864e-05
5.45997e-05
5.45805e-05
5.61695e-05
0.000168071
0.000199294
0.00020187
0.000195186
0.000185868
0.000176158
0.000166807
0.000158032
0.000149883
0.000142334
0.00013535
0.0001289
0.000122945
0.000117448
0.000112377
0.000107694
0.000103367
9.93745e-05
9.5691e-05
9.23002e-05
8.9195e-05
8.63495e-05
8.37587e-05
8.13779e-05
7.91629e-05
7.70989e-05
7.51879e-05
7.34189e-05
7.17869e-05
7.03089e-05
6.8952e-05
6.76964e-05
6.65304e-05
6.54458e-05
6.44294e-05
6.34752e-05
6.25857e-05
6.17573e-05
6.09898e-05
6.0279e-05
5.96183e-05
5.90048e-05
5.84363e-05
5.7908e-05
5.74203e-05
5.69687e-05
5.65467e-05
5.61574e-05
0.000137299
0.000195708
0.000206982
0.00020272
0.000193736
0.000183705
0.000173848
0.000164543
0.000155882
0.000147863
0.000140453
0.000133612
0.000127294
0.000121463
0.000221179
0.000250433
0.000249686
0.000239452
0.000226722
0.000213843
0.000201562
0.000190089
0.000179453
0.00016962
0.000160537
0.000152146
0.000144399
0.000137413
0.000131204
0.000125637
0.000120835
0.000116694
0.000112953
0.000109645
0.000106852
0.000161263
0.000311655
0.000305676
0.000286496
0.000268417
0.000251687
0.000236231
0.000221958
0.00020878
0.000196613
0.000185382
0.000175013

