5e-05
5.02631e-05
5.04691e-05
5.06301e-05
5.07572e-05
5.08582e-05
5.09394e-05
5.10052e-05
5.10589e-05
5.11033e-05
5.11437e-05
5.12034e-05
5.12661e-05
5.13388e-05
5.14302e-05
5.15165e-05
5.15904e-05
5.16502e-05
5.16962e-05
8.91221e-05
0.000180161
0.000202644
0.000202174
0.000194426
0.000184753
0.000174957
0.000165617
0.000156893
0.000148805
0.000141328
0.000134422
0.000128047
0.000122162
0.000116726
0.000111703
0.000107067
0.000102789
9.8841e-05
9.5197e-05
9.18325e-05
8.87279e-05
8.58618e-05
8.32152e-05
8.07733e-05
7.85205e-05
7.64421e-05
7.45246e-05
7.27556e-05
7.11237e-05
6.96388e-05
6.82854e-05
6.70375e-05
6.58747e-05
6.47984e-05
6.3803e-05
6.28812e-05
6.2024e-05
6.12303e-05
6.04963e-05
5.98174e-05
5.91806e-05
5.85881e-05
5.8039e-05
5.75317e-05
5.70644e-05
5.66342e-05
5.62381e-05
5.58735e-05
5.55379e-05
5.52289e-05
5.49442e-05
5.46766e-05
5.44282e-05
5.42001e-05
5.39904e-05
5.37944e-05
5.36115e-05
5.34438e-05
5.32904e-05
5.31503e-05
5.30217e-05
5.28982e-05
5.27841e-05
5.26787e-05
5.25809e-05
5.24921e-05
0.00015903
0.000199375
0.000204733
0.000198701
0.000189354
0.000179426
0.000169817
0.000160794
0.000152411
0.000144656
0.000137493
0.00013088
0.000124776
0.000119142
0.000113942
0.000109142
0.000104708
0.000100617
9.684e-05
9.33548e-05
0.000177314
0.000224886
0.000231249
0.000224205
0.000213258
0.000281879
0.000314999
0.00031223
0.000298203
0.000281305
0.000264347
0.000248226
0.000233185
0.000219245
0.000206359
0.000194458
0.00018347
0.000173326
0.000163963
0.000155319
0.00014734
0.000139975
0.000133176
0.000126897
0.000121099
0.000115749
0.00011081
0.000106428
0.000102657
0.000193967
0.000227321
0.000229395
0.000221357
0.000241873
0.000305323
0.000312908
0.000302242
0.000286265
0.000269389
0.000253069
0.000237743
0.000223505
0.000210355
0.000198301
0.000285028
0.000303034
0.000296125
0.000344355
0.000372583
0.000365368
0.000393932
0.000418202
0.000472198
0.000595116
0.000565956
0.000527463
0.000491133
0.000473694
0.000522882
0.000514811
0.000488858
0.000458517
0.000428308
0.000399664
0.00037296
0.00034822
0.00032535
0.000304228
0.000284726
0.000266722
0.000250102
0.000234759
0.000220595
0.000284219
0.000322695
0.000321194
0.000307069
0.000289646
0.000305929
0.000364231
0.000366937
0.000351842
0.000331852
0.000311316
0.000291642
0.000273234
0.000256157
0.000240363
0.000225773
0.000212312
0.000199961
0.000188575
0.000178045
0.000168303
0.000262419
0.000284432
0.000279692
0.000266651
0.000251619
0.000236708
0.000222586
0.000209426
0.000197236
0.000185967
0.00017556
0.000165951
0.00015708
0.000148891
0.000141331
0.000134354
0.000127912
0.000121966
0.000116477
0.000111446
0.000106887
0.000139833
0.000219621
0.000236674
0.000232794
0.000222407
0.000210459
0.000198611
0.000187388
0.000176928
0.000167238
0.000158279
0.000150007
0.000142389
0.000135361
0.000128871
0.000122875
0.000117335
0.000112218
0.000107491
0.000103125
9.90954e-05
9.53845e-05
9.19597e-05
8.87963e-05
8.58738e-05
8.31736e-05
8.06792e-05
7.83749e-05
7.62467e-05

