5e-05
5.02669e-05
5.04842e-05
5.06602e-05
5.08034e-05
5.09206e-05
5.10168e-05
5.10963e-05
5.11623e-05
5.12174e-05
5.12636e-05
5.13026e-05
5.13512e-05
0.00012357
0.000188298
0.000201891
0.000198683
0.00019032
0.000180732
0.000171211
0.000162157
0.000153706
0.00014587
0.00013861
0.000131903
0.000125712
0.00012
0.000114729
0.000109866
0.000105374
0.000101227
9.74027e-05
9.38746e-05
9.06204e-05
8.76187e-05
8.485e-05
8.22961e-05
7.99404e-05
7.77672e-05
7.57625e-05
7.39131e-05
7.22048e-05
7.06256e-05
6.91672e-05
6.78188e-05
6.6575e-05
6.54281e-05
6.43706e-05
6.33955e-05
6.24963e-05
6.16648e-05
6.08909e-05
6.01685e-05
5.94989e-05
5.88827e-05
5.83134e-05
0.000133933
0.000195673
0.00020788
0.000203884
0.000194952
0.000184887
0.000174972
0.000165608
0.00015689
0.000148816
0.000141347
0.000134451
0.000128079
0.000122195
0.000116766
0.000111749
0.000107118
0.000102842
9.88899e-05
9.52395e-05
9.18708e-05
8.87614e-05
8.58938e-05
8.32495e-05
8.08113e-05
7.85615e-05
7.64783e-05
7.45533e-05
7.27769e-05
7.11389e-05
6.96238e-05
6.82262e-05
6.69362e-05
6.57479e-05
6.46519e-05
6.36408e-05
6.27072e-05
6.18463e-05
6.10526e-05
6.03196e-05
5.96452e-05
5.90244e-05
5.84498e-05
5.79186e-05
5.74248e-05
5.69837e-05
5.65891e-05
5.62313e-05
5.59278e-05
5.56716e-05
5.54321e-05
5.52071e-05
5.49871e-05
5.47732e-05
5.45718e-05
5.43826e-05
5.42018e-05
5.40287e-05
5.38661e-05
5.37341e-05
5.36229e-05
5.35103e-05
5.33997e-05
5.32965e-05
5.31999e-05
5.31115e-05
5.30592e-05
5.30164e-05
5.29755e-05
5.29355e-05
5.28925e-05
5.28415e-05
5.27899e-05
5.27577e-05
5.30961e-05
5.3931e-05
8.52518e-05
0.000263223
0.000276306
0.000260457
0.000244549
0.000229733
0.000216012
0.000203331
0.000191618
0.000180803
0.00017082
0.000161609
0.000153121
0.000145309
0.000138119
0.000131499
0.000125377
0.000119717
0.000114484
0.00010965
0.000105176
0.000101038
9.72148e-05
9.36831e-05
9.04178e-05
8.74032e-05
8.462e-05
8.20506e-05
7.96789e-05
7.74912e-05
7.54749e-05
7.36152e-05
7.1895e-05
7.03078e-05
6.88623e-05
6.75378e-05
6.63179e-05
6.51934e-05
6.41569e-05
6.31972e-05
6.23037e-05
6.14752e-05
6.07079e-05
5.99974e-05
5.93405e-05
5.8728e-05
5.81606e-05
5.76384e-05
5.71536e-05
5.67014e-05
5.62812e-05
5.58954e-05
5.55396e-05
5.52144e-05
5.49382e-05
5.46957e-05
5.44767e-05
5.42746e-05
5.40829e-05
5.38956e-05
5.37179e-05
5.35534e-05
5.33984e-05
5.32548e-05
5.31218e-05
5.2997e-05
5.28823e-05
5.2777e-05
5.26783e-05
5.25865e-05
5.24994e-05
5.24182e-05
8.88962e-05
0.000181354
0.000204177
0.000203717
0.000195883
0.000186103
0.000176201
0.000166761
0.000157945
0.000149773
0.00014222
0.000135357
0.00012932
0.000123851
0.00011882
0.000114164
0.000109816
0.000105727
0.000101847
9.81775e-05
9.47344e-05
9.15264e-05
8.85432e-05
8.57667e-05
8.3186e-05
8.07943e-05
7.85793e-05
7.6529e-05
7.4632e-05
7.28749e-05
7.1247e-05
6.97424e-05
6.83524e-05
6.70684e-05
6.58826e-05
6.4784e-05
6.37681e-05
6.28272e-05
6.19586e-05
6.11577e-05
6.04192e-05
5.97384e-05
5.91108e-05
5.85321e-05
5.79985e-05
5.75029e-05

