5e-05
5.02669e-05
5.04842e-05
5.06602e-05
5.08034e-05
5.09206e-05
5.10168e-05
5.10963e-05
5.12001e-05
5.13961e-05
5.16103e-05
5.18076e-05
5.1974e-05
5.21083e-05
5.22106e-05
5.23306e-05
5.24618e-05
5.2574e-05
8.61689e-05
0.000177605
0.000200665
0.000200772
0.000291244
0.000309888
0.000302781
0.000287852
0.000271192
0.000254825
0.000239374
0.000224982
0.000211676
0.000199425
0.000214335
0.000287317
0.000298664
0.000289869
0.000275099
0.000259172
0.000322208
0.000346806
0.000339766
0.000323023
0.000304038
0.000285298
0.000267576
0.000251067
0.000235777
0.000221648
0.000208637
0.000196663
0.000185585
0.00017534
0.000165891
0.000157212
0.000149225
0.000198369
0.000255261
0.000263162
0.000255069
0.000242284
0.000228625
0.000215368
0.000202911
0.000191333
0.000180616
0.00017071
0.000161558
0.000153107
0.000145301
0.000138092
0.000170309
0.000244151
0.000257885
0.000251844
0.000239826
0.000291567
0.000329966
0.000328112
0.000313574
0.000295745
0.000277769
0.000260653
0.000244665
0.00022984
0.000216134
0.000203476
0.000191792
0.000181001
0.000171036
0.00016184
0.000153351
0.000145515
0.000138279
0.0001316
0.000125435
0.000119744
0.000114494
0.00010965
0.000105179
0.000101054
9.72487e-05
9.37385e-05
9.05007e-05
8.75228e-05
8.48028e-05
8.23028e-05
7.99985e-05
7.78647e-05
7.58826e-05
7.40442e-05
7.23393e-05
7.07637e-05
6.93058e-05
6.79609e-05
6.67482e-05
6.56367e-05
6.46093e-05
6.36604e-05
6.27825e-05
6.19693e-05
6.12141e-05
6.05071e-05
5.98458e-05
5.924e-05
5.86979e-05
5.81887e-05
5.77153e-05
5.72683e-05
5.68488e-05
5.64782e-05
5.64583e-05
5.68347e-05
5.75498e-05
6.35536e-05
0.000244726
0.000264795
0.000249885
0.000234774
0.000220694
0.000207661
0.000195619
0.000184497
0.000174229
0.00016475
0.000156001
0.000147926
0.000140474
0.000133607
0.000127277
0.000121436
0.000196731
0.00025193
0.000259355
0.000251216
0.000238546
0.000225074
0.000212025
0.000199769
0.000188385
0.000177857
0.00016815
0.000159191
0.00015092
0.000143284
0.000136238
0.000129747
0.000123754
0.000118223
0.000113108
0.000108382
0.000104014
9.99795e-05
9.62527e-05
9.28126e-05
8.96352e-05
8.67024e-05
8.39961e-05
8.14989e-05
7.91945e-05
7.7068e-05
7.51037e-05
0.000166009
0.000212988
0.000219762
0.000213427
0.000203247
0.000192354
0.000181782
0.000171866
0.000162661
0.000154289
0.000146948
0.000140359
0.000134314
0.000128605
0.000123209
0.000118099
0.0001133
0.00010878
0.000104552
0.000100606
9.69145e-05
9.34824e-05
9.02992e-05
8.73388e-05
0.00016867
0.000219226
0.000226853
0.000220437
0.000209881
0.000198541
0.00018752
0.000177158
0.000167531
0.000158639
0.000150432
0.000142859
0.00013586
0.000129396
0.000123429
0.00011792
0.000112829
0.000108125
0.000103777
9.97636e-05
9.60595e-05
9.26409e-05
8.94858e-05
8.65703e-05
8.38715e-05
8.13802e-05
7.90806e-05
7.6967e-05
7.50359e-05
7.32592e-05
7.1619e-05
7.00974e-05
6.86824e-05
6.7367e-05
6.61503e-05
6.50253e-05
6.39873e-05
6.30524e-05
6.2203e-05
6.14176e-05
6.07199e-05
6.00907e-05
8.40983e-05
0.000181178
0.000204671

