5e-05
5.02667e-05
5.04834e-05
5.06586e-05
5.08009e-05
5.09171e-05
5.10125e-05
5.10912e-05
5.11585e-05
5.12873e-05
5.15188e-05
5.18025e-05
5.20731e-05
5.22877e-05
5.24398e-05
5.25492e-05
5.26223e-05
5.26652e-05
5.26841e-05
0.000136512
0.000192296
0.000202969
0.000198769
0.000287456
0.000308456
0.000301921
0.000287592
0.000271674
0.00025599
0.000241066
0.000227111
0.000214093
0.000201945
0.000190635
0.000180134
0.000170394
0.000161376
0.000153031
0.000145311
0.000138169
0.000131562
0.000125456
0.000119814
0.000114602
0.000109788
0.000105342
0.000101237
9.74451e-05
9.39441e-05
9.07115e-05
8.77259e-05
8.4963e-05
8.24029e-05
8.00518e-05
7.79167e-05
7.59698e-05
7.41864e-05
7.25837e-05
7.11204e-05
6.97582e-05
6.84477e-05
6.72101e-05
6.6057e-05
6.49891e-05
6.40003e-05
6.30803e-05
6.22542e-05
6.15001e-05
7.32886e-05
0.000177455
0.000204478
0.000205436
0.000198043
0.000188358
0.000178425
0.000168906
0.00016003
0.000151808
0.000144205
0.000137176
0.00013068
0.000124675
0.000119117
0.000114
0.000109281
0.000104924
0.000100897
9.71738e-05
9.37315e-05
9.05565e-05
8.76478e-05
8.49438e-05
8.24373e-05
8.01208e-05
7.79843e-05
7.60443e-05
7.42632e-05
7.26074e-05
7.10725e-05
6.96462e-05
6.83152e-05
6.70703e-05
6.59062e-05
6.48282e-05
6.38411e-05
6.29591e-05
6.21542e-05
6.14125e-05
6.07249e-05
6.00784e-05
5.94761e-05
5.89164e-05
5.83964e-05
5.79132e-05
5.74643e-05
5.70474e-05
5.66597e-05
5.6294e-05
5.59497e-05
5.56443e-05
5.53854e-05
5.51469e-05
5.49275e-05
0.000112634
0.00018714
0.000204042
0.000201746
0.000193464
0.000183691
0.000173937
0.000164681
0.00015605
0.000148062
0.000140706
0.000133918
0.000127633
0.000121826
0.000116468
0.000111546
0.000107009
0.000102847
9.90145e-05
9.5476e-05
9.22037e-05
8.91748e-05
8.64006e-05
8.38595e-05
8.15386e-05
7.93861e-05
7.73694e-05
7.54832e-05
7.37246e-05
7.21446e-05
0.000104928
0.000191403
0.00021184
0.000210401
0.00020204
0.000191878
0.000260557
0.000296615
0.000295762
0.000283211
0.000267586
0.000313617
0.000350299
0.000346916
0.000330973
0.000339653
0.000390933
0.000390136
0.000372825
0.000351133
0.00032916
0.000308234
0.000288722
0.000270633
0.000253902
0.000238436
0.00022415
0.000210948
0.000198746
0.000187479
0.000177074
0.000167457
0.000239855
0.000276348
0.000276618
0.000265372
0.000251028
0.000236423
0.000222467
0.000209422
0.000197326
0.000186138
0.000175802
0.000166255
0.000157442
0.000149309
0.000141802
0.000134872
0.000128476
0.000122574
0.000117127
0.000112094
0.000107446
0.000103153
9.91867e-05
9.55271e-05
9.21513e-05
8.90362e-05
8.61553e-05
8.34966e-05
8.10444e-05
7.87831e-05
7.66976e-05
7.47842e-05
7.30812e-05
7.15401e-05
7.01266e-05
6.88204e-05
6.76078e-05
6.64789e-05
6.54176e-05
6.44245e-05
6.34919e-05
6.26194e-05
6.18057e-05
6.10474e-05
6.03419e-05
5.96898e-05
5.91132e-05
5.8598e-05
5.81237e-05
5.76772e-05
5.72615e-05
5.68709e-05
5.65017e-05
5.61577e-05
5.5839e-05
5.55668e-05
5.5326e-05
5.51051e-05
5.49151e-05
5.47452e-05
5.45878e-05
5.44315e-05
5.42769e-05
5.41219e-05
5.39716e-05

