5e-05
5.02631e-05
5.04691e-05
5.06301e-05
5.07572e-05
5.08582e-05
5.09394e-05
5.10052e-05
5.10589e-05
5.11153e-05
5.11865e-05
5.12544e-05
5.13135e-05
5.13525e-05
5.13775e-05
5.13974e-05
5.14137e-05
5.14395e-05
5.14872e-05
5.15655e-05
5.16138e-05
5.16444e-05
5.16711e-05
5.16922e-05
5.19229e-05
5.24417e-05
5.30931e-05
5.37584e-05
5.43446e-05
5.47006e-05
5.47867e-05
5.47633e-05
5.46854e-05
5.45723e-05
5.44309e-05
5.42735e-05
5.4113e-05
5.39539e-05
5.37989e-05
5.36497e-05
5.35074e-05
5.33842e-05
5.32943e-05
5.32426e-05
5.32189e-05
5.32143e-05
5.32982e-05
5.34732e-05
5.36613e-05
5.38135e-05
5.39136e-05
9.01525e-05
0.000179675
0.000201818
0.000201343
0.000193679
0.000184106
0.000174402
0.000165138
0.00015648
0.000148448
0.000141015
0.000134144
0.000127798
0.000121937
0.00011652
0.000111514
0.000106894
0.000102631
9.86983e-05
9.50696e-05
9.17205e-05
8.86279e-05
8.57746e-05
8.31423e-05
8.07138e-05
7.84734e-05
7.64064e-05
7.44993e-05
7.27395e-05
7.11157e-05
6.96173e-05
6.82344e-05
6.69581e-05
6.57801e-05
6.46927e-05
6.36889e-05
6.27623e-05
6.19068e-05
6.1117e-05
6.03877e-05
5.97143e-05
5.90925e-05
5.8516e-05
5.79812e-05
5.74883e-05
5.70652e-05
5.67153e-05
5.64049e-05
5.6119e-05
5.58435e-05
5.55765e-05
5.53215e-05
5.50719e-05
5.48348e-05
5.46365e-05
5.4459e-05
5.42842e-05
5.41189e-05
5.39619e-05
5.38122e-05
5.36693e-05
5.35331e-05
5.34035e-05
5.32764e-05
5.31503e-05
5.30313e-05
5.29172e-05
5.2811e-05
5.27115e-05
5.26173e-05
5.25308e-05
5.24516e-05
5.23792e-05
5.23106e-05
5.22467e-05
5.21886e-05
5.21358e-05
5.22222e-05
5.26135e-05
5.31147e-05
5.36915e-05
5.42621e-05
5.47202e-05
5.49802e-05
5.50707e-05
5.5065e-05
5.50363e-05
5.49757e-05
5.4878e-05
5.47546e-05
5.46129e-05
5.44596e-05
5.43005e-05
5.41409e-05
5.39973e-05
5.38767e-05
5.37816e-05
5.36739e-05
5.35644e-05
5.34544e-05
5.33444e-05
5.32577e-05
5.31777e-05
5.30889e-05
5.29932e-05
5.29241e-05
5.28674e-05
5.28175e-05
5.29629e-05
0.000163821
0.000270907
0.00026139
0.000245646
0.000230748
0.000216941
0.000204174
0.000308712
0.000333377
0.000326983
0.000311021
0.000292816
0.000274884
0.000257958
0.000242179
0.000227536
0.00021398
0.000201445
0.000189861
0.00017916
0.000169278
0.000160153
0.000151727
0.000143948
0.000136766
0.000130136
0.000124015
0.000118364
0.000113148
0.000108333
0.000103889
9.97861e-05
9.59989e-05
9.25027e-05
8.92754e-05
8.62965e-05
8.35466e-05
8.10083e-05
7.86655e-05
7.65027e-05
7.45063e-05
7.26634e-05
7.09623e-05
6.93921e-05
6.79427e-05
6.66049e-05
6.537e-05
6.42302e-05
6.3178e-05
6.22066e-05
6.13098e-05
6.04819e-05
5.97178e-05
5.90127e-05
5.83618e-05
5.77611e-05
5.7207e-05
5.67027e-05
5.62403e-05
5.58125e-05
5.5416e-05
5.50483e-05
5.47076e-05
5.43921e-05
5.41006e-05
5.38311e-05
5.35818e-05
5.33514e-05
5.31384e-05
5.29416e-05
0.00015212
0.000200678
0.000208535
0.000203077
0.000193658
0.000183462
0.000173534
0.00016419
0.000155511
0.000147476
0.000140048
0.000133184
0.000126844
0.000120991
0.00011567
0.000110819
0.000106328
0.00010215
9.82634e-05
9.46526e-05

