5e-05
5.02669e-05
5.04842e-05
5.06602e-05
5.08034e-05
5.09206e-05
5.10168e-05
5.1098e-05
5.11951e-05
5.12939e-05
5.13916e-05
5.15126e-05
5.16466e-05
5.17928e-05
5.18877e-05
5.20111e-05
5.21414e-05
5.22571e-05
5.23508e-05
5.24068e-05
5.24017e-05
5.23699e-05
5.23353e-05
5.2292e-05
5.22447e-05
5.21977e-05
5.21546e-05
5.21144e-05
0.000108557
0.000186026
0.000203844
0.000201828
0.000193609
0.000183837
0.000174062
0.000164781
0.000156126
0.000148108
0.000140698
0.000133851
0.000127531
0.000121694
0.000116304
0.000111337
0.00010678
0.000102583
9.87125e-05
9.51394e-05
9.18325e-05
8.87765e-05
8.59535e-05
8.3345e-05
8.09202e-05
7.86767e-05
7.66055e-05
7.46938e-05
7.40759e-05
0.000184924
0.000214997
0.000216314
0.000208433
0.000198018
0.000187401
0.000263497
0.000291413
0.000288594
0.000276144
0.000261233
0.000246245
0.000231934
0.00021851
0.000206003
0.000194382
0.000183602
0.000173604
0.000164335
0.000155758
0.00014783
0.000140844
0.000135056
0.000241587
0.000346498
0.000332239
0.000311115
0.000291222
0.000272792
0.000255755
0.000240017
0.000225483
0.000212066
0.00019968
0.000188249
0.000177698
0.000167961
0.000158976
0.000150684
0.000143034
0.000135976
0.000129463
0.000123454
0.000117911
0.000112795
0.000108072
0.000103731
9.97436e-05
9.6069e-05
9.26731e-05
8.95372e-05
8.66411e-05
8.39659e-05
8.14944e-05
7.92108e-05
7.70997e-05
7.51385e-05
7.33189e-05
7.1633e-05
7.00773e-05
6.86425e-05
6.73194e-05
6.60992e-05
6.4974e-05
6.39365e-05
6.29989e-05
6.21512e-05
6.13731e-05
6.0649e-05
5.99774e-05
5.93499e-05
5.87671e-05
5.82271e-05
5.77268e-05
5.72633e-05
5.68535e-05
5.6491e-05
5.61537e-05
5.5839e-05
5.554e-05
5.52602e-05
5.49944e-05
5.47404e-05
5.45122e-05
5.43256e-05
5.4159e-05
5.39961e-05
5.38374e-05
5.36862e-05
5.35481e-05
5.3433e-05
5.33239e-05
5.32178e-05
5.31078e-05
5.29982e-05
5.28906e-05
5.27894e-05
5.26933e-05
5.26047e-05
5.25183e-05
5.24276e-05
5.23398e-05
5.23636e-05
5.26451e-05
5.30581e-05
5.34748e-05
5.37953e-05
5.39676e-05
5.40167e-05
5.4014e-05
5.39789e-05
5.39197e-05
5.38427e-05
5.37536e-05
5.36505e-05
5.35408e-05
5.34311e-05
5.33181e-05
5.3204e-05
5.30896e-05
5.29782e-05
5.28714e-05
5.27724e-05
5.26827e-05
5.26253e-05
5.2587e-05
5.25553e-05
5.25257e-05
5.2496e-05
5.24654e-05
5.2434e-05
5.2419e-05
5.24061e-05
5.2391e-05
5.23692e-05
5.2346e-05
5.23217e-05
5.22958e-05
5.22636e-05
5.22305e-05
5.21979e-05
5.21621e-05
5.21266e-05
5.20979e-05
5.20929e-05
5.20971e-05
5.21012e-05
5.20957e-05
0.000127838
0.000190504
0.000203349
0.000199808
0.000191244
0.000181512
0.000171883
0.00016277
0.00015428
0.000146415
0.000139143
0.000132441
0.000126266
0.00012057
0.000115312
0.000110456
0.000105964
0.000101812
9.79708e-05
9.44221e-05
9.11402e-05
8.81086e-05
8.53095e-05
8.27224e-05
8.03318e-05
7.8125e-05
7.60882e-05
0.000158667
0.000210896
0.000219451
0.000213702
0.000203702
0.000192857
0.000182295
0.000247253
0.000288924
0.000290208
0.000278603
0.000263484
0.00024801
0.000233203
0.000226891
0.000308868
0.00032235
0.000312985

