5e-05
5.02631e-05
5.04691e-05
5.06301e-05
5.07572e-05
5.08582e-05
5.09394e-05
5.10052e-05
5.10589e-05
5.11033e-05
5.11402e-05
5.11713e-05
5.11979e-05
5.12189e-05
5.12352e-05
5.12497e-05
5.12631e-05
5.12756e-05
5.12874e-05
8.65593e-05
0.000179721
0.000202841
0.000202557
0.000194843
0.000185154
0.000175326
0.000165952
0.000157196
0.000149077
0.00014157
0.000134639
0.00012824
0.000122335
0.000116884
0.00019638
0.000242533
0.000247548
0.000239249
0.000227141
0.000214437
0.000202183
0.000190692
0.000180023
0.000170154
0.000161037
0.000152619
0.000144847
0.000137676
0.00013108
0.000124998
0.000119381
0.000114195
0.000109405
0.000104982
0.000100896
9.71213e-05
9.36343e-05
9.04132e-05
8.74375e-05
8.46824e-05
8.21232e-05
7.97554e-05
7.75705e-05
7.55553e-05
7.36968e-05
7.19829e-05
7.04025e-05
6.89451e-05
6.76011e-05
6.63617e-05
6.52187e-05
6.41645e-05
6.31922e-05
6.22954e-05
6.14681e-05
6.0705e-05
5.99998e-05
5.93448e-05
5.87383e-05
5.81792e-05
5.76641e-05
5.71893e-05
5.67466e-05
5.63337e-05
5.59536e-05
5.56029e-05
5.52761e-05
5.49749e-05
5.46951e-05
5.44373e-05
5.42012e-05
5.39832e-05
5.37826e-05
5.35989e-05
5.34284e-05
5.32705e-05
5.31463e-05
5.30533e-05
5.3003e-05
5.2969e-05
5.29296e-05
5.28863e-05
5.28402e-05
5.2791e-05
5.27389e-05
5.26846e-05
5.2629e-05
5.25728e-05
5.25167e-05
5.24602e-05
5.24011e-05
5.2344e-05
5.22877e-05
5.22317e-05
5.21758e-05
5.21236e-05
5.20753e-05
5.20281e-05
5.19847e-05
5.19454e-05
5.19099e-05
5.1878e-05
5.18494e-05
5.18262e-05
5.18305e-05
5.18464e-05
5.18639e-05
5.18789e-05
5.189e-05
5.18966e-05
5.18988e-05
5.18971e-05
5.18928e-05
5.20895e-05
5.26479e-05
5.33959e-05
5.42033e-05
5.49642e-05
5.55869e-05
5.59924e-05
5.61346e-05
5.61237e-05
5.60133e-05
5.58212e-05
5.56021e-05
5.54037e-05
5.52053e-05
5.50047e-05
5.48037e-05
5.4605e-05
5.44082e-05
5.42091e-05
5.40157e-05
5.38469e-05
0.000117549
0.00018435
0.000199156
0.000196731
0.000188867
0.000179621
0.000203659
0.000274916
0.000286472
0.00027838
0.000296438
0.000353352
0.000356283
0.000341877
0.000322677
0.000302915
0.000283967
0.000266233
0.000249773
0.000234547
0.000220482
0.000207493
0.000195502
0.000184433
0.000174217
0.000164787
0.000156083
0.00014805
0.000140635
0.00013379
0.000127473
0.000121642
0.000116259
0.000111291
0.000106704
0.000102471
9.8559e-05
0.000194213
0.000230149
0.000232565
0.000224203
0.000212835
0.000201087
0.000189812
0.000179253
0.000169455
0.000211751
0.0002726
0.000280794
0.00027183
0.00025787
0.000243281
0.000229396
0.000216396
0.00020431
0.000253203
0.000297623
0.000299574
0.000287831
0.000272259
0.000256233
0.000240859
0.000226459
0.000213085
0.000200705
0.000189262
0.000178691
0.00016893
0.000159916
0.000151592
0.000143906
0.000136807
0.000130253
0.000124203
0.000208443
0.000247074
0.000249478
0.000240256
0.000227808
0.000214963
0.000202642
0.000191107
0.000180404
0.000170503
0.000161354
0.000152906
0.000145108
0.000137908
0.000131261
0.000125124
0.000119458
0.000114228
0.000109399
0.000104942
0.000100828
9.70296e-05

