5e-05
5.02667e-05
5.04834e-05
5.06586e-05
5.08009e-05
5.09171e-05
5.10125e-05
5.10912e-05
5.11565e-05
5.12109e-05
5.12566e-05
5.12951e-05
5.13298e-05
5.13804e-05
5.14578e-05
5.15578e-05
5.16553e-05
5.17419e-05
5.18144e-05
5.18709e-05
0.000147544
0.000195292
0.000203256
0.000198166
0.000189149
0.000179337
0.00016977
0.000160764
0.000152393
0.000144646
0.00013749
0.000130884
0.000124787
0.000119156
0.000113954
0.00010915
0.000104718
0.000100629
9.68567e-05
9.3376e-05
9.01647e-05
8.72019e-05
8.44683e-05
8.1946e-05
7.96165e-05
7.74647e-05
7.54794e-05
7.36487e-05
7.19847e-05
7.04657e-05
6.90684e-05
6.77725e-05
6.65635e-05
6.5445e-05
6.44105e-05
6.34517e-05
6.25608e-05
6.17369e-05
6.09753e-05
6.02698e-05
5.96032e-05
5.89799e-05
5.84028e-05
5.78705e-05
5.73811e-05
5.69308e-05
5.65126e-05
5.61259e-05
5.57693e-05
5.54402e-05
5.51387e-05
5.48627e-05
5.46099e-05
5.43753e-05
5.41568e-05
5.39516e-05
5.37639e-05
5.35923e-05
5.34314e-05
5.32819e-05
5.31453e-05
5.30153e-05
5.28967e-05
5.27896e-05
5.26932e-05
5.26064e-05
5.25243e-05
5.24463e-05
5.2376e-05
5.23132e-05
5.22572e-05
5.22052e-05
5.21566e-05
5.21128e-05
5.20707e-05
5.20299e-05
5.1993e-05
5.19608e-05
5.19328e-05
5.19085e-05
5.18876e-05
5.18883e-05
5.19334e-05
5.19842e-05
5.20333e-05
5.20783e-05
5.21128e-05
5.21322e-05
5.21428e-05
5.21418e-05
5.21365e-05
5.21283e-05
5.21179e-05
5.21006e-05
5.20717e-05
5.20411e-05
5.20094e-05
5.19805e-05
5.19547e-05
5.19318e-05
5.19116e-05
5.18939e-05
5.18784e-05
5.18648e-05
5.18529e-05
5.18416e-05
5.18281e-05
5.18136e-05
5.1794e-05
5.17733e-05
5.17551e-05
5.17401e-05
5.17288e-05
5.19082e-05
5.2437e-05
5.31837e-05
5.40759e-05
5.51122e-05
5.6408e-05
5.74989e-05
5.88451e-05
0.000199373
0.000280457
0.000267447
0.000251173
0.00023602
0.000222114
0.000209203
0.00019722
0.000186104
0.000278836
0.000311608
0.000308951
0.000295133
0.000278452
0.000261701
0.000245903
0.000231516
0.000218394
0.00020633
0.000195077
0.000184515
0.000174652
0.000165445
0.00015685
0.000148863
0.000141461
0.000134606
0.00012826
0.000122392
0.000116968
0.000111957
0.000107326
0.000103045
9.90913e-05
9.54631e-05
0.000173537
0.000225822
0.00023366
0.000226986
0.000216038
0.000204278
0.000192847
0.000182094
0.000273817
0.000296033
0.000290762
0.00027703
0.000261295
0.000245717
0.000230976
0.000262024
0.000318809
0.000323374
0.000311111
0.000294121
0.000276488
0.000259539
0.000243663
0.00022893
0.000215304
0.000202714
0.000191091
0.000180361
0.000170456
0.000161312
0.000152871
0.00014508
0.000137885
0.000131245
0.000125112
0.000119449
0.000114223
0.0001094
0.000104949
0.000100842
9.70508e-05
9.3549e-05
9.03171e-05
8.73347e-05
8.45794e-05
8.20357e-05
7.96832e-05
7.75076e-05
7.55005e-05
7.36496e-05
7.19428e-05
7.03688e-05
6.89158e-05
6.75707e-05
6.63269e-05
6.51766e-05
6.41164e-05
6.31394e-05
6.22366e-05
6.14045e-05
6.06375e-05
5.99286e-05
5.92757e-05
5.86746e-05
5.81283e-05
5.76499e-05
5.7217e-05
5.68094e-05
5.64306e-05
5.60798e-05
5.57545e-05
5.54524e-05
5.51716e-05
5.49086e-05

