5e-05
5.02631e-05
5.04691e-05
5.06301e-05
5.07572e-05
5.08582e-05
5.09394e-05
5.10109e-05
5.10995e-05
5.12161e-05
5.13358e-05
5.14416e-05
5.15322e-05
5.16065e-05
5.16632e-05
5.17435e-05
5.18235e-05
5.18886e-05
5.19283e-05
5.19477e-05
5.19589e-05
6.6049e-05
0.000173588
0.000201924
0.000203339
0.000196121
0.000186529
0.000176668
0.000167218
0.000158369
0.000150156
0.00014256
0.000135543
0.000129062
0.000123081
0.000117561
0.000112469
0.000107772
0.000103437
9.94337e-05
9.57376e-05
9.23255e-05
8.91766e-05
8.62776e-05
8.36228e-05
8.11815e-05
7.8932e-05
7.685e-05
7.49219e-05
7.31577e-05
7.15303e-05
7.0018e-05
6.86057e-05
6.72928e-05
6.60802e-05
6.49583e-05
6.39217e-05
6.29654e-05
6.20819e-05
6.12654e-05
6.05045e-05
5.98012e-05
5.92415e-05
5.89901e-05
5.88708e-05
5.87251e-05
5.85138e-05
5.82467e-05
5.79364e-05
5.76045e-05
5.72601e-05
5.69029e-05
5.65545e-05
5.62093e-05
5.58651e-05
5.55359e-05
5.52286e-05
5.49418e-05
5.46768e-05
5.44335e-05
5.42104e-05
5.40055e-05
5.38143e-05
5.36388e-05
5.34784e-05
5.33318e-05
5.31942e-05
5.30617e-05
5.29357e-05
5.28317e-05
5.27572e-05
5.2686e-05
5.26163e-05
0.000118863
0.000188873
0.000204183
0.000201351
0.000192901
0.000183094
0.000173351
0.000164118
0.000155509
0.000147527
0.000140147
0.000133331
0.00012704
0.000121234
0.000115892
0.00011097
0.000106424
0.000102227
9.83532e-05
9.47738e-05
9.14814e-05
8.84593e-05
8.56648e-05
8.3084e-05
8.0699e-05
7.84887e-05
7.64445e-05
7.45549e-05
7.2798e-05
7.11767e-05
6.96959e-05
6.83553e-05
6.71157e-05
6.59609e-05
6.48861e-05
6.38908e-05
6.29703e-05
6.21185e-05
6.13299e-05
6.05998e-05
5.9921e-05
5.92893e-05
5.87008e-05
5.81533e-05
5.76638e-05
5.74726e-05
5.76248e-05
5.79883e-05
5.83386e-05
5.86324e-05
5.89343e-05
5.91398e-05
5.91317e-05
5.89119e-05
5.85619e-05
5.81384e-05
5.76992e-05
0.000149045
0.000199248
0.000207782
0.000202582
0.000193557
0.000183834
0.000174297
0.000165213
0.000156675
0.000201739
0.000262749
0.000271593
0.000263378
0.000250196
0.000236492
0.000223238
0.000210749
0.000199058
0.000188082
0.000177843
0.000168305
0.00015944
0.00015122
0.00014361
0.000136562
0.000130045
0.000124024
0.000118463
0.000113327
0.000108757
0.000104725
0.000100975
9.74812e-05
9.42052e-05
9.11423e-05
8.82668e-05
8.5557e-05
8.30301e-05
8.06793e-05
7.8485e-05
7.64442e-05
7.45535e-05
7.27987e-05
7.11696e-05
6.96533e-05
6.82479e-05
6.695e-05
6.57534e-05
6.46449e-05
6.36209e-05
6.26778e-05
6.18077e-05
6.11756e-05
6.08216e-05
6.05922e-05
6.03215e-05
0.000137062
0.000193907
0.000204996
0.000200879
0.000192095
0.000182256
0.000172569
0.000163411
0.000154873
0.00014695
0.000139617
0.00013284
0.000126583
0.000120804
0.000115471
0.000110548
0.000106002
0.000101803
9.79255e-05
9.43461e-05
9.10424e-05
8.79953e-05
0.000175779
0.000221552
0.000227499
0.000220508
0.000209762
0.000198364
0.000187336
0.000176983
0.000167368
0.000158488
0.000150291
0.00014272
0.000135724
0.000129262
0.000123294
0.000117786
0.000112701
0.000108007
0.000103669
9.96574e-05
0.000149998
0.000220743

