5e-05
5.02631e-05
5.04691e-05
5.06301e-05
5.07572e-05
5.08582e-05
5.09394e-05
5.10052e-05
5.10589e-05
5.11033e-05
5.11402e-05
5.11713e-05
5.11977e-05
5.12132e-05
5.12233e-05
5.12328e-05
5.12421e-05
5.12517e-05
5.12614e-05
5.12679e-05
5.12689e-05
5.12683e-05
5.12649e-05
5.12518e-05
5.12369e-05
5.1225e-05
5.12176e-05
5.12144e-05
5.12149e-05
5.12155e-05
5.12155e-05
5.12179e-05
5.12225e-05
5.12268e-05
5.12316e-05
5.12386e-05
5.12477e-05
5.12586e-05
5.12707e-05
5.12812e-05
5.12921e-05
5.1367e-05
5.17524e-05
5.23343e-05
5.29808e-05
5.35925e-05
5.40461e-05
5.43346e-05
5.44985e-05
5.45606e-05
5.4546e-05
5.44543e-05
5.43004e-05
5.41163e-05
5.39314e-05
5.3755e-05
5.3587e-05
5.34253e-05
5.32729e-05
5.31279e-05
0.000160186
0.000200469
0.000205735
0.00019962
0.000190203
0.000180213
0.000170545
0.000161467
0.000153035
0.000145234
0.000138028
0.000131377
0.000125237
0.000119567
0.000114333
0.0001095
0.00010504
0.000100941
9.71735e-05
9.37015e-05
9.04961e-05
8.75297e-05
8.47841e-05
8.22474e-05
7.99017e-05
7.77283e-05
7.58976e-05
7.45325e-05
7.33383e-05
7.22035e-05
7.11136e-05
7.00359e-05
6.89604e-05
6.78865e-05
6.68166e-05
6.57841e-05
6.47986e-05
6.38646e-05
6.2984e-05
6.21572e-05
6.13832e-05
6.06565e-05
5.99767e-05
5.93451e-05
5.87569e-05
5.82089e-05
5.77093e-05
5.74802e-05
5.74711e-05
5.75301e-05
5.75836e-05
5.75787e-05
5.74963e-05
5.73411e-05
5.71288e-05
5.68775e-05
5.66031e-05
0.000139657
0.0001946
0.000204923
0.000200531
0.00019166
0.000181799
0.000172114
0.000162971
0.00015446
0.000146578
0.000139281
0.000132537
0.000126311
0.000120564
0.00011526
0.000110365
0.000105844
0.000101669
9.7814e-05
9.42812e-05
9.10342e-05
8.80484e-05
8.53482e-05
8.28684e-05
8.05694e-05
7.84383e-05
7.64539e-05
7.46088e-05
7.29042e-05
7.13485e-05
6.9906e-05
6.85507e-05
6.72847e-05
6.6111e-05
6.50185e-05
6.40052e-05
6.30763e-05
6.222e-05
6.14289e-05
6.06875e-05
5.99976e-05
5.93572e-05
5.87642e-05
5.82167e-05
5.77114e-05
5.72412e-05
5.67968e-05
5.63793e-05
5.59924e-05
5.56358e-05
5.53075e-05
5.5003e-05
5.47221e-05
5.44631e-05
5.42243e-05
5.40048e-05
5.38039e-05
5.36163e-05
5.34414e-05
5.32821e-05
5.31375e-05
5.30063e-05
5.28872e-05
5.2776e-05
5.26743e-05
5.25821e-05
5.24984e-05
5.24176e-05
5.23414e-05
5.22696e-05
5.22037e-05
5.21418e-05
5.2086e-05
5.20356e-05
5.19859e-05
5.19403e-05
5.18981e-05
5.18592e-05
5.1824e-05
5.17909e-05
5.17618e-05
5.17366e-05
5.17148e-05
5.1696e-05
5.16797e-05
5.16656e-05
5.16525e-05
5.16368e-05
5.16178e-05
5.16003e-05
5.1583e-05
5.15681e-05
5.16344e-05
5.2006e-05
0.000141723
0.00018913
0.000197596
0.000193161
0.000184789
0.000175544
0.000166434
0.0001578
0.000149737
0.000142242
0.000135301
0.000128885
0.000122955
0.000117474
0.000112403
0.000107719
0.000103395
9.94037e-05
9.57182e-05
9.23144e-05
8.91711e-05
8.62688e-05
8.3591e-05
0.000178594
0.000219991
0.000224635
0.000217364
0.000206707
0.000195518
0.000184723
0.000174592
0.000165178
0.000156457
0.000148399
0.000140957
0.000134086
0.00012774
0.000121881
0.000116473

