5e-05
5.02631e-05
5.04691e-05
5.06301e-05
5.07572e-05
5.08582e-05
5.09394e-05
5.10052e-05
5.10606e-05
5.11494e-05
5.12672e-05
5.13805e-05
5.14798e-05
5.15841e-05
5.16736e-05
5.17483e-05
5.18074e-05
5.18513e-05
5.18815e-05
5.18989e-05
5.18958e-05
5.18806e-05
5.18617e-05
5.18345e-05
5.18083e-05
5.19936e-05
5.24393e-05
5.29929e-05
0.00010814
0.00018161
0.000198751
0.000196938
0.000189125
0.000179776
0.000170386
0.000161444
0.000153084
0.000145326
0.000138149
0.000131514
0.000125385
0.000119724
0.000114494
0.000109662
0.0001052
0.00010108
9.72733e-05
9.37571e-05
9.05273e-05
8.75602e-05
8.48233e-05
8.22893e-05
7.9939e-05
7.77588e-05
7.57459e-05
7.38887e-05
7.21726e-05
7.05878e-05
6.91258e-05
6.77773e-05
6.65453e-05
6.54219e-05
6.43907e-05
6.34684e-05
6.30007e-05
6.30406e-05
6.35844e-05
0.000126461
0.000272046
0.000266097
0.000249906
0.000234648
0.000220521
0.000207467
0.00019541
0.000184276
0.000173998
0.000164508
0.000155748
0.000147661
0.000140196
0.000133305
0.000126943
0.00012107
0.000115648
0.000110644
0.000106023
0.000101758
9.78205e-05
9.41862e-05
9.0831e-05
8.77334e-05
8.48736e-05
8.22337e-05
7.97968e-05
7.75476e-05
7.54791e-05
7.35716e-05
7.18095e-05
7.01811e-05
6.86761e-05
6.72855e-05
6.60008e-05
6.48139e-05
6.37208e-05
6.27186e-05
6.17933e-05
6.09375e-05
6.01457e-05
5.9413e-05
5.87354e-05
5.81092e-05
5.75305e-05
5.69957e-05
5.65089e-05
5.60764e-05
5.57815e-05
5.55739e-05
5.53529e-05
5.51099e-05
5.4863e-05
5.46174e-05
5.437e-05
5.41238e-05
5.3883e-05
5.36509e-05
5.34302e-05
5.32221e-05
5.30273e-05
5.28455e-05
5.26764e-05
5.25194e-05
5.2374e-05
5.2245e-05
5.21485e-05
5.20879e-05
5.20344e-05
5.1977e-05
5.19287e-05
5.18877e-05
5.18471e-05
5.17962e-05
5.1739e-05
5.1678e-05
5.16182e-05
5.15819e-05
5.15604e-05
5.15466e-05
5.15234e-05
5.14883e-05
5.14481e-05
5.14045e-05
5.13595e-05
5.13147e-05
5.12711e-05
5.12291e-05
5.11892e-05
5.11517e-05
5.11166e-05
5.10838e-05
5.10534e-05
5.10252e-05
5.09991e-05
5.0975e-05
5.09528e-05
5.09323e-05
5.09135e-05
5.08962e-05
5.08804e-05
5.08659e-05
5.08526e-05
5.08405e-05
5.08294e-05
5.08193e-05
5.08101e-05
0.000154524
0.000199712
0.000206527
0.000200845
0.000191479
0.000181412
0.000171628
0.000162426
0.000153872
0.000145956
0.00013864
0.000131883
0.000125646
0.000119887
0.00011457
0.000109663
0.000105133
0.000100951
9.70901e-05
9.35263e-05
9.02365e-05
8.71998e-05
8.43969e-05
8.18196e-05
7.94475e-05
7.7258e-05
7.52345e-05
7.33643e-05
7.16355e-05
7.00378e-05
6.85616e-05
6.71978e-05
6.59376e-05
6.47738e-05
6.3699e-05
6.27067e-05
6.17905e-05
6.09446e-05
6.01635e-05
5.9442e-05
5.87759e-05
5.81612e-05
5.7594e-05
5.70704e-05
5.65871e-05
5.6141e-05
5.57289e-05
5.53487e-05
5.49979e-05
5.46741e-05
5.43753e-05
5.40998e-05
5.38458e-05
5.36114e-05
5.33951e-05
5.31958e-05
5.3012e-05
5.28427e-05
5.26868e-05
5.25432e-05
5.24111e-05
5.22892e-05
5.21766e-05
5.2073e-05
5.19777e-05
5.18897e-05
5.59101e-05
0.000171944
0.000203629
0.000205987
0.000198911
0.000189196
0.000179132
0.000169467
0.000160415

