5e-05
5.02631e-05
5.04691e-05
5.06301e-05
5.07572e-05
5.08582e-05
5.09394e-05
5.10052e-05
5.10648e-05
5.11412e-05
5.12267e-05
5.1337e-05
5.14839e-05
5.16571e-05
5.1829e-05
5.20043e-05
5.21551e-05
5.2272e-05
5.23546e-05
5.37844e-05
0.000168275
0.000200505
0.000203277
0.000196504
0.000187029
0.000177173
0.000167696
0.000158818
0.000150579
0.000142953
0.000135904
0.000129398
0.000123393
0.000117851
0.000112738
0.000108021
0.000103669
9.96546e-05
9.59493e-05
9.25259e-05
8.93669e-05
8.64527e-05
8.37646e-05
8.12848e-05
7.89963e-05
7.68821e-05
7.49315e-05
7.31321e-05
7.14719e-05
6.99371e-05
6.85192e-05
6.72025e-05
6.5978e-05
6.48476e-05
6.38067e-05
6.28476e-05
6.1961e-05
6.11579e-05
6.04298e-05
5.9763e-05
5.91504e-05
5.85792e-05
5.80482e-05
5.7557e-05
5.7098e-05
0.000159923
0.000201485
0.00020712
0.000201064
0.000191597
0.000181523
0.000171765
0.000162601
0.000154085
0.000146204
0.000138919
0.000132192
0.000125984
0.000120254
0.000114966
0.000110086
0.000105579
0.000101416
9.75732e-05
9.40271e-05
9.07521e-05
8.7728e-05
8.49334e-05
8.23537e-05
7.99722e-05
7.7774e-05
0.000114327
0.000200189
0.000219961
0.000217741
0.000208644
0.000197823
0.000187001
0.000176727
0.000167146
0.000158269
0.000150064
0.000142485
0.000135487
0.000129025
0.00012306
0.000117546
0.000112454
0.000107756
0.00010344
9.94691e-05
9.5809e-05
9.24314e-05
8.93015e-05
8.64068e-05
8.37274e-05
8.12521e-05
7.89662e-05
7.68539e-05
7.49025e-05
7.30968e-05
7.14306e-05
6.98939e-05
6.84767e-05
6.71697e-05
6.59661e-05
6.48775e-05
6.38777e-05
6.29559e-05
6.21012e-05
6.13076e-05
6.05673e-05
5.98806e-05
5.92461e-05
5.866e-05
5.81227e-05
5.76482e-05
5.72171e-05
5.68356e-05
5.65445e-05
5.63179e-05
5.61182e-05
5.59283e-05
5.5767e-05
5.56179e-05
5.5456e-05
0.000151007
0.000196284
0.000203478
0.000231331
0.000297734
0.000306481
0.000296461
0.000281095
0.000264782
0.000266824
0.000334031
0.000341397
0.000329274
0.000311513
0.000292854
0.000274837
0.000257922
0.000246333
0.00032484
0.000336761
0.000326162
0.000308987
0.000290586
0.00027272
0.000255922
0.000240302
0.000225822
0.000212434
0.000200066
0.000188648
0.000178106
0.000168374
0.000159387
0.00015109
0.000143428
0.000136353
0.000129824
0.000123799
0.000118241
0.000113136
0.00010843
0.000104107
0.00010013
9.64611e-05
9.30735e-05
8.9943e-05
8.70439e-05
8.43583e-05
8.18743e-05
7.95763e-05
7.74433e-05
7.54679e-05
7.36425e-05
7.19562e-05
7.03987e-05
6.89564e-05
6.76201e-05
6.63859e-05
6.52422e-05
6.41822e-05
6.32005e-05
6.22939e-05
6.14539e-05
6.06794e-05
5.99666e-05
5.93107e-05
5.87072e-05
5.8152e-05
5.76407e-05
5.71669e-05
5.67294e-05
5.6324e-05
5.59485e-05
5.56022e-05
5.52819e-05
5.49861e-05
0.00014552
0.000193537
0.000201792
0.000197139
0.000188567
0.000179114
0.000169836
0.000161051
0.000152825
0.000145197
0.000138141
0.000131609
0.000125551
0.000119937
0.000114742
0.000109934
0.000105522
0.000101791
9.86506e-05
9.60788e-05
0.00010731
0.00028759
0.00030151
0.000283201
0.000265436
0.000248964
0.000233734
0.000219664

