5e-05
5.02631e-05
5.04691e-05
5.06301e-05
5.07572e-05
5.08582e-05
5.09394e-05
5.10093e-05
5.10945e-05
5.12192e-05
5.13914e-05
5.15577e-05
5.1698e-05
5.18291e-05
5.19884e-05
5.21653e-05
5.23197e-05
5.24384e-05
5.25182e-05
5.25351e-05
5.24965e-05
5.24447e-05
6.57587e-05
0.000174335
0.000201797
0.000203008
0.000196045
0.00018685
0.000177335
0.000168097
0.000159474
0.000151481
0.000144062
0.000137152
0.000130731
0.000124775
0.000119251
0.000114133
0.000109392
0.000105003
0.000100942
9.71849e-05
9.3705e-05
9.04861e-05
8.75033e-05
8.47562e-05
8.22457e-05
7.99379e-05
7.80852e-05
7.69016e-05
7.60781e-05
7.5273e-05
7.41781e-05
7.29122e-05
7.1627e-05
7.03454e-05
6.90761e-05
6.78578e-05
6.67013e-05
6.55989e-05
6.45347e-05
6.35324e-05
6.2603e-05
6.1743e-05
6.09474e-05
6.02099e-05
5.95295e-05
5.88994e-05
5.83156e-05
5.77745e-05
5.72769e-05
5.68213e-05
5.64043e-05
5.60199e-05
5.56667e-05
5.53418e-05
5.50448e-05
5.47712e-05
5.45147e-05
5.42746e-05
5.4052e-05
5.38453e-05
5.36513e-05
5.34714e-05
5.33049e-05
5.68578e-05
0.000171135
0.000202361
0.000204668
0.00019767
0.000188067
0.000178118
0.000168561
0.000159611
0.000151306
0.000143626
0.000136553
0.00013004
0.000124034
0.000118492
0.000113377
0.000108651
0.000104281
0.000100241
9.65091e-05
0.00011753
0.000209352
0.000230576
0.000228329
0.000218715
0.000207242
0.000195756
0.000257196
0.000298886
0.000299665
0.000287406
0.000271618
0.000255498
0.000240085
0.000225676
0.000212313
0.000199956
0.000188537
0.000177988
0.000168249
0.00015926
0.000150962
0.000143305
0.000136237
0.000129713
0.000123693
0.000118135
0.000113005
0.000108272
0.000103924
9.99382e-05
9.62871e-05
9.29246e-05
8.98068e-05
8.69434e-05
8.42993e-05
8.18619e-05
7.96389e-05
7.75889e-05
7.56877e-05
7.39181e-05
0.000159618
0.00020797
0.000215498
0.000209693
0.000199899
0.000189322
0.000179708
0.000272099
0.000291969
0.000286196
0.000272544
0.000257066
0.000241784
0.000227327
0.000213861
0.000201389
0.000189862
0.000179218
0.0001694
0.000160341
0.000151982
0.000144268
0.000137142
0.00013056
0.000124483
0.00011887
0.00011369
0.000185972
0.000235885
0.000242469
0.000234949
0.000223328
0.000210983
0.000199029
0.000274847
0.000303889
0.000300398
0.00028674
0.000270538
0.000254341
0.000238965
0.000224626
0.00021134
0.00019906
0.000187719
0.000177249
0.000167584
0.000158656
0.00015041
0.0001428
0.000135776
0.000129293
0.000123307
0.000117781
0.000112679
0.000107971
0.000103623
9.96093e-05
9.59016e-05
9.24779e-05
8.93146e-05
8.63942e-05
8.36981e-05
8.12089e-05
7.8912e-05
7.67913e-05
7.48356e-05
7.30319e-05
7.13662e-05
6.98301e-05
6.84155e-05
6.71289e-05
6.59465e-05
6.48577e-05
6.38476e-05
0.000102402
0.000189139
0.00020976
0.000208328
0.000199965
0.00018982
0.000179618
0.000169914
0.000160857
0.000152458
0.000144691
0.000137518
0.000130892
0.000124773
0.000119126
0.000113913
0.000109097
0.000104648
0.000100546
9.67825e-05
9.33175e-05
9.0125e-05
8.72016e-05
8.45086e-05
8.20239e-05
7.97245e-05
7.75889e-05
7.56126e-05
7.37833e-05

