5e-05
5.02669e-05
5.04842e-05
5.06602e-05
5.08034e-05
5.09206e-05
5.10168e-05
5.1098e-05
5.11951e-05
5.12939e-05
5.13916e-05
5.15126e-05
6.90741e-05
0.000171581
0.000198382
0.000199534
0.000192546
0.000183322
0.00017384
0.000164729
0.000156148
0.000148161
0.000140769
0.000133929
0.000222544
0.00025744
0.000258145
0.000247956
0.000234818
0.000221403
0.000208578
0.000196586
0.000185463
0.000175179
0.000165678
0.000156907
0.000148812
0.00014134
0.000188554
0.000251924
0.000261948
0.00025453
0.00024194
0.000228348
0.000215148
0.000202741
0.000191212
0.000180542
0.000170674
0.000161558
0.00015314
0.000145366
0.000138173
0.000131527
0.000125393
0.00011973
0.000114503
0.000109675
0.000105217
0.000101102
9.72973e-05
0.000144327
0.000215829
0.000229786
0.000225585
0.000215922
0.000204953
0.000194099
0.000183784
0.000174107
0.000165071
0.000156651
0.000148818
0.000141539
0.000134774
0.00012849
0.000122669
0.000117285
0.000112648
0.000109027
0.00021756
0.000324318
0.000311764
0.000292214
0.000273774
0.000256686
0.000240887
0.000226292
0.000212814
0.00020037
0.000188884
0.000178283
0.000168498
0.000159468
0.000151136
0.000143447
0.000136354
0.000129809
0.00012377
0.000118199
0.00011306
0.000108317
0.000103939
9.99151e-05
9.6221e-05
9.28172e-05
8.96713e-05
8.67662e-05
8.40831e-05
8.16046e-05
7.93146e-05
7.71986e-05
7.52422e-05
7.34239e-05
7.17361e-05
7.01719e-05
6.87285e-05
6.73974e-05
6.617e-05
6.50382e-05
6.39946e-05
6.30324e-05
6.21643e-05
6.13808e-05
6.06619e-05
5.99925e-05
5.93714e-05
5.87905e-05
5.82507e-05
5.77504e-05
5.72867e-05
5.68571e-05
5.64785e-05
5.61449e-05
5.58342e-05
5.5544e-05
5.52677e-05
5.50088e-05
5.47623e-05
5.45262e-05
5.43144e-05
5.41431e-05
5.39905e-05
5.38405e-05
5.36938e-05
5.35536e-05
5.34257e-05
5.33201e-05
5.32197e-05
5.31216e-05
5.3019e-05
5.29162e-05
5.28149e-05
5.27195e-05
5.26288e-05
5.25451e-05
5.24633e-05
0.000150977
0.000197889
0.000205047
0.000199725
0.000190924
0.000181461
0.000172191
0.000163347
0.000155016
0.000147259
0.000140058
0.000133382
0.000127196
0.000121468
0.000116158
0.000111243
0.000106697
0.000102489
9.85941e-05
9.49899e-05
9.16571e-05
8.85765e-05
8.57323e-05
8.31086e-05
8.0712e-05
7.85142e-05
7.64891e-05
7.46194e-05
7.28911e-05
7.12924e-05
6.98135e-05
6.84623e-05
6.7216e-05
6.60622e-05
6.49893e-05
6.39959e-05
6.30758e-05
6.22231e-05
6.14277e-05
6.069e-05
6.00071e-05
5.93708e-05
5.87811e-05
5.82408e-05
5.77635e-05
5.73317e-05
5.69333e-05
5.65563e-05
5.61995e-05
5.58728e-05
5.55919e-05
5.5338e-05
5.51037e-05
5.48818e-05
0.000166776
0.000201112
0.000204497
0.000197875
0.000188403
0.000178516
0.000169006
0.000160095
0.000151822
0.000144167
0.000137087
0.000130543
0.000124493
0.000118905
0.000113741
0.000108972
0.000104569
0.000100501
9.67434e-05
9.32749e-05
9.00734e-05
8.7117e-05
8.43851e-05
8.18636e-05
7.95367e-05
7.73894e-05
7.5408e-05
7.35849e-05
7.1918e-05
7.03811e-05
6.89639e-05
6.76512e-05
6.64387e-05
6.53185e-05
6.42833e-05
6.33264e-05
6.24382e-05
6.16117e-05
6.08467e-05

