5e-05
5.02669e-05
5.04842e-05
5.06602e-05
5.09083e-05
5.16585e-05
5.3162e-05
0.000220147
0.000275599
0.000262127
0.000246234
0.000231327
0.000217556
0.000204875
0.000193159
0.000182361
0.000172388
0.000163167
0.00015464
0.000146755
0.000139452
0.000132696
0.000126451
0.000120672
0.000115335
0.00011041
0.000105866
0.000101673
9.78048e-05
9.42339e-05
9.09383e-05
8.78982e-05
8.50938e-05
8.25042e-05
8.01148e-05
7.79109e-05
7.58781e-05
7.40032e-05
7.22738e-05
7.06785e-05
6.92069e-05
6.78493e-05
6.65968e-05
6.54408e-05
6.43709e-05
6.33833e-05
6.24722e-05
6.16318e-05
6.08565e-05
6.01402e-05
5.94683e-05
5.8843e-05
5.82671e-05
5.77372e-05
5.72479e-05
5.67971e-05
5.63827e-05
5.60018e-05
5.56492e-05
0.00015874
0.000201749
0.000207852
0.000201886
0.000192392
0.000182259
0.000172435
0.000191376
0.000270987
0.000285193
0.000277905
0.000264165
0.000249069
0.000234305
0.000220393
0.00029041
0.000320721
0.000316626
0.000302054
0.000285165
0.000268379
0.000252446
0.000237532
0.000223551
0.000210536
0.000198455
0.000187262
0.000176901
0.000167321
0.000158467
0.000150287
0.000142725
0.000135729
0.000129375
0.000217049
0.000247268
0.000247333
0.000237755
0.000225546
0.000213025
0.00020101
0.000189739
0.000179284
0.000169618
0.000160674
0.000152399
0.000144741
0.000137648
0.000131088
0.000218693
0.000252465
0.000253119
0.000243178
0.000230365
0.000217283
0.000204775
0.000193074
0.000182219
0.000172177
0.000162898
0.000154333
0.000146428
0.000139132
0.000195894
0.000252296
0.000260091
0.000252049
0.000239376
0.000225894
0.000212836
0.000200568
0.000189173
0.00017863
0.000168886
0.000159885
0.000151571
0.000143888
0.000136793
0.000130243
0.000124216
0.00011867
0.00011357
0.000108872
0.000104533
0.000100524
9.68191e-05
9.4964e-05
0.000199598
0.000226812
0.000226689
0.000217859
0.000206686
0.000195317
0.000184458
0.000174299
0.000164877
0.000156164
0.000148111
0.000140675
0.000133811
0.000127474
0.000121624
0.000116226
0.000111245
0.000106647
0.000102398
9.84768e-05
9.48598e-05
9.15216e-05
8.84393e-05
8.55943e-05
8.29677e-05
8.05452e-05
7.83073e-05
7.62371e-05
7.43263e-05
7.25651e-05
7.0942e-05
6.94465e-05
6.80683e-05
6.67981e-05
6.56227e-05
6.45367e-05
6.35359e-05
6.2613e-05
6.17597e-05
6.09735e-05
6.02493e-05
5.95803e-05
5.89618e-05
5.83922e-05
5.78663e-05
5.73764e-05
5.69243e-05
5.65044e-05
5.61128e-05
5.57521e-05
5.54186e-05
5.51125e-05
5.48266e-05
5.45588e-05
5.4313e-05
5.40885e-05
5.38812e-05
5.36919e-05
5.35196e-05
5.33629e-05
5.32174e-05
5.30781e-05
5.29485e-05
5.283e-05
5.27231e-05
5.26268e-05
5.25394e-05
0.000117668
0.000188703
0.000204355
0.000201616
0.000193172
0.000183344
0.000173574
0.000164315
0.000155682
0.000147681
0.000140284
0.00013345
0.000127141
0.000121318
0.000115945
0.000110987
0.000106409
0.000102188
9.84803e-05
0.000162434
0.000218119
0.000227829
0.000222562
0.000212752
0.000201829
0.000191024
0.000180697
0.000171009
0.000161993
0.00015363
0.000145883
0.000138702
0.000132052
0.000125927
0.000120335
0.000115191
0.000110426

