5e-05
5.02631e-05
5.04691e-05
5.06301e-05
5.07572e-05
5.08582e-05
5.09394e-05
5.10093e-05
5.10945e-05
5.12192e-05
5.13914e-05
5.15577e-05
5.1698e-05
5.18291e-05
5.19884e-05
5.21653e-05
5.23197e-05
5.24384e-05
5.25182e-05
5.25351e-05
5.24965e-05
5.24447e-05
0.000151997
0.00019778
0.000204516
0.000199119
0.000190265
0.000180762
0.000171454
0.000162578
0.000154348
0.000146738
0.00013968
0.000133106
0.000126996
0.000121326
0.000116068
0.000111194
0.000106679
0.000102499
9.86305e-05
9.50512e-05
9.17353e-05
8.86678e-05
8.58248e-05
8.32067e-05
8.08154e-05
7.86176e-05
7.68664e-05
7.57765e-05
7.50394e-05
7.43142e-05
7.3293e-05
7.20952e-05
7.08728e-05
6.96492e-05
6.84335e-05
6.72645e-05
6.61536e-05
6.50933e-05
6.4068e-05
6.31016e-05
6.22053e-05
6.13759e-05
6.06085e-05
5.98971e-05
5.92407e-05
5.86329e-05
5.80695e-05
5.75473e-05
5.70672e-05
5.66278e-05
5.62256e-05
5.5855e-05
5.55145e-05
5.52012e-05
5.4915e-05
5.46514e-05
5.44041e-05
5.41726e-05
5.39577e-05
5.37584e-05
0.000137895
0.000195068
0.000205983
0.000201647
0.00019269
0.000182718
0.000172925
0.000163683
0.00015508
0.000147111
0.000139747
0.000132947
0.000126669
0.000120875
0.00011555
0.00011065
0.000106135
0.000101969
9.81237e-05
9.45711e-05
9.12828e-05
8.82422e-05
8.54332e-05
8.28401e-05
8.04651e-05
7.82751e-05
7.62455e-05
7.43638e-05
7.2626e-05
7.10212e-05
6.95376e-05
6.81603e-05
6.68864e-05
6.57072e-05
6.46159e-05
6.36015e-05
6.26638e-05
6.17996e-05
6.10034e-05
6.02678e-05
5.95853e-05
5.8949e-05
5.83621e-05
5.78208e-05
5.73225e-05
5.68649e-05
5.64422e-05
5.60533e-05
5.56963e-05
0.000169035
0.000202991
0.000206125
0.00019931
0.00018972
0.000179759
0.000211035
0.000277961
0.000287774
0.000279034
0.000264838
0.000249648
0.000234906
0.00022104
0.00020814
0.000196165
0.000185136
0.000174965
0.000165536
0.000156809
0.000148742
0.000141296
0.00013443
0.000128088
0.00021929
0.000252174
0.00025251
0.00024249
0.000229673
0.000216611
0.000204128
0.000283937
0.000309274
0.000304286
0.000289953
0.000273382
0.000256937
0.000241356
0.000226833
0.000213379
0.00020094
0.000189453
0.000178856
0.000169094
0.000160082
0.000151762
0.000144081
0.000136982
0.000130426
0.000124369
0.000118771
0.000113602
0.000108829
0.000104418
0.000100344
9.65838e-05
9.31145e-05
8.99134e-05
8.69599e-05
8.42347e-05
8.172e-05
7.93988e-05
7.72505e-05
7.52638e-05
7.34309e-05
7.17405e-05
7.01806e-05
6.87393e-05
6.74093e-05
6.618e-05
6.50464e-05
6.39985e-05
6.30316e-05
6.21361e-05
6.13084e-05
6.05415e-05
5.98333e-05
5.91793e-05
5.85753e-05
5.80185e-05
5.75042e-05
5.70313e-05
5.65965e-05
5.61944e-05
5.58247e-05
5.54869e-05
5.51943e-05
5.49295e-05
5.46877e-05
5.44595e-05
5.42428e-05
5.40335e-05
5.3838e-05
5.3658e-05
5.34924e-05
5.33369e-05
5.31905e-05
5.30556e-05
5.29309e-05
5.28125e-05
5.27003e-05
5.25973e-05
5.24997e-05
5.24073e-05
5.23238e-05
5.22475e-05
5.21722e-05
5.20999e-05
5.20375e-05
5.20039e-05
5.19816e-05
5.19672e-05
5.19775e-05
5.19926e-05
5.20079e-05
5.20163e-05
5.2011e-05
5.20012e-05
5.19872e-05

