5e-05
5.02669e-05
5.04842e-05
5.06602e-05
5.08034e-05
5.09206e-05
5.10168e-05
5.10963e-05
5.11623e-05
5.12176e-05
5.12869e-05
5.13667e-05
5.145e-05
0.000147211
0.000193105
0.000200637
0.000195603
0.000186817
0.000177267
0.000167932
0.000159125
0.000150925
0.000143313
0.000136256
0.000129735
0.000123715
0.000118159
0.000113032
0.000108301
0.000103934
9.99028e-05
9.61837e-05
9.27512e-05
8.9579e-05
8.66518e-05
8.39519e-05
8.14617e-05
7.9165e-05
7.70424e-05
7.50813e-05
7.32727e-05
7.16735e-05
7.05533e-05
6.98085e-05
6.9223e-05
6.87568e-05
6.83709e-05
6.80119e-05
6.76255e-05
6.71648e-05
6.66218e-05
6.60279e-05
0.000118812
0.000278625
0.000281301
0.000265016
0.000346544
0.000375652
0.00036869
0.000350496
0.000329622
0.000308939
0.000289359
0.000271118
0.000254224
0.000238611
0.000224195
0.000210886
0.000198604
0.000187267
0.000176805
0.00016715
0.00015824
0.000150017
0.000142429
0.000135423
0.000128957
0.000122987
0.000117478
0.000112392
0.0001077
0.000103368
9.93643e-05
9.56668e-05
9.22562e-05
8.91104e-05
8.6207e-05
8.35276e-05
8.10521e-05
7.87688e-05
7.66632e-05
7.47192e-05
7.29263e-05
7.12732e-05
6.97493e-05
6.84996e-05
6.76607e-05
6.70563e-05
6.6557e-05
6.60733e-05
6.5551e-05
6.49683e-05
6.43287e-05
6.36495e-05
6.29511e-05
6.22513e-05
6.1564e-05
6.08983e-05
6.02605e-05
5.96541e-05
5.90809e-05
5.85416e-05
5.80359e-05
5.75582e-05
5.71059e-05
5.66819e-05
5.62876e-05
5.5923e-05
5.55861e-05
5.52752e-05
5.49883e-05
5.47237e-05
5.44797e-05
5.42548e-05
5.4046e-05
5.38671e-05
5.37166e-05
5.35818e-05
5.34528e-05
5.33322e-05
5.32194e-05
5.31098e-05
5.30044e-05
5.29056e-05
5.28122e-05
5.27211e-05
5.26361e-05
5.25725e-05
5.25862e-05
5.26195e-05
5.26369e-05
5.26499e-05
5.26566e-05
5.26466e-05
5.26253e-05
5.25919e-05
5.25527e-05
5.25063e-05
5.24579e-05
5.24027e-05
5.23398e-05
5.2275e-05
5.22147e-05
5.21599e-05
5.21104e-05
5.20607e-05
5.20056e-05
5.1953e-05
5.19049e-05
5.18608e-05
5.18226e-05
5.17886e-05
5.17565e-05
5.17277e-05
5.17017e-05
5.16756e-05
5.16536e-05
5.16356e-05
5.16214e-05
5.16103e-05
5.16019e-05
5.15958e-05
5.15915e-05
5.15888e-05
5.15874e-05
5.1587e-05
5.15873e-05
5.15883e-05
5.15896e-05
5.15912e-05
5.15929e-05
5.15911e-05
5.15888e-05
5.15872e-05
5.15833e-05
5.15787e-05
5.15718e-05
5.15657e-05
5.15589e-05
5.1552e-05
5.15468e-05
5.15408e-05
5.15346e-05
5.15253e-05
5.15136e-05
5.1503e-05
5.14931e-05
5.14834e-05
5.14758e-05
5.14703e-05
5.14646e-05
5.1461e-05
5.14597e-05
5.14594e-05
0.00012245
0.000189923
0.000204372
0.000201242
0.000192689
0.000182849
0.000173097
0.000163863
0.000155262
0.000147295
0.000139929
0.000133126
0.000126843
0.00012104
0.000115683
0.00011074
0.000106177
0.000101966
9.80807e-05
9.4496e-05
9.11888e-05
8.81376e-05
8.53202e-05
8.27184e-05
8.03149e-05
7.80973e-05
7.60504e-05
7.41601e-05
7.24166e-05
7.08087e-05
6.93258e-05
6.79581e-05
6.66968e-05
6.553e-05
6.44495e-05
6.34526e-05
6.25321e-05
6.16815e-05
6.08977e-05
6.01729e-05
5.95042e-05
5.88885e-05
5.83204e-05
5.779e-05
5.72964e-05
5.68422e-05

