5e-05
5.02667e-05
5.04834e-05
5.06586e-05
5.08009e-05
5.09171e-05
5.10125e-05
5.10977e-05
5.12653e-05
5.14836e-05
5.16951e-05
5.1879e-05
5.20169e-05
5.20969e-05
5.21514e-05
5.22074e-05
5.22795e-05
5.23419e-05
5.24123e-05
5.24629e-05
5.24503e-05
5.24117e-05
5.23663e-05
5.23113e-05
5.22589e-05
5.2435e-05
5.29149e-05
5.35771e-05
5.46122e-05
9.8007e-05
0.00026644
0.00027361
0.000257796
0.000242069
0.000227433
0.000213889
0.000201374
0.000189815
0.000179143
0.00016929
0.000160197
0.000151805
0.00014406
0.000136915
0.000130322
0.000124254
0.000118672
0.000113527
0.00010878
0.00010441
0.000100399
9.67202e-05
9.33167e-05
9.01525e-05
8.72227e-05
8.45146e-05
8.20076e-05
7.96907e-05
7.75467e-05
8.43961e-05
0.000194014
0.000222149
0.000222465
0.000213935
0.000203026
0.000191909
0.000181288
0.000171362
0.000162159
0.00015365
0.000145789
0.000138528
0.000131825
0.00012564
0.000119933
0.000114662
0.000109795
0.000105304
0.000101161
9.73354e-05
9.38048e-05
9.05428e-05
8.75299e-05
8.47481e-05
8.21815e-05
7.98143e-05
7.76289e-05
7.56125e-05
7.37472e-05
7.20252e-05
7.04379e-05
6.89726e-05
6.76185e-05
6.6368e-05
6.52499e-05
6.44947e-05
6.40175e-05
6.36572e-05
6.32854e-05
6.28801e-05
6.23698e-05
6.18187e-05
0.000143567
0.000197123
0.000206947
0.000202315
0.000193297
0.000183319
0.000173533
0.000164297
0.000155698
0.000147731
0.000140366
0.000133589
0.000127338
0.000121565
0.000116223
0.000111275
0.000106702
0.000102475
9.857e-05
9.49643e-05
9.16324e-05
8.85513e-05
8.5701e-05
8.30693e-05
8.06415e-05
7.84015e-05
7.63319e-05
7.44198e-05
7.26564e-05
7.10303e-05
6.9539e-05
6.81893e-05
6.69521e-05
6.58078e-05
6.47677e-05
6.38143e-05
6.29492e-05
6.22571e-05
6.17137e-05
6.1248e-05
6.07706e-05
6.02945e-05
5.98629e-05
5.95106e-05
5.90871e-05
5.86569e-05
5.82322e-05
5.78048e-05
5.73735e-05
5.69549e-05
5.65605e-05
5.61818e-05
5.58254e-05
5.54917e-05
5.51811e-05
5.48938e-05
5.46563e-05
5.46667e-05
5.4848e-05
5.51148e-05
5.53077e-05
5.53239e-05
5.52677e-05
5.51952e-05
5.51462e-05
5.50872e-05
5.50011e-05
5.48691e-05
5.47146e-05
5.45481e-05
5.43788e-05
5.42122e-05
5.40531e-05
5.39022e-05
5.37561e-05
5.36106e-05
5.34912e-05
5.33909e-05
5.32959e-05
5.32053e-05
5.31135e-05
5.30228e-05
5.29263e-05
5.28318e-05
5.27424e-05
5.26611e-05
5.25845e-05
5.25092e-05
5.24361e-05
5.23633e-05
5.22955e-05
5.22357e-05
5.239e-05
5.29826e-05
5.37812e-05
5.45628e-05
5.50466e-05
5.53189e-05
5.54457e-05
5.54852e-05
5.54358e-05
5.53349e-05
5.52019e-05
5.50278e-05
5.48279e-05
5.4626e-05
5.44283e-05
5.42371e-05
5.40573e-05
5.39234e-05
5.41299e-05
5.45135e-05
5.49646e-05
5.53432e-05
5.56282e-05
5.58692e-05
5.60217e-05
5.60802e-05
5.60309e-05
5.59212e-05
5.57715e-05
5.55826e-05
5.5369e-05
5.51516e-05
5.4938e-05
5.47253e-05
5.45135e-05
5.52656e-05
0.000170147
0.000202387
0.000205028
0.000198135
0.000188561
0.000178617
0.000169059
0.000160107
0.000151797
0.000144109
0.000137
0.000130435
0.000207516
0.000251467
0.000255352
0.000246338
0.000233721
0.00022064
0.000208054
0.000196249

