5e-05
5.02631e-05
5.04691e-05
5.06301e-05
5.07572e-05
5.08582e-05
5.09394e-05
5.10052e-05
5.10714e-05
5.11509e-05
5.12253e-05
5.12901e-05
5.13411e-05
5.13695e-05
5.13944e-05
5.14676e-05
5.15574e-05
5.16434e-05
5.17176e-05
5.17689e-05
5.17807e-05
5.17806e-05
5.17768e-05
5.17632e-05
5.17466e-05
5.17276e-05
5.17089e-05
5.1692e-05
5.16768e-05
0.000151369
0.000197314
0.000204543
0.000199115
0.000189943
0.000180043
0.000170413
0.000161355
0.000152937
0.000145148
0.000137952
0.000131308
0.000125189
0.000119556
0.000114357
0.000109559
0.000105128
0.000101033
9.72715e-05
9.38524e-05
9.07175e-05
8.78242e-05
8.5145e-05
8.26539e-05
8.03352e-05
7.81837e-05
7.61881e-05
7.43379e-05
7.26226e-05
7.10279e-05
6.95501e-05
6.81824e-05
6.69128e-05
6.57382e-05
6.46528e-05
0.000118027
0.000194607
0.000211717
0.000209068
0.000200279
0.000189984
0.000179731
0.000170009
0.000160946
0.00015255
0.00014479
0.000137617
0.000130993
0.000124876
0.000119231
0.000114021
0.000109212
0.00010477
0.000100668
9.68791e-05
9.33804e-05
9.01519e-05
8.71719e-05
8.44214e-05
8.18843e-05
7.9544e-05
7.73839e-05
7.53887e-05
7.35455e-05
7.18429e-05
7.02696e-05
6.88184e-05
6.74806e-05
6.62488e-05
6.51411e-05
6.41561e-05
6.32618e-05
6.24395e-05
6.16771e-05
6.09645e-05
6.0292e-05
5.96637e-05
5.90775e-05
5.85309e-05
5.80215e-05
5.75471e-05
5.71056e-05
5.6695e-05
5.63121e-05
5.59527e-05
5.56192e-05
5.53103e-05
5.50245e-05
5.47601e-05
5.45156e-05
5.42897e-05
5.40809e-05
5.38879e-05
5.37097e-05
5.35451e-05
5.3393e-05
5.32526e-05
5.3123e-05
5.30033e-05
5.28928e-05
5.27878e-05
5.26896e-05
5.25993e-05
5.25163e-05
5.24401e-05
5.23677e-05
5.22996e-05
5.22373e-05
5.21804e-05
5.21233e-05
5.20662e-05
5.20324e-05
5.20144e-05
5.20222e-05
5.23621e-05
0.000115219
0.000268704
0.000265906
0.000249927
0.000234757
0.00022069
0.000207668
0.000195626
0.000184508
0.00017424
0.000164754
0.000155991
0.000147901
0.000140438
0.000133545
0.000127177
0.000121296
0.000115864
0.000110847
0.000106214
0.000101936
9.79866e-05
9.434e-05
9.09731e-05
8.78648e-05
8.49953e-05
8.2346e-05
7.99003e-05
7.76427e-05
7.55589e-05
7.36425e-05
7.18759e-05
7.0244e-05
6.87357e-05
6.73417e-05
6.60535e-05
6.48634e-05
6.3764e-05
6.27485e-05
6.18106e-05
6.09446e-05
6.0145e-05
5.94068e-05
5.87253e-05
5.80963e-05
5.75161e-05
5.69809e-05
5.6487e-05
5.60308e-05
5.56097e-05
5.52212e-05
5.48627e-05
5.45316e-05
5.42261e-05
5.3944e-05
5.36839e-05
5.3444e-05
5.32226e-05
5.30183e-05
5.28297e-05
5.26559e-05
5.24957e-05
5.23481e-05
5.22122e-05
5.20867e-05
5.19708e-05
5.18639e-05
5.17652e-05
5.16744e-05
5.15907e-05
5.15135e-05
5.14423e-05
5.13767e-05
5.13165e-05
5.12609e-05
5.12098e-05
5.11629e-05
5.11197e-05
5.108e-05
5.10436e-05
0.00015624
0.000200326
0.000206794
0.000200984
0.000191562
0.000181466
0.000171663
0.000239961
0.000285832
0.000288549
0.000277397
0.000262422
0.000246994
0.000232204
0.000218368
0.000205528
0.000193648
0.000182671
0.000172532
0.000163169
0.000154524
0.000146542
0.000139173
0.00013237
0.00012609
0.000120292

