5e-05
5.02631e-05
5.04691e-05
5.06301e-05
5.07572e-05
5.08582e-05
5.09394e-05
5.10052e-05
5.10606e-05
5.11494e-05
5.12672e-05
5.13805e-05
5.14798e-05
5.15841e-05
5.16736e-05
5.17483e-05
5.18074e-05
5.18513e-05
5.18815e-05
5.18989e-05
5.18958e-05
5.18806e-05
5.18617e-05
5.18345e-05
5.18083e-05
5.19936e-05
5.24393e-05
5.29929e-05
8.29493e-05
0.000174741
0.000198101
0.000198308
0.000191072
0.000181808
0.000172344
0.00016328
0.000154788
0.000146902
0.000139605
0.000132859
0.000126626
0.00012087
0.000115552
0.000110638
0.000106102
0.000101912
9.80414e-05
9.44662e-05
9.11818e-05
8.81644e-05
0.000186823
0.00022339
0.000226387
0.000218534
0.00020762
0.000196285
0.000185386
0.000175175
0.000165699
0.000156935
0.000148852
0.000141401
0.000134529
0.000128214
0.000122769
0.000118213
0.000114515
0.000173476
0.000315447
0.000306161
0.00028689
0.000268788
0.000252037
0.000236559
0.000222265
0.000209067
0.000196882
0.000185634
0.000175249
0.000274463
0.000304537
0.000301284
0.000287608
0.00027131
0.000255001
0.00023951
0.000225061
0.00021167
0.000199292
0.000187859
0.000177303
0.000167558
0.000158561
0.000150256
0.000142589
0.000135512
0.000128987
0.000122966
0.000117406
0.000112272
0.000107531
0.000103153
9.91107e-05
9.53782e-05
9.19352e-05
8.87637e-05
8.58361e-05
8.31318e-05
8.06335e-05
7.83257e-05
7.6194e-05
7.42255e-05
7.24077e-05
7.07292e-05
6.91865e-05
6.77793e-05
6.65845e-05
6.55465e-05
6.45587e-05
6.36079e-05
9.45171e-05
0.000187254
0.00021004
0.000209324
0.000201127
0.000190948
0.000180645
0.00017082
0.00016164
0.000153127
0.000145255
0.000137982
0.000131267
0.000125073
0.000119377
0.000114148
0.000109323
0.000104861
0.000100747
9.69523e-05
9.3447e-05
9.01977e-05
8.71881e-05
8.44017e-05
8.18259e-05
7.94671e-05
7.73017e-05
7.53089e-05
0.000183297
0.00021717
0.000219591
0.000283032
0.000321921
0.000320631
0.000306619
0.000289265
0.000271723
0.000255005
0.000239392
0.000224916
0.000211532
0.00019917
0.000187755
0.000189308
0.000277731
0.000294548
0.000287592
0.000273435
0.000257706
0.000242271
0.000227707
0.000214154
0.000201607
0.000190011
0.000179303
0.000169416
0.000160299
0.000151888
0.000144124
0.000136954
0.000130334
0.00012422
0.000118575
0.000113362
0.000108549
0.000104106
0.000100003
9.62161e-05
9.27198e-05
8.94922e-05
8.65127e-05
8.37623e-05
8.12234e-05
7.88795e-05
7.67158e-05
7.47185e-05
7.28749e-05
7.11733e-05
6.96127e-05
6.81791e-05
6.68559e-05
6.56322e-05
6.45003e-05
6.3453e-05
6.24843e-05
6.15888e-05
6.07612e-05
5.99959e-05
5.92889e-05
5.86358e-05
5.80327e-05
5.74759e-05
5.69618e-05
5.64868e-05
5.6048e-05
5.56428e-05
5.5269e-05
5.49242e-05
5.46059e-05
5.4312e-05
5.40408e-05
5.37902e-05
5.35591e-05
5.33459e-05
5.31491e-05
5.29675e-05
5.28003e-05
5.26462e-05
5.2504e-05
5.23729e-05
5.22522e-05
5.21409e-05
5.20385e-05
5.19445e-05
5.1858e-05
5.17785e-05
5.17053e-05
5.16376e-05
5.15754e-05
5.15184e-05
5.14657e-05
5.14166e-05
5.13707e-05
5.13282e-05
5.1289e-05
5.12534e-05
5.12206e-05
5.11909e-05
5.1164e-05
5.11397e-05

