5e-05
5.02669e-05
5.04842e-05
5.06602e-05
5.08034e-05
5.09206e-05
5.10168e-05
5.10963e-05
5.11789e-05
5.13354e-05
5.15651e-05
5.18461e-05
5.21068e-05
5.23169e-05
5.24924e-05
5.26341e-05
5.27391e-05
5.28093e-05
5.28527e-05
0.000124048
0.000187929
0.000201467
0.000198295
0.000189955
0.000180669
0.000172192
0.000317646
0.00037917
0.000359144
0.000335853
0.000314037
0.000293847
0.000275191
0.00025796
0.000242052
0.000227365
0.000213809
0.000201296
0.000189748
0.00017909
0.000169254
0.000256271
0.000292216
0.000291472
0.000279141
0.000263757
0.000248199
0.000233372
0.000219517
0.00020667
0.000194784
0.000183801
0.000173659
0.000164503
0.000156398
0.000149098
0.000142334
0.000136012
0.000130043
0.000124434
0.000119167
0.000114228
0.00010961
0.000105331
0.000101383
9.7717e-05
9.43522e-05
9.12364e-05
8.83265e-05
8.56187e-05
8.30996e-05
8.07574e-05
7.8581e-05
7.65601e-05
0.000109204
0.000197335
0.000217873
0.000216049
0.000207219
0.000196603
0.00018595
0.000175818
0.000166359
0.000157587
0.000149472
0.000141974
0.000135047
0.000128649
0.00012274
0.000117284
0.000112245
0.000107592
0.000103295
9.93202e-05
9.56481e-05
9.22583e-05
8.91414e-05
8.62879e-05
8.36607e-05
8.12364e-05
7.89967e-05
7.69273e-05
7.52524e-05
7.4066e-05
7.31909e-05
7.24259e-05
7.1651e-05
7.08589e-05
7.00122e-05
6.91022e-05
6.81444e-05
6.71682e-05
6.62543e-05
6.53799e-05
6.45273e-05
6.3699e-05
6.29e-05
6.2135e-05
6.1407e-05
6.07182e-05
6.0069e-05
5.94537e-05
5.88759e-05
5.83371e-05
5.78357e-05
5.73699e-05
5.69375e-05
5.65366e-05
5.61651e-05
5.58212e-05
5.55029e-05
5.52085e-05
5.49363e-05
5.46848e-05
5.44523e-05
5.42368e-05
5.40339e-05
5.38443e-05
5.36717e-05
5.35386e-05
5.34253e-05
5.33177e-05
5.32177e-05
5.31239e-05
5.30403e-05
5.30248e-05
5.30787e-05
5.31725e-05
5.3245e-05
5.32726e-05
5.32785e-05
5.32664e-05
5.32386e-05
5.31979e-05
5.31473e-05
5.30893e-05
5.30263e-05
5.29602e-05
5.28925e-05
5.28245e-05
5.2757e-05
5.26909e-05
5.26267e-05
5.25607e-05
5.24957e-05
5.24345e-05
5.23749e-05
5.23428e-05
5.2327e-05
5.23157e-05
5.23028e-05
5.22829e-05
5.22603e-05
5.22417e-05
0.000132444
0.000191406
0.000203038
0.000199129
0.000190505
0.000180815
0.000171269
0.000162245
0.000153836
0.000146042
0.000138832
0.000132167
0.000126008
0.000120318
0.000115062
0.000189709
0.000238993
0.000245215
0.000237439
0.000225601
0.000213065
0.000200941
0.000189559
0.000178987
0.000169229
0.000160231
0.000151926
0.000144259
0.000137179
0.000130638
0.000124584
0.000118995
0.000201709
0.000242515
0.000245882
0.00023719
0.000225101
0.000212539
0.000200457
0.000189134
0.00017862
0.000168891
0.000159901
0.000151597
0.000143928
0.000136846
0.000130306
0.000124264
0.000118684
0.000113528
0.000108768
0.000104374
0.000100318
9.65729e-05
9.31134e-05
8.99204e-05
8.69774e-05
8.42879e-05
8.18171e-05
7.95392e-05
7.7444e-05
7.55414e-05
7.37927e-05
7.21758e-05
7.06764e-05
6.92838e-05
6.79848e-05
6.67726e-05
6.5647e-05
6.46027e-05
6.36339e-05
6.27304e-05
6.18897e-05
6.11078e-05
6.03846e-05
5.97162e-05

