5e-05
5.02631e-05
5.04691e-05
5.06301e-05
5.07572e-05
5.08582e-05
5.09394e-05
5.10052e-05
5.10589e-05
5.11033e-05
5.11402e-05
5.11713e-05
5.11975e-05
5.12149e-05
5.12343e-05
5.12745e-05
5.13193e-05
5.13623e-05
5.1401e-05
5.1433e-05
5.14436e-05
5.14456e-05
5.14465e-05
5.14447e-05
5.14424e-05
5.14388e-05
5.14363e-05
5.14352e-05
5.14341e-05
5.14256e-05
5.14593e-05
5.1816e-05
5.24819e-05
5.33357e-05
5.42957e-05
5.53171e-05
5.6388e-05
5.75494e-05
5.92346e-05
0.000224495
0.000271506
0.000256583
0.000240874
0.000226277
0.000212788
0.000200332
0.00018883
0.000178209
0.000168401
0.000159345
0.000150984
0.00015403
0.000260365
0.000283916
0.000279636
0.000266727
0.000251725
0.000236814
0.000222684
0.000209515
0.000197315
0.000186039
0.000175624
0.000166008
0.000157131
0.000148935
0.00014137
0.000134386
0.000127939
0.000121988
0.000116493
0.000111422
0.00010674
0.000102418
9.84288e-05
9.47463e-05
9.13472e-05
8.82098e-05
8.53136e-05
8.264e-05
8.0172e-05
7.7894e-05
7.57915e-05
7.38508e-05
7.20593e-05
7.04057e-05
6.88795e-05
6.7471e-05
0.000171571
0.000213659
0.000218805
0.000211956
0.000201641
0.000190746
0.000180217
0.000170334
0.000161155
0.000152663
0.000144817
0.000137572
0.000130883
0.000124709
0.00011901
0.000113749
0.000108892
0.000104409
0.000100271
0.00010675
0.000211745
0.000237293
0.000235993
0.000226231
0.000214273
0.000202221
0.000190747
0.000180036
0.000170106
0.000160926
0.000152448
0.000144619
0.000137392
0.000130721
0.000124562
0.000118877
0.000113629
0.000108785
0.000104314
0.000100186
9.63763e-05
9.28593e-05
8.9613e-05
8.66165e-05
8.38505e-05
8.12974e-05
7.89408e-05
7.67656e-05
7.47628e-05
7.29225e-05
7.12237e-05
6.96541e-05
6.82029e-05
6.68617e-05
6.56222e-05
6.44769e-05
6.34296e-05
6.25912e-05
6.19135e-05
6.12783e-05
6.06345e-05
5.99944e-05
5.93658e-05
5.8758e-05
5.81785e-05
5.76319e-05
5.71333e-05
5.66715e-05
5.62397e-05
5.58351e-05
5.54563e-05
5.51036e-05
5.47758e-05
5.44715e-05
5.41893e-05
5.39278e-05
5.36853e-05
5.34609e-05
5.32536e-05
5.30621e-05
5.28853e-05
5.27221e-05
5.25715e-05
5.24324e-05
5.23036e-05
5.21848e-05
0.000115709
0.000190263
0.000206909
0.000204322
0.000195757
0.000185724
0.000175732
0.000166257
0.000157424
0.00014924
0.000141676
0.00013469
0.00012824
0.000122285
0.000116788
0.000111714
0.000107031
0.000102707
9.8716e-05
9.5032e-05
9.16316e-05
8.84929e-05
8.55958e-05
8.29219e-05
8.04654e-05
7.82052e-05
7.61193e-05
7.4192e-05
7.24095e-05
7.07618e-05
6.92389e-05
6.78314e-05
6.65305e-05
6.53275e-05
6.42157e-05
6.31889e-05
6.2241e-05
6.13657e-05
6.05573e-05
5.98111e-05
5.91226e-05
5.84868e-05
5.78998e-05
5.73582e-05
5.68586e-05
5.63976e-05
5.59724e-05
5.55801e-05
5.52182e-05
5.4884e-05
5.45754e-05
5.42907e-05
5.40283e-05
5.37863e-05
5.35626e-05
5.33563e-05
5.31661e-05
5.29909e-05
5.28295e-05
5.26804e-05
5.25426e-05
5.24158e-05
5.22991e-05
5.21916e-05
5.2092e-05
5.2e-05
5.19137e-05
7.44161e-05
0.000178057
0.000204565
0.000205232
0.000197659
0.000187853
0.000177833
0.000168249
0.000159288

