5e-05
5.02667e-05
5.04834e-05
5.06586e-05
5.08009e-05
5.09171e-05
5.10125e-05
5.10912e-05
5.11584e-05
5.12431e-05
5.13311e-05
5.14109e-05
5.14735e-05
5.15102e-05
5.15317e-05
5.15715e-05
5.16244e-05
5.16758e-05
5.17215e-05
5.17572e-05
5.17745e-05
5.1785e-05
5.17921e-05
0.000155542
0.000197542
0.000203531
0.000197776
0.00018858
0.000178755
0.000169221
0.000160258
0.000151927
0.000144218
0.000137097
0.000130522
0.000124454
0.000118853
0.000113682
0.000108908
0.000104501
0.000100435
9.66828e-05
9.32179e-05
9.00183e-05
8.70658e-05
8.43416e-05
8.18334e-05
7.9541e-05
7.74197e-05
7.54641e-05
7.36558e-05
0.000164884
0.000210896
0.000217487
0.000211213
0.000201171
0.000190439
0.000180032
0.000170253
0.000161167
0.000222583
0.000271977
0.000276546
0.000266649
0.000252659
0.000238077
0.000224039
0.000210885
0.000198675
0.000187382
0.00017695
0.00016732
0.000158429
0.000150223
0.000142649
0.000135657
0.000129204
0.000123247
0.000117749
0.000112674
0.000107989
0.00010369
9.97388e-05
9.60962e-05
9.27332e-05
8.96238e-05
8.6743e-05
8.40795e-05
8.16174e-05
7.93415e-05
7.73984e-05
7.60617e-05
7.52588e-05
0.000123948
0.000287576
0.000290974
0.000273695
0.000256742
0.000240977
0.000226393
0.000212916
0.000200474
0.000189003
0.00017842
0.000168651
0.000159634
0.000151309
0.000143624
0.000136531
0.000129985
0.000123941
0.000118362
0.000113213
0.000108462
0.000104072
0.00010002
9.62819e-05
9.28327e-05
8.96495e-05
8.67104e-05
8.39988e-05
8.14963e-05
7.9185e-05
7.70528e-05
7.50859e-05
7.32717e-05
7.15949e-05
7.00441e-05
6.86114e-05
6.72893e-05
6.60704e-05
6.49495e-05
6.39388e-05
6.30377e-05
6.82527e-05
0.00017595
0.000249373
0.00041127
0.000408206
0.000383607
0.000447972
0.000463441
0.00044772
0.000422755
0.000396097
0.000370274
0.000346048
0.000323558
0.000302741
0.000283488
0.00026569
0.000336266
0.000362392
0.000355017
0.000337361
0.000317356
0.000297609
0.000278958
0.000261592
0.000245501
0.000230621
0.000216868
0.000204173
0.000192465
0.000181648
0.000171655
0.000162426
0.0001539
0.000146021
0.000138746
0.000132026
0.000125819
0.000120087
0.000114795
0.000109907
0.000105393
0.000101226
9.73795e-05
9.38272e-05
9.05527e-05
8.77132e-05
8.52963e-05
8.31317e-05
8.11098e-05
0.000152944
0.000208503
0.000218421
0.000213269
0.000203566
0.000192877
0.000182415
0.000241249
0.000282939
0.000284979
0.000274272
0.00025992
0.000245006
0.000230624
0.000217081
0.000204474
0.000192784
0.000181963
0.000171956
0.000162706
0.00015416
0.000146266
0.000138976
0.000132242
0.000126021
0.000120277
0.000114973
0.000110075
0.000105555
0.000101381
9.75267e-05
9.3967e-05
9.0682e-05
8.76511e-05
8.48534e-05
8.22713e-05
7.98888e-05
7.76886e-05
7.56585e-05
7.37838e-05
7.20535e-05
7.04574e-05
6.89852e-05
6.76253e-05
6.63696e-05
6.52114e-05
6.41431e-05
6.31553e-05
6.22418e-05
6.13985e-05
6.06197e-05
5.99004e-05
5.92374e-05
5.86247e-05
5.80593e-05
5.75384e-05
5.70585e-05
5.66122e-05
5.61978e-05
5.58152e-05
5.54621e-05
5.51376e-05
5.48395e-05
5.45639e-05
5.43097e-05
5.40762e-05

