5e-05
5.02631e-05
5.04691e-05
5.06301e-05
5.07572e-05
5.08582e-05
5.09394e-05
5.10052e-05
5.10589e-05
5.11033e-05
5.11402e-05
5.11713e-05
5.12069e-05
5.12467e-05
5.12914e-05
5.1392e-05
5.15224e-05
5.16887e-05
5.18372e-05
5.20391e-05
0.000165626
0.000198502
0.000201626
0.000195082
0.000185758
0.000176018
0.000166637
0.000157844
0.000149683
0.00014213
0.000135154
0.000128714
0.00012277
0.000117278
0.000112209
0.000107532
0.000103216
9.92351e-05
9.5561e-05
9.21687e-05
8.90363e-05
8.62088e-05
8.3863e-05
8.18391e-05
8.00443e-05
7.83916e-05
7.6783e-05
7.52107e-05
7.37563e-05
7.23867e-05
7.10382e-05
6.9701e-05
6.84047e-05
6.71788e-05
6.60258e-05
6.49507e-05
6.39508e-05
6.30221e-05
6.21605e-05
6.13586e-05
6.0594e-05
5.98761e-05
5.92106e-05
5.85996e-05
5.80593e-05
5.75716e-05
5.7124e-05
5.67098e-05
5.63287e-05
5.59779e-05
5.56527e-05
5.53437e-05
5.5051e-05
5.4777e-05
5.45246e-05
5.4315e-05
5.41328e-05
5.39691e-05
5.38149e-05
5.3669e-05
5.3533e-05
7.46391e-05
0.00017668
0.00020286
0.00020355
0.000196103
0.000186448
0.000176579
0.000167138
0.000158307
0.000200246
0.000265406
0.000275324
0.000267184
0.000253716
0.000239235
0.000225162
0.000211931
0.000199636
0.000188259
0.000177745
0.000168032
0.00015906
0.000150779
0.000143137
0.000136086
0.000129578
0.000123575
0.000118058
0.00011298
0.000108291
0.000103962
9.9964e-05
9.62674e-05
9.28533e-05
8.97282e-05
8.68485e-05
0.000104137
0.000199885
0.000222897
0.000221596
0.000212628
0.000201671
0.000190627
0.000180109
0.000170289
0.000161185
0.000152767
0.000144988
0.000137805
0.000131173
0.000125049
0.000119394
0.000114175
0.000109356
0.000104922
0.000100847
9.71117e-05
9.36806e-05
9.05187e-05
8.76204e-05
8.49483e-05
8.25117e-05
8.02644e-05
7.81648e-05
7.62136e-05
7.43917e-05
7.26895e-05
7.1135e-05
0.000148185
0.000200297
0.000209693
0.000204932
0.000195857
0.000185828
0.000175951
0.000243273
0.000283729
0.000299895
0.000364497
0.000369198
0.000354697
0.000334822
0.000314236
0.0003325
0.00037871
0.000376899
0.000359924
0.000338989
0.000317851
0.000297709
0.000278899
0.000261459
0.000245335
0.000230441
0.000216688
0.000203993
0.000192273
0.00018145
0.000171478
0.00022603
0.000274627
0.000278754
0.000268644
0.000254529
0.000239847
0.000225717
0.000212471
0.000200171
0.000188784
0.00017826
0.00016853
0.000159541
0.00015124
0.000143571
0.000136492
0.000129954
0.000123914
0.000118344
0.000113225
0.000108507
0.000104152
0.000100126
9.64045e-05
9.29641e-05
8.97873e-05
0.000152477
0.000215015
0.000226642
0.000221501
0.000211296
0.000199995
0.000188916
0.000178466
0.000168741
0.000159736
0.000151414
0.000143727
0.000136629
0.000130078
0.000124031
0.000118448
0.000113294
0.000108536
0.000104142
0.000100088
9.63476e-05
9.28961e-05
8.97113e-05
8.67675e-05
8.40478e-05
8.15367e-05
7.92186e-05
7.70785e-05
7.51047e-05
7.32843e-05
7.16054e-05
7.00736e-05
6.86738e-05
6.73843e-05
6.62187e-05
6.51496e-05
6.4159e-05
6.32252e-05
6.23559e-05
6.15453e-05
6.07952e-05
6.01178e-05
5.95004e-05
5.89231e-05

