5e-05
5.02631e-05
5.04691e-05
5.06301e-05
5.07572e-05
5.08582e-05
5.09394e-05
5.10052e-05
5.10589e-05
5.11033e-05
5.11402e-05
5.11728e-05
5.13086e-05
5.15961e-05
5.18625e-05
5.21283e-05
5.23666e-05
5.25368e-05
5.26485e-05
5.26847e-05
5.2652e-05
5.25807e-05
5.25046e-05
5.24156e-05
5.2327e-05
5.22464e-05
5.21744e-05
5.21106e-05
0.000160494
0.000199886
0.000204915
0.000198764
0.000189372
0.000179426
0.000169803
0.000160782
0.000152638
0.000145318
0.000138649
0.000132456
0.000126656
0.000121246
0.000116183
0.000111434
0.000107004
0.00010288
9.90448e-05
9.54705e-05
9.21456e-05
8.90576e-05
8.61768e-05
8.35093e-05
8.10406e-05
7.87588e-05
7.66521e-05
7.4708e-05
7.29141e-05
7.12573e-05
6.9728e-05
6.83152e-05
6.70063e-05
6.57955e-05
6.46796e-05
6.36641e-05
6.27469e-05
6.19093e-05
6.11408e-05
6.04322e-05
5.9772e-05
5.91543e-05
5.85813e-05
5.80475e-05
5.75505e-05
5.70896e-05
5.66602e-05
5.62638e-05
5.58913e-05
5.55452e-05
5.52274e-05
5.49335e-05
5.46641e-05
5.44161e-05
5.41813e-05
5.39632e-05
5.37631e-05
5.35761e-05
5.34055e-05
5.32495e-05
5.31049e-05
5.29724e-05
5.28526e-05
5.27444e-05
5.26467e-05
5.25548e-05
5.24679e-05
5.23963e-05
5.2356e-05
5.23288e-05
5.23068e-05
5.22862e-05
5.22709e-05
5.22981e-05
5.23696e-05
5.24451e-05
5.25083e-05
5.25741e-05
5.26516e-05
5.26966e-05
5.27144e-05
5.27158e-05
5.27031e-05
5.26788e-05
5.26456e-05
5.25994e-05
5.25418e-05
5.24789e-05
5.24167e-05
5.23514e-05
5.22869e-05
5.22272e-05
5.21709e-05
5.21143e-05
5.20624e-05
5.20351e-05
5.20141e-05
5.20033e-05
5.20173e-05
5.20218e-05
5.20277e-05
5.20632e-05
5.21047e-05
5.21344e-05
5.21369e-05
5.21277e-05
5.2144e-05
5.21624e-05
5.21668e-05
5.21671e-05
5.21632e-05
5.21659e-05
5.21863e-05
5.22073e-05
5.22236e-05
5.22273e-05
5.22116e-05
5.2202e-05
5.21917e-05
5.21739e-05
5.21365e-05
5.20871e-05
5.20378e-05
5.19882e-05
5.19588e-05
5.19398e-05
5.19242e-05
5.18997e-05
5.18741e-05
5.18483e-05
5.18223e-05
5.17991e-05
5.17754e-05
5.1748e-05
5.17219e-05
5.16943e-05
5.16678e-05
5.1644e-05
5.16237e-05
5.16076e-05
5.15952e-05
5.15861e-05
5.15768e-05
5.15693e-05
5.15641e-05
5.15609e-05
9.71461e-05
0.000182702
0.000203269
0.000202145
0.00019419
0.000184468
0.000174676
0.000165347
0.000156633
0.000148553
0.000141082
0.000134184
0.000127817
0.000121943
0.000116546
0.000111577
0.000106986
0.000102738
9.88114e-05
9.51832e-05
9.18271e-05
8.87246e-05
8.58607e-05
8.32182e-05
8.07908e-05
7.8561e-05
7.65107e-05
7.464e-05
7.29118e-05
7.13011e-05
6.98097e-05
6.84271e-05
6.71446e-05
6.59578e-05
6.48541e-05
6.38259e-05
6.28728e-05
6.19913e-05
6.11769e-05
6.04221e-05
5.97248e-05
5.90816e-05
5.84895e-05
5.79423e-05
5.74348e-05
5.69667e-05
5.65324e-05
5.61328e-05
5.57664e-05
5.55666e-05
5.5614e-05
5.57399e-05
5.58918e-05
5.60129e-05
5.60317e-05
5.59487e-05
5.58178e-05
5.56543e-05
5.54687e-05
5.52699e-05
5.50512e-05
5.48274e-05
5.46149e-05
5.44372e-05
5.42726e-05
5.41075e-05
5.39457e-05
0.000130107
0.000192447
0.000205174
0.000201473
0.000192738
0.000182852
0.000173121
0.000163927
0.000155356

