5e-05
5.02631e-05
5.04691e-05
5.06301e-05
5.07572e-05
5.08582e-05
5.09394e-05
5.10052e-05
5.10671e-05
5.11772e-05
5.12985e-05
5.14354e-05
5.15737e-05
5.16556e-05
5.17059e-05
5.17625e-05
5.18271e-05
5.19048e-05
5.1998e-05
5.20712e-05
5.21074e-05
5.212e-05
0.000123468
0.000189567
0.000203685
0.000200502
0.000191976
0.000182182
0.00017248
0.000163293
0.000154732
0.000146802
0.000139474
0.000132706
0.000126457
0.00012069
0.000115368
0.000110456
0.000105924
0.000101738
9.78713e-05
0.000167263
0.000224887
0.000234436
0.00022824
0.000217358
0.000205538
0.000194017
0.000183174
0.00017311
0.000163804
0.000155209
0.00014727
0.000139935
0.000133162
0.000126908
0.000121131
0.000115791
0.000110854
0.000106294
0.000102074
9.81684e-05
9.45616e-05
9.12332e-05
8.81616e-05
8.53279e-05
8.27126e-05
8.02999e-05
7.80734e-05
7.60204e-05
7.41252e-05
7.2377e-05
7.07628e-05
6.92732e-05
6.78952e-05
6.66249e-05
6.54545e-05
0.000132267
0.00019871
0.000212377
0.0002086
0.000199476
0.000189111
0.000178876
0.000169198
0.000160185
0.000151838
0.000144125
0.000137
0.000209816
0.00025606
0.000260423
0.00025127
0.000238287
0.000224744
0.000211749
0.00019985
0.00018901
0.000179078
0.000169912
0.000161391
0.000153433
0.000145965
0.000138966
0.000132441
0.000126392
0.000120812
0.000115637
0.000110834
0.000106368
0.00010222
9.83713e-05
9.48073e-05
9.15095e-05
8.84504e-05
8.56206e-05
8.30062e-05
8.05915e-05
7.83756e-05
7.63508e-05
7.44812e-05
0.000135505
0.000202937
0.000216778
0.000212849
0.000203493
0.000192893
0.000182424
0.000172522
0.000163293
0.000154742
0.000146837
0.000139535
0.00013279
0.00012656
0.0001208
0.00011548
0.000110569
0.00010606
0.000101913
9.80875e-05
9.45554e-05
9.12918e-05
8.82751e-05
8.54861e-05
8.29054e-05
8.05132e-05
7.82986e-05
0.000186016
0.000218105
0.000219919
0.000212002
0.000201387
0.00019083
0.000282814
0.000302168
0.000295673
0.000281289
0.000295608
0.000354755
0.000358228
0.000343852
0.000324534
0.00030462
0.000285522
0.00026766
0.000251335
0.000236507
0.000222947
0.000280038
0.000313253
0.00031089
0.000297247
0.000280625
0.000263868
0.000247888
0.000232947
0.000283234
0.000322251
0.00032103
0.000307067
0.000289755
0.000272246
0.000255554
0.000239952
0.000225485
0.00021211
0.000199758
0.000188355
0.00017783
0.000168116
0.000159149
0.00015087
0.000143229
0.000136177
0.000129667
0.000123656
0.000118107
0.00011298
0.000108249
0.000103883
9.98535e-05
9.61348e-05
9.27004e-05
8.95309e-05
8.66031e-05
8.38979e-05
8.14015e-05
7.90968e-05
7.69689e-05
7.50061e-05
7.31944e-05
7.15209e-05
6.99775e-05
6.8554e-05
6.7239e-05
6.60249e-05
6.49053e-05
6.38729e-05
6.29207e-05
6.20394e-05
6.12235e-05
6.04703e-05
5.97751e-05
5.91321e-05
5.85397e-05
5.79941e-05
5.74908e-05
5.70246e-05
5.6595e-05
5.61996e-05
5.58393e-05
5.55288e-05
5.52459e-05
5.49815e-05
5.47367e-05
5.45099e-05
5.4299e-05
5.41026e-05
5.3919e-05
5.3744e-05
5.35804e-05
5.34284e-05
5.32868e-05
5.31522e-05
5.3027e-05
5.29106e-05
5.27985e-05
5.26933e-05
5.25967e-05

