5e-05
5.02669e-05
5.04842e-05
5.06602e-05
5.08034e-05
5.09206e-05
5.10168e-05
5.10963e-05
5.11623e-05
5.12174e-05
5.12636e-05
5.13026e-05
5.1338e-05
5.1391e-05
5.14557e-05
5.15345e-05
5.16461e-05
5.17599e-05
5.18622e-05
0.000159455
0.000196996
0.000201659
0.000217669
0.000294586
0.000306802
0.000297826
0.000282569
0.000266083
0.000250038
0.000234925
0.000220864
0.00020785
0.000195827
0.000184727
0.000174481
0.000165026
0.0001563
0.000148248
0.000140816
0.000133958
0.000127629
0.000121788
0.000116398
0.000111422
0.000106826
0.000102592
9.87065e-05
9.51283e-05
9.18278e-05
8.87978e-05
8.60007e-05
8.34114e-05
8.10046e-05
7.87731e-05
7.6707e-05
7.47985e-05
7.30325e-05
7.13995e-05
6.98876e-05
6.84865e-05
6.71862e-05
6.59814e-05
6.48682e-05
6.38405e-05
6.28922e-05
6.20148e-05
6.12024e-05
6.04539e-05
5.97624e-05
5.91238e-05
5.85369e-05
5.80348e-05
5.78963e-05
5.80674e-05
5.83279e-05
5.8635e-05
5.88943e-05
5.90186e-05
5.90155e-05
5.90401e-05
5.91333e-05
9.08881e-05
0.000180317
0.000202585
0.000202199
0.000194577
0.000185025
0.000175356
0.000166098
0.000157434
0.000149391
0.000141937
0.000135045
0.00012867
0.000122777
0.000117334
0.000112308
0.000107667
0.000103381
9.94241e-05
9.57709e-05
9.23981e-05
8.92825e-05
8.64018e-05
8.37403e-05
8.12799e-05
7.9005e-05
7.69054e-05
7.49687e-05
7.31801e-05
7.15272e-05
6.99986e-05
6.85886e-05
6.72858e-05
6.60844e-05
6.50035e-05
6.40225e-05
6.31321e-05
6.23384e-05
6.16135e-05
6.0951e-05
6.03796e-05
5.98636e-05
5.93785e-05
5.88952e-05
5.84253e-05
5.79722e-05
5.75377e-05
5.71299e-05
5.67487e-05
5.64106e-05
5.61241e-05
5.58553e-05
5.55944e-05
5.53368e-05
5.50943e-05
5.48764e-05
5.47354e-05
5.46113e-05
5.44816e-05
5.43563e-05
5.42353e-05
5.41168e-05
5.40001e-05
5.38842e-05
5.38405e-05
5.42751e-05
5.499e-05
5.58476e-05
5.67483e-05
5.77006e-05
6.79197e-05
0.00025136
0.000276004
0.00026086
0.00030781
0.000365104
0.000367732
0.000352631
0.000332625
0.000312065
0.000292364
0.000273932
0.000256834
0.000241021
0.000226415
0.000212932
0.000200486
0.000189
0.000178399
0.000168617
0.000159591
0.000151262
0.000143573
0.000136478
0.000129932
0.00012389
0.000118316
0.000113223
0.000108828
0.000104977
0.000101413
9.80573e-05
9.4903e-05
9.19229e-05
8.91041e-05
8.64424e-05
8.39358e-05
8.15695e-05
7.9353e-05
7.72783e-05
7.53481e-05
7.3556e-05
7.18912e-05
7.03394e-05
6.88984e-05
6.75661e-05
6.63317e-05
6.52021e-05
6.41751e-05
6.32248e-05
6.23443e-05
6.15267e-05
6.07668e-05
6.0064e-05
5.94149e-05
5.88117e-05
5.82503e-05
5.7729e-05
5.72473e-05
5.68023e-05
5.63899e-05
5.60102e-05
5.56608e-05
5.53372e-05
5.50346e-05
5.47563e-05
5.44966e-05
5.42558e-05
5.40351e-05
5.38327e-05
5.36601e-05
5.37357e-05
5.39682e-05
5.42533e-05
5.45233e-05
5.47338e-05
5.48534e-05
5.48714e-05
5.4812e-05
5.47127e-05
5.45903e-05
5.44534e-05
5.43082e-05
5.41595e-05
5.40107e-05
5.38643e-05
0.00015634
0.000198695
0.000204768
0.000198979
0.000189705
0.000179789
0.000170168
0.000161126
0.000152725
0.000144952
0.000244468
0.000269042
0.000265868

