5e-05
5.02669e-05
5.04842e-05
5.06602e-05
5.08034e-05
5.09206e-05
5.10168e-05
5.10963e-05
5.11623e-05
5.12176e-05
5.12869e-05
5.13667e-05
5.145e-05
5.15795e-05
5.17152e-05
5.18422e-05
5.19518e-05
5.20405e-05
5.21036e-05
5.21321e-05
5.21392e-05
5.21334e-05
0.000152276
0.000197339
0.000204312
0.000198816
0.000189638
0.000179756
0.00017015
0.000161115
0.000152718
0.000144949
0.00013777
0.000131138
0.000125016
0.000119367
0.000114154
0.000109344
0.000104901
0.000100798
9.70121e-05
9.35877e-05
9.07827e-05
8.84826e-05
8.64614e-05
8.46698e-05
8.30604e-05
8.1572e-05
8.01431e-05
7.87201e-05
7.72886e-05
7.58746e-05
0.000127901
0.000287016
0.000289047
0.000272166
0.000255388
0.000239752
0.000225277
0.000211897
0.00019953
0.000188107
0.000177562
0.000167829
0.000158846
0.000150556
0.000142906
0.000135846
0.000129332
0.000123321
0.000117776
0.000112659
0.000107938
0.000103582
0.0001355
0.000224066
0.000243476
0.000239955
0.000229323
0.00021697
0.000204696
0.000193064
0.000182218
0.000172169
0.000162883
0.00015431
0.000146394
0.000139088
0.000132341
0.000126114
0.000120368
0.000115064
0.000110169
0.000105653
0.000101486
9.77961e-05
9.47047e-05
9.20211e-05
8.96025e-05
8.7347e-05
8.5189e-05
8.30965e-05
8.10631e-05
7.90973e-05
7.72112e-05
7.54151e-05
7.37156e-05
7.21157e-05
7.06155e-05
6.92129e-05
6.79048e-05
6.66871e-05
6.55551e-05
6.44993e-05
6.35134e-05
6.25967e-05
6.17477e-05
6.09633e-05
6.02389e-05
5.95703e-05
5.89531e-05
5.83837e-05
5.78584e-05
5.73737e-05
5.69251e-05
5.65248e-05
5.61699e-05
5.58465e-05
5.55434e-05
5.52621e-05
5.50009e-05
5.47544e-05
5.45225e-05
5.4307e-05
5.41058e-05
5.39152e-05
5.37384e-05
5.35901e-05
5.35256e-05
5.34867e-05
5.34374e-05
5.33889e-05
5.33387e-05
5.32763e-05
5.32065e-05
5.31285e-05
5.3048e-05
5.29636e-05
5.28799e-05
5.27924e-05
5.26995e-05
5.2607e-05
5.25212e-05
5.24429e-05
5.23716e-05
5.23018e-05
5.22281e-05
5.21584e-05
5.20945e-05
5.20359e-05
5.19842e-05
5.19377e-05
5.18943e-05
5.18548e-05
5.18191e-05
5.17839e-05
5.17536e-05
5.1728e-05
5.17066e-05
5.16889e-05
5.16745e-05
5.16628e-05
5.16534e-05
5.1646e-05
5.16402e-05
5.16357e-05
5.16323e-05
5.16297e-05
5.16279e-05
5.16266e-05
5.16256e-05
5.16212e-05
5.16166e-05
5.16129e-05
5.1607e-05
5.16005e-05
5.1592e-05
5.15843e-05
0.000162674
0.000199603
0.00020386
0.00019753
0.000188153
0.000178278
0.000168741
0.000159793
0.000151484
0.000143795
0.000136694
0.000130137
0.000124084
0.000118497
0.000113342
0.000108584
0.000104187
0.000100125
9.63737e-05
9.29124e-05
8.97197e-05
8.67747e-05
8.40582e-05
8.15496e-05
7.92349e-05
7.70989e-05
7.5125e-05
7.33023e-05
7.16183e-05
7.00611e-05
6.86236e-05
6.72987e-05
6.60761e-05
6.49479e-05
6.39086e-05
6.29512e-05
6.20693e-05
6.12569e-05
0.000171375
0.000206238
0.000209514
0.000202584
0.000192762
0.000182517
0.000172655
0.000163414
0.000154836
0.000146903
0.000139575
0.000132806
0.000126553
0.000120782
0.000115454
0.000110534
0.000105995
0.000101803
9.79332e-05
9.43629e-05
9.10675e-05
8.80193e-05
8.52016e-05
8.26019e-05

