5e-05
5.02669e-05
5.04842e-05
5.06602e-05
5.08034e-05
5.09206e-05
5.10168e-05
5.10963e-05
5.11623e-05
5.12174e-05
5.12636e-05
5.13095e-05
5.14275e-05
5.16623e-05
5.19402e-05
5.22773e-05
5.26037e-05
5.28783e-05
5.30878e-05
5.31765e-05
0.000166227
0.000199419
0.000202574
0.000195993
0.00018662
0.000176833
0.000167407
0.000158573
0.000150372
0.000142783
0.000135773
0.000129302
0.000123329
0.000117814
0.000112723
0.000108025
0.00010369
9.969e-05
9.59948e-05
9.25805e-05
8.94302e-05
8.65218e-05
8.38327e-05
8.13512e-05
7.90625e-05
7.69519e-05
7.50055e-05
7.32106e-05
7.15552e-05
8.26381e-05
0.000187233
0.000213828
0.000214105
0.000205995
0.000195662
0.000185148
0.000175095
0.000165697
0.00015698
0.000148916
0.000141451
0.000134549
0.000128178
0.000122297
0.000116866
0.000111851
0.000107224
0.000102954
9.90125e-05
9.53755e-05
9.20188e-05
8.89131e-05
8.60417e-05
8.33922e-05
8.09477e-05
7.86849e-05
7.65939e-05
7.46655e-05
7.28843e-05
7.12415e-05
6.97273e-05
6.83299e-05
6.70393e-05
6.58469e-05
6.47464e-05
6.37293e-05
6.27891e-05
6.1919e-05
6.11175e-05
6.03801e-05
5.97019e-05
5.9078e-05
5.85035e-05
5.79713e-05
5.74814e-05
5.70308e-05
5.66164e-05
5.62354e-05
5.58849e-05
5.55624e-05
5.52617e-05
5.49839e-05
5.47284e-05
5.44928e-05
5.42724e-05
5.40694e-05
5.38794e-05
5.36979e-05
5.35298e-05
5.33764e-05
5.32368e-05
5.31089e-05
5.29882e-05
5.2874e-05
5.27676e-05
5.26715e-05
5.25848e-05
5.25069e-05
5.24368e-05
5.23738e-05
5.23172e-05
5.22663e-05
5.22204e-05
5.21791e-05
5.21418e-05
5.21081e-05
5.20776e-05
5.205e-05
5.2025e-05
5.20022e-05
0.000117006
0.000187913
0.000203572
0.000200857
0.000192491
0.000182755
0.000173074
0.000163898
0.000155344
0.000147438
0.000140153
0.000133429
0.000127212
0.00012146
0.000116138
0.000111222
0.000106688
0.000165031
0.000227825
0.000238403
0.000232626
0.000222118
0.000210632
0.000199377
0.00018873
0.000178782
0.00016952
0.000160857
0.000152764
0.000145232
0.000138223
0.000131765
0.000125762
0.000120176
0.00011499
0.000110189
0.000105749
0.000101643
9.7847e-05
9.43378e-05
9.10864e-05
8.80735e-05
8.52872e-05
8.27133e-05
8.03288e-05
7.81238e-05
7.60898e-05
7.42095e-05
7.24717e-05
7.08677e-05
6.9384e-05
6.80104e-05
6.67418e-05
6.55694e-05
6.44877e-05
6.34926e-05
6.25774e-05
6.17359e-05
6.0962e-05
6.02485e-05
5.95838e-05
5.89654e-05
5.83963e-05
5.78739e-05
5.74219e-05
5.74244e-05
7.12084e-05
0.000256529
0.000279006
0.000263928
0.000247874
0.000232871
0.000218963
0.000206097
0.000194354
0.000183698
0.000173848
0.000249141
0.000293512
0.000295577
0.000284015
0.000268671
0.000252883
0.000237739
0.000223556
0.000210385
0.000198197
0.000260787
0.000306131
0.000307704
0.000295288
0.000279052
0.000262419
0.000277179
0.000342185
0.000348165
0.000335104
0.000316649
0.000297413
0.000278901
0.000261554
0.000245452
0.000230559
0.0002168
0.000204093
0.000192364
0.000181536
0.000171542
0.000162316
0.000153797
0.000145939
0.000138706
0.000132037
0.000126034
0.000120937
0.000116574
0.00011321
0.00027794
0.000323597
0.000305743

