5e-05
5.02631e-05
5.04691e-05
5.06301e-05
5.07572e-05
5.08582e-05
5.09394e-05
5.10052e-05
5.10589e-05
5.11033e-05
5.11402e-05
5.11715e-05
5.12223e-05
5.13068e-05
5.13976e-05
5.14821e-05
5.15549e-05
5.16144e-05
5.16609e-05
5.17036e-05
5.17491e-05
5.17838e-05
5.18099e-05
5.18244e-05
5.18331e-05
5.18369e-05
5.18366e-05
5.1833e-05
5.18251e-05
5.18029e-05
5.17735e-05
5.17461e-05
5.17217e-05
5.17003e-05
5.16816e-05
5.16656e-05
5.16518e-05
5.16388e-05
5.16253e-05
5.16137e-05
5.16115e-05
5.18539e-05
5.23765e-05
5.3026e-05
5.36887e-05
5.43402e-05
5.50473e-05
5.56585e-05
5.60879e-05
5.63159e-05
5.63653e-05
8.40543e-05
0.000179233
0.000203282
0.000203351
0.000195747
0.000186071
0.000176217
0.0001668
0.000157995
0.000149826
0.00014227
0.00013529
0.000128843
0.00012289
0.000131616
0.000228145
0.000250015
0.000246895
0.00023605
0.000223316
0.000210628
0.000198593
0.000187367
0.000176966
0.000167349
0.000158463
0.000150257
0.000142676
0.000135693
0.000129266
0.000123333
0.000117856
0.000112794
0.000108116
0.000103792
9.97892e-05
9.60923e-05
9.26785e-05
8.95263e-05
8.66157e-05
8.39283e-05
8.14469e-05
7.91545e-05
7.70351e-05
7.50785e-05
7.32702e-05
7.15989e-05
7.00565e-05
6.86332e-05
6.732e-05
6.61259e-05
6.5038e-05
6.40314e-05
6.31016e-05
6.22418e-05
6.1441e-05
6.06989e-05
6.0012e-05
5.93763e-05
5.87878e-05
5.82431e-05
5.77388e-05
5.7267e-05
5.68269e-05
5.64202e-05
5.6045e-05
5.56989e-05
5.53797e-05
5.50851e-05
5.48101e-05
5.45557e-05
5.43761e-05
5.45937e-05
5.51702e-05
5.59377e-05
5.68891e-05
5.82335e-05
0.000193938
0.000270998
0.000257586
0.000241854
0.000227192
0.00021363
0.000201101
0.00018953
0.000178846
0.000168983
0.000159878
0.000151472
0.000173632
0.000266685
0.000285346
0.000279436
0.000266016
0.000250886
0.000235983
0.000221903
0.000208793
0.000196651
0.000185427
0.000175068
0.000228492
0.000283533
0.000289425
0.000279339
0.000264655
0.000249225
0.00023432
0.000220328
0.000207328
0.000195296
0.000184176
0.000173906
0.000164424
0.00015567
0.000147588
0.000140127
0.000133239
0.000126882
0.000121013
0.000115595
0.000110594
0.000105977
0.000159847
0.000230156
0.00024343
0.000237921
0.000226722
0.000214281
0.000202073
0.000190554
0.000179835
0.000169911
0.00016074
0.00015227
0.000144451
0.000137233
0.00013057
0.000124419
0.000118741
0.0001135
0.000108662
0.000104196
0.000100073
9.62671e-05
9.27542e-05
8.95116e-05
8.65184e-05
8.37554e-05
8.12049e-05
7.88506e-05
7.66773e-05
7.46713e-05
7.28197e-05
7.11107e-05
6.95335e-05
6.80777e-05
6.6734e-05
6.55405e-05
6.45299e-05
6.36027e-05
6.27191e-05
6.18723e-05
6.10655e-05
6.03016e-05
5.95842e-05
5.8914e-05
5.82898e-05
5.77098e-05
5.71721e-05
5.6674e-05
5.62131e-05
5.57869e-05
5.5393e-05
5.50292e-05
5.46931e-05
5.43828e-05
5.40963e-05
5.38319e-05
5.35878e-05
5.33627e-05
5.31626e-05
5.2984e-05
5.28191e-05
5.2665e-05
5.25209e-05
5.23861e-05
5.22602e-05
5.21427e-05
5.20332e-05
5.19315e-05
5.18371e-05
5.17497e-05
5.16688e-05
5.1594e-05
5.1525e-05
5.14612e-05
5.14025e-05
5.13483e-05

