5e-05
5.02669e-05
5.04842e-05
5.06602e-05
5.09083e-05
5.16585e-05
5.3162e-05
0.000220147
0.000275599
0.000262127
0.000246234
0.000231327
0.000217556
0.000204875
0.000193159
0.000182361
0.000172388
0.000163167
0.00015464
0.000146755
0.000139452
0.000132696
0.000126451
0.000120672
0.000115335
0.00011041
0.000105866
0.000101673
9.78048e-05
9.42339e-05
9.09383e-05
8.78982e-05
8.50938e-05
8.25042e-05
8.01148e-05
7.79109e-05
7.58781e-05
7.40032e-05
7.22738e-05
7.06785e-05
6.92069e-05
6.78493e-05
6.65968e-05
6.54408e-05
6.43709e-05
6.33833e-05
6.24722e-05
6.16318e-05
6.08565e-05
6.01402e-05
0.000143232
0.000200681
0.00021139
0.000216064
0.000301817
0.000316685
0.000308026
0.000292334
0.000275201
0.000258472
0.000242706
0.000228037
0.000214459
0.000201916
0.000190334
0.000179643
0.000169776
0.000160667
0.000152259
0.000144499
0.000137337
0.000130726
0.000124626
0.000118997
0.000113801
0.000109005
0.00010462
0.000100849
9.7556e-05
9.45496e-05
9.17602e-05
8.9123e-05
8.6526e-05
8.40364e-05
8.16776e-05
7.94622e-05
7.73885e-05
7.54593e-05
7.36684e-05
7.20075e-05
7.04644e-05
6.90243e-05
6.77986e-05
6.69733e-05
6.62897e-05
6.56382e-05
6.49773e-05
0.00013224
0.0001946
0.000207416
0.000203748
0.000195
0.000185084
0.000175282
0.000165997
0.000157333
0.000149286
0.000141836
0.000134943
0.000128569
0.000122671
0.000117219
0.000112182
0.00010753
0.000103234
9.92615e-05
0.000201539
0.000233229
0.000234138
0.000225213
0.000213619
0.000201763
0.000280178
0.00030769
0.000303512
0.000289475
0.000273013
0.000282097
0.000345007
0.00035021
0.000336814
0.00031819
0.000298841
0.000280237
0.000262803
0.000322838
0.000349039
0.00034236
0.000325567
0.000306442
0.000287556
0.000281221
0.000349449
0.000356277
0.000343124
0.000324289
0.000304613
0.00028565
0.000308711
0.000355755
0.000355442
0.000340053
0.00032062
0.000377574
0.000391988
0.000379512
0.00043627
0.000436449
0.000429327
0.00047485
0.000468001
0.000444813
0.000462692
0.000484401
0.000469479
0.000443654
0.000415671
0.000388415
0.000362764
0.000338916
0.000316844
0.00029645
0.00034848
0.000369632
0.000360298
0.000341754
0.000321224
0.000301102
0.000282124
0.00026447
0.000248122
0.000233013
0.000219062
0.000206183
0.000194292
0.000183316
0.000173186
0.000163834
0.0001552
0.000147231
0.000198128
0.000254366
0.000261998
0.000253811
0.000241006
0.000227378
0.000214175
0.000201776
0.000196203
0.000282435
0.000298653
0.000291328
0.000276903
0.000260949
0.000245318
0.000230579
0.000274384
0.000319291
0.000320051
0.000306743
0.00028964
0.000272198
0.000255528
0.000239942
0.000225486
0.000212116
0.000199765
0.000188362
0.000177837
0.000168123
0.000159158
0.000150878
0.000143231
0.000136171
0.000129652
0.000123634
0.00011808
0.000112956
0.000108228
0.000103862
9.98372e-05
9.631e-05
9.3283e-05
9.0679e-05
8.84165e-05
8.63901e-05
8.44684e-05
8.25132e-05
8.05704e-05
7.86276e-05
7.67501e-05
7.49677e-05
7.32913e-05
7.17191e-05
7.02397e-05
6.88533e-05
6.75871e-05
6.64811e-05
6.54766e-05
6.45347e-05

