5e-05
5.02631e-05
5.04691e-05
5.06301e-05
5.07572e-05
5.08582e-05
5.09394e-05
5.10052e-05
5.10606e-05
5.11494e-05
5.12672e-05
5.13805e-05
5.14798e-05
5.15841e-05
5.16736e-05
5.17483e-05
5.18074e-05
5.18513e-05
5.18815e-05
6.30795e-05
0.000172073
0.000200997
0.000202667
0.000195583
0.000186066
0.000176446
0.000167499
0.000159266
0.000151658
0.000144389
0.000137517
0.000131104
0.000125134
0.000119592
0.000114445
0.000109672
0.000105246
0.000101151
9.73636e-05
9.38632e-05
9.06282e-05
8.76393e-05
8.48757e-05
8.23207e-05
7.99614e-05
7.77811e-05
7.5766e-05
7.39034e-05
7.22e-05
7.0642e-05
6.92058e-05
6.78725e-05
6.66306e-05
6.54736e-05
6.44052e-05
6.34199e-05
6.25087e-05
6.16669e-05
6.08908e-05
6.01754e-05
5.95279e-05
5.8944e-05
5.84108e-05
5.79483e-05
5.7905e-05
5.83367e-05
5.92421e-05
0.000122452
0.000268346
0.000262682
0.000246753
0.000231738
0.000217834
0.000204986
0.00019312
0.000182163
0.000172047
0.000162707
0.000154086
0.000146127
0.000138779
0.000131997
0.000125736
0.000119955
0.00011462
0.000109694
0.000105146
0.000100948
9.70734e-05
9.34966e-05
9.01944e-05
8.71457e-05
8.43311e-05
8.1733e-05
7.93345e-05
7.71209e-05
7.50852e-05
7.3208e-05
7.14739e-05
6.98712e-05
6.839e-05
6.70215e-05
6.5757e-05
6.45889e-05
6.35131e-05
6.25268e-05
6.16163e-05
6.07742e-05
5.99948e-05
5.92738e-05
5.86069e-05
5.79906e-05
5.7421e-05
5.68946e-05
5.64156e-05
5.59903e-05
5.57019e-05
5.55005e-05
5.52851e-05
5.50473e-05
5.48053e-05
5.45641e-05
5.43208e-05
5.40783e-05
5.38411e-05
5.36122e-05
5.33944e-05
5.31891e-05
5.29968e-05
5.28174e-05
5.26505e-05
5.24955e-05
5.23518e-05
5.22246e-05
5.21297e-05
5.20705e-05
5.20183e-05
5.19622e-05
5.1915e-05
5.1875e-05
5.18354e-05
5.17854e-05
5.17291e-05
5.16689e-05
5.16097e-05
8.78065e-05
0.000180548
0.000203449
0.000273002
0.000312174
0.0003115
0.000298159
0.00033094
0.000375154
0.000372865
0.000355899
0.000335121
0.000314179
0.00029424
0.000275624
0.000258368
0.000242414
0.00030207
0.000335984
0.00033237
0.000317017
0.00029871
0.000280387
0.000262984
0.000246751
0.000231708
0.000217801
0.000204957
0.000193098
0.000182151
0.000172045
0.000162725
0.000154127
0.000146191
0.000138863
0.000132095
0.000125846
0.000120076
0.000114748
0.000109829
0.000105287
0.000101094
9.72224e-05
9.36487e-05
9.03497e-05
8.73043e-05
8.4493e-05
8.18979e-05
7.95022e-05
7.72906e-05
7.52491e-05
7.33647e-05
7.16255e-05
7.00301e-05
6.85644e-05
6.72116e-05
6.59605e-05
6.48034e-05
6.37327e-05
6.27426e-05
6.18273e-05
6.09812e-05
6.01991e-05
5.94764e-05
5.88089e-05
5.81926e-05
5.76234e-05
5.70979e-05
5.66125e-05
5.61641e-05
5.575e-05
5.53679e-05
5.50155e-05
5.46901e-05
5.43898e-05
5.41126e-05
5.38565e-05
5.36203e-05
5.34024e-05
5.32013e-05
5.30157e-05
5.28447e-05
5.26872e-05
5.25418e-05
5.24079e-05
5.22844e-05
5.21706e-05
5.2066e-05
5.19698e-05
5.18814e-05
5.18001e-05
5.17253e-05
5.16561e-05
5.15925e-05
5.15341e-05
5.14802e-05
5.143e-05
5.13831e-05
5.13396e-05
5.12996e-05
5.12631e-05
5.12296e-05
5.11992e-05
5.11717e-05
5.11468e-05

