5e-05
5.02631e-05
5.04691e-05
5.06301e-05
5.07572e-05
5.08582e-05
5.09394e-05
5.10052e-05
5.10589e-05
5.11033e-05
5.11437e-05
5.12034e-05
5.12661e-05
5.13388e-05
5.14302e-05
5.15165e-05
5.15904e-05
5.16502e-05
5.16962e-05
5.17208e-05
5.17153e-05
5.17017e-05
5.16851e-05
5.16649e-05
5.16456e-05
5.16284e-05
5.16134e-05
5.16004e-05
5.15894e-05
5.15802e-05
5.15727e-05
5.15665e-05
5.15616e-05
5.15529e-05
5.15412e-05
5.15305e-05
5.15221e-05
5.15158e-05
5.15103e-05
5.15045e-05
5.15005e-05
5.14966e-05
5.14921e-05
5.14892e-05
5.14879e-05
5.14879e-05
5.1489e-05
5.1491e-05
5.14939e-05
5.15183e-05
5.1558e-05
0.000140708
0.000193425
0.000203041
0.000198474
0.000189628
0.000179864
0.000170299
0.000161278
0.000152885
0.000145105
0.000140205
0.00024056
0.000264034
0.000260767
0.000249174
0.000235522
0.000221906
0.000208988
0.000196944
0.000185786
0.000175466
0.000165934
0.000157133
0.00014901
0.000141509
0.000134582
0.000128189
0.000122289
0.000116844
0.000111818
0.000107174
0.000102887
9.89298e-05
9.52761e-05
9.19047e-05
8.87898e-05
8.59126e-05
8.32552e-05
8.08006e-05
7.8535e-05
7.64458e-05
7.45194e-05
7.27427e-05
7.1102e-05
6.95888e-05
6.81937e-05
6.69073e-05
6.57212e-05
6.46275e-05
6.36189e-05
6.26878e-05
6.1826e-05
6.1031e-05
6.02981e-05
5.96222e-05
5.89979e-05
5.84195e-05
5.78863e-05
5.73948e-05
5.6942e-05
5.65234e-05
5.61353e-05
0.000117821
0.00019029
0.000206304
0.00020358
0.000195045
0.000185094
0.000175197
0.000165816
0.000157073
0.000148973
0.000141487
0.000134573
0.000128189
0.000122296
0.000116857
0.000111835
0.000107197
0.000102914
9.89612e-05
9.53134e-05
9.2123e-05
8.94512e-05
8.70708e-05
8.48634e-05
8.27903e-05
0.000148086
0.000207626
0.00021898
0.000214263
0.00020463
0.000193893
0.000183338
0.000173364
0.000164073
0.000155468
0.000147537
0.000140231
0.000138117
0.000235555
0.000258039
0.000254808
0.000243557
0.000230323
0.000217345
0.00020562
0.000262108
0.000396716
0.00038084
0.00035585
0.000332456
0.000310815
0.00029082
0.000272356
0.000255308
0.000239569
0.000225039
0.000211624
0.000199241
0.00018781
0.000177257
0.000167515
0.000158522
0.00015022
0.000142557
0.000135482
0.000128951
0.000122922
0.000117357
0.000112219
0.000107477
0.000103098
9.90568e-05
9.53261e-05
9.18821e-05
8.87027e-05
8.57676e-05
8.30586e-05
8.05579e-05
7.82493e-05
7.61183e-05
7.41511e-05
7.23352e-05
7.06688e-05
7.86665e-05
0.000186066
0.000213944
0.000214676
0.000206681
0.000196289
0.00018565
0.000175463
0.000165933
0.00015709
0.00014891
0.000141353
0.000134375
0.000127932
0.000121984
0.000116493
0.000111425
0.000106746
0.000102427
9.84398e-05
9.47595e-05
9.13622e-05
8.82261e-05
8.53673e-05
8.28132e-05
8.04591e-05
7.82557e-05
7.61947e-05
7.42718e-05
7.24822e-05
7.08203e-05
6.92794e-05
6.78524e-05
6.65322e-05
6.53115e-05
6.41834e-05
6.31434e-05
6.2203e-05
6.13401e-05
6.05407e-05
5.9798e-05
5.9108e-05
5.84673e-05
5.78729e-05
5.73222e-05
5.68139e-05
5.63537e-05
5.59298e-05
5.55365e-05
5.51711e-05
5.48315e-05
5.45161e-05
5.42233e-05
5.3952e-05

