5e-05
5.02667e-05
5.04834e-05
5.06586e-05
5.08009e-05
5.09171e-05
5.10125e-05
5.10912e-05
5.11565e-05
5.12109e-05
5.12566e-05
5.12951e-05
5.13277e-05
5.13491e-05
5.13984e-05
5.14767e-05
5.15596e-05
5.16373e-05
5.17055e-05
5.17605e-05
5.179e-05
5.18027e-05
5.18087e-05
5.18064e-05
5.17982e-05
5.17893e-05
5.17809e-05
5.17731e-05
5.17639e-05
0.00015164
0.000197453
0.000204631
0.00019918
0.000189996
0.000180094
0.000170464
0.000161408
0.000152993
0.000145207
0.000138014
0.000131381
0.000125525
0.000120454
0.000115858
0.000111624
0.000107675
0.000103928
0.00010039
9.70425e-05
9.38495e-05
9.08e-05
8.79237e-05
8.52276e-05
0.000164494
0.000216182
0.000224377
0.000218294
0.00020797
0.000196814
0.00018595
0.000175723
0.000166214
0.000157412
0.000149278
0.000141767
0.000134828
0.000128423
0.00012251
0.000117049
0.000112008
0.000107357
0.000103067
9.91089e-05
9.54572e-05
9.20857e-05
8.89974e-05
8.61624e-05
0.000120274
0.000203525
0.000222383
0.000219818
0.000210566
0.000199642
0.000286082
0.000306691
0.000300398
0.000285866
0.000269447
0.000253253
0.000237947
0.000223694
0.000210492
0.000198291
0.000187019
0.000176603
0.000166987
0.000158112
0.000149922
0.000142364
0.000135389
0.000128952
0.000123012
0.00011753
0.000112471
0.000107801
0.000103492
9.95096e-05
9.58337e-05
9.24392e-05
8.93039e-05
8.64107e-05
8.37412e-05
8.12779e-05
7.90035e-05
7.69015e-05
7.4962e-05
7.31726e-05
7.15217e-05
6.99987e-05
6.85936e-05
6.72971e-05
6.61187e-05
6.50519e-05
6.40571e-05
6.31339e-05
6.22813e-05
6.14935e-05
6.07647e-05
6.00888e-05
5.94662e-05
5.89194e-05
5.84235e-05
5.79664e-05
5.7536e-05
5.71301e-05
5.67511e-05
5.63972e-05
5.60653e-05
5.57466e-05
5.54427e-05
5.51584e-05
5.48953e-05
5.46453e-05
5.44167e-05
5.42334e-05
5.40801e-05
5.39696e-05
5.38783e-05
5.37923e-05
5.3695e-05
5.35907e-05
5.3484e-05
5.33669e-05
5.32502e-05
5.3179e-05
5.34431e-05
6.37144e-05
0.000167051
0.000194916
0.000196998
0.000190686
0.000181948
0.000172824
0.00016399
0.00015565
0.000147848
0.000140628
0.00013393
0.000127728
0.000121985
0.000116665
0.000111729
0.000107177
0.000103348
0.000105318
0.000288724
0.000316984
0.000298883
0.000280072
0.000262533
0.000246301
0.000231301
0.000217446
0.000204654
0.000192843
0.000181941
0.000171878
0.000162591
0.00015402
0.000207674
0.000273158
0.000282738
0.000274101
0.000260119
0.000245149
0.000230623
0.000216972
0.00020429
0.000192554
0.000181711
0.000171722
0.000162743
0.000154617
0.000147177
0.000140263
0.000133795
0.000127737
0.000122068
0.000116796
0.000111887
0.000107333
0.000103113
9.92053e-05
9.55866e-05
9.22322e-05
8.91275e-05
8.62829e-05
8.36676e-05
8.12541e-05
7.90224e-05
7.69515e-05
7.50351e-05
7.32626e-05
7.16232e-05
7.01024e-05
6.86942e-05
6.73925e-05
6.61896e-05
6.50782e-05
6.40513e-05
6.31025e-05
6.22238e-05
6.14087e-05
6.06526e-05
5.99546e-05
5.93108e-05
5.8717e-05
5.81693e-05
5.7661e-05
5.71909e-05
5.67564e-05
5.63531e-05
5.59815e-05
5.56395e-05
5.53247e-05
5.5035e-05
5.47683e-05
5.45228e-05
5.42967e-05
5.40885e-05

