5e-05
5.02667e-05
5.04834e-05
5.06586e-05
5.08009e-05
5.09171e-05
5.10125e-05
5.10912e-05
5.11565e-05
5.12109e-05
5.12566e-05
5.12951e-05
5.13283e-05
5.1373e-05
5.14221e-05
5.147e-05
5.1514e-05
5.15527e-05
5.1585e-05
5.16018e-05
5.15989e-05
5.15829e-05
5.1564e-05
5.15394e-05
5.15176e-05
5.15005e-05
5.14879e-05
5.14794e-05
5.14735e-05
0.000141035
0.000194844
0.000204684
0.000200073
0.000191112
0.000181219
0.000171529
0.000162395
0.0001539
0.000146037
0.000138768
0.000132058
0.000125865
0.000120149
0.000114873
0.000110003
0.00010551
0.000101364
9.75388e-05
9.40091e-05
9.07482e-05
8.77378e-05
8.49497e-05
8.2375e-05
8.00119e-05
7.78354e-05
7.58231e-05
7.39597e-05
7.22389e-05
7.06511e-05
6.91842e-05
6.78153e-05
6.65467e-05
6.53784e-05
6.43034e-05
6.33125e-05
6.23991e-05
6.1559e-05
6.07865e-05
6.0073e-05
5.94093e-05
5.87979e-05
5.82321e-05
5.77102e-05
5.72311e-05
5.67901e-05
5.63804e-05
5.60018e-05
5.56538e-05
5.53352e-05
5.50437e-05
5.47769e-05
5.45262e-05
5.42913e-05
5.40739e-05
5.38735e-05
5.36881e-05
5.35193e-05
5.33656e-05
5.32208e-05
5.30842e-05
5.29601e-05
5.28482e-05
5.27474e-05
5.26564e-05
5.25708e-05
5.24871e-05
5.24105e-05
6.27732e-05
0.00017278
0.000201948
0.000203622
0.000196479
0.000186914
0.000177079
0.000167649
0.000158815
0.00015061
0.00014303
0.00013605
0.000129614
0.000123672
0.000118178
0.000113104
0.000108416
0.000104077
0.000100064
9.63563e-05
9.29242e-05
8.97544e-05
8.68285e-05
8.41281e-05
8.16358e-05
7.93342e-05
7.72282e-05
7.53341e-05
7.35878e-05
7.1987e-05
7.05357e-05
6.91981e-05
6.79409e-05
6.67706e-05
6.5683e-05
6.46709e-05
6.37212e-05
6.2836e-05
6.20454e-05
6.13909e-05
6.08251e-05
6.02811e-05
5.97464e-05
5.92204e-05
5.87242e-05
5.82538e-05
5.78035e-05
5.7421e-05
5.7108e-05
5.68375e-05
5.66373e-05
5.64413e-05
5.62142e-05
5.59711e-05
5.57272e-05
5.54996e-05
5.52694e-05
5.50366e-05
5.48198e-05
5.46286e-05
5.4449e-05
5.42772e-05
5.41123e-05
5.39532e-05
5.37952e-05
5.36483e-05
5.35106e-05
5.3381e-05
5.72633e-05
0.000170737
0.000201745
0.000204041
0.00019708
0.000187524
0.000177625
0.000168117
0.000159212
0.000150951
0.000143313
0.000136261
0.000235512
0.000261889
0.00025965
0.000248443
0.000234957
0.000221427
0.000208562
0.000196554
0.000185427
0.000175144
0.000165646
0.000156878
0.000148785
0.000141317
0.000134417
0.000128045
0.000122166
0.000116738
0.000111723
0.000107094
0.000102822
9.88824e-05
9.52469e-05
9.18892e-05
8.87887e-05
8.59287e-05
8.32908e-05
8.08526e-05
7.86001e-05
7.65196e-05
7.45955e-05
7.28177e-05
7.1175e-05
6.96591e-05
6.82625e-05
6.69761e-05
6.57913e-05
6.47001e-05
6.36949e-05
6.2768e-05
6.19103e-05
6.11179e-05
6.03853e-05
5.97082e-05
5.90828e-05
5.85647e-05
5.84364e-05
5.85589e-05
5.87315e-05
5.88079e-05
5.87173e-05
5.85105e-05
5.82499e-05
5.8044e-05
0.00012089
0.000276635
0.000277952
0.000261841
0.000245866
0.000230969
0.000217168
0.000204427
0.000192661
0.000181793
0.000171759
0.000162511
0.000153993
0.000146161
0.000138937
0.000132266
0.0001261
0.000120403
0.000115134

