5e-05
5.02669e-05
5.04842e-05
5.06602e-05
5.08034e-05
5.09206e-05
5.10168e-05
5.10963e-05
5.11623e-05
5.12174e-05
5.12636e-05
5.13026e-05
5.13525e-05
5.14192e-05
5.14844e-05
5.15431e-05
5.15936e-05
5.16358e-05
5.167e-05
5.16973e-05
5.1715e-05
5.17247e-05
5.17301e-05
0.000166677
0.000200132
0.00020327
0.00019662
0.000187196
0.000177367
0.000167905
0.000159037
0.000150805
0.000143191
0.000136157
0.000129658
0.000123658
0.000118121
0.000113009
0.000108292
0.000103938
9.99193e-05
9.62102e-05
9.27869e-05
8.96272e-05
8.67109e-05
8.40193e-05
8.15349e-05
7.92418e-05
7.71252e-05
7.51716e-05
7.33684e-05
7.1704e-05
7.01677e-05
6.87496e-05
6.74406e-05
6.62324e-05
6.51171e-05
6.40876e-05
6.31372e-05
6.22599e-05
6.14421e-05
6.06812e-05
5.99791e-05
5.93323e-05
5.87366e-05
5.8188e-05
5.76829e-05
5.72177e-05
5.67893e-05
5.63948e-05
5.60315e-05
5.56968e-05
5.53884e-05
5.51043e-05
5.48426e-05
5.46014e-05
5.4379e-05
5.41741e-05
5.39851e-05
5.38109e-05
5.36503e-05
5.35021e-05
5.33641e-05
5.3233e-05
5.3112e-05
5.30008e-05
5.28988e-05
5.28037e-05
5.2713e-05
5.26297e-05
5.25536e-05
5.24842e-05
5.2421e-05
5.23633e-05
5.23106e-05
5.22626e-05
5.22187e-05
5.21787e-05
5.21421e-05
5.21087e-05
5.57629e-05
0.000169615
0.000200643
0.00020296
0.000196093
0.000186659
0.000176883
0.000167489
0.000158687
0.000150516
0.000142954
0.000135965
0.000129508
0.000123545
0.000118036
0.000112944
0.000108242
0.0001039
9.98919e-05
9.61912e-05
9.27746e-05
8.96204e-05
8.67084e-05
8.40202e-05
8.15384e-05
7.92474e-05
7.71324e-05
7.51799e-05
7.33776e-05
7.17137e-05
7.01778e-05
6.87599e-05
6.74517e-05
6.64445e-05
6.5904e-05
6.56968e-05
6.57801e-05
6.64178e-05
0.000216723
0.000288566
0.000275293
0.000258424
0.00024257
0.000227893
0.000214326
0.000201789
0.000190209
0.000179515
0.000169643
0.00016053
0.000152118
0.000144353
0.000137184
0.000130566
0.00012446
0.000118826
0.000113627
0.00010883
0.000104405
0.000100321
9.65511e-05
9.3073e-05
8.98642e-05
8.69038e-05
8.41708e-05
8.16479e-05
7.93204e-05
7.71732e-05
7.51923e-05
7.33643e-05
7.16751e-05
7.01165e-05
6.86787e-05
6.73524e-05
6.61289e-05
6.50002e-05
6.39589e-05
6.29981e-05
6.21117e-05
6.12938e-05
6.05392e-05
5.98427e-05
5.92001e-05
5.86083e-05
5.82514e-05
5.82255e-05
5.83586e-05
5.85275e-05
5.86496e-05
5.86795e-05
5.85649e-05
5.83472e-05
5.80717e-05
5.77597e-05
5.74218e-05
5.70661e-05
5.67066e-05
5.63586e-05
5.60262e-05
5.57109e-05
5.54134e-05
5.51337e-05
5.48702e-05
5.46207e-05
5.43883e-05
5.41725e-05
5.39724e-05
5.37871e-05
5.36156e-05
5.34571e-05
5.33107e-05
5.31755e-05
5.30507e-05
5.29356e-05
5.28294e-05
5.27315e-05
5.26412e-05
5.2558e-05
5.24813e-05
5.24106e-05
5.23455e-05
8.7855e-05
0.000180436
0.000203345
0.000202964
0.000195206
0.000185496
0.000175657
0.000166272
0.000157506
0.000149378
0.000141863
0.000134922
0.000128514
0.000122597
0.000117132
0.000112086
0.000107429
0.000103128
9.9157e-05
9.54916e-05
9.21088e-05
8.89869e-05
8.61057e-05
8.34466e-05
8.09925e-05
7.87276e-05
7.66373e-05
7.47081e-05
7.29275e-05

