5e-05
5.02631e-05
5.04691e-05
5.06301e-05
5.07572e-05
5.08582e-05
5.09394e-05
5.10052e-05
5.10589e-05
5.11153e-05
5.11865e-05
5.12588e-05
5.13546e-05
5.14314e-05
5.14745e-05
5.15331e-05
5.16018e-05
5.16647e-05
5.17173e-05
5.17587e-05
5.17801e-05
5.17881e-05
5.17904e-05
5.17867e-05
5.2e-05
5.25245e-05
5.31916e-05
5.38761e-05
5.44247e-05
5.45861e-05
5.46062e-05
5.45465e-05
5.4447e-05
5.43248e-05
5.41891e-05
5.40467e-05
5.39022e-05
5.37589e-05
5.36191e-05
5.34844e-05
5.33556e-05
5.32334e-05
5.31181e-05
5.30097e-05
5.29083e-05
5.28137e-05
5.27256e-05
5.26403e-05
5.25597e-05
5.24852e-05
5.24121e-05
5.23376e-05
0.00011609
0.000189079
0.000205293
0.000202671
0.000194204
0.00018431
0.000174465
0.000165133
0.000156431
0.000148362
0.000140901
0.000134013
0.000127656
0.00012179
0.000116379
0.000111386
0.000106778
0.000102524
9.85958e-05
9.49679e-05
9.16208e-05
8.85331e-05
8.56851e-05
8.30789e-05
8.06868e-05
7.84788e-05
7.64386e-05
7.45489e-05
7.27963e-05
7.1177e-05
6.96796e-05
6.82935e-05
6.701e-05
6.58224e-05
6.47307e-05
6.37472e-05
6.28346e-05
6.19871e-05
6.12051e-05
6.04826e-05
5.98146e-05
5.91941e-05
5.86171e-05
5.80771e-05
5.75752e-05
5.71089e-05
5.66776e-05
5.62801e-05
5.59138e-05
5.55724e-05
5.52528e-05
5.4957e-05
5.46843e-05
5.44608e-05
5.42984e-05
5.41659e-05
5.40392e-05
5.39153e-05
5.3788e-05
5.36629e-05
5.35416e-05
5.34235e-05
5.33024e-05
5.31824e-05
5.30689e-05
5.29624e-05
5.28626e-05
5.27694e-05
5.26824e-05
5.25985e-05
5.25186e-05
5.24447e-05
5.23731e-05
5.23029e-05
5.22384e-05
5.21768e-05
5.21204e-05
5.20872e-05
5.20756e-05
5.20703e-05
5.20663e-05
5.20611e-05
5.20565e-05
5.20794e-05
5.21106e-05
5.21333e-05
5.21323e-05
5.21075e-05
5.20763e-05
5.20454e-05
5.2015e-05
5.19822e-05
5.19507e-05
5.19214e-05
5.1926e-05
5.20124e-05
5.21179e-05
5.22021e-05
5.22614e-05
5.22965e-05
5.23689e-05
5.24995e-05
5.26351e-05
5.27853e-05
5.29356e-05
5.30382e-05
5.30742e-05
5.30759e-05
5.30583e-05
5.30612e-05
5.30684e-05
5.30633e-05
5.30304e-05
5.2973e-05
5.29022e-05
5.28256e-05
5.27389e-05
5.26532e-05
5.25728e-05
5.24966e-05
5.24189e-05
5.23444e-05
5.2276e-05
5.22113e-05
5.21507e-05
5.20951e-05
5.20455e-05
5.19985e-05
5.19564e-05
5.19194e-05
5.18871e-05
5.18579e-05
5.18295e-05
5.18045e-05
5.17829e-05
5.17643e-05
5.17671e-05
5.17838e-05
5.18026e-05
5.18209e-05
5.18363e-05
5.1848e-05
5.18556e-05
5.18594e-05
5.18598e-05
5.18531e-05
5.18428e-05
5.18314e-05
5.18194e-05
5.18069e-05
5.17906e-05
5.17741e-05
5.17568e-05
5.17383e-05
5.17181e-05
5.16955e-05
5.16731e-05
5.16524e-05
5.16347e-05
5.16198e-05
5.16074e-05
5.15971e-05
5.15887e-05
5.15819e-05
5.15765e-05
5.15721e-05
5.15669e-05
5.15597e-05
5.15507e-05
5.15423e-05
5.15326e-05
5.15241e-05
5.15146e-05
5.1514e-05
5.15376e-05
5.15629e-05
5.15877e-05
5.16079e-05
5.16194e-05
5.16249e-05
5.16285e-05
5.16307e-05
5.16317e-05
5.16317e-05
5.16274e-05
5.16214e-05
5.16155e-05
6.74762e-05
0.000174199
0.000202057
0.000203319
0.000196057
0.000186453
0.000176592
0.000167147
0.000158311
0.000150116
0.000142537

