5e-05
5.02669e-05
5.04842e-05
5.06602e-05
5.08034e-05
5.09206e-05
5.10168e-05
5.10963e-05
5.11819e-05
5.13156e-05
5.14593e-05
5.15908e-05
5.17027e-05
0.000162848
0.00019752
0.00020123
0.000194931
0.000185762
0.000176131
0.000166818
0.000158057
0.000149909
0.000142364
0.00013538
0.000128923
0.000122963
0.000117464
0.000112389
0.000107702
0.000103363
9.93578e-05
9.56633e-05
9.22563e-05
8.91111e-05
8.62041e-05
8.35228e-05
8.10512e-05
7.87732e-05
7.66726e-05
7.47345e-05
7.29484e-05
7.13023e-05
6.97846e-05
6.83814e-05
6.70837e-05
6.58902e-05
6.48161e-05
6.38332e-05
6.29271e-05
7.39086e-05
0.000179937
0.000207485
0.0002084
0.000200788
0.000190849
0.000180668
0.000170922
0.000161807
0.00015335
0.000145531
0.000138309
0.000131636
0.000125477
0.000119791
0.000114543
0.000109699
0.000105227
0.0001011
9.72938e-05
9.37818e-05
9.05382e-05
8.75359e-05
8.4763e-05
8.22055e-05
7.98471e-05
7.76716e-05
7.56628e-05
7.38103e-05
7.21015e-05
7.05225e-05
6.90663e-05
6.77239e-05
6.64864e-05
6.53457e-05
6.42941e-05
6.33245e-05
6.24248e-05
6.15906e-05
6.08161e-05
6.00972e-05
5.94304e-05
5.88131e-05
5.82401e-05
5.77112e-05
5.72248e-05
5.67767e-05
5.63659e-05
5.59883e-05
5.56402e-05
5.53215e-05
5.503e-05
5.47618e-05
5.45135e-05
5.42864e-05
5.40788e-05
5.3889e-05
5.37106e-05
5.35436e-05
5.33911e-05
5.32517e-05
5.31212e-05
5.30006e-05
5.28876e-05
5.27823e-05
5.26863e-05
5.25962e-05
5.25115e-05
5.24346e-05
5.23656e-05
5.23042e-05
5.22493e-05
5.21984e-05
5.21473e-05
0.000125744
0.000190743
0.000204365
0.000200982
0.000192368
0.000182528
0.000172807
0.00016388
0.000155878
0.000148633
0.000141955
0.000135798
0.000129932
0.000124292
0.000119038
0.000114158
0.000109609
0.000105388
0.000101468
9.78103e-05
9.44067e-05
9.12428e-05
8.82989e-05
8.55527e-05
8.29987e-05
8.06308e-05
7.84301e-05
7.63865e-05
7.44868e-05
7.27267e-05
7.10941e-05
6.9584e-05
6.81901e-05
6.69029e-05
6.573e-05
6.466e-05
6.36716e-05
6.27565e-05
6.19103e-05
6.11302e-05
6.04095e-05
5.97384e-05
5.91142e-05
5.85397e-05
5.80082e-05
5.75189e-05
5.7069e-05
5.66509e-05
5.62638e-05
5.59063e-05
5.55767e-05
5.52947e-05
5.50524e-05
5.48358e-05
5.46386e-05
5.44531e-05
5.4268e-05
5.40855e-05
5.39074e-05
5.37395e-05
5.35853e-05
5.34427e-05
5.33048e-05
5.31779e-05
5.30621e-05
5.29511e-05
5.28436e-05
5.27623e-05
5.27026e-05
5.26471e-05
5.25946e-05
5.25437e-05
5.24913e-05
5.24374e-05
5.23855e-05
0.000154911
0.000197728
0.000203971
0.000198271
0.000189065
0.000179208
0.000169641
0.000160649
0.000152291
0.000144554
0.000137405
0.000130807
0.000124717
0.000119095
0.000113905
0.000109116
0.000104696
0.000100614
9.68473e-05
9.3368e-05
9.01575e-05
8.71952e-05
8.44586e-05
8.19299e-05
7.95897e-05
7.74271e-05
7.54326e-05
7.35928e-05
7.18942e-05
7.03286e-05
6.8885e-05
6.75465e-05
6.63098e-05
6.51708e-05
6.4122e-05
6.31563e-05
6.22669e-05
6.14442e-05
6.06853e-05
5.99831e-05
5.93358e-05
5.87591e-05
5.8244e-05
5.77686e-05
5.7331e-05
5.69238e-05
5.65431e-05
5.61907e-05
5.58643e-05
5.55617e-05
5.52763e-05
5.50089e-05

