5e-05
5.02631e-05
5.04691e-05
5.06301e-05
5.07572e-05
5.08582e-05
5.09394e-05
5.10109e-05
5.10995e-05
5.12161e-05
5.13358e-05
5.14416e-05
5.15322e-05
5.16065e-05
5.16632e-05
5.17435e-05
5.18235e-05
5.18886e-05
5.19283e-05
5.19477e-05
5.19589e-05
5.19557e-05
0.000119221
0.00018929
0.000204607
0.000201739
0.000193244
0.000183393
0.000173606
0.000164329
0.000259543
0.000283826
0.00027981
0.00026701
0.000252064
0.000237192
0.000223097
0.00020996
0.000197792
0.000186542
0.000176152
0.000166558
0.000157702
0.000149535
0.000142017
0.000135086
0.000128692
0.000122784
0.000117325
0.0001123
0.000107663
0.000103373
9.93963e-05
9.57161e-05
0.000172493
0.000224246
0.000231977
0.00022533
0.000214452
0.000202777
0.000191432
0.000180764
0.000170939
0.000162111
0.000154067
0.000146604
0.000139637
0.000133133
0.000127065
0.000121418
0.000116168
0.000111281
0.000106752
0.00017239
0.000229479
0.000238697
0.000232192
0.000221015
0.000208916
0.000197136
0.000186052
0.000175748
0.00016621
0.000157398
0.000149262
0.000141751
0.000134816
0.000128408
0.000122489
0.000117038
0.000112027
0.000107399
0.000103123
9.91668e-05
9.55095e-05
9.21341e-05
8.90194e-05
8.61453e-05
8.3493e-05
8.10453e-05
7.87841e-05
7.66928e-05
7.47565e-05
7.29655e-05
7.13134e-05
6.979e-05
6.83849e-05
6.71061e-05
6.59348e-05
6.48512e-05
6.38507e-05
6.29275e-05
6.20718e-05
6.12936e-05
6.05925e-05
5.99404e-05
5.93374e-05
5.87781e-05
5.82532e-05
5.77648e-05
5.73113e-05
5.68802e-05
5.64828e-05
5.61317e-05
5.58339e-05
5.5557e-05
5.52909e-05
5.50364e-05
5.47984e-05
5.4577e-05
5.43705e-05
5.41776e-05
5.39974e-05
5.38262e-05
5.36631e-05
5.35072e-05
5.3359e-05
5.3238e-05
5.33872e-05
5.38535e-05
5.45069e-05
5.51248e-05
5.56658e-05
6.47954e-05
0.00016892
0.000197082
0.000199019
0.00021447
0.000290191
0.000302442
0.00029376
0.000278803
0.000262592
0.000246863
0.000232327
0.0002189
0.000206417
0.000291147
0.000308787
0.000301547
0.000286714
0.000270206
0.000253983
0.000238773
0.000225028
0.000212339
0.000200579
0.000189633
0.000179368
0.000169794
0.000160873
0.00015258
0.000144887
0.000137764
0.000131165
0.000125063
0.000119425
0.000114218
0.000109408
0.000105139
0.000101385
9.78926e-05
9.46354e-05
9.15783e-05
8.87173e-05
8.60282e-05
8.34905e-05
8.11226e-05
7.89184e-05
7.68595e-05
7.49436e-05
7.31683e-05
7.152e-05
6.99892e-05
0.000175324
0.000211436
0.000214836
0.000207672
0.000197514
0.000186915
0.000176713
0.000167151
0.000158445
0.000150621
0.000143491
0.000136847
0.000130593
0.000124723
0.000119252
0.000114157
0.000109425
0.00010504
0.000100978
9.72176e-05
0.000174998
0.000225484
0.000232803
0.000225989
0.000215022
0.000203289
0.000191904
0.000181205
0.000171261
0.000162056
0.00015355
0.000145696
0.000138445
0.000131753
0.000125577
0.000119873
0.000114611
0.000109756
0.000105272
0.000101133
9.73134e-05
9.379e-05
9.05396e-05
8.75553e-05
8.48088e-05
8.22708e-05
7.99217e-05
0.000176063
0.000216465
0.000220986
0.000213882
0.000203445
0.000192471
0.000181874
0.000171928
0.000162688

