5e-05
5.02631e-05
5.04691e-05
5.06301e-05
5.07572e-05
5.08582e-05
5.09394e-05
5.10052e-05
5.10589e-05
5.11033e-05
5.11402e-05
5.11713e-05
5.11975e-05
5.12149e-05
5.12284e-05
5.1267e-05
5.13462e-05
5.14338e-05
5.15162e-05
5.15703e-05
5.1592e-05
5.16021e-05
5.16083e-05
5.16056e-05
5.15995e-05
5.15917e-05
5.15827e-05
5.15746e-05
5.15667e-05
0.000156077
0.000198037
0.000203962
0.00019817
0.000188948
0.000179099
0.000169545
0.000160566
0.000152223
0.000144501
0.000137367
0.000130778
0.000124694
0.000119073
0.00011388
0.000109086
0.000104661
0.000100575
9.68005e-05
9.33145e-05
9.00972e-05
8.71274e-05
8.43828e-05
8.18387e-05
7.94899e-05
7.73242e-05
7.53459e-05
7.35602e-05
7.19398e-05
7.04518e-05
6.90715e-05
6.77776e-05
6.65695e-05
6.54492e-05
6.44099e-05
6.34423e-05
6.25453e-05
6.17107e-05
6.0937e-05
6.02184e-05
5.95543e-05
5.89411e-05
5.83729e-05
5.78429e-05
5.73511e-05
5.6898e-05
5.64828e-05
5.61223e-05
5.58014e-05
5.55089e-05
5.52392e-05
5.49886e-05
5.47464e-05
5.451e-05
5.42868e-05
5.40801e-05
5.38882e-05
5.37077e-05
5.35411e-05
5.33878e-05
5.32464e-05
5.32375e-05
5.35473e-05
5.39684e-05
5.42601e-05
5.44862e-05
5.46414e-05
5.47205e-05
5.47315e-05
5.46878e-05
5.4603e-05
5.44797e-05
5.43366e-05
5.41789e-05
5.40202e-05
5.38646e-05
5.37141e-05
5.357e-05
5.34329e-05
5.33033e-05
5.31813e-05
5.30669e-05
5.296e-05
5.28603e-05
5.27667e-05
5.26737e-05
5.25855e-05
5.25045e-05
5.24274e-05
5.2356e-05
5.22913e-05
5.22327e-05
5.21796e-05
5.21316e-05
5.20881e-05
5.20486e-05
5.20092e-05
5.19694e-05
5.19293e-05
5.18907e-05
5.18554e-05
5.18359e-05
5.20763e-05
5.25794e-05
5.31845e-05
5.37363e-05
5.41335e-05
5.44063e-05
5.45625e-05
5.46775e-05
5.47237e-05
5.4706e-05
5.46416e-05
5.4535e-05
5.43999e-05
5.42542e-05
5.41372e-05
5.4087e-05
5.40566e-05
5.40377e-05
5.39931e-05
5.39194e-05
5.38497e-05
5.38273e-05
5.38675e-05
5.39121e-05
5.38998e-05
5.38638e-05
5.3819e-05
5.37502e-05
5.36566e-05
5.35418e-05
5.34209e-05
5.32958e-05
7.19421e-05
0.000176208
0.000203191
0.000204107
0.0001967
0.000187023
0.000177114
0.000167631
0.000158757
0.000150526
0.000189842
0.000258378
0.000269586
0.000262151
0.000249217
0.000235206
0.000221541
0.00020866
0.000196679
0.000185585
0.000175335
0.000165897
0.000157192
0.000149152
0.000141724
0.000134858
0.000128505
0.000122624
0.000117187
0.000112161
0.000107518
0.00010323
9.92671e-05
9.56053e-05
9.22228e-05
8.90969e-05
8.62112e-05
8.35461e-05
8.10808e-05
7.88052e-05
7.67037e-05
7.47595e-05
7.29652e-05
7.13077e-05
6.97773e-05
6.8365e-05
6.70626e-05
6.58595e-05
6.47483e-05
6.37228e-05
6.27779e-05
6.19072e-05
6.1102e-05
6.03596e-05
5.96737e-05
5.90403e-05
5.84569e-05
5.79198e-05
5.74252e-05
5.69696e-05
5.65456e-05
5.61518e-05
5.57893e-05
5.54558e-05
5.5147e-05
5.48583e-05
5.45903e-05
5.45092e-05
5.46742e-05
5.49908e-05
5.56207e-05
5.64938e-05
5.73811e-05
5.83456e-05
5.94967e-05
0.000117548
0.000271301
0.000268425
0.000252109
0.000236674
0.000222385
0.000209182
0.000196988
0.000185729
0.000175335
0.00016574
0.000156881

