5e-05
5.02669e-05
5.04842e-05
5.06602e-05
5.08034e-05
5.09206e-05
5.10168e-05
5.10963e-05
5.11818e-05
5.12786e-05
5.13907e-05
5.15194e-05
5.16366e-05
5.1708e-05
5.17481e-05
5.17782e-05
5.17988e-05
5.1808e-05
5.18126e-05
5.18076e-05
5.17799e-05
5.17477e-05
5.17153e-05
5.16762e-05
5.16366e-05
5.16024e-05
5.15746e-05
5.15508e-05
5.1531e-05
5.15059e-05
5.14806e-05
5.14594e-05
5.14431e-05
5.14302e-05
5.14163e-05
5.14033e-05
5.13946e-05
5.13907e-05
5.139e-05
5.13909e-05
5.1395e-05
5.14021e-05
5.14117e-05
5.14234e-05
5.14366e-05
5.14479e-05
5.1456e-05
0.000156975
0.000197601
0.000203157
0.000197301
0.000188107
0.000178308
0.000168801
0.000159863
0.00015156
0.000143878
0.000136781
0.000130229
0.000124182
0.000118596
0.000113437
0.000108675
0.000104281
0.000100227
9.64845e-05
9.30229e-05
8.98243e-05
8.68694e-05
8.41405e-05
8.16244e-05
7.93049e-05
7.71661e-05
7.51888e-05
7.3359e-05
7.1672e-05
7.01157e-05
6.86773e-05
6.73496e-05
6.61267e-05
6.50009e-05
6.39607e-05
6.29992e-05
6.21114e-05
6.12938e-05
6.05418e-05
5.98503e-05
5.92144e-05
5.86295e-05
0.000140371
0.000197274
0.000208001
0.000203524
0.000194438
0.000184344
0.000174441
0.000165098
0.000156401
0.000148349
0.00014091
0.000134041
0.000127698
0.000121844
0.00011645
0.000111499
0.000106933
0.000102714
9.88173e-05
9.52192e-05
9.18967e-05
8.88283e-05
8.59942e-05
8.33748e-05
8.09504e-05
7.87109e-05
7.66427e-05
7.47287e-05
7.29602e-05
7.13277e-05
6.98209e-05
6.84289e-05
6.71404e-05
6.59482e-05
6.48452e-05
6.38251e-05
6.28845e-05
6.20359e-05
6.12655e-05
6.05446e-05
5.98768e-05
5.92577e-05
5.86868e-05
5.81574e-05
0.000132116
0.000193514
0.000205835
0.000202029
0.000193379
0.000183611
0.000173985
0.000164913
0.000156442
0.000148556
0.000141656
0.000246043
0.000346638
0.000331719
0.000310715
0.00029089
0.000329768
0.000384268
0.000384836
0.00036816
0.000346885
0.000325221
0.000304527
0.000285192
0.000267261
0.000250679
0.000235365
0.000221227
0.000208171
0.000196116
0.000184986
0.000174709
0.000165222
0.000156486
0.000196926
0.000265577
0.00027662
0.000268787
0.000255344
0.000240795
0.000226627
0.000213293
0.000200891
0.000189409
0.000178801
0.000169007
0.000159968
0.000151625
0.000143926
0.000136821
0.000130264
0.00012421
0.000118621
0.000113463
0.000108727
0.000204293
0.000238363
0.000239802
0.000230785
0.000218893
0.000206684
0.000194984
0.000184031
0.000173871
0.000164475
0.000155795
0.000188379
0.000259843
0.000272039
0.000264782
0.000251714
0.000237461
0.000223553
0.000210456
0.000198276
0.000187002
0.000176583
0.000166967
0.000158104
0.000149926
0.000142376
0.000135396
0.000128953
0.000123006
0.000117513
0.00011244
0.000107756
0.00020118
0.000237119
0.000239182
0.000230373
0.000218551
0.000206379
0.000194722
0.000183814
0.000173688
0.000164316
0.000155655
0.000147659
0.000140277
0.000133462
0.000127171
0.000121364
0.000116003
0.000111056
0.000106513
0.000102341
9.85015e-05
9.49428e-05
9.16459e-05
8.85881e-05
8.57627e-05
8.31746e-05
8.08046e-05
7.861e-05
7.65755e-05
7.46942e-05

