5e-05
5.02631e-05
5.04691e-05
5.06301e-05
5.07572e-05
5.08582e-05
5.09394e-05
5.10052e-05
5.10648e-05
5.11412e-05
5.12267e-05
5.1337e-05
5.14839e-05
5.16571e-05
5.1829e-05
5.20043e-05
5.21551e-05
5.2272e-05
5.23546e-05
5.23937e-05
5.23674e-05
5.23116e-05
5.22453e-05
5.21726e-05
5.21033e-05
5.20394e-05
5.19824e-05
5.19322e-05
9.50394e-05
0.000182831
0.000204108
0.000203151
0.000195187
0.000185402
0.000175535
0.00016614
0.000157372
0.000149246
0.000141734
0.000134793
0.000128385
0.000122471
0.000117014
0.000111978
0.000183853
0.000236527
0.000243923
0.000236568
0.000224901
0.000212451
0.00020038
0.000189029
0.000178475
0.000168707
0.000159686
0.000151357
0.000143666
0.000136581
0.000130054
0.000124034
0.00011848
0.000113348
0.000108606
0.000104228
0.00010018
9.64394e-05
9.29844e-05
8.97957e-05
8.68515e-05
8.413e-05
8.16179e-05
7.93001e-05
7.71619e-05
7.51866e-05
7.33616e-05
7.16735e-05
7.01159e-05
6.86797e-05
6.73556e-05
6.61348e-05
6.50092e-05
6.39676e-05
6.30033e-05
6.21143e-05
6.12944e-05
6.0536e-05
5.9835e-05
5.9185e-05
5.85849e-05
5.80308e-05
5.75196e-05
5.70478e-05
0.000152992
0.000200074
0.000207533
0.000202026
0.000192678
0.000182584
0.000172763
0.000163526
0.000154941
0.000146997
0.000139655
0.000132875
0.000126614
0.000120834
0.000115492
0.000110558
0.000106005
0.000101824
9.79774e-05
9.44319e-05
9.11602e-05
8.81281e-05
8.53236e-05
8.27275e-05
8.0329e-05
7.81141e-05
7.60673e-05
7.41764e-05
7.24265e-05
7.08118e-05
6.93227e-05
6.79494e-05
6.6683e-05
6.55168e-05
6.44628e-05
6.34949e-05
6.26025e-05
6.17749e-05
6.10065e-05
6.02893e-05
5.96239e-05
5.90092e-05
5.84413e-05
5.79208e-05
5.74618e-05
5.70451e-05
5.66768e-05
5.63979e-05
5.61826e-05
5.59933e-05
5.5813e-05
5.56606e-05
5.55196e-05
5.53653e-05
5.51948e-05
5.50171e-05
5.48317e-05
5.46672e-05
5.45404e-05
5.44299e-05
5.43863e-05
5.4415e-05
5.44207e-05
5.44961e-05
5.45509e-05
5.45467e-05
5.44891e-05
5.44116e-05
5.43339e-05
5.42462e-05
5.41499e-05
5.40368e-05
5.39061e-05
5.37639e-05
5.36491e-05
5.35478e-05
5.3449e-05
5.3355e-05
5.32645e-05
7.14429e-05
0.00017567
0.000202653
0.000203614
0.000196251
0.000186614
0.00017674
0.000167287
0.000158444
0.000150237
0.000142645
0.000135635
0.000129164
0.000123194
0.000117708
0.000112651
0.000108003
0.000103727
9.97813e-05
9.61384e-05
9.27723e-05
8.96557e-05
8.67693e-05
8.41e-05
8.16309e-05
7.93399e-05
7.72186e-05
7.52586e-05
7.34481e-05
7.17759e-05
7.02277e-05
6.87937e-05
6.74693e-05
6.62423e-05
6.51053e-05
6.40527e-05
6.30805e-05
6.21801e-05
6.13497e-05
6.05854e-05
5.98819e-05
5.92346e-05
5.86388e-05
5.80901e-05
5.75817e-05
5.71124e-05
5.66775e-05
5.62748e-05
5.59034e-05
5.556e-05
5.52428e-05
5.4993e-05
5.49996e-05
5.5155e-05
5.53331e-05
5.5434e-05
5.54458e-05
5.54093e-05
5.53294e-05
5.51997e-05
5.50668e-05
5.49369e-05
5.48006e-05
5.46469e-05
5.44849e-05
5.43219e-05
5.41585e-05
5.4035e-05
0.000133143
0.000187448
0.000198404
0.000208241
0.000382326
0.000389739
0.000364944
0.000341
0.000318755
0.000298172
0.000279152

