5e-05
5.02631e-05
5.04691e-05
5.06301e-05
5.07572e-05
5.08582e-05
5.09394e-05
5.10052e-05
5.10589e-05
5.11033e-05
5.11402e-05
5.11713e-05
5.11977e-05
5.12132e-05
5.12233e-05
5.12328e-05
5.12421e-05
5.12517e-05
5.12614e-05
5.12679e-05
5.12689e-05
5.12683e-05
0.000135375
0.000193841
0.000205227
0.000201065
0.000192179
0.000182247
0.000172485
0.000163269
0.000154691
0.000146751
0.000139415
0.00013264
0.000126386
0.000120615
0.00011529
0.000110377
0.000105844
0.000101659
9.77966e-05
9.4296e-05
9.13809e-05
8.8916e-05
8.67499e-05
8.47653e-05
8.28223e-05
8.08984e-05
7.90199e-05
7.71968e-05
7.54418e-05
7.37436e-05
7.21067e-05
7.05535e-05
6.91048e-05
6.77619e-05
6.6517e-05
6.53611e-05
6.42911e-05
6.32989e-05
6.23788e-05
6.15284e-05
6.07454e-05
6.00249e-05
5.93934e-05
0.000173373
0.000205969
0.000208525
0.000201416
0.000191595
0.000181409
0.000171623
0.000162458
0.00015395
0.000146081
0.000138811
0.000132098
0.000125918
0.000120231
0.000114986
0.000110144
0.000105667
0.000101527
9.77033e-05
9.41693e-05
9.0899e-05
8.80557e-05
8.57557e-05
8.36987e-05
8.17674e-05
7.99421e-05
7.81857e-05
7.64836e-05
7.48313e-05
7.32274e-05
7.1702e-05
7.02615e-05
6.89075e-05
6.76392e-05
6.64545e-05
6.53501e-05
6.43184e-05
6.33571e-05
6.24655e-05
6.16375e-05
6.0868e-05
6.01639e-05
5.97462e-05
5.95628e-05
5.9461e-05
5.9366e-05
5.92241e-05
5.90152e-05
5.87432e-05
5.84231e-05
5.80723e-05
5.7706e-05
5.73348e-05
5.6986e-05
5.66581e-05
5.63357e-05
5.60206e-05
5.57143e-05
5.5422e-05
5.51476e-05
5.4891e-05
5.46514e-05
5.4418e-05
5.41974e-05
5.39939e-05
5.38068e-05
5.36351e-05
5.34775e-05
5.33304e-05
5.31925e-05
5.3065e-05
5.29726e-05
5.29016e-05
5.28476e-05
5.28538e-05
5.28722e-05
5.28795e-05
5.28773e-05
5.28581e-05
5.28272e-05
5.27972e-05
5.27874e-05
5.27719e-05
5.27339e-05
5.26841e-05
5.26329e-05
5.25766e-05
5.25199e-05
5.2474e-05
5.24329e-05
5.23942e-05
5.23475e-05
5.22987e-05
5.22503e-05
5.22036e-05
5.21606e-05
5.21209e-05
0.000106208
0.000185565
0.000204057
0.000202233
0.000194045
0.000184249
0.000174435
0.000165111
0.000156412
0.000148352
0.000140901
0.000134021
0.000127667
0.000121799
0.000116384
0.000111388
0.000106778
0.000102525
9.85975e-05
9.49729e-05
9.16286e-05
8.85429e-05
8.56908e-05
8.30565e-05
8.06232e-05
7.83773e-05
7.63031e-05
7.43897e-05
7.26245e-05
7.09919e-05
6.9485e-05
6.80939e-05
6.68098e-05
6.56251e-05
6.4531e-05
6.35224e-05
6.2593e-05
6.17365e-05
6.09472e-05
6.02196e-05
5.95489e-05
5.89298e-05
5.83546e-05
5.78191e-05
5.73248e-05
5.68673e-05
5.64462e-05
5.61375e-05
5.61628e-05
5.63589e-05
5.6508e-05
5.65759e-05
5.65446e-05
5.64506e-05
5.63023e-05
5.60926e-05
5.58502e-05
5.55927e-05
5.53253e-05
5.50632e-05
5.48141e-05
5.45788e-05
5.43543e-05
5.41366e-05
5.39324e-05
5.37437e-05
5.35697e-05
5.3408e-05
5.32572e-05
5.31168e-05
5.29865e-05
5.28675e-05
5.27574e-05
5.26551e-05
5.25619e-05
5.24909e-05
5.24425e-05
5.24039e-05
5.23667e-05
5.23279e-05
5.22846e-05
5.2234e-05
5.2185e-05
5.21394e-05
5.2097e-05
5.20543e-05
5.20142e-05
5.19774e-05

