5e-05
5.02669e-05
5.04842e-05
5.06602e-05
5.08034e-05
5.09206e-05
5.10168e-05
5.10963e-05
5.11789e-05
5.13354e-05
5.15651e-05
5.18461e-05
5.21068e-05
5.23169e-05
5.24924e-05
5.26341e-05
5.27391e-05
5.28093e-05
5.28527e-05
5.29122e-05
5.29531e-05
5.29765e-05
5.29831e-05
5.29779e-05
5.3278e-05
5.42799e-05
0.00020873
0.000278595
0.000266288
0.000324309
0.000372315
0.0003716
0.000355251
0.000334724
0.000313898
0.000294027
0.000275462
0.000258249
0.000242336
0.00022764
0.000214073
0.000201559
0.000190026
0.000179389
0.000169574
0.000258273
0.000290032
0.000288121
0.000275614
0.000260367
0.000245011
0.000230394
0.000216748
0.000204305
0.000193149
0.000183026
0.000173655
0.000164925
0.000156734
0.000149073
0.000141911
0.000135223
0.000128991
0.000123222
0.000117898
0.000112963
0.000108426
0.000104228
0.000100319
9.66894e-05
9.33192e-05
9.01912e-05
8.72895e-05
8.45991e-05
8.21057e-05
7.97948e-05
7.76845e-05
7.57433e-05
7.3949e-05
7.22875e-05
7.07474e-05
6.93193e-05
6.7995e-05
6.67671e-05
6.5629e-05
6.45744e-05
6.35974e-05
6.26926e-05
6.18548e-05
6.10793e-05
6.03616e-05
5.96976e-05
5.91141e-05
0.000172686
0.000205217
0.000207801
0.000200738
0.000190995
0.000180898
0.000171198
0.00016211
0.000153675
0.000146107
0.000139476
0.000133573
0.000128165
0.000123105
0.000118357
0.000113859
0.000109578
0.000105508
0.000101659
9.80934e-05
9.47711e-05
9.16587e-05
8.87445e-05
8.60199e-05
8.34773e-05
8.11085e-05
7.89049e-05
7.68575e-05
7.49514e-05
7.31821e-05
7.15434e-05
7.00267e-05
6.86235e-05
6.73259e-05
6.61263e-05
6.50175e-05
6.3993e-05
6.30464e-05
6.21721e-05
6.13645e-05
6.06187e-05
5.99301e-05
5.92934e-05
5.87018e-05
5.81532e-05
5.76493e-05
5.72104e-05
5.68148e-05
5.64466e-05
5.6106e-05
5.57902e-05
5.55016e-05
5.52969e-05
5.51761e-05
5.51087e-05
5.50323e-05
5.49224e-05
5.48015e-05
5.46723e-05
5.45364e-05
5.4396e-05
5.42532e-05
5.41102e-05
5.39687e-05
5.38302e-05
5.36956e-05
5.35658e-05
5.34414e-05
5.33227e-05
5.32099e-05
5.3099e-05
5.29927e-05
5.28932e-05
5.27984e-05
5.27337e-05
5.26878e-05
5.26488e-05
5.26103e-05
5.25667e-05
0.00010925
0.000185491
0.000202911
0.000200856
0.000192706
0.00018306
0.000173425
0.000164275
0.000155735
0.000147813
0.000140482
0.000133704
0.000127438
0.000121648
0.000116298
0.000111354
0.000106787
0.000102565
9.86616e-05
9.50557e-05
9.1723e-05
8.86392e-05
8.57909e-05
8.31618e-05
8.07352e-05
7.84963e-05
7.64526e-05
7.45834e-05
7.28624e-05
7.12736e-05
6.98047e-05
6.84431e-05
6.71715e-05
6.59958e-05
6.49342e-05
6.39604e-05
6.30628e-05
6.22324e-05
6.14621e-05
6.07468e-05
6.0082e-05
5.94641e-05
5.88899e-05
5.83563e-05
5.78607e-05
5.74005e-05
5.69733e-05
5.6577e-05
5.62084e-05
5.58625e-05
5.55416e-05
5.52407e-05
5.49619e-05
5.47047e-05
5.44677e-05
5.42474e-05
5.40421e-05
5.3853e-05
5.3683e-05
5.35534e-05
5.34455e-05
5.33489e-05
5.32673e-05
5.32235e-05
5.31908e-05
5.31578e-05
5.31205e-05
5.30777e-05
0.000157184
0.00019753
0.000203032
0.00019717
0.000187988
0.000178207
0.000168723
0.000159808
0.000151524
0.000143858

