5e-05
5.02667e-05
5.04834e-05
5.06586e-05
5.08009e-05
5.09171e-05
5.10125e-05
5.10912e-05
5.11584e-05
5.12431e-05
5.13311e-05
5.14109e-05
5.14735e-05
5.15102e-05
5.15317e-05
5.15715e-05
5.16244e-05
5.16758e-05
5.17215e-05
0.000140711
0.000193369
0.000202979
0.000198415
0.000229308
0.000295005
0.00030361
0.000293639
0.00027827
0.000261961
0.000246172
0.000231341
0.000217563
0.000204813
0.000193035
0.00018216
0.000172122
0.000162856
0.000154302
0.000146405
0.000139115
0.000132388
0.000126179
0.000120446
0.000115153
0.000110268
0.00010576
0.000101605
9.77928e-05
9.42683e-05
9.10173e-05
8.80131e-05
8.52339e-05
8.26495e-05
8.02595e-05
7.80545e-05
7.60206e-05
7.41447e-05
7.24145e-05
7.08187e-05
6.93467e-05
6.79839e-05
6.67193e-05
6.5552e-05
6.44763e-05
6.34852e-05
6.25716e-05
6.17262e-05
6.09469e-05
6.02291e-05
5.95681e-05
5.89593e-05
5.83986e-05
5.78821e-05
5.74063e-05
5.69678e-05
5.65638e-05
5.61915e-05
5.58482e-05
5.55318e-05
5.524e-05
5.49714e-05
5.47479e-05
5.45599e-05
5.43908e-05
5.42343e-05
5.40848e-05
5.39364e-05
5.37952e-05
5.36615e-05
5.35349e-05
5.35759e-05
5.40707e-05
5.49586e-05
0.000105208
0.000270278
0.000275005
0.000258954
0.000243134
0.000228416
0.000214797
0.000202212
0.000190593
0.000179882
0.000169999
0.000160879
0.000152459
0.000144685
0.00013751
0.000130887
0.000124774
0.000119131
0.000113922
0.000109115
0.000104678
0.00010058
9.67964e-05
9.33057e-05
9.00854e-05
8.71134e-05
8.43693e-05
8.18377e-05
7.95014e-05
7.73435e-05
7.53528e-05
7.35166e-05
7.1823e-05
7.02576e-05
6.88096e-05
6.74719e-05
6.62374e-05
6.50994e-05
6.40531e-05
6.31114e-05
6.22739e-05
9.20638e-05
0.000183619
0.000251823
0.000412211
0.000408479
0.000383637
0.00035877
0.000335358
0.000313593
0.000293444
0.000274848
0.00031728
0.000367144
0.000367068
0.000351189
0.000331072
0.000310604
0.000291044
0.00027275
0.000255783
0.000240113
0.000225644
0.000212279
0.000217642
0.000299762
0.000313445
0.000304617
0.000289065
0.000272156
0.00025568
0.000240161
0.000225724
0.000212357
0.000199998
0.000188578
0.000178032
0.000168292
0.000159296
0.00015099
0.000143322
0.000136242
0.000129703
0.000123667
0.000177381
0.000241223
0.000251861
0.00024499
0.000233317
0.000220745
0.000261359
0.000309579
0.000312162
0.000299969
0.000283679
0.00026688
0.000250741
0.000235631
0.000221686
0.0002092
0.000197818
0.000187207
0.000177256
0.0001679
0.000159169
0.000151025
0.000143462
0.000136452
0.000129958
0.000123948
0.000118388
0.000113249
0.000108501
0.000104114
0.000100061
9.63141e-05
9.28539e-05
8.9658e-05
8.67068e-05
8.39831e-05
8.14677e-05
7.91444e-05
7.6998e-05
7.50177e-05
7.31911e-05
7.15051e-05
6.99493e-05
6.85142e-05
6.71885e-05
6.59657e-05
6.48362e-05
6.37939e-05
6.28328e-05
6.19467e-05
6.1128e-05
6.03719e-05
5.96748e-05
5.90321e-05
5.84372e-05
5.78865e-05
5.7378e-05
5.69084e-05
5.64744e-05
5.60748e-05
5.57053e-05
5.53643e-05
5.50506e-05
5.4762e-05
5.44923e-05
5.42409e-05
5.40087e-05
5.37945e-05
5.35982e-05
5.34184e-05
5.32521e-05
5.30987e-05
5.29583e-05

