5e-05
5.02631e-05
5.04691e-05
5.06301e-05
5.07572e-05
5.08582e-05
5.09394e-05
5.10052e-05
5.10648e-05
5.11412e-05
5.12267e-05
5.1337e-05
5.14839e-05
5.16571e-05
5.1829e-05
5.20043e-05
5.21551e-05
5.2272e-05
5.23546e-05
0.000130907
0.000191031
0.000203225
0.000199471
0.000190811
0.000181023
0.000171371
0.00016225
0.000153761
0.0001459
0.00013863
0.000131912
0.000125712
0.000119991
0.000114711
0.000109839
0.000105345
0.000101199
9.73741e-05
9.38441e-05
9.05826e-05
8.7573e-05
8.47967e-05
8.22359e-05
7.98737e-05
7.76936e-05
7.56796e-05
7.38214e-05
7.21074e-05
7.0526e-05
6.90639e-05
6.77132e-05
6.64584e-05
6.52912e-05
6.42135e-05
6.32214e-05
6.23073e-05
6.14622e-05
6.06975e-05
6.00048e-05
5.93706e-05
5.87882e-05
5.82448e-05
5.77396e-05
5.7272e-05
5.6835e-05
5.64266e-05
5.60479e-05
5.5699e-05
5.53763e-05
5.50748e-05
5.47965e-05
5.45409e-05
5.43063e-05
5.40881e-05
5.38853e-05
5.36946e-05
5.35193e-05
5.33591e-05
5.32129e-05
5.30794e-05
5.76616e-05
0.000171115
0.000201957
0.000204159
0.000197157
0.000187585
0.000246885
0.000293592
0.000296215
0.000284701
0.000269278
0.000253391
0.000238156
0.000223896
0.000210665
0.000198427
0.000187124
0.000176689
0.000167057
0.000158168
0.000149964
0.000142392
0.0001354
0.000128946
0.000122987
0.000117485
0.00018722
0.000239709
0.000246863
0.000239251
0.000227378
0.000214756
0.000202534
0.000191043
0.000180362
0.000170471
0.000161331
0.000152889
0.000145094
0.000137896
0.000131248
0.00012511
0.000119447
0.00011422
0.000109396
0.000104946
0.00010086
9.7094e-05
9.36184e-05
9.04062e-05
8.74365e-05
8.46873e-05
8.21461e-05
7.97997e-05
7.76334e-05
7.56373e-05
7.38163e-05
7.21421e-05
7.06132e-05
6.92628e-05
6.80584e-05
6.6956e-05
6.59328e-05
6.50024e-05
6.41432e-05
6.33259e-05
6.25433e-05
6.18006e-05
6.10937e-05
6.04478e-05
5.98765e-05
5.93557e-05
5.89334e-05
5.86125e-05
5.82955e-05
5.8073e-05
5.78528e-05
5.75948e-05
5.73028e-05
5.70089e-05
5.67316e-05
5.64596e-05
5.6193e-05
5.59229e-05
5.56472e-05
5.53711e-05
5.51327e-05
5.49174e-05
5.47133e-05
5.45221e-05
5.43418e-05
5.41653e-05
5.39779e-05
5.37946e-05
5.36216e-05
5.34621e-05
5.33131e-05
5.31756e-05
5.30454e-05
5.29247e-05
0.000167598
0.000201417
0.000204586
0.000197869
0.000188354
0.000178452
0.000168929
0.000160023
0.000151772
0.000144141
0.00013709
0.000130577
0.000124554
0.000118984
0.000113838
0.000109083
0.000104681
0.000100612
9.6853e-05
9.33823e-05
9.01774e-05
8.72145e-05
8.44744e-05
8.19444e-05
7.96046e-05
7.74402e-05
7.54393e-05
7.35917e-05
7.18831e-05
7.03067e-05
6.88537e-05
6.75146e-05
6.62804e-05
6.51429e-05
6.40941e-05
6.31242e-05
6.22287e-05
6.14005e-05
6.06347e-05
5.9928e-05
5.92752e-05
5.86724e-05
5.81589e-05
5.7922e-05
5.78528e-05
5.78235e-05
5.77329e-05
5.7568e-05
5.73683e-05
5.71378e-05
5.68691e-05
5.66078e-05
5.63594e-05
5.61137e-05
5.58591e-05
5.56039e-05
5.53548e-05
5.5112e-05
5.49152e-05
5.50752e-05
5.55264e-05
5.62702e-05
7.05622e-05
0.000253667
0.000270195
0.000254294
0.000238752
0.000224331
0.000210995
0.000198673

