5e-05
5.02631e-05
5.04691e-05
5.06301e-05
5.07572e-05
5.08582e-05
5.09394e-05
5.10052e-05
5.10589e-05
5.11033e-05
5.11402e-05
5.11713e-05
5.11979e-05
5.12189e-05
5.12352e-05
5.12497e-05
5.12631e-05
5.12756e-05
5.12874e-05
5.12987e-05
5.13067e-05
6.55199e-05
0.00017359
0.000201969
0.000203389
0.000196169
0.000186571
0.000176704
0.000167248
0.000158401
0.000150194
0.000142606
0.000135599
0.000129129
0.000123155
0.000117638
0.000112545
0.000107846
0.00010351
9.95079e-05
9.5815e-05
9.2407e-05
8.9262e-05
8.63595e-05
8.36809e-05
8.12088e-05
7.8927e-05
7.68238e-05
7.49065e-05
7.31428e-05
7.15125e-05
7.00068e-05
6.8615e-05
6.73276e-05
6.61366e-05
6.50344e-05
6.40144e-05
6.30705e-05
6.2197e-05
6.13825e-05
6.06147e-05
5.99005e-05
5.92421e-05
5.86361e-05
5.80784e-05
5.75653e-05
5.70934e-05
5.66592e-05
5.62598e-05
5.58924e-05
5.55543e-05
5.52431e-05
5.49567e-05
5.46931e-05
5.44503e-05
5.42268e-05
5.40196e-05
5.38244e-05
5.36423e-05
5.34751e-05
5.33216e-05
5.31807e-05
5.30461e-05
5.29177e-05
5.28003e-05
5.2692e-05
5.25891e-05
5.24944e-05
5.24054e-05
5.23235e-05
5.225e-05
5.2182e-05
5.21199e-05
0.000118702
0.000189053
0.000204457
0.000201594
0.000193131
0.000183351
0.000173653
0.000164458
0.000155882
0.000147932
0.000140577
0.000133777
0.000127493
0.000121686
0.000116321
0.000111363
0.000106783
0.000102547
9.86344e-05
9.50192e-05
9.16778e-05
8.85892e-05
8.57373e-05
8.31047e-05
8.06719e-05
7.84262e-05
7.6354e-05
7.44419e-05
7.26777e-05
7.10498e-05
6.95505e-05
6.81921e-05
6.69501e-05
6.58063e-05
6.47494e-05
6.3771e-05
6.28641e-05
6.20231e-05
6.1243e-05
6.05201e-05
6.00536e-05
5.99996e-05
6.01824e-05
6.0468e-05
6.07472e-05
6.09254e-05
6.09204e-05
6.06837e-05
6.0323e-05
5.98898e-05
5.93997e-05
5.89055e-05
5.84531e-05
5.80202e-05
5.76032e-05
5.72024e-05
5.68193e-05
0.000148033
0.000198171
0.00020675
0.000201641
0.000192646
0.000183015
0.000173666
0.00016483
0.000156521
0.00020102
0.000261417
0.000270265
0.000262145
0.000249004
0.000234913
0.000221216
0.000208329
0.000196346
0.000185251
0.000174991
0.000165513
0.00015676
0.000148673
0.000141205
0.000134311
0.000127946
0.00012207
0.000116646
0.000111642
0.000107023
0.00010276
9.88263e-05
9.51958e-05
9.1845e-05
8.87525e-05
8.58982e-05
8.32637e-05
8.0832e-05
7.85874e-05
7.65154e-05
7.45994e-05
7.28274e-05
7.11896e-05
6.96757e-05
6.82762e-05
6.69829e-05
6.579e-05
6.46901e-05
6.36732e-05
6.2735e-05
6.18698e-05
6.10685e-05
6.0326e-05
5.96396e-05
5.90317e-05
5.87504e-05
0.000134247
0.000190082
0.000201209
0.000197502
0.000189148
0.000179698
0.000170331
0.000161422
0.000153099
0.000145371
0.000138215
0.000131592
0.000125465
0.000119803
0.000114572
0.000109739
0.000105276
0.000101153
9.73448e-05
9.38256e-05
9.05764e-05
8.75769e-05
0.000175238
0.00022098
0.000226959
0.000220008
0.000209302
0.000197944
0.000186953
0.000176633
0.000167045
0.000158171
0.000149972
0.000142399
0.000135408
0.000128955
0.000122995
0.000117494
0.000112415
0.000107726
0.000103397
9.94013e-05
0.000149711
0.000220397

