5e-05
5.02669e-05
5.04842e-05
5.06602e-05
5.09083e-05
5.16585e-05
5.3162e-05
0.000220147
0.000275599
0.000262127
0.000246234
0.000231327
0.000217556
0.000204875
0.000193159
0.000182361
0.000172388
0.000163167
0.00015464
0.0002181
0.000276882
0.000284263
0.000274886
0.000260639
0.000245555
0.000230967
0.000217273
0.000204556
0.000192792
0.000181923
0.000171887
0.000162624
0.000154075
0.000146182
0.000138897
0.000132173
0.000125969
0.000120243
0.000114958
0.000110081
0.00010558
0.000101426
9.7592e-05
9.4053e-05
9.07833e-05
8.7765e-05
8.49794e-05
8.24085e-05
8.00359e-05
7.78449e-05
7.58119e-05
7.393e-05
7.21941e-05
7.05935e-05
6.91158e-05
6.77525e-05
6.64958e-05
6.53374e-05
6.4267e-05
6.32768e-05
6.23527e-05
6.14926e-05
6.07001e-05
5.99716e-05
5.93002e-05
5.86828e-05
5.81155e-05
5.75916e-05
5.7108e-05
5.6664e-05
5.62548e-05
5.5878e-05
5.55324e-05
5.52155e-05
5.49235e-05
5.46538e-05
5.4448e-05
5.45345e-05
5.4802e-05
5.50827e-05
5.53277e-05
0.000139119
0.000191433
0.000201256
0.000196942
0.000188305
0.000178706
0.000169278
0.000160374
0.000152082
0.000241207
0.000271314
0.000269604
0.000258304
0.000244641
0.000230873
0.000217715
0.000205371
0.000193819
0.000183079
0.000173117
0.000163917
0.000155424
0.000147569
0.0001403
0.000133572
0.000127338
0.00012157
0.000116234
0.000111297
0.000106727
0.000102501
9.85959e-05
9.49881e-05
9.16561e-05
8.85742e-05
8.57264e-05
0.000167649
0.000217918
0.000225482
0.000219108
0.000208632
0.000197381
0.000186447
0.000176164
0.000166603
0.000157766
0.000149623
0.000142107
0.000135167
0.000128762
0.00012285
0.00011739
0.000112347
0.000107687
0.000103378
9.93969e-05
9.5723e-05
9.23495e-05
8.92536e-05
8.64149e-05
8.38054e-05
8.13933e-05
7.91628e-05
7.71007e-05
7.52204e-05
7.34894e-05
7.18816e-05
8.48631e-05
0.000186997
0.000212869
0.000213007
0.000204915
0.000194608
0.000184114
0.000191355
0.000275584
0.000291075
0.000348544
0.000375201
0.000367341
0.000348909
0.000328053
0.000307479
0.000368838
0.000384442
0.000372595
0.000352637
0.000331108
0.000310167
0.000290467
0.000272158
0.000255211
0.000239547
0.000225083
0.000211732
0.00019941
0.000188037
0.000177541
0.000168371
0.000261069
0.000281634
0.000276556
0.000263596
0.000248784
0.000234133
0.000220272
0.000207361
0.000195401
0.000184349
0.000174141
0.000164713
0.000156009
0.000147971
0.000140547
0.000133695
0.000127369
0.000121531
0.000116138
0.000111157
0.000106559
0.000102318
9.84027e-05
9.47904e-05
9.14583e-05
8.83848e-05
0.000194185
0.000224533
0.000225446
0.000216957
0.000205914
0.000194619
0.000183813
0.000173707
0.000164331
0.000155659
0.000147648
0.000140251
0.000133425
0.000127126
0.000121312
0.000115942
0.000110981
0.0001064
0.00010217
9.82648e-05
9.46616e-05
9.1338e-05
8.82718e-05
8.54406e-05
8.28321e-05
8.06122e-05
7.87921e-05
7.73023e-05
7.60682e-05
7.49912e-05
7.39459e-05
7.27997e-05
7.16037e-05
7.03502e-05
6.91091e-05
6.79143e-05
6.67801e-05
6.57086e-05
6.46912e-05
6.37315e-05
6.2859e-05
6.21165e-05
6.14476e-05
6.08155e-05

