5e-05
5.02669e-05
5.04842e-05
5.06602e-05
5.08034e-05
5.09206e-05
5.10168e-05
5.10963e-05
5.11789e-05
5.13354e-05
5.15651e-05
5.18461e-05
5.21068e-05
5.23169e-05
5.24924e-05
5.26341e-05
5.27391e-05
5.28093e-05
5.28527e-05
5.29122e-05
5.29531e-05
5.29765e-05
5.29831e-05
5.29779e-05
5.3278e-05
5.42799e-05
0.00020873
0.000278595
0.00033583
0.000382474
0.000381111
0.000364118
0.000342948
0.000321506
0.000301055
0.00028195
0.000264237
0.000247861
0.000232738
0.000218776
0.00020589
0.000194005
0.000183053
0.000172952
0.000163632
0.00015503
0.000147113
0.00013981
0.000133063
0.000126834
0.000121076
0.000115757
0.000110845
0.000106518
0.000102871
9.9686e-05
9.67211e-05
9.39062e-05
9.11747e-05
8.8554e-05
8.60448e-05
8.36529e-05
8.1385e-05
7.92761e-05
7.73315e-05
7.55149e-05
7.3857e-05
0.000162462
0.000209284
0.000216325
0.00021033
0.000200473
0.000189875
0.000179567
0.000169865
0.000160839
0.000152509
0.000144818
0.000137715
0.000131151
0.000125085
0.00011948
0.000114299
0.000109511
0.000105087
0.000100998
9.72209e-05
9.3731e-05
9.05069e-05
8.75285e-05
8.47773e-05
8.22361e-05
0.00013026
0.000206382
0.000222768
0.00021934
0.00020979
0.000198803
0.000187918
0.000177614
0.000168011
0.000159113
0.000151125
0.000144107
0.000137848
0.000132112
0.000126748
0.00012172
0.000116963
0.000112443
0.000108153
0.000104101
0.000100348
9.68519e-05
9.35796e-05
9.05177e-05
8.76568e-05
8.49883e-05
8.25034e-05
8.01925e-05
7.80461e-05
7.60487e-05
7.4195e-05
7.24784e-05
7.08898e-05
6.94203e-05
6.80614e-05
6.68052e-05
6.56443e-05
6.45716e-05
6.35805e-05
6.26651e-05
6.18196e-05
6.10389e-05
6.03179e-05
5.96514e-05
5.90322e-05
5.84583e-05
5.7931e-05
5.74704e-05
5.70548e-05
5.66681e-05
5.63105e-05
5.5979e-05
5.56759e-05
5.54577e-05
5.53246e-05
5.52458e-05
5.51588e-05
5.50392e-05
5.49093e-05
5.47718e-05
5.46283e-05
5.44808e-05
5.43315e-05
5.41825e-05
5.40354e-05
5.38918e-05
5.37524e-05
5.36183e-05
5.34898e-05
5.33674e-05
5.32511e-05
5.31371e-05
5.30279e-05
5.29257e-05
5.28283e-05
5.27613e-05
5.27134e-05
5.26723e-05
5.26321e-05
5.25868e-05
5.25409e-05
5.25007e-05
5.24806e-05
5.24514e-05
5.24418e-05
5.24592e-05
5.24798e-05
5.24956e-05
5.25035e-05
5.2503e-05
5.24944e-05
5.24789e-05
5.24578e-05
5.24322e-05
5.24033e-05
5.23721e-05
5.23393e-05
5.23041e-05
5.22646e-05
5.22259e-05
5.21861e-05
5.2142e-05
5.20998e-05
5.20609e-05
5.20255e-05
5.19939e-05
5.19878e-05
5.19995e-05
5.20148e-05
5.20289e-05
5.20396e-05
5.20438e-05
5.20331e-05
5.20213e-05
5.20341e-05
5.20521e-05
5.20701e-05
5.20848e-05
5.20947e-05
5.20996e-05
5.20996e-05
5.20955e-05
5.20878e-05
5.20771e-05
5.20643e-05
5.20497e-05
5.2034e-05
5.20174e-05
5.19994e-05
5.1977e-05
8.94218e-05
0.000180428
0.000202845
0.000202339
0.000194578
0.000184902
0.000175105
0.000165765
0.000157044
0.000148986
0.000141547
0.000134679
0.000128345
0.000122529
0.000117168
0.000112217
0.000107639
0.000103404
9.94819e-05
9.58481e-05
9.24871e-05
8.93792e-05
8.65055e-05
8.38436e-05
8.13796e-05
7.90993e-05
7.69928e-05
7.50475e-05

