5e-05
5.02631e-05
5.04691e-05
5.06301e-05
5.07572e-05
5.08582e-05
5.09394e-05
5.10052e-05
5.10589e-05
5.11033e-05
5.11402e-05
5.11713e-05
5.11977e-05
5.12132e-05
5.12233e-05
5.12328e-05
5.12421e-05
5.12517e-05
5.12614e-05
5.12679e-05
5.12689e-05
5.12683e-05
5.12649e-05
0.000116005
0.000188924
0.000205114
0.000202481
0.000194011
0.000184121
0.000174277
0.000164945
0.000156247
0.000148192
0.000140746
0.00013387
0.000127524
0.000121669
0.000116265
0.000111279
0.000106676
0.000102428
9.85716e-05
9.53277e-05
9.25594e-05
9.01132e-05
8.78701e-05
8.56883e-05
8.3544e-05
8.14622e-05
7.94513e-05
7.7523e-05
7.56647e-05
7.38801e-05
7.21906e-05
7.0616e-05
6.91569e-05
6.78048e-05
6.65499e-05
6.53885e-05
6.4312e-05
6.33139e-05
6.23917e-05
6.15423e-05
6.07605e-05
6.00411e-05
5.93771e-05
5.87648e-05
5.82011e-05
5.76802e-05
5.7201e-05
5.67606e-05
5.6356e-05
5.59833e-05
5.56378e-05
5.53193e-05
5.50237e-05
5.47515e-05
5.45187e-05
5.43206e-05
5.41432e-05
5.39792e-05
5.38204e-05
5.36665e-05
5.35222e-05
9.38292e-05
0.000182206
0.0002029
0.000202046
0.000194581
0.000185342
0.000175973
0.000166979
0.0001585
0.00015056
0.00014314
0.000136241
0.000129839
0.000123905
0.000118408
0.00011332
0.000108613
0.000104255
0.000100223
9.64972e-05
9.30526e-05
8.98678e-05
8.69342e-05
8.44582e-05
8.23749e-05
8.05192e-05
7.88052e-05
7.71688e-05
7.55802e-05
7.40346e-05
7.25388e-05
7.11028e-05
6.97347e-05
6.84387e-05
6.72362e-05
6.61201e-05
6.50703e-05
6.40836e-05
6.31574e-05
6.22928e-05
6.14902e-05
6.07459e-05
6.43686e-05
0.000176385
0.000206557
0.000208323
0.000200979
0.000191111
0.000180941
0.000171186
0.000162053
0.000153579
0.000145766
0.000138564
0.000131924
0.000125851
0.000120258
0.000115084
0.000110299
0.000105865
0.000101759
9.7967e-05
9.44844e-05
9.1263e-05
8.82657e-05
8.5484e-05
8.29111e-05
8.05269e-05
7.83213e-05
7.62917e-05
7.44194e-05
7.26903e-05
7.10831e-05
6.95939e-05
6.82157e-05
6.69416e-05
6.57654e-05
6.46797e-05
6.36738e-05
0.000175353
0.000208509
0.000211119
0.000203891
0.000193903
0.000183542
0.000173585
0.000164258
0.000155602
0.000147597
0.000140203
0.000133374
0.000127067
0.000121247
0.000115877
0.000110922
0.000106351
0.000102129
9.82327e-05
9.46378e-05
9.31575e-05
0.000200899
0.000228903
0.000228854
0.00021989
0.000208546
0.000197019
0.000186016
0.000175731
0.000166194
0.000157375
0.00014923
0.000141709
0.000134766
0.000128357
0.000122443
0.000116985
0.000111948
0.000107299
0.000103009
9.90486e-05
9.53889e-05
9.2006e-05
8.88834e-05
8.59996e-05
8.33386e-05
8.09623e-05
7.9079e-05
7.75132e-05
7.60359e-05
7.46024e-05
7.31852e-05
7.18118e-05
7.04824e-05
6.91825e-05
6.79337e-05
7.16626e-05
0.000180971
0.000210028
0.000211298
0.000203659
0.000193568
0.000183198
0.00017326
0.000163963
0.000155337
0.000147359
0.000139987
0.00013318
0.000126894
0.000121093
0.000115738
0.000110793
0.00010623
0.000102033
9.81755e-05
9.46207e-05
9.13378e-05
8.83028e-05
8.54936e-05
8.28898e-05
8.04839e-05
7.82625e-05
7.62117e-05
7.4315e-05
7.25634e-05
7.09466e-05

