5e-05
5.02669e-05
5.04842e-05
5.06602e-05
5.08034e-05
5.09206e-05
5.10168e-05
5.10963e-05
5.11623e-05
5.12176e-05
5.12869e-05
5.13667e-05
5.145e-05
5.15795e-05
5.17152e-05
5.18422e-05
5.19518e-05
5.20405e-05
5.21036e-05
5.21321e-05
5.21392e-05
5.21334e-05
0.000120385
0.000189389
0.000204375
0.00020142
0.000192918
0.000183085
0.000173327
0.000164083
0.00015547
0.000147493
0.000170136
0.000251423
0.00026715
0.000261267
0.000248822
0.000234923
0.000221261
0.000208361
0.000196357
0.000185312
0.000175461
0.000213565
0.000271004
0.00027873
0.000270348
0.000257265
0.000243296
0.000229663
0.000216742
0.000204646
0.000246784
0.000396762
0.000390356
0.000365688
0.000341719
0.000319446
0.000298844
0.000279808
0.000262219
0.000245977
0.000230983
0.000217142
0.000204368
0.000192578
0.000181697
0.000171655
0.000162388
0.000153836
0.000145944
0.000138661
0.000131942
0.00012574
0.000120019
0.000114736
0.000109861
0.000212707
0.000245358
0.000245943
0.000236313
0.000223928
0.000211287
0.000199202
0.000187906
0.000177432
0.000167747
0.000158802
0.00015054
0.000142915
0.000187697
0.00025428
0.000265185
0.000257865
0.00024513
0.000231442
0.000218427
0.000206351
0.000195183
0.000184825
0.000175177
0.000166168
0.000157748
0.000149887
0.000142558
0.000135738
0.000129401
0.000123519
0.000118067
0.000113016
0.00010834
0.000104014
0.000100012
9.63071e-05
0.000106404
0.000206138
0.000230202
0.000228839
0.000219465
0.00020802
0.000196493
0.000185523
0.000175282
0.00016579
0.000159785
0.000255078
0.000275985
0.000271323
0.000258781
0.000244363
0.000230076
0.000216546
0.000203936
0.000192254
0.000181454
0.000171475
0.00016226
0.000153769
0.000146002
0.000138853
0.000132241
0.000126134
0.000120491
0.000115265
0.00011043
0.000105952
0.00010181
9.79768e-05
9.44324e-05
9.11501e-05
8.81082e-05
8.52933e-05
8.26945e-05
8.02963e-05
7.80836e-05
7.60369e-05
7.41384e-05
7.23842e-05
7.07652e-05
6.92712e-05
6.78943e-05
6.66247e-05
6.5452e-05
6.43702e-05
6.33722e-05
6.24488e-05
6.15985e-05
6.0816e-05
6.00959e-05
5.94332e-05
5.88234e-05
5.8262e-05
5.77453e-05
5.72695e-05
5.68313e-05
5.64277e-05
5.60559e-05
5.57132e-05
5.53974e-05
5.51063e-05
5.48378e-05
5.45865e-05
5.43539e-05
5.41397e-05
5.39395e-05
5.37538e-05
5.35796e-05
5.34192e-05
5.32699e-05
5.31314e-05
5.30048e-05
5.28867e-05
0.000126884
0.000191366
0.000204808
0.00020134
0.000192676
0.000182798
0.000173033
0.000163799
0.000155197
0.000147232
0.000139872
0.000133076
0.000126797
0.000120996
0.000115641
0.000110698
0.000106138
0.000101931
9.8049e-05
9.44647e-05
9.1157e-05
8.81045e-05
8.52844e-05
8.26806e-05
0.000192226
0.000222597
0.000223608
0.000215243
0.000204323
0.000193143
0.000182446
0.000172443
0.000163167
0.00015459
0.000146666
0.000139349
0.000132591
0.000126355
0.000120598
0.000115282
0.000110377
0.000105851
0.000101674
9.78191e-05
9.42619e-05
9.09759e-05
8.79389e-05
8.51361e-05
8.25485e-05
8.0159e-05
7.79545e-05
7.59184e-05
7.40391e-05
7.23059e-05
7.07062e-05
6.92235e-05
6.78509e-05
6.65852e-05

