5e-05
5.02631e-05
5.04691e-05
5.06301e-05
5.07572e-05
5.08582e-05
5.09394e-05
5.10052e-05
5.10589e-05
5.11033e-05
5.11402e-05
5.11713e-05
5.12069e-05
5.12467e-05
5.12914e-05
5.1392e-05
5.15224e-05
5.16887e-05
5.18372e-05
5.19485e-05
5.2007e-05
5.20368e-05
0.000119443
0.000188841
0.000204025
0.000201154
0.000192688
0.000182872
0.000173123
0.000163885
0.000155275
0.000147302
0.00016965
0.000251521
0.000267423
0.000261572
0.000249113
0.000235188
0.000221499
0.000208574
0.000196544
0.000185469
0.000175497
0.00016643
0.000158132
0.000150476
0.000143326
0.000136637
0.00013046
0.000124731
0.000119358
0.000114306
0.00010958
0.000105189
0.000101113
9.73405e-05
9.38503e-05
9.06228e-05
8.76392e-05
8.48784e-05
8.23056e-05
7.99184e-05
7.7712e-05
7.56785e-05
7.38251e-05
7.21252e-05
7.05587e-05
6.91116e-05
6.77771e-05
6.6546e-05
0.000104829
0.000191202
0.000211651
0.000210078
0.00020158
0.000191328
0.000181045
0.000171273
0.000162152
0.000153694
0.000145874
0.000138642
0.000131955
0.000125774
0.000120066
0.000114798
0.000109936
0.000105447
0.000114777
0.000213417
0.000236771
0.000234851
0.000224992
0.000213106
0.000201177
0.000189832
0.000179248
0.00016944
0.000160375
0.000152004
0.000144273
0.000137132
0.000130535
0.000124447
0.00011883
0.000113647
0.000108865
0.000104453
0.000100407
9.66862e-05
9.325e-05
9.00771e-05
8.71468e-05
8.44356e-05
8.19312e-05
7.96458e-05
7.75413e-05
7.55942e-05
7.37877e-05
7.21142e-05
7.05653e-05
6.91317e-05
6.78013e-05
6.65653e-05
6.54189e-05
6.43592e-05
6.338e-05
6.24749e-05
6.16353e-05
6.08595e-05
6.01435e-05
5.94802e-05
5.88665e-05
5.83005e-05
5.77779e-05
5.73089e-05
5.68952e-05
5.65388e-05
5.62271e-05
5.59448e-05
5.57046e-05
5.54864e-05
5.5315e-05
5.51586e-05
5.49892e-05
5.48199e-05
5.46428e-05
5.4459e-05
5.43061e-05
5.44291e-05
5.46709e-05
5.48484e-05
5.49324e-05
5.49483e-05
5.49086e-05
5.48049e-05
5.46358e-05
5.44358e-05
5.42354e-05
5.40458e-05
5.38841e-05
5.37331e-05
5.3589e-05
5.34511e-05
5.33205e-05
5.31961e-05
5.30807e-05
5.29744e-05
5.28764e-05
5.27848e-05
5.26942e-05
5.26095e-05
5.25286e-05
5.24543e-05
5.23856e-05
5.23207e-05
5.22619e-05
5.22072e-05
5.21527e-05
5.21218e-05
5.21083e-05
5.20979e-05
5.21114e-05
5.21379e-05
5.21579e-05
5.21704e-05
5.21709e-05
5.2165e-05
5.21544e-05
5.21356e-05
5.2114e-05
5.20803e-05
5.2044e-05
5.20074e-05
5.19682e-05
0.000112509
0.000187252
0.000204177
0.000201837
0.000193514
0.000183728
0.00017397
0.000164708
0.000156066
0.000148054
0.000140647
0.000133802
0.000127475
0.000121633
0.000116241
0.000111264
0.000106667
0.000102425
9.85081e-05
9.48899e-05
9.15488e-05
8.84648e-05
8.56161e-05
8.29855e-05
8.05587e-05
7.83183e-05
7.625e-05
7.43401e-05
7.25769e-05
7.09483e-05
6.94462e-05
6.80614e-05
6.67847e-05
6.56074e-05
6.45168e-05
6.35078e-05
6.25759e-05
6.17156e-05
6.09212e-05
6.01896e-05
5.95159e-05
5.88956e-05
5.8341e-05
5.78433e-05
5.73864e-05
5.69895e-05
5.663e-05
0.000108824
0.000187079
0.000205154
0.000203177
0.000194915
0.000185084
0.000175256
0.000165917

