5e-05
5.02631e-05
5.04691e-05
5.06301e-05
5.07572e-05
5.08582e-05
5.09394e-05
5.10052e-05
5.10671e-05
5.11772e-05
5.12985e-05
5.14354e-05
5.15737e-05
5.16556e-05
5.17059e-05
5.17625e-05
5.18271e-05
5.19048e-05
5.1998e-05
5.20712e-05
5.21074e-05
5.212e-05
6.37181e-05
0.000172638
0.000201523
0.000203146
0.000196013
0.000186458
0.000176616
0.000167177
0.000158339
0.00015014
0.000154159
0.000248145
0.000268284
0.000263742
0.000251593
0.000237643
0.000223825
0.000241981
0.000309979
0.000318541
0.000307794
0.000291452
0.000274159
0.000257438
0.000241742
0.000227164
0.000213679
0.000201238
0.000189758
0.000179164
0.000169382
0.000160347
0.000152004
0.000144301
0.000137187
0.000130612
0.000124536
0.000118924
0.000113733
0.000108931
0.000104497
0.000100404
9.66277e-05
9.31431e-05
8.99269e-05
8.69596e-05
8.42211e-05
8.16954e-05
7.93639e-05
7.72129e-05
7.52269e-05
0.000138741
0.000205021
0.000218313
0.000214113
0.000204574
0.000193821
0.000183225
0.000173215
0.000163894
0.00015526
0.000147282
0.000139915
0.000133111
0.000126832
0.000121037
0.000115686
0.000110746
0.000106186
0.000101977
9.80935e-05
9.45099e-05
9.1203e-05
8.8197e-05
8.57045e-05
8.36085e-05
8.17702e-05
8.00813e-05
7.84658e-05
7.68832e-05
7.53002e-05
7.37342e-05
7.22245e-05
7.08053e-05
6.9499e-05
6.82694e-05
6.71076e-05
6.60033e-05
6.49594e-05
6.3975e-05
6.30555e-05
6.21989e-05
6.13933e-05
6.06437e-05
5.99497e-05
5.93077e-05
5.87281e-05
5.82139e-05
5.77387e-05
5.72989e-05
5.68855e-05
5.6496e-05
5.61398e-05
5.58377e-05
5.55593e-05
5.5294e-05
5.50434e-05
5.48042e-05
5.45804e-05
5.43713e-05
5.41759e-05
5.39933e-05
5.38218e-05
5.36536e-05
5.34959e-05
5.33509e-05
5.32409e-05
5.31544e-05
5.30779e-05
5.30063e-05
5.29371e-05
5.28693e-05
5.28025e-05
5.27346e-05
5.26621e-05
5.25887e-05
5.25127e-05
5.24382e-05
5.23631e-05
5.22898e-05
5.22189e-05
5.21527e-05
5.20916e-05
5.20349e-05
0.000153423
0.000198105
0.000204905
0.000199317
0.000190078
0.000180145
0.000170494
0.000161418
0.000152985
0.000145195
0.000138246
0.000132099
0.000126562
0.000121351
0.000116403
0.000111765
0.000107392
0.000103275
0.000184651
0.00023007
0.00023561
0.000228136
0.000216876
0.000204973
0.000193464
0.000182658
0.000172615
0.000163318
0.000154716
0.000146771
0.000139438
0.000132669
0.000126423
0.000120659
0.00011534
0.000110431
0.000105898
0.000101714
9.78543e-05
9.429e-05
9.09992e-05
8.79611e-05
8.51522e-05
8.25601e-05
8.01688e-05
7.7963e-05
7.59274e-05
7.40465e-05
7.23112e-05
7.07073e-05
6.92242e-05
6.7856e-05
6.65928e-05
6.54262e-05
6.43508e-05
6.33583e-05
6.24411e-05
6.15957e-05
6.08167e-05
6.00966e-05
5.94316e-05
5.88189e-05
5.82544e-05
5.77342e-05
5.72517e-05
5.68038e-05
5.63905e-05
5.60089e-05
5.56555e-05
5.53304e-05
5.50315e-05
5.4756e-05
5.45001e-05
5.42646e-05
5.40484e-05
5.38535e-05
5.36957e-05
5.35536e-05
5.34194e-05
5.32947e-05
5.31787e-05
5.30702e-05
5.29682e-05
5.28719e-05
5.27773e-05
5.26881e-05
5.26047e-05
5.25265e-05
5.24503e-05
5.2379e-05
0.000121205
0.000189636
0.000204413
0.000201391

