5e-05
5.02631e-05
5.04691e-05
5.06301e-05
5.07572e-05
5.08582e-05
5.09394e-05
5.10052e-05
5.10589e-05
5.11033e-05
5.11437e-05
5.12034e-05
5.12661e-05
5.13388e-05
5.14302e-05
5.15165e-05
5.15904e-05
5.16502e-05
5.16962e-05
5.17208e-05
5.17153e-05
5.17017e-05
8.40907e-05
0.000179211
0.000202983
0.00020289
0.000195222
0.000185536
0.000175698
0.000166309
0.000157536
0.000149402
0.000141882
0.000240071
0.000266374
0.000263886
0.000252381
0.000238593
0.000224776
0.000211645
0.000199397
0.000188045
0.00017755
0.000167858
0.000158911
0.000150652
0.000143029
0.000135994
0.0001295
0.000123527
0.00011803
0.000112958
0.000108264
0.000103929
9.99251e-05
9.62261e-05
9.28052e-05
8.9645e-05
8.67263e-05
8.40308e-05
8.15324e-05
7.92214e-05
7.7086e-05
7.51142e-05
7.32951e-05
7.1617e-05
7.0069e-05
6.8641e-05
6.73238e-05
6.61087e-05
6.5934e-05
0.000178456
0.00020948
0.000211362
0.000203896
0.000193837
0.00018346
0.000173506
0.000164189
0.000155546
0.000147553
0.000140164
0.000133342
0.000127043
0.000121228
0.000115862
0.000110905
0.000106327
0.0001021
0.00019925
0.000234758
0.00023678
0.00022807
0.000216395
0.000204366
0.000192833
0.00018204
0.000172027
0.000162768
0.000154216
0.000146321
0.000139032
0.000132301
0.000126087
0.000120353
0.00011506
0.000110173
0.00010566
0.000101495
9.76506e-05
9.41027e-05
9.08271e-05
8.78016e-05
8.50089e-05
8.24286e-05
8.00472e-05
7.78499e-05
7.58225e-05
7.39518e-05
7.22257e-05
7.06331e-05
6.91635e-05
6.78073e-05
6.65559e-05
6.5401e-05
6.43352e-05
6.33516e-05
6.24437e-05
6.16056e-05
6.08287e-05
6.01112e-05
5.94492e-05
5.88392e-05
5.84531e-05
5.83699e-05
5.83792e-05
5.83777e-05
5.83409e-05
5.82323e-05
5.80219e-05
5.77275e-05
5.73969e-05
5.70526e-05
5.67044e-05
5.63658e-05
5.60404e-05
5.57304e-05
5.54414e-05
5.51963e-05
5.49885e-05
5.48083e-05
5.46183e-05
5.44291e-05
5.42482e-05
5.40729e-05
5.3913e-05
5.40008e-05
5.46684e-05
0.000122716
0.000268026
0.000262037
0.000246179
0.000231217
0.000217358
0.000204549
0.000192718
0.000181793
0.000171706
0.000162393
0.000153795
0.000145858
0.000138531
0.000131767
0.000125522
0.000119758
0.000114436
0.000109524
0.000104989
0.000100803
9.6938e-05
9.33704e-05
9.00769e-05
8.70366e-05
8.42299e-05
8.16389e-05
7.92474e-05
7.70396e-05
7.50013e-05
7.31197e-05
7.1383e-05
6.978e-05
6.83e-05
6.6934e-05
6.56729e-05
6.45089e-05
8.61714e-05
0.000186542
0.000211609
0.000211556
0.000203478
0.00019323
0.000182795
0.00017282
0.000163492
0.000154837
0.000146832
0.000139436
0.000132606
0.000126299
0.000120477
0.000115102
0.000110141
0.00010556
0.000101332
9.74293e-05
9.38267e-05
9.0501e-05
8.74311e-05
8.45973e-05
8.20175e-05
7.97209e-05
7.76046e-05
7.56206e-05
7.37622e-05
7.20263e-05
7.04094e-05
6.89069e-05
6.75131e-05
6.62219e-05
6.5027e-05
6.39221e-05
6.29008e-05
6.19594e-05
6.11101e-05
6.03312e-05
5.96093e-05
5.89383e-05
5.83143e-05
5.77346e-05
5.71966e-05
5.66979e-05
5.62375e-05
6.9724e-05
0.000178538
0.000206882
0.000208029
0.000200467
0.000190515
0.000180303
0.000170524

