5e-05
5.02631e-05
5.04691e-05
5.06301e-05
5.07572e-05
5.08582e-05
5.09394e-05
5.10052e-05
5.10589e-05
5.11033e-05
5.11402e-05
5.11728e-05
5.13086e-05
5.15961e-05
5.18625e-05
5.21283e-05
5.23666e-05
5.25368e-05
5.26485e-05
0.000114347
0.000186602
0.000202934
0.000200508
0.000192227
0.000182487
0.000172777
0.000163568
0.000154984
0.000147031
0.000139676
0.00013288
0.000126605
0.000120813
0.000115469
0.000110533
0.000105989
0.000103533
0.000204573
0.000230479
0.000230045
0.000221172
0.000210026
0.000198667
0.000187759
0.000177525
0.000168001
0.000159166
0.000150972
0.000143381
0.000136354
0.000129837
0.000123813
0.000118246
0.000113103
0.000108356
0.000103975
9.99306e-05
9.61966e-05
9.27499e-05
8.95671e-05
8.66243e-05
8.39052e-05
8.13969e-05
7.90961e-05
7.69924e-05
7.50596e-05
7.328e-05
7.16381e-05
7.01164e-05
6.87034e-05
6.73962e-05
6.61847e-05
6.50621e-05
6.40237e-05
6.30612e-05
6.21726e-05
6.13458e-05
6.05804e-05
5.98754e-05
5.92242e-05
5.86249e-05
5.80723e-05
5.75565e-05
5.70789e-05
5.66392e-05
5.62311e-05
5.58564e-05
5.5512e-05
5.51934e-05
5.49003e-05
5.46323e-05
5.43872e-05
5.41632e-05
5.39548e-05
5.37603e-05
5.35892e-05
5.34573e-05
5.33454e-05
5.32452e-05
5.31525e-05
5.30706e-05
5.30363e-05
5.30511e-05
5.30742e-05
5.3089e-05
5.31101e-05
5.31465e-05
5.31533e-05
5.31361e-05
5.3105e-05
5.30624e-05
5.30105e-05
5.29518e-05
5.2882e-05
5.28027e-05
5.27198e-05
5.2639e-05
5.25566e-05
5.24764e-05
5.24021e-05
5.23324e-05
5.22633e-05
5.22e-05
5.21621e-05
5.21313e-05
5.21115e-05
5.21172e-05
5.2114e-05
5.21128e-05
5.21418e-05
5.21772e-05
6.91011e-05
0.000173621
0.000200829
0.000201926
0.000194735
0.000185263
0.000175542
0.000166229
0.000157522
0.000149463
0.000142012
0.000135127
0.000128757
0.000122858
0.000117417
0.000112393
0.000107746
0.000103436
9.94429e-05
9.57528e-05
9.23422e-05
8.92102e-05
8.63272e-05
8.36677e-05
8.12027e-05
7.89242e-05
7.68187e-05
7.48729e-05
7.30775e-05
7.14178e-05
6.98802e-05
6.846e-05
6.71456e-05
6.59311e-05
6.48107e-05
6.37781e-05
6.28275e-05
6.19525e-05
6.1147e-05
6.04027e-05
5.97166e-05
5.9085e-05
5.85036e-05
5.7968e-05
5.74697e-05
5.7008e-05
5.65831e-05
5.61924e-05
5.58329e-05
5.55006e-05
5.51867e-05
5.48907e-05
5.46155e-05
5.43611e-05
5.41283e-05
5.39159e-05
5.37236e-05
5.35709e-05
0.000107347
0.000185518
0.000203653
0.000201762
0.000193591
0.000183832
0.000174056
0.000164769
0.000203993
0.000269339
0.000279068
0.000270689
0.000257002
0.000329187
0.000348664
0.000339895
0.000322588
0.000303432
0.000284653
0.000266934
0.000250437
0.00023516
0.000221041
0.00026713
0.000313859
0.000315467
0.000302658
0.000285917
0.000302798
0.000357316
0.000359197
0.000344275
0.000324762
0.000304777
0.000285778
0.000268242
0.000252061
0.000237132
0.000223324
0.000210481
0.000198524
0.000187431
0.000177149
0.000167622
0.000158801
0.000150622
0.000143051
0.000136055
0.000129616
0.000123671
0.000118171
0.000124222
0.000220266
0.000242582
0.000240053
0.000229745
0.000217487
0.000205234
0.000193624
0.000182799
0.000172759

