5e-05
5.02669e-05
5.04842e-05
5.06602e-05
5.08034e-05
5.09206e-05
5.10168e-05
5.10963e-05
5.11818e-05
5.12786e-05
5.13907e-05
5.15194e-05
5.16366e-05
5.1708e-05
5.17481e-05
5.17782e-05
5.17988e-05
5.1808e-05
5.18126e-05
5.18076e-05
5.17799e-05
5.17477e-05
6.06149e-05
0.000172616
0.000202528
0.000204385
0.000197249
0.00018762
0.000177687
0.000168152
0.000159223
0.000150941
0.000143284
0.000220766
0.000263279
0.00026609
0.000256145
0.000242657
0.000228727
0.00021536
0.00020285
0.000191244
0.000180513
0.000170603
0.000161454
0.000156672
0.00025265
0.000273779
0.000269239
0.000256841
0.000242569
0.000228418
0.00021501
0.000202505
0.000190915
0.000180204
0.000170313
0.000161181
0.000152752
0.000144973
0.000137788
0.000131154
0.00012503
0.000119379
0.000114164
0.00010935
0.000104899
0.000100787
9.69895e-05
9.34826e-05
9.02482e-05
8.72657e-05
8.45148e-05
8.19725e-05
7.96212e-05
7.74527e-05
0.000149415
0.000208896
0.000219847
0.000214828
0.000204995
0.00019413
0.000183484
0.000173444
0.000164105
0.000155462
0.000147477
0.000140105
0.000133302
0.000127022
0.000121223
0.00011587
0.000110926
0.000106357
0.00010214
9.82493e-05
9.46577e-05
9.13405e-05
8.82779e-05
8.54527e-05
8.28463e-05
8.04389e-05
7.82181e-05
7.61784e-05
7.43234e-05
7.26161e-05
7.10355e-05
6.95739e-05
6.82242e-05
6.69772e-05
6.58246e-05
6.47591e-05
6.37724e-05
6.28551e-05
6.20068e-05
6.12229e-05
6.04944e-05
5.98204e-05
5.91981e-05
5.86239e-05
5.80927e-05
5.75989e-05
5.71402e-05
5.67145e-05
5.63194e-05
5.59559e-05
5.564e-05
5.53614e-05
5.50944e-05
5.48456e-05
5.46134e-05
5.43996e-05
5.41997e-05
5.40271e-05
5.39068e-05
5.38244e-05
5.38294e-05
5.38711e-05
5.38972e-05
5.39242e-05
5.39729e-05
5.39931e-05
5.3971e-05
5.43383e-05
0.000165437
0.000272229
0.000263031
0.000247307
0.000232358
0.000218459
0.000205601
0.000193724
0.00018277
0.000172662
0.000163331
0.000154718
0.000146776
0.000139444
0.000132674
0.000126427
0.000120663
0.000115339
0.000110421
0.000105879
0.000101684
9.78115e-05
9.42579e-05
9.0989e-05
0.00020026
0.000232961
0.000234215
0.000225404
0.000213836
0.000201974
0.000293036
0.000313993
0.000307418
0.000292415
0.000275495
0.000258822
0.000243069
0.000228405
0.000214827
0.00020228
0.000190693
0.000179993
0.000170117
0.000161025
0.000152644
0.000144905
0.000137754
0.000131148
0.000125044
0.000119405
0.000114193
0.000109375
0.000104928
0.000100823
9.70346e-05
9.35327e-05
9.02907e-05
8.72958e-05
8.45317e-05
8.19821e-05
7.96306e-05
7.74619e-05
7.54606e-05
7.36129e-05
7.19072e-05
7.03324e-05
6.88828e-05
6.81347e-05
0.000179721
0.000210595
0.000212415
0.000204882
0.000255103
0.000304194
0.000307064
0.000295089
0.000279003
0.00026242
0.000246514
0.000231623
0.000217805
0.00020504
0.000193263
0.00018239
0.000172347
0.000163069
0.000154502
0.000146593
0.000139292
0.000132553
0.000126332
0.00012059
0.000115288
0.000110396
0.000105903
0.000101778
9.79823e-05
9.44634e-05
0.000165873
0.000220796
0.000229728
0.000223578
0.000212989
0.000201519
0.000190341
0.000179818

