5e-05
5.02667e-05
5.04834e-05
5.06586e-05
5.08009e-05
5.09171e-05
5.10125e-05
5.10912e-05
5.11565e-05
5.12109e-05
5.12566e-05
5.12951e-05
5.13283e-05
5.1373e-05
5.14221e-05
5.147e-05
5.1514e-05
5.15527e-05
5.1585e-05
5.16018e-05
5.15989e-05
5.15829e-05
5.1564e-05
5.15394e-05
5.15176e-05
5.15005e-05
5.14879e-05
5.14794e-05
5.14735e-05
5.14639e-05
5.14526e-05
5.14449e-05
5.14409e-05
5.14389e-05
5.14334e-05
5.14293e-05
5.14285e-05
5.14307e-05
5.14341e-05
5.14348e-05
5.14373e-05
5.14421e-05
5.14487e-05
5.14537e-05
5.14599e-05
5.14678e-05
5.1477e-05
5.14872e-05
5.14981e-05
5.15057e-05
6.52566e-05
0.000173379
0.000201739
0.000203138
0.000266092
0.000307463
0.000307732
0.000294899
0.000278553
0.000261915
0.000246009
0.000231137
0.000217348
0.0002046
0.000192827
0.000181957
0.000171925
0.000162668
0.000154121
0.000146227
0.000138941
0.000132213
0.000126003
0.000120274
0.000114986
0.000110102
0.000105593
0.000101432
9.75938e-05
9.40533e-05
9.07874e-05
8.7768e-05
8.49773e-05
8.24007e-05
8.00224e-05
7.78266e-05
7.58019e-05
7.39351e-05
7.22088e-05
7.06123e-05
6.91407e-05
6.77847e-05
6.65356e-05
6.53844e-05
6.43202e-05
6.33333e-05
6.24227e-05
6.16755e-05
0.000174746
0.000206851
0.000209211
0.000202003
0.000192138
0.000181944
0.000172155
0.00016298
0.000154456
0.000146581
0.000139329
0.000132641
0.000126466
0.000120757
0.000115485
0.000110613
0.000106105
0.000101936
0.000158556
0.00022373
0.000235761
0.0002303
0.000219559
0.000207683
0.000237765
0.000299589
0.000306555
0.000295967
0.000280336
0.000263918
0.000323302
0.000349177
0.000342462
0.000325717
0.000306621
0.000287728
0.000269847
0.000278118
0.000338975
0.000343871
0.000330814
0.000312676
0.000293808
0.000275656
0.000324941
0.000354557
0.000348655
0.000331872
0.00031251
0.000293348
0.000275193
0.000339523
0.000356222
0.000346253
0.000328289
0.000343074
0.000387163
0.000384264
0.000414086
0.000436227
0.000423912
0.000458157
0.000470241
0.000453013
0.000427313
0.000476722
0.000475104
0.000453257
0.000426068
0.000398548
0.000372303
0.000347783
0.00032505
0.000304031
0.000307985
0.000363186
0.000364977
0.000349731
0.00032985
0.0003095
0.000290025
0.000271813
0.000254923
0.000239307
0.00022488
0.000211556
0.000199251
0.000187894
0.000177413
0.000167738
0.000158808
0.000150567
0.000142962
0.000235458
0.000260879
0.000258391
0.000247173
0.000233743
0.000220287
0.000207504
0.000195582
0.000252246
0.000294498
0.000295671
0.000283733
0.000268235
0.000252386
0.000237224
0.000223044
0.000305115
0.000321959
0.000313674
0.000297818
0.00028036
0.000263276
0.000247174
0.000232197
0.000218335
0.000205526
0.000193695
0.000182771
0.000172686
0.000163375
0.000154779
0.000146904
0.000139983
0.000133836
0.000128221
0.000122955
0.000117933
0.000113173
0.00010871
0.000104624
0.000163889
0.000316329
0.000314594
0.000295666
0.00027709
0.000259793
0.000243775
0.000228989
0.000215334
0.000202723
0.00019108
0.000180346
0.000170457
0.00016136
0.000152967
0.000145217
0.000138056
0.000131439
0.000125322

