5e-05
5.02669e-05
5.04842e-05
5.06602e-05
5.08034e-05
5.09206e-05
5.10168e-05
5.10963e-05
5.11623e-05
5.12174e-05
5.12636e-05
5.13049e-05
5.13677e-05
5.14272e-05
5.14686e-05
5.1505e-05
5.1537e-05
5.15614e-05
5.15757e-05
5.15818e-05
5.1578e-05
5.15692e-05
5.15604e-05
0.000148545
0.000196589
0.000204517
0.000199313
0.000190203
0.000180315
0.000170677
0.000161603
0.000153168
0.000145362
0.000138148
0.000131482
0.000125329
0.000119648
0.000114406
0.00010957
0.000105107
0.000100991
9.71921e-05
9.36875e-05
9.05571e-05
8.80409e-05
8.60083e-05
8.43617e-05
8.30952e-05
8.29249e-05
0.000258529
0.000293897
0.00027743
0.000260247
0.000244219
0.000229387
0.000215681
0.000203022
0.000191334
0.000180543
0.000170583
0.000161388
0.000152898
0.000145063
0.000137832
0.00013116
0.000125003
0.000119323
0.000114081
0.000109245
0.000104784
0.000100668
9.68674e-05
9.33614e-05
9.01276e-05
8.71449e-05
8.43937e-05
8.18561e-05
7.95153e-05
7.73561e-05
7.53621e-05
7.35199e-05
7.18182e-05
7.02486e-05
6.8801e-05
6.7466e-05
6.62347e-05
6.50966e-05
6.40455e-05
6.30759e-05
6.2179e-05
6.13516e-05
6.05884e-05
5.98822e-05
5.9231e-05
5.8631e-05
5.80782e-05
5.75659e-05
5.70906e-05
5.6652e-05
5.62484e-05
5.5877e-05
0.000156239
0.000201057
0.000207749
0.000201988
0.000192561
0.000182446
0.000172624
0.000163392
0.000154813
0.000146873
0.000139533
0.000132757
0.000126502
0.000120727
0.000115396
0.000110476
0.000105935
0.000101739
9.78662e-05
9.42929e-05
9.09959e-05
8.79522e-05
8.5142e-05
8.25469e-05
8.01476e-05
7.79317e-05
7.5886e-05
7.39983e-05
7.22577e-05
7.06527e-05
6.91729e-05
6.78085e-05
6.65471e-05
6.53807e-05
6.43051e-05
6.33224e-05
6.24395e-05
6.16314e-05
6.08816e-05
6.01974e-05
5.95899e-05
5.90346e-05
5.85206e-05
5.80416e-05
5.7588e-05
5.71555e-05
5.67505e-05
5.63647e-05
5.60001e-05
5.5662e-05
5.53493e-05
5.50589e-05
5.47848e-05
5.45315e-05
5.42983e-05
5.40838e-05
5.38865e-05
5.3699e-05
5.35222e-05
5.33601e-05
5.32117e-05
5.30726e-05
5.29431e-05
5.28247e-05
5.27147e-05
5.26146e-05
5.25215e-05
5.24322e-05
5.2346e-05
5.22652e-05
5.21901e-05
5.21222e-05
5.20588e-05
5.2001e-05
5.19502e-05
5.1906e-05
5.18677e-05
5.18331e-05
5.18014e-05
5.17741e-05
5.17507e-05
5.17309e-05
5.17141e-05
5.16999e-05
5.16874e-05
5.16736e-05
5.16615e-05
5.16509e-05
5.16392e-05
5.16291e-05
5.16209e-05
5.16144e-05
5.1609e-05
5.15989e-05
5.15854e-05
5.15707e-05
5.15586e-05
5.15493e-05
5.15399e-05
5.15311e-05
5.15228e-05
5.15136e-05
5.15032e-05
5.14955e-05
5.14904e-05
5.14877e-05
5.1487e-05
5.1488e-05
5.1488e-05
5.14882e-05
5.14883e-05
5.14864e-05
5.14796e-05
5.1471e-05
5.14626e-05
5.14568e-05
5.14513e-05
5.14473e-05
5.14429e-05
5.14405e-05
5.14378e-05
0.000166392
0.000200506
0.000203816
0.000197184
0.000187727
0.000177861
0.000168373
0.000159483
0.000151233
0.000143602
0.000136548
0.000130032
0.000124013
0.000118453
0.00011332
0.000108577
0.000104195
0.000100145
9.64067e-05
9.29568e-05
8.9769e-05
8.68238e-05
8.41037e-05
8.15903e-05
7.92717e-05
7.71335e-05
7.51616e-05
7.33432e-05

