5e-05
5.02667e-05
5.04834e-05
5.06586e-05
5.08009e-05
5.09171e-05
5.10125e-05
5.10912e-05
5.11585e-05
5.12873e-05
5.15188e-05
5.18025e-05
5.20731e-05
5.22877e-05
5.24398e-05
5.25492e-05
5.26223e-05
5.26652e-05
5.26841e-05
5.26831e-05
5.26574e-05
5.26253e-05
5.25815e-05
5.2511e-05
5.24434e-05
5.26021e-05
5.3057e-05
5.36745e-05
5.42349e-05
5.46439e-05
5.49605e-05
5.51569e-05
5.52207e-05
5.51891e-05
5.5101e-05
5.49737e-05
5.48292e-05
5.46754e-05
5.45178e-05
5.43567e-05
5.41932e-05
5.40353e-05
5.38846e-05
5.37418e-05
5.36071e-05
5.34805e-05
5.33619e-05
5.32512e-05
5.3148e-05
5.3052e-05
5.29618e-05
5.93851e-05
0.000171648
0.000201742
0.000203674
0.000196661
0.000187179
0.00017743
0.000168091
0.000159337
0.000151162
0.000143573
0.000136551
0.000130064
0.000124073
0.000118534
0.000113445
0.000108755
0.000104445
0.000100491
9.68407e-05
9.34582e-05
9.03289e-05
8.7427e-05
8.47365e-05
8.22432e-05
7.99692e-05
7.78817e-05
7.59545e-05
7.4171e-05
7.25181e-05
7.09847e-05
6.95544e-05
6.82482e-05
6.70467e-05
6.59361e-05
6.49066e-05
6.39508e-05
6.30628e-05
6.22458e-05
6.15137e-05
6.0819e-05
6.01673e-05
5.9563e-05
5.90071e-05
5.85261e-05
5.80919e-05
5.76794e-05
5.72921e-05
5.69254e-05
5.65724e-05
0.000100058
0.000184855
0.0002051
0.000203791
0.000195729
0.000185947
0.000176111
0.00016675
0.000158002
0.000149889
0.000142384
0.000135448
0.000129042
0.000123125
0.00011766
0.000112612
0.000107944
0.000103629
9.96578e-05
9.60151e-05
9.26528e-05
8.95498e-05
8.66835e-05
8.40277e-05
8.15664e-05
7.9291e-05
7.71885e-05
7.5241e-05
7.34415e-05
7.17799e-05
7.02459e-05
6.88387e-05
6.7569e-05
6.64017e-05
6.53077e-05
6.42915e-05
6.33568e-05
6.25182e-05
6.17509e-05
6.10686e-05
6.04481e-05
5.98747e-05
5.93396e-05
5.88374e-05
5.83957e-05
5.80077e-05
5.76744e-05
5.73566e-05
5.70336e-05
5.67109e-05
5.63956e-05
5.61479e-05
5.59477e-05
5.57844e-05
5.5669e-05
5.5553e-05
5.5405e-05
5.52422e-05
5.50465e-05
5.4842e-05
5.4647e-05
5.44797e-05
5.4319e-05
5.41625e-05
5.40012e-05
5.38489e-05
5.37033e-05
5.35636e-05
5.34294e-05
5.33027e-05
5.31806e-05
5.30691e-05
5.29865e-05
5.29429e-05
5.29389e-05
5.29365e-05
5.29282e-05
5.29092e-05
5.2885e-05
5.28504e-05
5.28035e-05
5.27565e-05
5.27102e-05
5.26542e-05
5.25967e-05
5.25393e-05
5.24864e-05
5.24346e-05
5.23846e-05
5.23366e-05
5.22867e-05
5.22412e-05
5.22002e-05
5.21601e-05
5.21211e-05
5.20822e-05
5.20472e-05
5.2017e-05
5.19903e-05
5.1965e-05
5.19433e-05
5.19253e-05
9.951e-05
0.00018314
0.000203084
0.000201788
0.000193802
0.000184094
0.00017433
0.000165042
0.000156368
0.000148328
0.000140897
0.000134036
0.000127703
0.000121869
0.000116546
0.000111663
0.000107165
0.000103011
9.91696e-05
9.56141e-05
9.23128e-05
8.92518e-05
8.64105e-05
8.37758e-05
8.13356e-05
7.90758e-05
7.69842e-05
7.50526e-05
7.32948e-05
7.16893e-05
7.02085e-05
6.88329e-05
6.75594e-05
6.63771e-05
6.52771e-05
6.42584e-05
6.33169e-05
6.24697e-05
6.16982e-05
6.09874e-05
6.03451e-05
5.97577e-05
5.9215e-05
5.8703e-05
5.82199e-05
5.77618e-05
5.73316e-05

