5e-05
5.02667e-05
5.04834e-05
5.06586e-05
5.08009e-05
5.09171e-05
5.10125e-05
5.10977e-05
5.12653e-05
5.14836e-05
5.16951e-05
5.1879e-05
5.20169e-05
5.20969e-05
5.21514e-05
5.22074e-05
5.22795e-05
5.23419e-05
5.24123e-05
5.24629e-05
5.24503e-05
5.24117e-05
5.23663e-05
5.23113e-05
5.22589e-05
5.2435e-05
5.29149e-05
5.35771e-05
5.46122e-05
9.8007e-05
0.00026644
0.00027361
0.000257796
0.000242069
0.000227433
0.000213889
0.000201374
0.000189815
0.000179143
0.00016929
0.000160197
0.000151805
0.00014406
0.000136915
0.000130322
0.000124254
0.000118672
0.000113527
0.00010878
0.00010441
0.000100399
9.67202e-05
9.33167e-05
9.01525e-05
8.72227e-05
8.45146e-05
8.20076e-05
7.96907e-05
7.75467e-05
0.000128156
0.000206814
0.000224022
0.000220775
0.000211198
0.000200094
0.000189064
0.000178613
0.000168876
0.000159859
0.000151524
0.000143827
0.000136716
0.000130152
0.000124096
0.000118508
0.000113346
0.00010858
0.000104183
0.000100126
9.638e-05
9.29228e-05
8.97286e-05
8.67783e-05
8.40543e-05
8.15411e-05
7.92231e-05
7.70831e-05
7.51087e-05
7.32821e-05
7.15959e-05
7.00416e-05
6.86068e-05
6.72808e-05
6.60562e-05
6.49622e-05
6.4229e-05
6.37723e-05
6.34308e-05
6.30765e-05
6.26872e-05
6.21917e-05
6.16543e-05
6.10987e-05
6.05269e-05
5.99662e-05
5.94239e-05
5.89024e-05
5.83975e-05
5.79195e-05
5.74699e-05
5.70484e-05
5.66542e-05
5.62878e-05
5.59737e-05
5.56889e-05
5.54249e-05
5.51672e-05
5.49142e-05
5.46736e-05
5.44476e-05
5.42347e-05
5.40376e-05
5.38524e-05
5.36759e-05
5.35069e-05
5.33504e-05
5.32075e-05
5.30768e-05
5.29542e-05
5.28395e-05
5.27352e-05
5.26408e-05
5.25634e-05
5.25188e-05
5.24864e-05
5.24543e-05
5.24408e-05
5.24351e-05
5.2445e-05
5.25604e-05
5.27625e-05
5.29851e-05
5.31429e-05
5.32532e-05
5.3363e-05
5.35105e-05
5.35483e-05
5.3544e-05
5.35123e-05
5.34478e-05
5.33515e-05
5.32421e-05
5.31332e-05
5.3018e-05
5.29048e-05
5.27957e-05
5.26923e-05
5.25964e-05
5.25356e-05
5.2709e-05
5.30408e-05
5.34466e-05
5.37677e-05
5.39023e-05
5.39554e-05
5.39838e-05
5.4028e-05
5.40549e-05
5.40482e-05
5.39895e-05
5.39026e-05
5.37985e-05
5.36868e-05
5.35734e-05
5.34634e-05
5.33579e-05
5.32537e-05
5.31468e-05
5.3063e-05
5.29956e-05
5.2931e-05
5.28685e-05
5.28026e-05
5.27358e-05
5.26614e-05
5.25872e-05
5.25166e-05
5.24527e-05
5.23921e-05
5.23316e-05
5.22721e-05
5.2212e-05
5.21557e-05
5.21067e-05
5.22709e-05
5.28727e-05
5.36797e-05
5.44692e-05
5.49601e-05
5.52391e-05
5.5372e-05
5.54172e-05
5.5373e-05
5.52769e-05
5.51484e-05
5.49784e-05
5.47823e-05
5.45839e-05
5.43895e-05
5.42012e-05
5.40242e-05
5.38929e-05
5.41017e-05
5.44874e-05
5.49406e-05
5.5321e-05
5.56078e-05
5.58503e-05
5.60042e-05
5.6064e-05
5.6016e-05
5.59074e-05
5.57589e-05
5.55709e-05
5.53582e-05
5.51417e-05
5.49288e-05
5.47168e-05
9.10429e-05
0.000182111
0.000204512
0.000203926
0.000196064
0.000186287
0.000176394
0.000166962
0.000158154
0.00014999
0.000142441
0.000135466
0.000129019
0.000123068
0.000117588
0.000112551
0.00010791
0.000103634
9.9738e-05
9.61872e-05
9.29042e-05
8.98616e-05

