5e-05
5.02669e-05
5.04842e-05
5.06602e-05
5.08034e-05
5.09206e-05
5.10168e-05
5.10963e-05
5.11819e-05
5.13156e-05
5.14593e-05
5.15908e-05
5.17027e-05
5.17801e-05
5.18584e-05
5.19431e-05
5.20171e-05
5.20765e-05
5.21173e-05
5.21289e-05
5.21132e-05
5.20848e-05
6.53706e-05
0.000173712
0.000202213
0.000203657
0.000196437
0.000186832
0.000176953
0.000167473
0.000158602
0.000150374
0.000142768
0.000135742
0.000129251
0.00012326
0.000117734
0.000112635
0.000107931
0.00010359
9.95853e-05
9.58913e-05
9.24831e-05
8.93347e-05
8.64261e-05
8.37455e-05
8.12986e-05
7.90484e-05
7.69726e-05
7.50581e-05
7.32823e-05
7.16314e-05
7.00992e-05
6.86812e-05
6.73695e-05
6.6156e-05
6.50325e-05
6.39962e-05
6.30381e-05
6.21552e-05
6.13409e-05
6.05848e-05
5.98882e-05
5.9245e-05
5.86518e-05
5.81045e-05
5.75991e-05
5.71347e-05
5.67083e-05
5.63167e-05
5.59535e-05
5.56102e-05
5.52919e-05
5.50002e-05
5.47335e-05
5.44888e-05
5.42624e-05
5.40552e-05
5.38653e-05
5.36883e-05
5.35264e-05
5.33787e-05
5.32442e-05
5.31216e-05
5.30098e-05
5.65879e-05
0.000170297
0.000201423
0.000203766
0.000196834
0.0001873
0.000177418
0.000167921
0.000159027
0.000150774
0.000143141
0.000136093
0.000129587
0.000123581
0.000118039
0.000112925
0.000108206
0.000103849
9.98283e-05
9.61193e-05
0.000117307
0.000209835
0.000231257
0.000228995
0.00021933
0.000207799
0.000196257
0.000257897
0.000299636
0.000300377
0.000288066
0.000272226
0.000256064
0.000240617
0.000226178
0.000212788
0.000200405
0.000188964
0.000178395
0.000168637
0.000159629
0.000151314
0.000143639
0.000136554
0.000130029
0.000124279
0.000119284
0.000114839
0.000110755
0.000106995
0.000103343
9.97467e-05
9.63804e-05
9.32418e-05
9.03008e-05
8.75645e-05
8.50152e-05
8.26221e-05
8.03863e-05
7.83003e-05
7.63514e-05
0.000161455
0.000209949
0.00021743
0.00021148
0.000201542
0.000190826
0.000181081
0.000274275
0.000294274
0.000288383
0.000274563
0.000258931
0.000243524
0.000228962
0.0002154
0.000202839
0.000191231
0.00018051
0.000170606
0.000161458
0.000153015
0.00014522
0.000138026
0.000131386
0.000125254
0.000119593
0.000114366
0.000186762
0.000236553
0.000243012
0.000235438
0.000223795
0.000211444
0.000199479
0.000274915
0.000303794
0.000300266
0.000286612
0.00027043
0.000254257
0.000238902
0.000224584
0.000211312
0.000199038
0.00018772
0.000177285
0.000167652
0.000158758
0.000150544
0.000142957
0.000135948
0.000129476
0.000123499
0.000117976
0.000112875
0.000108166
0.000103816
9.98003e-05
9.60932e-05
9.26718e-05
8.95111e-05
8.65911e-05
8.38953e-05
8.14093e-05
7.91168e-05
7.70007e-05
7.5047e-05
7.32455e-05
7.15836e-05
7.00476e-05
6.86308e-05
6.73208e-05
6.61129e-05
6.49993e-05
6.39692e-05
0.000102549
0.000189319
0.000209943
0.000208498
0.000200121
0.000189966
0.000179759
0.000170053
0.000160988
0.000152585
0.000144819
0.000137649
0.000131031
0.000124923
0.000119283
0.000114077
0.00010927
0.000104834
0.000100759
9.70147e-05
9.35584e-05
9.03692e-05
8.74219e-05
8.46964e-05
8.21794e-05
7.98549e-05
7.77079e-05
7.57198e-05
7.38806e-05

