5e-05
5.02631e-05
5.04691e-05
5.06301e-05
5.07572e-05
5.08582e-05
5.09394e-05
5.10052e-05
5.10589e-05
5.11033e-05
5.11402e-05
5.11713e-05
5.11975e-05
5.12149e-05
5.12343e-05
5.12745e-05
5.13193e-05
5.13623e-05
5.1401e-05
5.1433e-05
5.14436e-05
5.14456e-05
5.14465e-05
5.14447e-05
5.14424e-05
5.14388e-05
5.14363e-05
5.14352e-05
5.14341e-05
5.14256e-05
5.14593e-05
5.1816e-05
5.24819e-05
5.33357e-05
5.42957e-05
5.53171e-05
5.6388e-05
5.75494e-05
5.92346e-05
0.000224495
0.000271506
0.000256583
0.000240874
0.000226277
0.000212788
0.000200332
0.00018883
0.000178209
0.000168401
0.000159345
0.000150984
0.000143265
0.000136138
0.000129559
0.000123485
0.000117878
0.000112701
0.000107922
0.00010351
9.94371e-05
0.000200587
0.00024261
0.000246275
0.000237571
0.000225374
0.000212684
0.000200476
0.000189036
0.000178418
0.000168596
0.000159522
0.000151144
0.000143408
0.000136267
0.000129676
0.000123591
0.000137312
0.000234256
0.000255826
0.000252326
0.000241039
0.000227847
0.000214716
0.000202266
0.000190661
0.000179909
0.000274378
0.00029816
0.000293228
0.000279424
0.000263499
0.000247702
0.000232743
0.000218804
0.000205893
0.000193958
0.000182937
0.00017276
0.000163366
0.000154694
0.000146689
0.000139299
0.000132478
0.000126181
0.000120369
0.000115003
0.000110051
0.000105479
0.00010126
9.73644e-05
9.37687e-05
9.04495e-05
8.73858e-05
8.45577e-05
8.19473e-05
7.95376e-05
7.73134e-05
7.52602e-05
7.33652e-05
7.16159e-05
7.00013e-05
6.85109e-05
6.71353e-05
6.58655e-05
6.46935e-05
6.36118e-05
6.26134e-05
6.1692e-05
6.08415e-05
6.00566e-05
5.93323e-05
5.86638e-05
5.8047e-05
5.74778e-05
5.69525e-05
5.64678e-05
5.60256e-05
5.56259e-05
5.5257e-05
6.1524e-05
0.000175304
0.000205818
0.0002077
0.000200384
0.000190514
0.000180445
0.00017089
0.00016194
0.000153578
0.0001458
0.000138577
0.00013188
0.000125679
0.000119943
0.000114654
0.000109769
0.000105255
0.000101082
9.72247e-05
9.36607e-05
9.03685e-05
8.73277e-05
8.45194e-05
8.1926e-05
7.95308e-05
7.73194e-05
7.52777e-05
7.33929e-05
7.1653e-05
7.00469e-05
6.85643e-05
6.71956e-05
6.59318e-05
6.47652e-05
6.36886e-05
6.26946e-05
6.17771e-05
6.09302e-05
6.01485e-05
5.94273e-05
5.87618e-05
5.81476e-05
5.75809e-05
5.70582e-05
5.65757e-05
5.61304e-05
5.57195e-05
5.53403e-05
5.49905e-05
5.46679e-05
5.437e-05
5.40953e-05
5.38416e-05
5.36077e-05
5.33921e-05
5.31934e-05
5.30102e-05
5.28416e-05
5.26978e-05
5.25725e-05
5.24573e-05
5.23493e-05
5.22461e-05
5.21486e-05
5.20568e-05
5.19704e-05
5.18889e-05
5.18116e-05
5.17389e-05
5.16714e-05
5.1609e-05
5.15511e-05
5.14973e-05
5.14477e-05
5.14021e-05
5.136e-05
5.13209e-05
5.12852e-05
5.12524e-05
5.12225e-05
5.11951e-05
5.11701e-05
5.11473e-05
5.11261e-05
5.11064e-05
5.10884e-05
5.10722e-05
5.10575e-05
5.10436e-05
5.10309e-05
5.10196e-05
5.10094e-05
5.10003e-05
5.09918e-05
5.09839e-05
5.09769e-05
5.09708e-05
5.09655e-05
5.09602e-05
5.09552e-05
5.09492e-05
5.09428e-05
5.09369e-05
5.09321e-05
5.09285e-05
5.09259e-05
5.09242e-05
5.09232e-05
5.09221e-05
5.09216e-05

