5e-05
5.02669e-05
5.04842e-05
5.06602e-05
5.08034e-05
5.09206e-05
5.10168e-05
5.10963e-05
5.11818e-05
5.12786e-05
5.13907e-05
5.15194e-05
5.16366e-05
5.1708e-05
5.17481e-05
5.17782e-05
5.17988e-05
5.1808e-05
5.18126e-05
5.18076e-05
5.17799e-05
5.17477e-05
5.5772e-05
0.000170727
0.000202169
0.00020453
0.000197546
0.00018795
0.000178012
0.000168458
0.000159508
0.000151205
0.000143528
0.000136438
0.000129889
0.000123843
0.000118265
0.00011312
0.000108373
0.000103993
9.9953e-05
9.62268e-05
9.27902e-05
8.96205e-05
8.6697e-05
8.39973e-05
8.1503e-05
7.92047e-05
7.71074e-05
7.51767e-05
7.33881e-05
7.17342e-05
7.01961e-05
6.87644e-05
6.7436e-05
6.62111e-05
6.50818e-05
6.40391e-05
6.30787e-05
6.21944e-05
6.13735e-05
6.06147e-05
5.99136e-05
5.92687e-05
5.86757e-05
5.81274e-05
5.76149e-05
5.71385e-05
5.66966e-05
5.62876e-05
5.59129e-05
5.55702e-05
5.52562e-05
5.49634e-05
5.46886e-05
5.44371e-05
5.42058e-05
5.39906e-05
5.37921e-05
5.36116e-05
5.34479e-05
5.3296e-05
5.31545e-05
5.30235e-05
5.29047e-05
5.27977e-05
5.27015e-05
5.26152e-05
5.25377e-05
5.24668e-05
5.23996e-05
5.23381e-05
5.2279e-05
5.22191e-05
5.21643e-05
5.21158e-05
5.20712e-05
5.20282e-05
5.1988e-05
5.1953e-05
5.19222e-05
5.18923e-05
5.18663e-05
5.18526e-05
5.18678e-05
5.1887e-05
5.19002e-05
5.19097e-05
5.19181e-05
5.19248e-05
5.19295e-05
5.19323e-05
5.19318e-05
5.19248e-05
5.19169e-05
5.19088e-05
5.18964e-05
5.18833e-05
5.18713e-05
5.18604e-05
5.18492e-05
5.18354e-05
5.18199e-05
5.18032e-05
5.17857e-05
5.17708e-05
5.17767e-05
0.000148327
0.000195457
0.000203191
0.000198018
0.000189002
0.00017922
0.000169698
0.000160774
0.000152506
0.000144934
0.000137975
0.000131536
0.000125594
0.000120133
0.000115067
0.000110349
0.000106382
0.000213479
0.000316578
0.00030397
0.000285099
0.000267244
0.000250662
0.000235329
0.000221166
0.000208103
0.000196046
0.000184918
0.000174645
0.000165171
0.000156424
0.00014835
0.000140897
0.000134021
0.00012767
0.000121803
0.000116387
0.000111384
0.000106765
0.000102523
9.8619e-05
9.50096e-05
9.16731e-05
8.85894e-05
8.57399e-05
8.31081e-05
8.06762e-05
7.84307e-05
7.63521e-05
7.44292e-05
7.26554e-05
7.10207e-05
6.95143e-05
6.81261e-05
6.68468e-05
6.56677e-05
6.45809e-05
6.35774e-05
6.26496e-05
6.17954e-05
6.10316e-05
6.0338e-05
5.96958e-05
5.90965e-05
5.85379e-05
5.80163e-05
5.75302e-05
5.70753e-05
5.66493e-05
5.62559e-05
5.58933e-05
5.5559e-05
5.52459e-05
5.49475e-05
5.46699e-05
5.44142e-05
5.41801e-05
5.39662e-05
5.37707e-05
5.35909e-05
5.34245e-05
5.32709e-05
5.3129e-05
5.3002e-05
5.29009e-05
5.28107e-05
5.27269e-05
5.26402e-05
5.25598e-05
5.24858e-05
5.2415e-05
5.2347e-05
5.22834e-05
5.22236e-05
5.21672e-05
5.21137e-05
5.20606e-05
5.20114e-05
5.19805e-05
5.1967e-05
5.19559e-05
5.19407e-05
5.19195e-05
5.18975e-05
5.18773e-05
5.18589e-05
5.1842e-05
5.18264e-05
5.18119e-05
5.17984e-05
5.17873e-05
5.18008e-05
5.18353e-05
5.18793e-05
5.1905e-05
5.1917e-05
5.19137e-05
5.1908e-05
5.19228e-05
5.19556e-05
5.19789e-05
5.19919e-05
5.20007e-05

