5e-05
5.02631e-05
5.04691e-05
5.06301e-05
5.07572e-05
5.08582e-05
5.09394e-05
5.10052e-05
5.10589e-05
5.11033e-05
5.11402e-05
5.11715e-05
5.12223e-05
5.13068e-05
5.13976e-05
5.14821e-05
5.15549e-05
5.16144e-05
5.16609e-05
5.17036e-05
5.17491e-05
5.17838e-05
5.18099e-05
5.18244e-05
5.18331e-05
5.18369e-05
5.18366e-05
5.1833e-05
5.18251e-05
5.18029e-05
5.17735e-05
5.17461e-05
5.17217e-05
5.17003e-05
5.16816e-05
5.16656e-05
5.16518e-05
5.16388e-05
5.16253e-05
5.16137e-05
5.16115e-05
5.18539e-05
5.23765e-05
5.3026e-05
5.36887e-05
5.43402e-05
5.50473e-05
5.56585e-05
5.60879e-05
5.63159e-05
5.63653e-05
9.86525e-05
0.000183308
0.000203787
0.000202692
0.000194749
0.000185016
0.000175196
0.000165842
0.000157105
0.000149003
0.00014151
0.000134587
0.000128194
0.000122291
0.000116838
0.000111798
0.000107146
0.000102866
9.89351e-05
9.53146e-05
9.19762e-05
8.88939e-05
8.60446e-05
8.34132e-05
8.0982e-05
7.87335e-05
7.66567e-05
7.47347e-05
7.29744e-05
7.13695e-05
6.98876e-05
6.85197e-05
6.72513e-05
6.60748e-05
0.000162453
0.000206177
0.000212283
0.000206126
0.000196381
0.000185989
0.000175913
0.000166447
0.000157649
0.000149505
0.00014198
0.000135029
0.00012861
0.000122685
0.000117215
0.000112167
0.000131221
0.000220855
0.00024083
0.000237649
0.000227274
0.000215131
0.000203036
0.000191565
0.00018087
0.00017096
0.000161797
0.000153334
0.000145513
0.000138288
0.000131619
0.000125462
0.000119779
0.000114533
0.000109691
0.000105217
0.000101087
9.73302e-05
9.44065e-05
0.000194796
0.000221994
0.000222882
0.000215785
0.000340408
0.00040666
0.000382999
0.000357691
0.000334146
0.000312369
0.000292251
0.000273673
0.000256521
0.000240685
0.000226067
0.000212573
0.000200115
0.000188615
0.000177999
0.000168199
0.000159152
0.000150803
0.000143102
0.000135994
0.000129431
0.000123371
0.000117774
0.000112614
0.000107902
0.00010362
9.9656e-05
9.59762e-05
9.25575e-05
8.9376e-05
8.6421e-05
8.36824e-05
8.11471e-05
7.88021e-05
7.66343e-05
7.46312e-05
7.2781e-05
7.10721e-05
6.94941e-05
0.000144302
0.000208434
0.000220847
0.000216203
0.000206374
0.000195394
0.000184601
0.000174413
0.000164931
0.000156151
0.000148037
0.000140544
0.000133625
0.000127239
0.000121343
0.0001159
0.000110876
0.000106238
0.000101957
9.80056e-05
9.4358e-05
9.09911e-05
8.78832e-05
8.50145e-05
8.23664e-05
7.99219e-05
7.76653e-05
7.55823e-05
7.36595e-05
7.18847e-05
7.02467e-05
6.87346e-05
6.73389e-05
6.60505e-05
6.48613e-05
6.37637e-05
6.27505e-05
6.18154e-05
6.09524e-05
6.01563e-05
5.94214e-05
5.87433e-05
5.81641e-05
5.77206e-05
5.73169e-05
5.69167e-05
5.65159e-05
5.61209e-05
5.57372e-05
5.53707e-05
5.98017e-05
0.000174824
0.000206004
0.000208094
0.000200825
0.000190945
0.000180733
0.00017093
0.000161751
0.000153233
0.000145354
0.000138077
0.000131356
0.000125152
0.000119425
0.000114146
0.000109279
0.000104786
0.000100636
9.68039e-05
9.32644e-05
8.99957e-05
8.69769e-05
8.41893e-05
8.16153e-05
7.92387e-05
7.70445e-05
7.50188e-05
7.31488e-05
7.14226e-05
6.98291e-05
6.83581e-05
6.70003e-05

