5e-05
5.02631e-05
5.04691e-05
5.06301e-05
5.07572e-05
5.08582e-05
5.09394e-05
5.10093e-05
5.10945e-05
5.12192e-05
5.13914e-05
5.15577e-05
5.1698e-05
5.18291e-05
5.19884e-05
5.21653e-05
5.23197e-05
5.24384e-05
5.25182e-05
5.25351e-05
5.24965e-05
5.24447e-05
5.23819e-05
5.23021e-05
5.2373e-05
5.26361e-05
5.29786e-05
7.8961e-05
0.000173601
0.000197948
0.000198446
0.000191385
0.000182254
0.000172877
0.000163872
0.000155423
0.000147563
0.000140274
0.000133526
0.000127282
0.000121509
0.00011617
0.000111231
0.000106664
0.000102438
9.85424e-05
9.4972e-05
9.16858e-05
8.89299e-05
8.69125e-05
8.53193e-05
8.38037e-05
8.20529e-05
8.01816e-05
7.83375e-05
7.654e-05
7.47945e-05
7.31365e-05
7.15741e-05
7.00971e-05
6.8687e-05
6.73655e-05
6.61414e-05
6.50093e-05
6.39626e-05
6.29933e-05
6.20989e-05
6.12713e-05
6.05051e-05
5.97956e-05
5.91427e-05
5.85437e-05
5.79942e-05
5.74876e-05
5.70216e-05
5.65925e-05
5.61993e-05
5.58369e-05
5.54985e-05
5.51828e-05
5.48903e-05
5.46192e-05
5.43656e-05
5.41309e-05
5.39136e-05
5.37153e-05
5.35335e-05
5.33659e-05
5.32106e-05
5.30663e-05
5.80104e-05
0.000171734
0.000202553
0.000204714
0.000197662
0.000188042
0.000178109
0.000168592
0.000159687
0.000151426
0.000143786
0.000136726
0.000130197
0.000124165
0.000118594
0.000113452
0.000108723
0.000104361
0.000100326
9.65925e-05
9.31457e-05
8.99632e-05
8.70233e-05
8.43016e-05
8.17867e-05
7.9462e-05
7.73132e-05
7.53225e-05
7.34836e-05
7.17876e-05
7.02235e-05
6.8779e-05
6.74421e-05
6.62018e-05
6.50572e-05
6.40012e-05
6.30277e-05
6.21315e-05
6.13038e-05
6.05411e-05
5.98392e-05
5.9191e-05
5.85929e-05
5.80428e-05
5.75566e-05
5.71358e-05
5.67755e-05
5.64508e-05
5.61372e-05
5.58625e-05
5.56079e-05
5.53765e-05
5.51897e-05
5.50195e-05
5.48535e-05
5.46857e-05
5.44936e-05
5.43509e-05
5.42331e-05
5.40862e-05
5.39277e-05
5.37705e-05
5.3626e-05
5.35004e-05
5.33809e-05
5.32615e-05
5.31369e-05
5.30203e-05
5.29054e-05
5.27911e-05
5.26824e-05
5.25809e-05
5.24877e-05
5.24028e-05
5.23338e-05
5.22756e-05
5.22247e-05
5.21804e-05
5.21345e-05
5.20883e-05
5.20439e-05
5.20011e-05
5.19619e-05
5.1935e-05
5.19306e-05
5.19265e-05
5.19214e-05
5.1917e-05
5.19041e-05
5.18893e-05
5.18696e-05
5.18464e-05
5.18223e-05
5.17993e-05
5.17729e-05
5.17462e-05
5.17226e-05
5.17024e-05
5.16853e-05
5.16709e-05
5.16588e-05
5.16487e-05
5.16395e-05
5.16254e-05
5.16088e-05
5.15946e-05
5.15831e-05
5.1573e-05
5.15623e-05
5.15529e-05
5.15428e-05
5.15345e-05
5.15254e-05
5.15175e-05
5.15073e-05
5.14967e-05
5.14842e-05
5.14723e-05
5.14611e-05
5.14505e-05
5.14415e-05
5.14329e-05
5.14268e-05
5.14229e-05
5.14185e-05
5.14161e-05
5.14172e-05
5.14375e-05
5.14615e-05
5.14863e-05
5.15043e-05
5.15148e-05
5.15152e-05
5.15133e-05
5.15121e-05
5.15115e-05
5.15083e-05
5.15024e-05
5.14973e-05
5.14925e-05
5.14847e-05
5.14745e-05
5.14657e-05
5.14551e-05
5.14431e-05
5.14337e-05
0.00014878
0.000196821
0.000204751
0.000199522
0.000190393
0.000180502
0.000170872
0.000161831
0.000153431
0.000145658
0.00013847
0.000131819
0.000125674
0.000119996

