5e-05
5.02631e-05
5.04691e-05
5.06301e-05
5.07572e-05
5.08582e-05
5.09394e-05
5.10052e-05
5.10589e-05
5.11033e-05
5.11402e-05
5.11713e-05
5.11975e-05
5.12168e-05
5.12333e-05
5.12481e-05
5.12618e-05
5.12746e-05
5.12867e-05
5.12984e-05
5.13096e-05
5.13178e-05
5.13244e-05
5.1326e-05
5.13246e-05
5.13248e-05
5.13267e-05
5.13387e-05
5.13683e-05
5.13791e-05
5.14259e-05
5.17395e-05
5.22307e-05
5.27728e-05
5.32199e-05
5.35722e-05
5.38229e-05
5.39758e-05
5.40372e-05
5.4021e-05
5.39644e-05
5.38815e-05
5.3782e-05
5.36659e-05
5.35369e-05
5.34092e-05
5.32835e-05
5.31605e-05
5.30408e-05
5.29276e-05
5.28225e-05
5.27241e-05
5.26195e-05
5.25158e-05
5.24209e-05
5.23341e-05
5.22566e-05
5.22088e-05
5.2172e-05
0.000154851
0.000197701
0.000203957
0.000198265
0.000189065
0.000179211
0.000169646
0.000188701
0.000268156
0.000282472
0.000275374
0.000261829
0.000246917
0.000232326
0.000218573
0.000288594
0.000319011
0.00031518
0.000300665
0.000283487
0.000266331
0.000250062
0.000234908
0.000220872
0.000207899
0.000195916
0.000184851
0.000174633
0.000165197
0.000156484
0.000148437
0.000141002
0.000134136
0.000127797
0.000220045
0.000251846
0.000251861
0.000241765
0.000228964
0.000215948
0.000203521
0.000191906
0.000181133
0.00017117
0.000161968
0.00015347
0.000145625
0.000138382
0.000131692
0.000220553
0.000254724
0.000255314
0.000245216
0.000232236
0.000218996
0.000206348
0.000194543
0.000183601
0.000173484
0.000164134
0.0001555
0.000147528
0.000140167
0.000196562
0.000252625
0.000260313
0.000252236
0.000239551
0.00022604
0.000212947
0.000200648
0.000189222
0.000178649
0.000168879
0.000159855
0.000151525
0.000143835
0.000136737
0.000130188
0.000124158
0.000118598
0.000113466
0.000108725
0.000104345
0.000100301
9.65667e-05
9.46856e-05
0.000200945
0.000228558
0.000228408
0.000219444
0.000208133
0.000196646
0.000185702
0.000175479
0.000165999
0.000157414
0.000149851
0.00014302
0.00013663
0.000130671
0.000125049
0.000119743
0.000114765
0.000110103
0.000105726
0.000101646
9.78514e-05
9.43306e-05
9.10636e-05
8.80337e-05
8.52311e-05
8.26392e-05
8.02456e-05
7.80357e-05
7.59917e-05
7.41004e-05
7.23542e-05
7.07414e-05
6.92541e-05
6.78832e-05
6.66194e-05
6.54515e-05
6.43743e-05
6.33759e-05
6.24525e-05
6.16013e-05
6.08162e-05
6.00915e-05
5.94218e-05
5.8805e-05
5.82378e-05
5.77162e-05
5.72365e-05
5.67952e-05
5.63863e-05
5.60058e-05
5.56556e-05
5.53341e-05
5.50595e-05
5.4823e-05
5.46046e-05
5.4401e-05
5.42063e-05
5.40227e-05
5.38469e-05
5.36827e-05
5.3529e-05
5.33824e-05
5.32422e-05
5.31117e-05
5.29912e-05
5.28801e-05
5.2776e-05
0.000117877
0.000188893
0.000204529
0.000201772
0.000193318
0.000183497
0.00017374
0.000164494
0.000155877
0.000147892
0.000140504
0.000133679
0.000127375
0.000121552
0.000116171
0.000111197
0.000106602
0.00010236
9.84692e-05
0.000162748
0.000218809
0.000228474
0.000222971
0.000212881
0.000201779
0.00019086
0.000180503
0.000170777
0.000161721
0.000153327
0.000145552
0.000138565
0.00013248
0.000127002
0.000121853
0.000116993
0.000112388

