5e-05
5.02631e-05
5.04691e-05
5.06301e-05
5.07572e-05
5.08582e-05
5.09394e-05
5.10052e-05
5.10606e-05
5.11494e-05
5.12672e-05
5.13805e-05
5.14798e-05
5.15841e-05
5.16736e-05
5.17483e-05
5.18074e-05
5.18513e-05
5.18815e-05
5.18989e-05
5.18958e-05
5.18806e-05
5.18617e-05
5.18345e-05
5.18083e-05
5.19936e-05
5.24393e-05
5.29929e-05
5.35348e-05
0.000160091
0.000195681
0.000199919
0.000193889
0.000184868
0.000175327
0.000166088
0.0001574
0.00014932
0.000141839
0.000134922
0.000128531
0.000122629
0.000117175
0.000112137
0.000107485
0.000103189
9.92201e-05
9.55542e-05
9.21862e-05
8.90916e-05
8.6237e-05
8.35942e-05
8.11437e-05
7.88708e-05
7.67724e-05
7.48363e-05
7.30473e-05
7.13953e-05
6.98712e-05
6.84654e-05
6.71805e-05
6.60082e-05
6.49319e-05
6.3968e-05
6.34619e-05
6.34663e-05
6.39774e-05
0.000126824
0.000272381
0.000266407
0.000250192
0.000234912
0.000220765
0.000207691
0.000195617
0.000184468
0.000174174
0.000164671
0.000155899
0.0001478
0.000140324
0.000133423
0.000127052
0.000121171
0.000115742
0.000110729
0.000106102
0.000101831
0.000191487
0.000241459
0.00024771
0.000239756
0.000227687
0.000214921
0.000202576
0.000190988
0.000180232
0.000170283
0.000161089
0.000152598
0.000144757
0.000137517
0.000130833
0.000124662
0.000213007
0.000254475
0.000257376
0.000247879
0.000234918
0.000221508
0.000208629
0.000196568
0.000185375
0.000175022
0.000165465
0.000156657
0.000148629
0.000141283
0.000134473
0.000128146
0.000122284
0.000116855
0.000111823
0.000107159
0.000149646
0.000226278
0.000241854
0.000237184
0.0002263
0.000213986
0.000201838
0.000190354
0.00017966
0.000169761
0.000160636
0.000152236
0.000144483
0.000137318
0.000130709
0.000124611
0.000118979
0.000113767
0.000108945
0.000104486
0.000100366
9.65818e-05
9.31006e-05
8.9893e-05
8.69216e-05
8.4165e-05
8.16124e-05
7.92497e-05
7.70639e-05
7.50428e-05
7.31749e-05
7.14489e-05
6.98545e-05
6.83819e-05
6.7022e-05
6.57664e-05
6.46071e-05
6.35369e-05
6.25488e-05
6.16367e-05
6.07948e-05
6.00176e-05
5.93003e-05
5.86382e-05
5.80272e-05
5.74632e-05
5.69427e-05
5.64623e-05
5.60191e-05
5.56099e-05
5.52324e-05
5.48842e-05
5.45723e-05
5.42899e-05
5.40291e-05
5.37867e-05
5.35602e-05
5.3349e-05
5.31527e-05
5.297e-05
5.28004e-05
5.26431e-05
5.24973e-05
5.23625e-05
5.22378e-05
5.21226e-05
5.20162e-05
5.19181e-05
5.18274e-05
5.17436e-05
5.16662e-05
5.15948e-05
5.1529e-05
5.14686e-05
5.1423e-05
5.13878e-05
5.13556e-05
5.13236e-05
5.12918e-05
5.126e-05
5.12288e-05
5.11987e-05
8.94301e-05
0.000182327
0.000205212
0.000204697
0.000196773
0.000186894
0.000176892
0.000167356
0.000158448
0.000150189
0.000142552
0.000135499
0.000128987
0.000122975
0.000117424
0.000112301
0.000107571
0.000103205
9.91751e-05
9.54548e-05
9.2021e-05
8.88515e-05
8.59257e-05
8.3225e-05
8.07323e-05
7.84313e-05
7.63077e-05
7.43477e-05
7.25388e-05
7.08693e-05
0.000153883
0.000209236
0.000218828
0.000213402
0.000203481
0.000192631
0.000182034
0.00017205
0.000162766
0.000154172
0.000146231
0.000138898
0.000132128
0.000125879

