5e-05
5.02669e-05
5.04842e-05
5.06602e-05
5.08034e-05
5.09206e-05
5.10168e-05
5.10963e-05
5.12001e-05
5.13961e-05
5.16103e-05
5.18076e-05
5.1974e-05
5.21083e-05
5.22106e-05
5.23306e-05
5.24618e-05
5.2574e-05
5.26589e-05
5.27008e-05
5.26726e-05
5.26146e-05
5.25476e-05
5.24685e-05
5.23939e-05
5.2326e-05
5.22648e-05
5.22099e-05
5.2158e-05
5.20976e-05
5.20625e-05
5.2076e-05
5.2114e-05
5.21502e-05
5.21828e-05
5.2203e-05
5.22157e-05
5.22236e-05
5.22242e-05
5.22166e-05
5.22064e-05
5.21945e-05
5.21812e-05
5.21671e-05
5.21499e-05
5.21284e-05
5.21074e-05
5.20902e-05
5.2113e-05
5.21712e-05
5.22026e-05
5.22126e-05
5.22293e-05
5.2289e-05
5.23688e-05
5.24331e-05
5.24762e-05
5.25041e-05
5.25144e-05
5.25126e-05
0.000130883
0.000191631
0.000203885
0.000200112
0.000191434
0.000181631
0.000171961
0.000162821
0.000154306
0.000146418
0.00013913
0.000132398
0.000126184
0.000120447
0.000115153
0.000110264
0.000105748
0.00010158
9.77359e-05
9.41864e-05
9.09112e-05
0.000117522
0.000207562
0.000228315
0.000225988
0.000216445
0.000205095
0.00019374
0.000182954
0.000172896
0.000163576
0.000154959
0.000147
0.000139651
0.000132867
0.000126606
0.000120827
0.000115497
0.000110577
0.000106036
0.000101848
9.79841e-05
9.44199e-05
9.11406e-05
8.81425e-05
8.53858e-05
8.28443e-05
8.04918e-05
7.83077e-05
7.62829e-05
7.44058e-05
7.26714e-05
7.10668e-05
6.95865e-05
6.82488e-05
6.70219e-05
6.5888e-05
6.48408e-05
6.38722e-05
6.29752e-05
6.21427e-05
6.13642e-05
6.06371e-05
5.99705e-05
5.93722e-05
5.88112e-05
5.82899e-05
5.77987e-05
5.73384e-05
5.69302e-05
5.68755e-05
5.72199e-05
5.79053e-05
6.38818e-05
0.000245029
0.000265075
0.000250144
0.000235012
0.000220914
0.000207864
0.000195806
0.00018467
0.000174389
0.000164898
0.000156137
0.000148052
0.00014059
0.000133714
0.000127375
0.000121528
0.000116131
0.000111144
0.000106537
0.000102285
0.000100022
0.000212413
0.000241426
0.000241047
0.00023135
0.000219188
0.000206874
0.000195135
0.000184168
0.000173999
0.0001646
0.00015593
0.000147925
0.000140537
0.000133706
0.000127397
0.000121566
0.000116182
0.00011121
0.00010662
0.000102381
9.84682e-05
9.48573e-05
9.1525e-05
8.84498e-05
8.56117e-05
8.29906e-05
8.05682e-05
7.83303e-05
7.62653e-05
7.43599e-05
7.25981e-05
7.09655e-05
6.94566e-05
6.80842e-05
6.68268e-05
6.5812e-05
6.52702e-05
6.49591e-05
6.47109e-05
6.43535e-05
6.38969e-05
6.33476e-05
6.27579e-05
6.21232e-05
6.14827e-05
6.08481e-05
6.02132e-05
5.96029e-05
0.000139742
0.000197534
0.000208571
0.00020417
0.000195078
0.00018495
0.000175005
0.000165617
0.000156877
0.000148785
0.000141309
0.000134423
0.000128075
0.000122219
0.000221144
0.000250137
0.000249345
0.000239131
0.000226436
0.000213588
0.000201335
0.000189891
0.000179282
0.000169473
0.000160414
0.000152046
0.000144314
0.000137175
0.000130586
0.000124513
0.000118926
0.000113775
0.00010902
0.000104623
0.000100553
9.67874e-05
9.33088e-05
9.00957e-05
8.71302e-05
8.4416e-05
8.19241e-05
7.96225e-05
7.75252e-05
7.56038e-05
7.3824e-05
7.21646e-05
7.08671e-05

