5e-05
5.02669e-05
5.04842e-05
5.06602e-05
5.09083e-05
5.16585e-05
5.3162e-05
0.000220147
0.000275599
0.000262127
0.000246234
0.000231327
0.000217556
0.000204875
0.000193159
0.000182361
0.000172388
0.000163167
0.00015464
0.000146755
0.000139452
0.000132696
0.000126451
0.000220871
0.000261445
0.000263727
0.000253736
0.000240355
0.000226575
0.000213362
0.000200996
0.000189525
0.000178917
0.000169118
0.00016007
0.00015172
0.000144012
0.000136899
0.000130334
0.000124275
0.000118683
0.000113521
0.000108757
0.00010436
0.000100298
9.65478e-05
9.3087e-05
8.98928e-05
8.69447e-05
8.42226e-05
8.16992e-05
7.93647e-05
7.7211e-05
7.52247e-05
7.33909e-05
7.16989e-05
7.01388e-05
6.87003e-05
6.73713e-05
6.61425e-05
6.49981e-05
6.39345e-05
6.29543e-05
6.20525e-05
6.12212e-05
6.0456e-05
5.97524e-05
5.91026e-05
5.85029e-05
5.79516e-05
5.74434e-05
5.69753e-05
5.65453e-05
5.61505e-05
5.57867e-05
5.54505e-05
5.51835e-05
5.52134e-05
5.54288e-05
5.56613e-05
5.58618e-05
5.59846e-05
5.59353e-05
0.00013738
0.000192931
0.000203606
0.000199399
0.000190645
0.000180879
0.000171279
0.000162209
0.000153751
0.000146023
0.000139188
0.000132954
0.000127177
0.000121785
0.000116746
0.000111983
0.000107527
0.000103371
9.95313e-05
9.59882e-05
9.27025e-05
8.9652e-05
8.6818e-05
8.41783e-05
8.17292e-05
7.94563e-05
7.7347e-05
7.53869e-05
7.35704e-05
7.18897e-05
7.03351e-05
6.88985e-05
6.75663e-05
6.63337e-05
6.51924e-05
6.41359e-05
6.31626e-05
6.22665e-05
6.14415e-05
6.06781e-05
5.99678e-05
5.93105e-05
5.87006e-05
5.81474e-05
5.76595e-05
5.72125e-05
5.67989e-05
5.64191e-05
5.60696e-05
0.000168495
0.000202201
0.000205336
0.000198588
0.000189032
0.000179067
0.000210608
0.000277818
0.000287701
0.000278967
0.000264771
0.000249551
0.00023477
0.000220899
0.000208012
0.000196077
0.000185039
0.000174823
0.000165375
0.000156634
0.000148561
0.000141097
0.000134205
0.000127843
0.000219814
0.000252873
0.000253207
0.000243137
0.000230269
0.000217162
0.000204643
0.000284294
0.000309609
0.000304625
0.00029027
0.000273667
0.000257186
0.000241576
0.000227028
0.000213555
0.000201099
0.000189591
0.000178966
0.00016916
0.000160111
0.000151759
0.000144053
0.000136941
0.000130372
0.000124308
0.000118712
0.000113547
0.000108778
0.000104376
0.000100315
9.6566e-05
9.31038e-05
8.99093e-05
8.69602e-05
8.42335e-05
8.17166e-05
7.93905e-05
7.72393e-05
7.52543e-05
7.34214e-05
7.17312e-05
7.01676e-05
6.87203e-05
6.73857e-05
6.61562e-05
6.50211e-05
6.39753e-05
6.30124e-05
6.21258e-05
6.13066e-05
6.05453e-05
5.98416e-05
5.91932e-05
5.85971e-05
5.80492e-05
5.75449e-05
5.7078e-05
5.66453e-05
5.62445e-05
5.58738e-05
5.55323e-05
5.52192e-05
5.49324e-05
5.46696e-05
5.4423e-05
5.41918e-05
5.39774e-05
5.37776e-05
5.35928e-05
5.34242e-05
5.3271e-05
5.31316e-05
5.30021e-05
5.28875e-05
5.297e-05
5.32751e-05
5.37471e-05
5.4324e-05
5.49188e-05
5.54167e-05
5.56951e-05
5.58141e-05
5.57747e-05
5.56542e-05
5.54938e-05
5.53146e-05
5.51246e-05
5.49209e-05
5.47124e-05
5.45334e-05
5.44309e-05
5.43529e-05
5.42663e-05

