5e-05
5.02631e-05
5.04691e-05
5.06301e-05
5.07572e-05
5.08582e-05
5.09394e-05
5.10052e-05
5.10761e-05
5.1157e-05
5.12311e-05
5.12951e-05
5.13562e-05
5.14249e-05
5.15046e-05
5.16016e-05
5.16913e-05
5.17665e-05
5.18252e-05
5.18553e-05
0.000141661
0.000194024
0.000203506
0.000198878
0.00018998
0.000180169
0.000170564
0.000161509
0.000153086
0.000145282
0.000138067
0.000131406
0.000125257
0.000119578
0.00011433
0.000109484
0.000105013
0.000140613
0.000221578
0.000238694
0.000234678
0.00022416
0.000212109
0.000200181
0.00018891
0.000178432
0.000168728
0.000159758
0.000151502
0.000143886
0.000136847
0.000130336
0.000124302
0.00011872
0.000113565
0.000108802
0.000104425
0.000100401
9.67153e-05
9.33203e-05
9.01634e-05
8.72393e-05
8.45366e-05
8.2038e-05
7.97276e-05
7.75881e-05
7.56029e-05
7.37888e-05
7.21164e-05
7.05738e-05
6.91493e-05
6.78314e-05
6.66067e-05
6.54728e-05
6.44236e-05
6.34529e-05
6.2555e-05
6.17221e-05
6.09489e-05
6.02341e-05
5.95708e-05
5.89532e-05
5.83804e-05
5.78502e-05
5.73574e-05
5.69003e-05
5.64771e-05
5.60875e-05
5.57289e-05
5.53971e-05
5.50925e-05
5.48129e-05
5.45528e-05
5.4309e-05
5.40935e-05
5.39138e-05
5.37529e-05
5.36046e-05
5.34687e-05
5.33421e-05
5.32205e-05
5.31068e-05
5.29991e-05
5.28916e-05
5.27892e-05
5.2692e-05
5.25994e-05
5.25139e-05
5.24342e-05
5.23596e-05
5.22919e-05
5.22306e-05
5.21742e-05
5.21233e-05
5.21218e-05
5.21566e-05
5.21989e-05
5.22373e-05
5.22667e-05
5.22852e-05
5.22931e-05
5.22923e-05
5.23194e-05
5.2397e-05
5.24666e-05
5.24946e-05
5.25024e-05
5.24786e-05
5.24448e-05
5.24209e-05
5.26993e-05
5.328e-05
0.000106436
0.000179972
0.000197406
0.000195855
0.000188269
0.000179151
0.000169932
0.000161085
0.000152784
0.000145074
0.000137935
0.00013134
0.000125293
0.000156465
0.000322805
0.000324822
0.000304705
0.00028529
0.000267293
0.000250655
0.000235289
0.000221106
0.000208012
0.000195921
0.000184765
0.000174467
0.000164957
0.000156174
0.000148062
0.000140572
0.000133655
0.000127269
0.000121374
0.000115931
0.000110905
0.000106266
0.000101983
9.80286e-05
9.43784e-05
9.10085e-05
8.78978e-05
8.50294e-05
8.24539e-05
8.00937e-05
7.78993e-05
7.58531e-05
7.39463e-05
7.21731e-05
7.05273e-05
6.9002e-05
6.75901e-05
6.62842e-05
6.50773e-05
6.3962e-05
6.29319e-05
6.19806e-05
6.1102e-05
6.02909e-05
0.00014607
0.000204214
0.000214936
0.000210053
0.000200459
0.000189852
0.000179459
0.000169658
0.00023791
0.000284132
0.000287056
0.000276071
0.000273276
0.000349747
0.000359119
0.000346544
0.000327627
0.000307647
0.000288339
0.000270216
0.000253385
0.000237821
0.000223443
0.000293216
0.000324073
0.000320104
0.00030526
0.000287706
0.00033218
0.000368421
0.000363912
0.000346682
0.00032628
0.0003059
0.000286562
0.000268528
0.000251816
0.000236366
0.000222095
0.000208917
0.00019675
0.000185517
0.000175148
0.000165581
0.000156757
0.00014861
0.000141088
0.000134153
0.000127752
0.000121841
0.000116381
0.000160718
0.000232756
0.000246487
0.000240982
0.000229638
0.000217011
0.000204612
0.000192918
0.00018204

