5e-05
5.02631e-05
5.04691e-05
5.06301e-05
5.07572e-05
5.08582e-05
5.09394e-05
5.10052e-05
5.10589e-05
5.11033e-05
5.11402e-05
5.11713e-05
5.11975e-05
5.12149e-05
5.12343e-05
5.12745e-05
5.13193e-05
5.13623e-05
5.1401e-05
5.1433e-05
5.14436e-05
5.14456e-05
5.14465e-05
5.14447e-05
5.14424e-05
5.14388e-05
5.14363e-05
5.14352e-05
5.14341e-05
5.14256e-05
5.14593e-05
5.1816e-05
5.24819e-05
5.33357e-05
5.42957e-05
5.53171e-05
5.6388e-05
5.75494e-05
5.92346e-05
0.000224495
0.000271506
0.000256583
0.000240874
0.000226277
0.000212788
0.000200332
0.00018883
0.000178209
0.000168401
0.000159345
0.000150984
0.000225149
0.000280619
0.000286648
0.000276661
0.000262088
0.000246791
0.000232036
0.000218196
0.000205345
0.000193457
0.000182474
0.000172333
0.000162969
0.000154325
0.000146346
0.00013898
0.000132179
0.000125902
0.000120107
0.000114757
0.000109819
0.000105261
0.000101053
9.71682e-05
9.35826e-05
9.0273e-05
8.72182e-05
8.43982e-05
8.1795e-05
7.9392e-05
7.7174e-05
7.51269e-05
7.32372e-05
7.14928e-05
6.98828e-05
6.83969e-05
6.70254e-05
6.57595e-05
6.45909e-05
6.35122e-05
6.25163e-05
6.15971e-05
6.07488e-05
5.99658e-05
5.9243e-05
5.85758e-05
5.796e-05
5.73917e-05
5.68671e-05
5.63833e-05
5.59368e-05
5.55248e-05
5.51445e-05
5.47936e-05
5.44697e-05
5.41712e-05
5.3896e-05
5.36421e-05
5.34079e-05
5.31917e-05
5.29922e-05
5.28084e-05
5.26387e-05
5.24824e-05
5.23381e-05
5.2205e-05
5.20823e-05
5.19693e-05
5.1865e-05
5.17689e-05
5.16803e-05
5.15986e-05
5.15234e-05
5.14541e-05
5.13903e-05
5.13315e-05
5.12775e-05
5.12277e-05
5.1182e-05
5.11399e-05
5.11014e-05
5.1066e-05
5.10335e-05
5.10036e-05
5.09763e-05
5.09563e-05
5.09464e-05
5.09372e-05
0.000148174
0.000198078
0.000206517
0.000201347
0.00019211
0.000182052
0.000172359
0.000163333
0.000154932
0.000147098
0.000139814
0.00013305
0.000126778
0.000120969
0.000115595
0.00011064
0.000106064
0.000101835
9.79247e-05
9.43099e-05
9.097e-05
8.78846e-05
8.50348e-05
8.24028e-05
7.99722e-05
7.77272e-05
7.56544e-05
7.37408e-05
7.19741e-05
7.03433e-05
6.88379e-05
6.74483e-05
6.61654e-05
6.49807e-05
6.38873e-05
6.28782e-05
6.19465e-05
6.10865e-05
6.02926e-05
5.956e-05
5.88841e-05
5.82603e-05
5.76846e-05
5.71536e-05
5.66637e-05
5.62115e-05
5.57943e-05
5.54092e-05
5.50538e-05
5.4726e-05
5.44238e-05
5.41447e-05
5.38873e-05
5.36496e-05
5.34305e-05
5.32285e-05
5.30424e-05
5.28708e-05
5.27129e-05
5.2579e-05
5.24628e-05
5.23561e-05
5.22558e-05
5.21598e-05
5.2069e-05
5.19832e-05
5.19025e-05
5.18262e-05
5.17538e-05
5.16855e-05
5.16222e-05
5.15635e-05
5.15091e-05
5.14585e-05
5.14119e-05
5.13691e-05
5.13295e-05
5.12928e-05
5.12592e-05
5.12284e-05
5.12003e-05
5.11747e-05
5.11512e-05
5.11298e-05
5.111e-05
5.10915e-05
5.10747e-05
5.10596e-05
5.10458e-05
5.10328e-05
5.1021e-05
5.10104e-05
5.10009e-05
5.09925e-05
5.09846e-05
5.09772e-05
5.09708e-05
5.09652e-05
5.09602e-05
5.09553e-05
5.09507e-05
5.09451e-05
5.09389e-05
5.09333e-05
5.09288e-05
5.09255e-05
5.09231e-05
5.09217e-05
5.09208e-05
5.092e-05
5.09196e-05

