5e-05
5.02631e-05
5.04691e-05
5.06301e-05
5.07572e-05
5.08582e-05
5.09394e-05
5.10052e-05
5.10589e-05
5.11153e-05
5.11865e-05
5.12588e-05
5.13546e-05
5.14314e-05
5.14745e-05
5.15331e-05
5.16018e-05
5.16647e-05
5.17173e-05
5.17587e-05
5.17801e-05
5.17881e-05
5.17904e-05
5.17867e-05
5.2e-05
5.25245e-05
5.31916e-05
5.38761e-05
0.000114746
0.000184205
0.000199902
0.000197563
0.000189542
0.000180095
0.000170657
0.000161686
0.00015331
0.000145539
0.000138348
0.000131701
0.000125559
0.000119886
0.000114646
0.000109807
0.000105339
0.000101213
9.7404e-05
9.38837e-05
9.06322e-05
8.76305e-05
8.48553e-05
8.22865e-05
7.99025e-05
7.76976e-05
7.56644e-05
7.37899e-05
7.2061e-05
7.04681e-05
6.90007e-05
6.76485e-05
6.63966e-05
6.52348e-05
6.41598e-05
6.31695e-05
6.22586e-05
6.14209e-05
6.06507e-05
5.99423e-05
5.92893e-05
5.86867e-05
5.81289e-05
5.76122e-05
5.71371e-05
5.67007e-05
5.63001e-05
5.59531e-05
5.56466e-05
5.53638e-05
5.51007e-05
5.48515e-05
5.46134e-05
5.4392e-05
5.41851e-05
5.39903e-05
5.38065e-05
5.3634e-05
5.34794e-05
7.99837e-05
0.000177715
0.000202433
0.000202689
0.000195162
0.000185541
0.000175737
0.000166367
0.0001576
0.000149466
0.000141942
0.00013499
0.000128573
0.000122649
0.000117176
0.00011212
0.000142442
0.00022541
0.000242769
0.000238605
0.0002279
0.000215655
0.000203532
0.000192049
0.000181345
0.000171424
0.000162249
0.000153763
0.00014592
0.000138677
0.000131988
0.000125813
0.000120111
0.000114846
0.000109983
0.000105491
0.000101345
0.000195329
0.000232868
0.000235642
0.000227238
0.000215703
0.000203771
0.000192329
0.000181621
0.000171684
0.000162491
0.000154
0.000146186
0.000138982
0.000132326
0.00012616
0.000120443
0.000115158
0.000110277
0.00010577
0.000101604
9.77577e-05
9.42066e-05
9.09601e-05
8.80454e-05
8.53806e-05
8.29074e-05
8.0606e-05
7.84619e-05
7.65225e-05
7.47961e-05
7.32175e-05
7.17852e-05
7.04748e-05
6.92288e-05
6.80201e-05
6.68727e-05
6.57944e-05
6.48181e-05
6.39213e-05
6.30819e-05
6.22787e-05
6.15102e-05
6.0783e-05
6.01006e-05
5.94545e-05
5.88525e-05
5.82954e-05
5.77793e-05
5.72955e-05
5.6846e-05
5.64315e-05
5.60473e-05
5.56918e-05
5.5364e-05
5.5063e-05
5.4784e-05
5.45277e-05
5.42931e-05
5.40783e-05
5.38806e-05
5.36967e-05
5.35282e-05
5.3374e-05
5.32331e-05
5.3123e-05
5.30354e-05
5.2958e-05
5.28874e-05
5.28209e-05
5.27569e-05
5.26946e-05
5.26339e-05
5.25748e-05
5.25131e-05
5.2452e-05
5.23937e-05
5.23386e-05
5.22862e-05
5.2233e-05
5.21825e-05
5.21338e-05
5.20863e-05
0.000149003
0.000196754
0.000204602
0.000199368
0.000190245
0.000180348
0.000170704
0.000161629
0.000153193
0.000145385
0.000138171
0.000131511
0.00012536
0.000119679
0.000114433
0.00010959
0.000105118
0.000100989
9.71767e-05
9.36653e-05
9.04482e-05
8.74819e-05
8.47451e-05
8.2216e-05
7.98743e-05
7.77075e-05
7.57058e-05
7.38568e-05
7.2149e-05
8.6064e-05
0.00018882
0.000214664
0.00021465
0.000206421
0.000195993
0.000185389
0.000175261
0.000165794
0.000157017
0.000148902
0.000141409
0.000134491
0.000128106
0.000122213

