5e-05
5.02631e-05
5.04691e-05
5.06301e-05
5.07572e-05
5.08582e-05
5.09394e-05
5.10052e-05
5.10714e-05
5.11509e-05
5.12253e-05
5.12901e-05
5.13411e-05
5.13695e-05
5.13944e-05
5.14676e-05
5.15574e-05
5.16434e-05
5.17176e-05
5.17689e-05
5.17807e-05
5.17806e-05
8.96195e-05
0.00018043
0.000202799
0.000202285
0.000194518
0.000184838
0.000175039
0.000165692
0.000156956
0.000148858
0.000141372
0.000134458
0.000128073
0.000122181
0.000116743
0.000111724
0.000107093
0.000102819
9.88752e-05
9.52493e-05
9.19184e-05
8.8844e-05
8.6007e-05
8.33874e-05
8.09636e-05
7.87452e-05
7.67504e-05
7.49304e-05
7.32508e-05
7.16921e-05
7.02353e-05
6.88714e-05
6.76012e-05
6.64193e-05
6.53201e-05
6.42981e-05
6.33434e-05
6.24565e-05
6.16342e-05
6.08681e-05
6.01582e-05
5.95017e-05
5.88918e-05
5.83209e-05
5.77926e-05
5.73057e-05
5.68573e-05
5.64445e-05
5.60646e-05
5.57148e-05
5.53929e-05
5.50966e-05
5.4823e-05
5.45656e-05
5.43261e-05
5.41035e-05
5.3899e-05
5.37118e-05
5.35403e-05
5.33783e-05
0.0001042
0.000185587
0.000204683
0.000203014
0.000194838
0.000185008
0.000175149
0.00016578
0.000157038
0.000148936
0.000141444
0.000134523
0.000128131
0.000122232
0.000116787
0.000111765
0.000107158
0.000102942
9.90659e-05
9.54908e-05
9.21873e-05
8.9129e-05
8.62911e-05
8.36639e-05
8.12325e-05
7.89826e-05
7.69008e-05
7.49749e-05
7.31935e-05
7.15459e-05
7.00213e-05
6.86079e-05
6.73014e-05
6.60943e-05
6.49794e-05
6.39496e-05
6.29986e-05
6.21205e-05
6.13096e-05
6.05609e-05
5.98696e-05
5.92314e-05
5.86422e-05
5.80982e-05
5.7596e-05
5.71324e-05
5.67044e-05
5.63064e-05
5.59377e-05
5.55976e-05
5.52841e-05
5.49951e-05
5.47263e-05
5.44768e-05
5.42471e-05
5.40357e-05
5.38359e-05
5.36472e-05
5.34918e-05
5.33616e-05
5.32659e-05
0.000157604
0.000247864
0.000402032
0.000393839
0.000369823
0.000346067
0.000323662
0.000302829
0.000390162
0.000403178
0.000389583
0.000368196
0.000345398
0.000323299
0.00030254
0.000283249
0.000265395
0.000248895
0.000233655
0.000219583
0.00020659
0.000194595
0.000183522
0.000173299
0.000163861
0.000155149
0.000147106
0.000139682
0.000132828
0.000126501
0.000120661
0.000115277
0.000110309
0.000105722
0.000101486
9.75745e-05
9.39618e-05
9.06261e-05
8.75459e-05
8.47019e-05
8.20762e-05
7.96521e-05
7.74142e-05
7.53483e-05
7.34411e-05
7.16807e-05
7.00562e-05
0.000173325
0.000215204
0.000220206
0.000213239
0.000202823
0.000191835
0.000181221
0.00017126
0.000162009
0.000153451
0.000145544
0.000138243
0.000131502
0.00012528
0.000119536
0.000114234
0.000109339
0.000104822
0.000100651
9.68017e-05
9.3248e-05
8.99676e-05
8.69396e-05
8.41446e-05
8.15646e-05
7.91829e-05
7.69846e-05
7.49555e-05
7.30825e-05
7.13537e-05
6.9758e-05
6.82851e-05
6.69257e-05
6.5671e-05
6.45206e-05
6.3463e-05
6.24862e-05
6.1583e-05
6.07474e-05
5.99745e-05
5.92597e-05
5.85988e-05
5.79881e-05
5.74238e-05
5.69079e-05
5.64389e-05
5.6006e-05
5.56106e-05
0.000146977
0.00019925
0.00020841
0.000203383
0.000194093
0.000183914
0.000173964
0.000164587
0.000155865
0.000147791
0.000140329
0.000133438

