5e-05
5.02667e-05
5.04834e-05
5.06586e-05
5.08009e-05
5.09171e-05
5.10125e-05
5.10977e-05
5.12653e-05
5.14836e-05
5.16951e-05
5.1879e-05
5.20169e-05
5.20969e-05
5.21514e-05
5.22074e-05
5.22795e-05
5.23419e-05
5.24123e-05
6.35447e-05
0.000171891
0.000200684
0.00020235
0.000195289
0.0001858
0.000176226
0.000167362
0.000159285
0.000152213
0.00018811
0.000349617
0.000350393
0.000328676
0.0003075
0.000287833
0.000269646
0.000252843
0.000237328
0.000223002
0.000209778
0.000197571
0.000186305
0.000175909
0.000166315
0.000157461
0.000149307
0.000141798
0.000134875
0.000128487
0.000122602
0.000117193
0.000112223
0.000107627
0.000103363
9.94172e-05
9.57716e-05
9.23991e-05
8.92833e-05
8.64018e-05
8.37375e-05
8.1255e-05
7.8952e-05
7.68273e-05
7.48661e-05
7.30565e-05
7.13843e-05
6.98406e-05
6.84181e-05
6.71079e-05
6.58987e-05
6.47825e-05
6.37479e-05
6.27944e-05
6.1917e-05
6.1109e-05
6.03607e-05
5.96682e-05
5.90311e-05
5.84454e-05
5.79044e-05
5.74054e-05
5.69419e-05
5.65123e-05
5.61153e-05
5.57501e-05
5.5415e-05
5.51055e-05
5.48208e-05
5.4554e-05
5.43077e-05
5.40826e-05
5.38748e-05
5.36814e-05
5.35024e-05
5.33735e-05
5.35313e-05
5.38971e-05
5.43149e-05
5.46614e-05
5.49191e-05
5.50209e-05
5.50348e-05
5.49881e-05
5.48861e-05
5.47591e-05
5.46172e-05
5.44652e-05
5.43015e-05
5.41383e-05
5.39794e-05
5.38263e-05
5.36799e-05
5.35421e-05
5.34391e-05
5.33492e-05
5.32651e-05
5.31734e-05
5.30738e-05
5.29746e-05
5.28792e-05
5.27869e-05
5.27011e-05
5.26187e-05
5.2537e-05
5.24556e-05
5.238e-05
5.23117e-05
5.22498e-05
5.21908e-05
5.21348e-05
5.20847e-05
5.20403e-05
5.2009e-05
5.2007e-05
5.2014e-05
5.20182e-05
5.20383e-05
5.20635e-05
5.21019e-05
5.22438e-05
5.24702e-05
5.27153e-05
5.28938e-05
5.30233e-05
5.31508e-05
8.8077e-05
0.000177808
0.00020014
0.000267764
0.00030587
0.000305291
0.000292346
0.000324434
0.000367728
0.000365568
0.000349051
0.000328798
0.000308378
0.000288961
0.00027106
0.000254639
0.000239557
0.000294899
0.000326391
0.000322765
0.000308074
0.000290626
0.000273167
0.000256558
0.000241013
0.000226577
0.000213207
0.000200843
0.000189417
0.000178863
0.000169116
0.000160112
0.00015179
0.000144122
0.000137054
0.000130526
0.000124498
0.000118925
0.000113774
0.000109007
0.000104601
0.000100531
9.67758e-05
9.33074e-05
9.01013e-05
8.71379e-05
8.43971e-05
8.18664e-05
7.95331e-05
7.75887e-05
7.62439e-05
7.52541e-05
7.43848e-05
7.33446e-05
7.22101e-05
7.10383e-05
6.9879e-05
6.87229e-05
6.76004e-05
6.65244e-05
6.54798e-05
6.44763e-05
6.35326e-05
6.26502e-05
6.18268e-05
6.10635e-05
6.03909e-05
6.01002e-05
6.00247e-05
6.00522e-05
6.00395e-05
5.99636e-05
5.98712e-05
5.9716e-05
5.94904e-05
5.9179e-05
5.88272e-05
5.84541e-05
5.8059e-05
5.7655e-05
5.72618e-05
5.68859e-05
5.65235e-05
5.61734e-05
5.58391e-05
5.55237e-05
5.52298e-05
5.49588e-05
5.47097e-05
5.44772e-05
5.42624e-05
5.40658e-05
5.3886e-05
5.37192e-05
5.35633e-05
5.34128e-05
5.32741e-05
5.31599e-05
5.30761e-05
5.30078e-05
5.29533e-05
5.29536e-05
5.29998e-05
5.30372e-05
5.30597e-05

