5e-05
5.02631e-05
5.04691e-05
5.06301e-05
5.07572e-05
5.08582e-05
5.09394e-05
5.10052e-05
5.10589e-05
5.11033e-05
5.11402e-05
5.11713e-05
5.12069e-05
5.12467e-05
5.12914e-05
5.1392e-05
5.15224e-05
5.16887e-05
5.18372e-05
5.19485e-05
5.2007e-05
5.20368e-05
5.20386e-05
5.20022e-05
5.19553e-05
5.19091e-05
5.18658e-05
5.18272e-05
5.17923e-05
5.17578e-05
5.17265e-05
5.16998e-05
5.1677e-05
5.16511e-05
5.16273e-05
5.16077e-05
5.1592e-05
5.15798e-05
5.15696e-05
5.15595e-05
5.15493e-05
5.16039e-05
5.19187e-05
5.23508e-05
5.28232e-05
5.32633e-05
5.35867e-05
5.37978e-05
5.39897e-05
5.41398e-05
5.41942e-05
5.4152e-05
5.40512e-05
5.39289e-05
5.37946e-05
5.36599e-05
5.3528e-05
5.34006e-05
5.32788e-05
5.31597e-05
0.000119526
0.000190374
0.000205874
0.000202989
0.000194424
0.000184508
0.000174664
0.000165338
0.000156648
0.000148599
0.000141158
0.000219257
0.000261077
0.000263807
0.000253966
0.000240639
0.000226893
0.000213709
0.000201363
0.000189904
0.000179305
0.000169504
0.000160445
0.000152074
0.000144344
0.000137209
0.000130624
0.000124545
0.000118931
0.000113747
0.000108959
0.000104536
0.000100451
9.66794e-05
9.31983e-05
8.99828e-05
8.70151e-05
8.42779e-05
8.17535e-05
7.94251e-05
0.000184736
0.000218701
0.000221067
0.000213258
0.000202614
0.000191609
0.000181045
0.000171158
0.000162008
0.00015356
0.000145754
0.000138545
0.000131889
0.000125738
0.000120058
0.000114841
0.000110031
0.000105586
0.000101474
9.76714e-05
9.41576e-05
9.09101e-05
8.79053e-05
8.51236e-05
8.25504e-05
8.01736e-05
7.79785e-05
7.5951e-05
7.40753e-05
7.23431e-05
7.07442e-05
6.92658e-05
6.78998e-05
6.66393e-05
6.54755e-05
6.44147e-05
6.34547e-05
6.2594e-05
6.18168e-05
6.11048e-05
6.04678e-05
5.98834e-05
5.93739e-05
5.89054e-05
5.8448e-05
7.59166e-05
0.000177711
0.00022365
0.000296236
0.000306371
0.000297035
0.000281962
0.000276761
0.000344933
0.000352189
0.000383449
0.000414134
0.000405743
0.000385246
0.000361918
0.000338879
0.00031709
0.000296792
0.000354409
0.000372646
0.000362267
0.000343308
0.000322581
0.000302337
0.000283267
0.000265525
0.000249101
0.000233921
0.000219904
0.000206962
0.000195013
0.000183983
0.000266146
0.000290868
0.000286588
0.000273389
0.00025803
0.000242781
0.000228344
0.000214884
0.000202409
0.000190867
0.0001802
0.000170346
0.000161241
0.000159972
0.000251331
0.000270732
0.000265853
0.000253498
0.000239386
0.000270565
0.000323516
0.000326575
0.000313647
0.00037624
0.000388081
0.000374899
0.000354419
0.000332646
0.000311559
0.00029175
0.000273341
0.000256305
0.000240565
0.000226032
0.000212613
0.000200225
0.00018879
0.00017823
0.000168482
0.000159483
0.000151174
0.000143503
0.000136423
0.000129888
0.000123855
0.000118285
0.000170886
0.000233879
0.000244677
0.000238359
0.000226926
0.000214447
0.000202261
0.000190781
0.000180105
0.000170223
0.000161091
0.00015266
0.000144877
0.000137694
0.000131081
0.000124991
0.000119372
0.000114209
0.00010945
0.000105054
0.000100976
9.72041e-05
9.37143e-05
9.04909e-05
8.75305e-05
8.48054e-05
8.22826e-05

