5e-05
5.02631e-05
5.04691e-05
5.06301e-05
5.07572e-05
5.08582e-05
5.09394e-05
5.10052e-05
5.10606e-05
5.11494e-05
5.12672e-05
5.13805e-05
5.14798e-05
5.15841e-05
5.16736e-05
5.17483e-05
5.18074e-05
5.18513e-05
5.18815e-05
5.18989e-05
5.18958e-05
5.18806e-05
5.18617e-05
5.18345e-05
5.18083e-05
5.19936e-05
5.24393e-05
5.29929e-05
5.35348e-05
5.38027e-05
5.38926e-05
5.39081e-05
5.38731e-05
5.38103e-05
5.37206e-05
5.3616e-05
5.34999e-05
5.33829e-05
5.32686e-05
5.31583e-05
5.30529e-05
5.29529e-05
5.28561e-05
5.27629e-05
5.26761e-05
5.25936e-05
5.2515e-05
5.244e-05
5.23868e-05
5.23521e-05
5.23221e-05
5.22869e-05
0.000102812
0.000184494
0.000203735
0.000202172
0.000194083
0.000184326
0.000174533
0.000165222
0.000156547
0.000148521
0.000141106
0.000134288
0.000128376
0.00012339
0.000119294
0.000177887
0.000319519
0.00030992
0.00029036
0.000271991
0.000254993
0.000239288
0.000224785
0.000211393
0.000199029
0.000187616
0.000177079
0.000167352
0.000158373
0.000150084
0.000142432
0.000135368
0.000128848
0.000122828
0.000117271
0.00011214
0.000117216
0.000225417
0.000251359
0.000249477
0.000238848
0.000225975
0.00021304
0.000200736
0.000189262
0.000178628
0.000168797
0.000159714
0.000151327
0.000143582
0.000136431
0.00012983
0.000123738
0.000118121
0.000112936
0.000108149
0.000153546
0.000229979
0.000245236
0.000240271
0.00022913
0.000216587
0.000204236
0.000192584
0.00018184
0.000171957
0.000162793
0.000154291
0.00014642
0.000139135
0.00013239
0.000126145
0.000120367
0.000115024
0.000110084
0.00010552
0.000101305
9.74112e-05
9.38157e-05
9.04958e-05
8.74306e-05
8.46063e-05
8.20218e-05
7.96644e-05
7.74907e-05
7.54762e-05
7.36212e-05
7.19123e-05
7.03322e-05
6.886e-05
6.74909e-05
6.62189e-05
6.50411e-05
6.39728e-05
6.29986e-05
6.21055e-05
6.12704e-05
6.0486e-05
5.9754e-05
5.90718e-05
5.84373e-05
5.78483e-05
5.73024e-05
5.67967e-05
5.63288e-05
5.58961e-05
5.54962e-05
5.51267e-05
5.47855e-05
5.44704e-05
5.41794e-05
5.39108e-05
5.36628e-05
5.3434e-05
5.32228e-05
5.3028e-05
5.28483e-05
5.26825e-05
5.25296e-05
5.23885e-05
5.22584e-05
5.21384e-05
5.20278e-05
0.000143925
0.000197492
0.000207076
0.000202245
0.000193079
0.000182995
0.000173126
0.000163822
0.000155165
0.00014715
0.000139743
0.000132902
0.000126586
0.000120755
0.000115372
0.000110403
0.000105816
0.000101581
9.76721e-05
9.40636e-05
9.07325e-05
8.76577e-05
8.48196e-05
8.22098e-05
7.98076e-05
7.75904e-05
7.55414e-05
7.36476e-05
7.1897e-05
7.02792e-05
6.87844e-05
6.74035e-05
6.61276e-05
6.49491e-05
6.38609e-05
6.28561e-05
6.19284e-05
6.10719e-05
6.0281e-05
5.95505e-05
5.8876e-05
5.82536e-05
5.76793e-05
5.71492e-05
5.66598e-05
5.62081e-05
5.57909e-05
5.54059e-05
5.50507e-05
5.47229e-05
5.44203e-05
5.41414e-05
5.38842e-05
5.36468e-05
5.34278e-05
5.3226e-05
5.30398e-05
5.28684e-05
5.27105e-05
5.25651e-05
5.24313e-05
5.23079e-05
5.21939e-05
5.20889e-05
5.19924e-05
5.19032e-05
5.18205e-05
0.000112991
0.000189143
0.000206355
0.000203978
0.0001955
0.000185511
0.000175547
0.000166094

