5e-05
5.02669e-05
5.04842e-05
5.06602e-05
5.09083e-05
5.16585e-05
5.3162e-05
0.000220147
0.000275599
0.000262127
0.000246234
0.000231327
0.000217556
0.000204875
0.000193159
0.000182361
0.000172388
0.000163167
0.00015464
0.000146755
0.000139452
0.000132696
0.000195055
0.000258603
0.000268342
0.000260485
0.00024744
0.000233407
0.00021977
0.000206945
0.000195027
0.000183999
0.000203872
0.00028269
0.000296052
0.000287957
0.000273459
0.000257661
0.000242247
0.000227733
0.000214238
0.000201748
0.000190207
0.000229709
0.000289978
0.000297096
0.000286973
0.000271885
0.000255981
0.00024062
0.000226195
0.000212794
0.000200396
0.000188944
0.000178369
0.000168606
0.000159596
0.000151279
0.000143602
0.000136512
0.000129957
0.000123899
0.000118309
0.000113151
0.000108391
0.000103999
9.99481e-05
9.62078e-05
9.27553e-05
8.95706e-05
8.66314e-05
8.39192e-05
8.14177e-05
7.91106e-05
7.69815e-05
7.50158e-05
7.32446e-05
0.000173926
0.000207483
0.000210633
0.000203949
0.000194426
0.000184338
0.000174538
0.000165294
0.000156675
0.000148674
0.000141267
0.000134417
0.000128086
0.000173604
0.000240784
0.000252174
0.00024581
0.000234342
0.000221792
0.000209479
0.000197819
0.000186865
0.000176666
0.0001672
0.000158455
0.000150382
0.000142915
0.000136004
0.000129606
0.000123677
0.000118191
0.000113115
0.000108417
0.000104069
0.000100047
9.63305e-05
9.28969e-05
0.000103263
0.000203279
0.000227581
0.000226431
0.000217244
0.000205966
0.000194595
0.00018377
0.000173661
0.000164285
0.000158399
0.00025459
0.000275769
0.000271141
0.000258612
0.000244205
0.000229929
0.000216416
0.000203823
0.000192155
0.000181366
0.000171395
0.000162186
0.000153685
0.000145855
0.000138645
0.000132009
0.000125894
0.000120246
0.000115029
0.000110209
0.000105783
0.000101702
9.79255e-05
9.44278e-05
9.11763e-05
8.81589e-05
8.53545e-05
8.27613e-05
8.03565e-05
7.81344e-05
7.60829e-05
7.41844e-05
7.24307e-05
7.08137e-05
6.93203e-05
6.79414e-05
6.66705e-05
6.54998e-05
6.44181e-05
6.34163e-05
6.2492e-05
6.16416e-05
6.08574e-05
6.01327e-05
5.9464e-05
5.88464e-05
5.82785e-05
5.77525e-05
5.72626e-05
5.68106e-05
5.6396e-05
5.60162e-05
5.56681e-05
5.53493e-05
5.5057e-05
5.47843e-05
5.45316e-05
5.43e-05
5.40872e-05
5.38894e-05
5.37082e-05
5.35427e-05
5.33894e-05
5.32468e-05
5.31166e-05
5.29963e-05
5.28809e-05
0.000126827
0.000191242
0.000204678
0.000201215
0.000192561
0.000182696
0.00017294
0.000163708
0.000155111
0.00014715
0.000139793
0.000133
0.000126731
0.000120946
0.000115604
0.000110668
0.000106111
0.000101905
9.80252e-05
9.44459e-05
9.11433e-05
8.80933e-05
8.52761e-05
8.2674e-05
0.000192159
0.000222475
0.000223473
0.000215115
0.00020421
0.000193043
0.000182353
0.000172353
0.000163076
0.000154496
0.000146572
0.000139259
0.000132508
0.000126276
0.000120528
0.00011541
0.000110915
0.000106955
0.000103441
0.00010026
9.72716e-05
9.4332e-05
9.14805e-05
8.86989e-05
8.60471e-05
8.355e-05
8.12137e-05
7.90324e-05
7.69907e-05
7.50853e-05
7.334e-05
7.17916e-05
7.03789e-05
6.90601e-05

