5e-05
5.02667e-05
5.04834e-05
5.06586e-05
5.08009e-05
5.09171e-05
5.10125e-05
5.10912e-05
5.11584e-05
5.12431e-05
5.13311e-05
5.14109e-05
0.000107789
0.000184595
0.000202353
0.000200372
0.000192272
0.00018264
0.000173006
0.000163851
0.000155297
0.000147364
0.000140028
0.000133247
0.000126978
0.000121188
0.000115844
0.00011091
0.000106355
0.000102147
9.82569e-05
9.46648e-05
9.13483e-05
8.82881e-05
8.54649e-05
8.28603e-05
8.04573e-05
7.82386e-05
7.6189e-05
7.42982e-05
7.25541e-05
7.09454e-05
6.94593e-05
6.80863e-05
6.68201e-05
6.56524e-05
6.45811e-05
6.36151e-05
6.27183e-05
6.1893e-05
6.1128e-05
6.04159e-05
5.97395e-05
5.91109e-05
5.85319e-05
5.7999e-05
5.75086e-05
5.70575e-05
5.66424e-05
5.62603e-05
5.59037e-05
5.55678e-05
5.52579e-05
5.49737e-05
5.47131e-05
5.44739e-05
5.42511e-05
5.40465e-05
5.38593e-05
5.3688e-05
5.35313e-05
5.33879e-05
5.32566e-05
5.31364e-05
5.30263e-05
5.29253e-05
5.28327e-05
5.27477e-05
5.26696e-05
5.25979e-05
5.25324e-05
5.24965e-05
5.24816e-05
5.24722e-05
5.24632e-05
5.245e-05
5.24272e-05
5.2402e-05
5.23754e-05
5.23478e-05
5.248e-05
5.30591e-05
5.40248e-05
0.000104346
0.000269482
0.00027427
0.000258276
0.000242508
0.000227838
0.000214264
0.00020172
0.000190138
0.000179462
0.000169612
0.000160521
0.000152129
0.00014438
0.000137228
0.000130627
0.000124535
0.00011891
0.000113718
0.000108926
0.000104504
0.000100419
9.66481e-05
9.31688e-05
8.9959e-05
8.69967e-05
8.42616e-05
8.17383e-05
7.94096e-05
7.72587e-05
7.52746e-05
7.34444e-05
7.17564e-05
7.01961e-05
6.87528e-05
6.74195e-05
6.6189e-05
6.50547e-05
6.40119e-05
6.30733e-05
6.22387e-05
6.14862e-05
6.09735e-05
0.000111554
0.000275014
0.000278344
0.000262213
0.00024622
0.0002313
0.000217479
0.000204701
0.000192921
0.000182074
0.000172097
0.000162906
0.000154414
0.000146556
0.000139283
0.000226108
0.000269936
0.000272847
0.000262596
0.000248713
0.000234373
0.000220627
0.000207762
0.000195815
0.000184756
0.00017453
0.00016509
0.000156387
0.000148344
0.000140912
0.000134047
0.000230309
0.00026179
0.00026119
0.000250423
0.000236962
0.000223322
0.000210312
0.000198156
0.000186883
0.00017646
0.000166832
0.000157941
0.000149737
0.000142348
0.00013573
0.000129688
0.000124087
0.000118818
0.000113864
0.000109246
0.000104979
0.000101006
0.000199305
0.000231971
0.000233225
0.000224826
0.000213949
0.000202688
0.000191752
0.000181353
0.000171612
0.000162519
0.000154076
0.000146251
0.000139004
0.000132299
0.000126097
0.000120365
0.00011507
0.000110178
0.000105658
0.000101481
9.76238e-05
9.40612e-05
9.07715e-05
8.77353e-05
8.49314e-05
8.23418e-05
7.99496e-05
7.77423e-05
7.57063e-05
7.38269e-05
7.20926e-05
7.04927e-05
6.90149e-05
6.76516e-05
6.63925e-05
6.52305e-05
6.4159e-05
6.3171e-05
0.000174421
0.000208093
0.000210879
0.000203716
0.000193755
0.000183406
0.000173456
0.000164133
0.00015548
0.000147477
0.000140083
0.000133256
0.000126954
0.000121137
0.000115764
0.000110802
0.000106221
0.000101993
9.80909e-05
9.44903e-05
9.11663e-05
8.80979e-05
8.52666e-05

