5e-05
5.02631e-05
5.04691e-05
5.06301e-05
5.07572e-05
5.08582e-05
5.09394e-05
5.10052e-05
5.10761e-05
5.1157e-05
5.12311e-05
5.12951e-05
6.90844e-05
0.000172951
0.000199812
0.000200897
0.000193773
0.000184394
0.000174762
0.000165516
0.00015684
0.000148789
0.00014134
0.000134445
0.000128072
0.000122185
0.00011675
0.000111734
0.000107103
0.000102823
9.88684e-05
9.52194e-05
9.18521e-05
8.87415e-05
8.58638e-05
8.32068e-05
8.07565e-05
7.84959e-05
7.64073e-05
7.4481e-05
7.27055e-05
7.10689e-05
6.95604e-05
6.81699e-05
6.6904e-05
6.57568e-05
6.46987e-05
6.37205e-05
6.2846e-05
6.20456e-05
6.12982e-05
6.05956e-05
5.99238e-05
5.92911e-05
5.87054e-05
5.81607e-05
5.76764e-05
5.72467e-05
5.68791e-05
5.65469e-05
5.62173e-05
5.59031e-05
5.56096e-05
5.5335e-05
5.50777e-05
5.48333e-05
5.45976e-05
5.43985e-05
5.42168e-05
5.40504e-05
5.38963e-05
5.37511e-05
5.3609e-05
5.34743e-05
5.33477e-05
5.32286e-05
5.31167e-05
5.30095e-05
5.29061e-05
5.28097e-05
5.27172e-05
5.26265e-05
5.25402e-05
5.24589e-05
5.23807e-05
5.23062e-05
5.22362e-05
5.21727e-05
5.21151e-05
5.20611e-05
5.2013e-05
5.19702e-05
5.19286e-05
5.18865e-05
5.18574e-05
5.18495e-05
5.18473e-05
5.18455e-05
5.18449e-05
5.18432e-05
5.18368e-05
5.18295e-05
5.182e-05
5.18032e-05
5.17844e-05
5.17645e-05
5.17432e-05
5.17235e-05
5.17046e-05
5.16861e-05
5.16701e-05
5.16566e-05
5.16444e-05
5.16342e-05
5.16704e-05
5.17399e-05
5.18142e-05
5.18822e-05
5.19388e-05
5.19825e-05
5.20137e-05
5.20345e-05
5.20813e-05
5.21772e-05
5.22638e-05
5.23073e-05
5.23295e-05
5.2319e-05
5.22975e-05
5.2285e-05
5.25738e-05
5.31641e-05
5.3881e-05
5.44429e-05
5.4751e-05
5.48679e-05
5.49078e-05
5.67827e-05
0.000168402
0.000199738
0.000202332
0.000195597
0.000186223
0.000176483
0.000167159
0.000195169
0.000358549
0.000357825
0.000335173
0.000313416
0.000293257
0.000274624
0.000257414
0.000241531
0.000226866
0.000213325
0.000200832
0.000221016
0.000303547
0.000317084
0.00030797
0.000292103
0.000274887
0.000281324
0.000355756
0.000364022
0.000350848
0.000331522
0.000311214
0.000291619
0.000273239
0.00025617
0.000240379
0.000225794
0.000212398
0.000200048
0.000188631
0.000178072
0.000168306
0.000159278
0.000150935
0.000143228
0.000136109
0.000129535
0.000123465
0.000117861
0.000112687
0.00010791
0.000103501
9.94296e-05
9.56718e-05
9.22032e-05
8.90013e-05
8.60456e-05
8.33171e-05
8.07984e-05
7.84737e-05
7.63282e-05
7.43555e-05
7.25368e-05
7.0857e-05
6.93046e-05
6.787e-05
6.65443e-05
6.53194e-05
6.41879e-05
6.31428e-05
6.46775e-05
0.000180254
0.000211668
0.00021352
0.000205874
0.000195622
0.000185058
0.000174927
0.000165442
0.00015664
0.000148499
0.000140977
0.000134031
0.000127619
0.000121699
0.000116234
0.000111194
0.000106547
0.000102258
9.82972e-05
9.46388e-05
9.126e-05
8.81396e-05
8.52582e-05
8.25975e-05
8.01408e-05
7.78787e-05
7.57969e-05
7.38746e-05
7.20989e-05
7.04678e-05
6.89632e-05
6.75717e-05
6.6284e-05
6.50922e-05
6.39891e-05
6.29689e-05
6.20258e-05
6.11543e-05
6.03491e-05
5.96054e-05
5.89263e-05
5.83045e-05

