5e-05
5.02631e-05
5.04691e-05
5.06301e-05
5.07572e-05
5.08582e-05
5.09394e-05
5.10052e-05
5.10648e-05
5.11412e-05
5.12267e-05
5.1337e-05
5.14839e-05
5.16571e-05
5.1829e-05
5.20043e-05
5.21551e-05
5.2272e-05
5.23546e-05
5.23937e-05
5.23674e-05
5.23116e-05
5.22453e-05
5.21726e-05
5.21033e-05
5.20394e-05
5.19824e-05
5.19322e-05
5.18873e-05
0.000115977
0.000188742
0.000204903
0.000202284
0.000193838
0.00018397
0.00017415
0.000164843
0.000156169
0.000148134
0.000140703
0.000133842
0.000127509
0.000121665
0.000116271
0.000111293
0.000106695
0.000102453
9.85374e-05
9.4924e-05
9.15861e-05
8.85037e-05
8.56505e-05
8.30077e-05
8.0568e-05
7.83184e-05
7.62436e-05
7.43271e-05
7.25732e-05
7.09675e-05
6.94905e-05
6.813e-05
6.68684e-05
6.57002e-05
6.46206e-05
6.36185e-05
6.26886e-05
6.18285e-05
6.10352e-05
6.03022e-05
5.96219e-05
5.8994e-05
5.84157e-05
5.78832e-05
5.739e-05
5.69334e-05
5.65083e-05
5.61166e-05
5.57568e-05
5.54262e-05
5.51226e-05
5.48437e-05
5.45836e-05
5.43408e-05
5.41178e-05
5.39127e-05
5.37219e-05
5.35447e-05
5.33783e-05
5.32246e-05
5.30827e-05
5.29519e-05
5.28313e-05
5.2718e-05
5.26125e-05
5.25147e-05
5.24239e-05
5.23416e-05
5.22679e-05
5.2202e-05
5.21431e-05
5.20905e-05
5.2043e-05
5.19974e-05
5.1956e-05
5.19161e-05
5.18788e-05
5.18382e-05
5.17979e-05
5.17632e-05
5.17519e-05
5.17552e-05
5.17635e-05
5.17723e-05
5.17684e-05
5.17594e-05
5.17438e-05
5.17275e-05
5.17116e-05
5.16947e-05
5.16777e-05
5.16575e-05
5.16397e-05
5.16245e-05
5.1612e-05
5.16016e-05
5.15949e-05
5.30093e-05
0.000167664
0.00019975
0.000202498
0.000195773
0.000186371
0.00017659
0.000167181
0.000158365
0.000150185
0.000142641
0.000135678
0.000129265
0.000123405
0.000118039
0.000113094
0.000108523
0.000104318
0.000100436
9.68286e-05
9.34703e-05
9.03498e-05
8.74479e-05
8.47758e-05
8.23341e-05
8.00867e-05
7.80705e-05
7.62783e-05
7.46031e-05
7.31267e-05
7.17492e-05
7.04227e-05
6.91445e-05
6.79402e-05
6.68224e-05
6.57746e-05
6.47919e-05
6.38606e-05
6.29746e-05
6.21352e-05
6.13767e-05
6.06813e-05
6.00341e-05
5.94339e-05
5.88759e-05
0.00014956
0.000199425
0.000207848
0.000202646
0.000193374
0.000183275
0.000173424
0.000164144
0.000155514
0.000147524
0.000140137
0.000133318
0.000127025
0.00012122
0.000115886
0.000110969
0.00010645
0.000102294
9.84578e-05
9.49167e-05
9.16445e-05
8.86146e-05
8.58082e-05
8.32128e-05
0.000143636
0.000210032
0.00022317
0.000218701
0.00020886
0.00022058
0.000296551
0.000308363
0.000299166
0.00028376
0.000267151
0.000250995
0.000293314
0.00033724
0.000336769
0.000322226
0.00030395
0.000285413
0.000267728
0.000251208
0.000235887
0.000221721
0.000208635
0.000196551
0.000185395
0.000175096
0.000165588
0.000156855
0.00014903
0.000141956
0.00013546
0.000129401
0.000123726
0.00011844
0.000113514
0.000108911
0.000104648
0.000100706
9.70511e-05
9.36491e-05
9.04884e-05
8.75573e-05
8.48386e-05
8.23564e-05
8.04066e-05
7.89102e-05
7.78562e-05
9.04886e-05
0.000272062
0.000287175
0.000269968
0.000253221
0.000307725
0.000360222
0.000361406

