5e-05
5.02631e-05
5.04691e-05
5.06301e-05
5.07572e-05
5.08582e-05
5.09394e-05
5.10052e-05
5.10589e-05
5.11033e-05
5.11402e-05
5.11728e-05
5.13086e-05
5.15961e-05
5.18625e-05
5.21283e-05
5.23666e-05
5.25368e-05
5.26485e-05
5.26847e-05
0.000123263
0.000189969
0.000204236
0.000201098
0.000192548
0.000182708
0.000172957
0.000163727
0.000155128
0.000147159
0.000139791
0.000132986
0.000126704
0.000120907
0.000115553
0.000110623
0.00010631
0.000102543
9.91594e-05
9.60018e-05
9.30038e-05
9.01806e-05
8.75064e-05
8.4962e-05
8.25677e-05
8.03222e-05
7.82213e-05
7.6248e-05
7.44009e-05
7.26773e-05
0.000152303
0.000207887
0.00021769
0.000212421
0.000202625
0.000191886
0.000181389
0.000171498
0.000162298
0.000153781
0.000145905
0.00013863
0.000131915
0.00012573
0.000120041
0.000114798
0.000109964
0.000105501
0.000101376
9.75597e-05
9.4034e-05
9.07744e-05
8.77613e-05
8.49776e-05
8.24041e-05
8.00284e-05
7.78288e-05
7.57961e-05
7.39213e-05
7.21901e-05
7.0594e-05
6.91212e-05
6.77559e-05
6.64941e-05
6.53306e-05
6.42542e-05
6.32627e-05
6.23488e-05
6.15046e-05
6.07263e-05
6.00103e-05
5.93518e-05
5.87461e-05
5.81853e-05
5.76656e-05
5.71943e-05
5.67851e-05
5.64174e-05
5.6081e-05
5.57703e-05
5.54871e-05
5.5267e-05
5.51103e-05
5.49751e-05
5.48438e-05
5.473e-05
5.46418e-05
5.45337e-05
5.44103e-05
5.42813e-05
5.41482e-05
5.40129e-05
5.38771e-05
5.37362e-05
5.35912e-05
5.34476e-05
5.33109e-05
5.31768e-05
5.30489e-05
5.29306e-05
5.28203e-05
5.27137e-05
5.26158e-05
5.25459e-05
5.24856e-05
5.24385e-05
5.24191e-05
5.23927e-05
5.23701e-05
5.23793e-05
5.23964e-05
0.00016264
0.000198347
0.000202331
0.000196013
0.000186765
0.00017704
0.000167653
0.000158843
0.000150669
0.000143125
0.000136157
0.00012972
0.000123766
0.00011825
0.000113163
0.000108466
0.000104122
0.000207066
0.000237422
0.000237694
0.000228391
0.000216517
0.000204437
0.0001929
0.000182107
0.000172095
0.000162834
0.000154278
0.000146379
0.000139084
0.000132344
0.000126121
0.000120374
0.000115067
0.000110169
0.000105649
0.000101479
9.76323e-05
9.40836e-05
9.0807e-05
8.77833e-05
8.49939e-05
8.24205e-05
8.00461e-05
7.78503e-05
7.58217e-05
7.39504e-05
7.22243e-05
7.06323e-05
6.91621e-05
6.77979e-05
6.65323e-05
6.5362e-05
6.42815e-05
6.32859e-05
6.23694e-05
6.15272e-05
6.07745e-05
6.00938e-05
5.94604e-05
5.88671e-05
5.8313e-05
5.77985e-05
5.73167e-05
5.68674e-05
5.64529e-05
5.60714e-05
5.57311e-05
5.54279e-05
5.51562e-05
5.49273e-05
5.47147e-05
5.45031e-05
5.43032e-05
5.41127e-05
5.39308e-05
7.45573e-05
0.000176837
0.000203109
0.000203815
0.000196356
0.000186676
0.000176777
0.000167308
0.000158453
0.000150241
0.00015049
0.000246926
0.000268106
0.000263911
0.000251857
0.000237917
0.000224206
0.000290114
0.000318027
0.000313755
0.000299477
0.000282657
0.000265802
0.000249762
0.000234765
0.000220836
0.000207932
0.00019598
0.000184922
0.000174708
0.000165297
0.000156609
0.000148576
0.000141151
0.000134283
0.000127931
0.000122062
0.000116643
0.000111641
0.000107032
0.000102803
9.89019e-05
9.5292e-05

