5e-05
5.02669e-05
5.04842e-05
5.06602e-05
5.08034e-05
5.09206e-05
5.10168e-05
5.10963e-05
5.11623e-05
5.12174e-05
5.12636e-05
5.13026e-05
5.13352e-05
5.13523e-05
5.13572e-05
5.13613e-05
5.13662e-05
5.1372e-05
5.13789e-05
5.13866e-05
5.13921e-05
5.13983e-05
5.14057e-05
5.14141e-05
5.14213e-05
5.14276e-05
5.14349e-05
5.14417e-05
5.14465e-05
5.14472e-05
5.14472e-05
5.14493e-05
5.14532e-05
5.14589e-05
5.14661e-05
5.14743e-05
5.14988e-05
5.15778e-05
5.16781e-05
5.17779e-05
5.18681e-05
5.19447e-05
5.20066e-05
5.20466e-05
5.20719e-05
5.21059e-05
5.21619e-05
5.22154e-05
5.22791e-05
5.23675e-05
5.24491e-05
6.3956e-05
0.000171616
0.000200152
0.000201771
0.000194743
0.000185316
0.000175594
0.000166262
0.000157525
0.000149418
0.000141918
0.000134987
0.000128584
0.000122674
0.000117218
0.000112183
0.000107533
0.000103238
9.92731e-05
9.56142e-05
9.22775e-05
8.95498e-05
8.73771e-05
8.56628e-05
8.45626e-05
0.000232081
0.000305108
0.000291444
0.000273518
0.000256574
0.000240845
0.00022629
0.000212838
0.000200412
0.000188938
0.000178349
0.000168592
0.000159589
0.000151278
0.000143605
0.000136523
0.000129986
0.000123951
0.000118381
0.00011324
0.000108495
0.000104115
0.000100072
9.634e-05
9.29102e-05
8.97657e-05
8.68669e-05
8.41798e-05
8.16962e-05
7.94017e-05
0.000167725
0.000217308
0.000224714
0.000218343
0.000207914
0.000196721
0.000185849
0.000175626
0.000166123
0.000157325
0.000149196
0.000141689
0.000134758
0.00012836
0.00012245
0.000116994
0.000111958
0.00010731
0.00010302
9.90594e-05
9.5404e-05
9.20299e-05
8.89154e-05
8.60406e-05
8.3387e-05
8.09376e-05
7.86766e-05
7.65895e-05
7.46629e-05
7.28845e-05
7.12428e-05
6.97363e-05
6.83683e-05
6.71047e-05
6.59344e-05
6.48529e-05
6.38528e-05
6.29273e-05
6.20705e-05
6.12772e-05
6.05428e-05
5.98628e-05
5.92334e-05
5.86527e-05
5.81365e-05
5.76686e-05
5.72383e-05
5.68395e-05
5.64628e-05
5.61096e-05
5.57797e-05
5.54677e-05
5.51732e-05
5.49117e-05
5.4692e-05
5.44942e-05
5.43105e-05
5.41323e-05
5.39636e-05
5.38045e-05
5.36544e-05
5.35108e-05
5.3372e-05
5.32419e-05
5.31203e-05
5.30069e-05
9.83065e-05
0.000183403
0.00020379
0.00020259
0.000194592
0.000184839
0.000175019
0.000165675
0.00015695
0.000148861
0.000141383
0.000134476
0.000128099
0.000122213
0.000116775
0.000111757
0.000107124
0.000102849
9.89031e-05
9.52612e-05
0.000146556
0.000217779
0.000232015
0.000227433
0.000217107
0.000205477
0.00019402
0.000183197
0.00017312
0.00016379
0.000248096
0.000279367
0.000277817
0.00026591
0.000251315
0.000236603
0.000222597
0.000209522
0.000197402
0.000186197
0.000175848
0.000166293
0.000157473
0.000149331
0.000141815
0.000134873
0.000128465
0.00012255
0.000117091
0.00011205
0.000107391
0.000103091
9.91225e-05
9.54604e-05
9.2081e-05
8.89597e-05
8.60784e-05
8.34196e-05
8.09657e-05
7.86983e-05
7.66032e-05
7.46694e-05
7.28855e-05
7.12402e-05
6.97227e-05
6.83231e-05
6.70321e-05
6.58412e-05
6.47428e-05
6.37295e-05
6.27948e-05
6.19325e-05
6.11369e-05
6.04022e-05
5.97209e-05
5.9092e-05
5.85121e-05
5.79775e-05

