5e-05
5.02631e-05
5.04691e-05
5.06301e-05
5.07572e-05
5.08582e-05
5.09394e-05
5.10052e-05
5.1059e-05
5.11231e-05
5.11962e-05
5.12637e-05
5.1322e-05
5.13611e-05
5.13897e-05
5.14127e-05
5.14312e-05
5.1446e-05
5.14579e-05
5.14666e-05
5.14641e-05
5.14595e-05
5.14537e-05
5.14395e-05
5.14224e-05
5.14083e-05
5.13976e-05
5.13902e-05
5.13851e-05
5.13778e-05
5.13727e-05
5.13702e-05
5.13703e-05
5.13724e-05
5.13745e-05
5.13766e-05
5.13803e-05
5.13831e-05
5.13859e-05
5.139e-05
5.13953e-05
5.14002e-05
5.14036e-05
5.1408e-05
5.14132e-05
5.14192e-05
5.14256e-05
5.14294e-05
5.14331e-05
5.14351e-05
5.14365e-05
5.14376e-05
0.000127889
0.000191312
0.000204392
0.000200829
0.000192161
0.00018231
0.00017258
0.000163452
0.000155252
0.000147857
0.000141056
0.000134732
0.000128794
0.000123212
0.000117985
0.000113098
0.000108537
0.000104287
0.000100333
9.6661e-05
9.32537e-05
9.0095e-05
8.71647e-05
8.44439e-05
8.1927e-05
7.9597e-05
7.74389e-05
7.54458e-05
7.36058e-05
7.19068e-05
7.0336e-05
6.8884e-05
6.75435e-05
6.8736e-05
0.000180834
0.000211111
0.000212681
0.000205048
0.000194879
0.000184418
0.000174394
0.000165015
0.000156339
0.000148325
0.000140926
0.000134094
0.000127785
0.000121957
0.000116575
0.000111602
0.000165844
0.000230677
0.00024226
0.000236333
0.000225139
0.000212827
0.00020078
0.000189425
0.000178864
0.000169087
0.000160053
0.000151711
0.000144004
0.000136888
0.000130318
0.000124253
0.000118653
0.000113482
0.000108709
0.000104304
0.00010024
9.64893e-05
0.000129712
0.000213315
0.000231702
0.000228447
0.000218485
0.000206897
0.000195379
0.000184462
0.000174281
0.00016485
0.000156133
0.000148085
0.000140656
0.000133798
0.000127469
0.000121624
0.00011623
0.000111251
0.000106653
0.000102408
9.8492e-05
9.48946e-05
9.15821e-05
8.85524e-05
8.57693e-05
8.32014e-05
8.08215e-05
7.86113e-05
7.65741e-05
7.47001e-05
7.29906e-05
7.14224e-05
6.99724e-05
6.86293e-05
6.73822e-05
6.62229e-05
6.51447e-05
6.41421e-05
6.32101e-05
6.23414e-05
6.1527e-05
6.0777e-05
6.01086e-05
5.94931e-05
0.000156138
0.000200744
0.000207415
0.000201692
0.000192312
0.000182241
0.000172457
0.000163254
0.000154699
0.000146797
0.000139516
0.000132799
0.000126597
0.000120869
0.000115567
0.000110665
0.000106137
0.000101956
9.80926e-05
9.45209e-05
9.12224e-05
8.81762e-05
8.53559e-05
8.27486e-05
8.03423e-05
7.81219e-05
7.60733e-05
7.41832e-05
7.24394e-05
7.08262e-05
6.93321e-05
6.79536e-05
6.66826e-05
6.5511e-05
6.46124e-05
6.41442e-05
6.38985e-05
6.36415e-05
6.33391e-05
6.29807e-05
6.2546e-05
6.20111e-05
6.14359e-05
6.0848e-05
6.0252e-05
5.9651e-05
5.90725e-05
5.85211e-05
5.80001e-05
5.75149e-05
0.000101677
0.000185937
0.000205952
0.000204545
0.000196394
0.000186508
0.000176564
0.000167103
0.000158274
0.00015009
0.000142525
0.000135537
0.000129085
0.000123129
0.00011763
0.000112557
0.000107889
0.000103585
9.96154e-05
9.59505e-05
9.25618e-05
8.94395e-05
8.65778e-05
8.39345e-05
8.14907e-05
7.92428e-05
7.71791e-05
7.52754e-05
7.35145e-05
7.18832e-05
7.05716e-05
6.97998e-05

