5e-05
5.02667e-05
5.04834e-05
5.06586e-05
5.08009e-05
5.09171e-05
5.10125e-05
5.10912e-05
5.11565e-05
5.12109e-05
5.12566e-05
5.12951e-05
5.13277e-05
5.13491e-05
5.13984e-05
5.14767e-05
5.15596e-05
5.16373e-05
5.17055e-05
5.17605e-05
0.000147384
0.000195113
0.000203073
0.000197981
0.000188987
0.000179207
0.000169669
0.000160689
0.000152338
0.000144594
0.000137429
0.000130813
0.000124707
0.000119073
0.000113875
0.000109079
0.000104655
0.000100572
9.68057e-05
9.33305e-05
9.0132e-05
8.7447e-05
8.53037e-05
8.34098e-05
8.16708e-05
8.00249e-05
7.84032e-05
7.68278e-05
7.52917e-05
7.3771e-05
7.22653e-05
7.08139e-05
6.94333e-05
6.81344e-05
6.69139e-05
6.57721e-05
6.47101e-05
6.37208e-05
6.28037e-05
6.19494e-05
6.1155e-05
6.04194e-05
5.97395e-05
5.9111e-05
5.85303e-05
5.79901e-05
5.74931e-05
5.70329e-05
5.66065e-05
5.62125e-05
5.58513e-05
5.55208e-05
5.52185e-05
5.49412e-05
5.46848e-05
5.4472e-05
5.42914e-05
5.41496e-05
5.40392e-05
5.3933e-05
5.38313e-05
5.37241e-05
5.36111e-05
5.34931e-05
5.33738e-05
5.32589e-05
5.31475e-05
5.3044e-05
5.29448e-05
5.28521e-05
5.27658e-05
5.26833e-05
5.26078e-05
5.25334e-05
5.24563e-05
5.2385e-05
5.23212e-05
5.22647e-05
5.22148e-05
5.21709e-05
5.21321e-05
5.20981e-05
5.20681e-05
5.20417e-05
5.20185e-05
5.19975e-05
5.19745e-05
5.19533e-05
5.19324e-05
5.19115e-05
5.18932e-05
5.18774e-05
5.1864e-05
5.1851e-05
5.18366e-05
5.18242e-05
5.18137e-05
5.1805e-05
5.17979e-05
5.17921e-05
5.17874e-05
5.18014e-05
5.18354e-05
5.18567e-05
5.18715e-05
5.18849e-05
5.18963e-05
5.19054e-05
5.19106e-05
5.19168e-05
5.19505e-05
5.19903e-05
5.20279e-05
5.20541e-05
5.20696e-05
5.20796e-05
5.2085e-05
5.20846e-05
5.20719e-05
5.20506e-05
5.2027e-05
5.20047e-05
5.19769e-05
5.19535e-05
5.19595e-05
5.19811e-05
5.2032e-05
5.20896e-05
5.21412e-05
5.21708e-05
0.000154743
0.000196705
0.000202799
0.000197127
0.00018802
0.000178588
0.000169731
0.000161516
0.000153824
0.000146662
0.000139926
0.000133605
0.000127685
0.000122144
0.000116959
0.000112111
0.000107631
0.000103467
9.96061e-05
9.6025e-05
9.2701e-05
8.9607e-05
8.67565e-05
8.44977e-05
8.7917e-05
0.000272661
0.000373846
0.000409326
0.000402871
0.000383202
0.000360231
0.000337349
0.000315643
0.000295405
0.000379752
0.000394298
0.000381607
0.000360904
0.000338706
0.000317153
0.000296895
0.000323109
0.000375556
0.000375835
0.000359552
0.000338837
0.000317762
0.000297639
0.000278832
0.000261392
0.00024529
0.000230659
0.000217312
0.000205053
0.000193689
0.000183114
0.000173264
0.000164095
0.000155591
0.0001477
0.000140393
0.000133631
0.000127377
0.000121592
0.000116238
0.000111288
0.000106739
0.000102551
9.8686e-05
9.5114e-05
9.1806e-05
8.87475e-05
8.59208e-05
8.33082e-05
8.0889e-05
7.86514e-05
7.65842e-05
7.46746e-05
7.29108e-05
7.12817e-05
6.97771e-05
6.83852e-05
6.70964e-05
6.5903e-05
6.48013e-05
6.37848e-05
6.28471e-05
6.19819e-05
6.11805e-05
6.04398e-05
5.97555e-05
5.91216e-05
5.85371e-05
5.79986e-05
5.75025e-05
5.70453e-05
5.66241e-05
5.62359e-05
5.58781e-05
5.55483e-05

