5e-05
5.02669e-05
5.04842e-05
5.06602e-05
5.08034e-05
5.09206e-05
5.10168e-05
5.10963e-05
5.11623e-05
5.12174e-05
5.12636e-05
5.13026e-05
5.13512e-05
0.000107582
0.000183984
0.000201482
0.000199531
0.000191524
0.00018199
0.000172422
0.000163293
0.00015476
0.000146845
0.000139511
0.000132734
0.00012648
0.000120709
0.000115384
0.00011047
0.000105931
0.000101742
9.78779e-05
9.43133e-05
9.10254e-05
8.79926e-05
8.51951e-05
8.26147e-05
8.02344e-05
7.80387e-05
7.60131e-05
7.41444e-05
7.24183e-05
7.08227e-05
6.93492e-05
6.79868e-05
6.673e-05
6.55712e-05
6.45027e-05
6.35174e-05
6.26089e-05
0.000159809
0.000204011
0.000210399
0.000204415
0.000194801
0.00018452
0.000174546
0.000165173
0.000156489
0.000148467
0.000141038
0.000134168
0.000127826
0.000121974
0.000116572
0.000111584
0.000106974
0.000102718
9.87858e-05
9.51542e-05
9.18033e-05
8.87062e-05
8.58465e-05
8.32057e-05
8.07635e-05
7.85068e-05
7.64245e-05
7.45027e-05
7.27313e-05
7.10991e-05
6.9595e-05
6.82076e-05
6.69204e-05
6.57303e-05
6.46322e-05
6.36204e-05
6.26833e-05
6.18193e-05
6.10219e-05
6.02884e-05
5.96121e-05
5.89884e-05
5.84126e-05
5.78819e-05
5.73929e-05
5.69413e-05
5.65266e-05
5.61456e-05
5.57923e-05
5.54655e-05
5.51602e-05
5.48932e-05
5.46594e-05
5.445e-05
5.42834e-05
5.41536e-05
5.40308e-05
5.39136e-05
5.3793e-05
5.3671e-05
5.35543e-05
5.34433e-05
5.33347e-05
5.32282e-05
5.31273e-05
5.3052e-05
5.29933e-05
5.2929e-05
5.28632e-05
5.28012e-05
5.27427e-05
5.26894e-05
5.26696e-05
5.26568e-05
5.26435e-05
5.26291e-05
5.26095e-05
5.25804e-05
5.25488e-05
5.25351e-05
5.28906e-05
5.37413e-05
8.50767e-05
0.000263061
0.000276157
0.000260319
0.000244422
0.00027887
0.000348513
0.000355763
0.000342721
0.000323867
0.000304115
0.000285079
0.000267243
0.000250706
0.00023543
0.000221334
0.000272641
0.000323636
0.00032616
0.000313123
0.000295792
0.000277959
0.000260865
0.000244865
0.000230016
0.000216282
0.000203594
0.000191879
0.000181064
0.000171082
0.00016187
0.000153368
0.000145516
0.000138269
0.000131598
0.00012545
0.000119778
0.000114543
0.000109712
0.00010525
0.000101124
9.73105e-05
9.3788e-05
9.05342e-05
8.75295e-05
8.47497e-05
8.21817e-05
7.98127e-05
7.7623e-05
7.5597e-05
7.37241e-05
7.19972e-05
7.04034e-05
6.89354e-05
6.76044e-05
6.6388e-05
6.52701e-05
6.42381e-05
6.32804e-05
6.2386e-05
6.15555e-05
6.07884e-05
6.00772e-05
5.94201e-05
5.8813e-05
5.82507e-05
5.7732e-05
5.7254e-05
5.6811e-05
5.64015e-05
5.60211e-05
5.56691e-05
5.53368e-05
5.5026e-05
5.47377e-05
5.44711e-05
5.42255e-05
5.40003e-05
5.3795e-05
5.36078e-05
5.34373e-05
5.32819e-05
5.31403e-05
5.31242e-05
5.34094e-05
5.37756e-05
5.41328e-05
5.44499e-05
5.4693e-05
5.48418e-05
5.48742e-05
5.48162e-05
5.47068e-05
5.45764e-05
5.4434e-05
5.428e-05
5.41201e-05
5.3963e-05
5.38109e-05
5.36649e-05
5.35258e-05
5.33914e-05
5.32615e-05
5.31396e-05
5.30261e-05
5.29205e-05
5.28225e-05
5.27279e-05
5.2639e-05
5.25537e-05
5.2475e-05
5.24032e-05
5.23378e-05
5.22783e-05
5.22242e-05
5.2175e-05
5.21302e-05
5.20857e-05

