5e-05
5.02631e-05
5.04691e-05
5.06301e-05
5.07572e-05
5.08582e-05
5.09394e-05
5.10052e-05
5.10671e-05
5.11772e-05
5.12985e-05
5.14354e-05
5.15737e-05
5.16556e-05
5.17059e-05
5.17625e-05
5.18271e-05
5.19048e-05
5.1998e-05
5.20712e-05
5.21074e-05
5.212e-05
5.21198e-05
5.20919e-05
5.20495e-05
5.20052e-05
5.19637e-05
5.19255e-05
5.18907e-05
5.1856e-05
5.18211e-05
5.17895e-05
5.17619e-05
5.17354e-05
5.17114e-05
5.16909e-05
5.16735e-05
5.1659e-05
5.16469e-05
5.1634e-05
5.16196e-05
5.16062e-05
5.15926e-05
5.15813e-05
5.15726e-05
5.15659e-05
5.15612e-05
5.15581e-05
5.15575e-05
5.15754e-05
5.16006e-05
5.16276e-05
5.1651e-05
5.16671e-05
5.16801e-05
5.16903e-05
5.16968e-05
5.16948e-05
5.16859e-05
5.16751e-05
0.00015968
0.000199418
0.000204573
0.000198478
0.000189119
0.000179197
0.000169596
0.000160583
0.000152212
0.000144468
0.000137313
0.000130708
0.00012461
0.00011898
0.000113781
0.000108983
0.000104556
0.00010047
9.66986e-05
9.32183e-05
9.00074e-05
8.70421e-05
8.43025e-05
8.17748e-05
7.94424e-05
7.72881e-05
7.53008e-05
7.34669e-05
7.17732e-05
7.021e-05
6.8766e-05
6.74343e-05
6.62065e-05
6.50745e-05
6.40306e-05
6.31138e-05
6.25498e-05
6.2234e-05
6.2039e-05
6.18671e-05
6.16521e-05
6.13621e-05
6.09724e-05
6.0508e-05
6.00152e-05
5.95347e-05
5.90949e-05
5.86652e-05
5.82418e-05
5.78191e-05
5.74045e-05
5.70009e-05
5.66176e-05
8.33489e-05
0.000180685
0.000205131
0.00020516
0.000197426
0.000187624
0.000177678
0.000168183
0.000159308
0.000151072
0.000143447
0.000136408
0.000129936
0.000123961
0.000118437
0.000113331
0.000108611
0.00010425
0.000100222
9.65016e-05
9.30648e-05
8.98894e-05
8.69482e-05
8.42307e-05
8.17227e-05
7.94314e-05
7.73313e-05
7.5396e-05
7.36085e-05
7.19553e-05
7.04253e-05
6.90087e-05
6.76949e-05
6.64721e-05
6.5337e-05
6.42809e-05
6.33015e-05
6.23912e-05
6.1547e-05
0.00016408
0.000205101
0.00021038
0.000204038
0.000194324
0.000184026
0.00017406
0.000164703
0.000156012
0.000147972
0.000140545
0.000133685
0.000127355
0.000121525
0.000116393
0.000111925
0.000107939
0.000206574
0.000234227
0.000234065
0.000224984
0.000213453
0.000201699
0.000190443
0.000179899
0.000170099
0.000161017
0.000152623
0.000144867
0.000137704
0.000131085
0.000124971
0.000119313
0.000114089
0.000109267
0.000104818
0.000100714
9.69262e-05
9.34317e-05
9.02067e-05
8.72286e-05
8.44808e-05
8.19456e-05
0.000187575
0.000220394
0.000222304
0.000214298
0.000203542
0.000192457
0.000181827
0.000171877
0.000162644
0.000154106
0.000146216
0.000138929
0.000132202
0.000125991
0.000120258
0.000114967
0.000110083
0.000105573
0.000101412
9.75717e-05
9.40257e-05
9.07521e-05
8.77313e-05
8.4944e-05
8.23718e-05
7.99951e-05
7.77986e-05
7.57711e-05
7.38995e-05
7.21705e-05
7.05757e-05
6.91047e-05
6.77473e-05
6.64924e-05
6.5335e-05
6.42676e-05
6.3287e-05
6.24039e-05
6.15924e-05
6.08401e-05
6.01449e-05
5.95022e-05
5.89075e-05
5.83568e-05
5.78461e-05
5.73691e-05
5.69269e-05
5.65176e-05
5.61385e-05
5.57846e-05
5.5457e-05
5.51538e-05
5.48692e-05
5.46048e-05
5.43613e-05

