5e-05
5.02669e-05
5.04842e-05
5.06602e-05
5.08034e-05
5.09206e-05
5.10168e-05
5.1098e-05
5.11951e-05
5.12939e-05
5.13916e-05
5.15126e-05
5.16466e-05
5.17928e-05
5.18877e-05
5.20111e-05
5.21414e-05
5.22571e-05
5.23508e-05
5.24068e-05
5.24017e-05
5.23699e-05
5.23353e-05
5.2292e-05
5.22447e-05
5.21977e-05
5.21546e-05
5.21144e-05
5.20745e-05
5.20349e-05
5.19993e-05
5.19657e-05
5.19346e-05
5.19074e-05
5.18807e-05
5.18576e-05
5.18383e-05
5.18224e-05
5.18092e-05
5.17949e-05
5.17825e-05
5.17689e-05
5.17549e-05
5.17511e-05
5.17748e-05
5.1807e-05
5.18405e-05
5.18711e-05
5.18908e-05
5.19057e-05
5.19174e-05
5.19258e-05
5.19166e-05
5.1903e-05
5.18902e-05
5.18787e-05
5.18686e-05
5.18562e-05
5.18433e-05
5.18318e-05
0.000142798
0.000194939
0.00020398
0.000199312
0.000190788
0.000181514
0.000172402
0.000163779
0.000155701
0.00014815
0.000141099
0.000134518
0.000128385
0.000122677
0.000117362
0.000112417
0.000107831
0.000103588
0.000100004
9.73554e-05
0.000206785
0.000314372
0.000302582
0.000283739
0.00026595
0.000249464
0.00023422
0.000220138
0.000207132
0.000195126
0.000184043
0.000173814
0.000164373
0.00015566
0.00014762
0.000140202
0.000133358
0.000127043
0.000121218
0.000115843
0.000110884
0.000106309
0.000102085
9.82039e-05
9.46414e-05
9.1359e-05
8.83253e-05
8.55236e-05
8.29361e-05
8.05458e-05
7.83372e-05
7.62964e-05
7.44093e-05
7.2655e-05
0.000185242
0.000217703
0.000219624
0.00021175
0.000201165
0.000190253
0.000179788
0.000169994
0.000160927
0.000152558
0.000144832
0.000137692
0.000131098
0.000125002
0.000119372
0.000114173
0.000109371
0.000104937
0.000100862
9.71157e-05
9.3655e-05
9.04571e-05
8.74965e-05
8.47597e-05
8.22259e-05
7.98783e-05
7.77173e-05
7.57467e-05
7.39332e-05
7.22499e-05
7.06878e-05
6.92411e-05
6.79071e-05
6.6688e-05
6.55598e-05
9.97337e-05
0.000189302
0.000210867
0.000209699
0.000201356
0.00019115
0.000180868
0.000232679
0.000285801
0.000290869
0.000280309
0.000265662
0.000250583
0.000317465
0.000338503
0.000331024
0.000314713
0.000296374
0.000278295
0.000261193
0.000245251
0.000230469
0.000216788
0.000204139
0.000192452
0.00018165
0.00017167
0.000162447
0.000153928
0.00014606
0.000138796
0.000132093
0.00012593
0.000120256
0.000115021
0.000110189
0.000105726
0.000101603
9.77937e-05
9.42913e-05
9.10592e-05
8.80722e-05
8.53071e-05
8.27516e-05
8.03895e-05
7.82057e-05
7.61815e-05
7.43094e-05
9.77712e-05
0.000192226
0.000215155
0.000214186
0.000205689
0.000195248
0.000184716
0.000174676
0.000165294
0.000156599
0.00014858
0.000141179
0.000134346
0.000128032
0.000122184
0.000116778
0.000111785
0.000107174
0.00019532
0.00023521
0.000238615
0.000230293
0.000218667
0.000206577
0.000194941
0.000184032
0.000173899
0.000164523
0.000155855
0.000147849
0.000140457
0.00013363
0.000127326
0.000121506
0.000116134
0.000111174
0.000106592
0.000102364
9.84605e-05
9.48583e-05
9.15338e-05
8.84709e-05
8.56595e-05
8.30662e-05
8.06736e-05
7.84607e-05
7.64171e-05
7.45297e-05
7.27863e-05
7.11757e-05
6.9684e-05
6.83004e-05
6.70212e-05

