5e-05
5.02631e-05
5.04691e-05
5.06301e-05
5.07572e-05
5.08582e-05
5.09394e-05
5.10052e-05
5.10648e-05
5.11412e-05
5.12267e-05
5.1337e-05
5.14839e-05
5.16571e-05
5.1829e-05
5.20043e-05
5.21551e-05
5.2272e-05
5.23546e-05
7.6863e-05
0.000176367
0.000201882
0.000202444
0.000195009
0.000275141
0.000304884
0.000301535
0.00028785
0.000271577
0.000255298
0.000239836
0.000225416
0.000212056
0.000199707
0.000188303
0.000177777
0.000168063
0.000159097
0.000150822
0.00014318
0.000136126
0.000129617
0.00012361
0.000118067
0.000112951
0.000108226
0.000103865
9.98415e-05
9.61279e-05
9.26974e-05
8.95296e-05
8.65975e-05
8.38819e-05
8.1375e-05
7.90633e-05
7.69312e-05
7.49618e-05
7.31592e-05
7.15084e-05
6.99898e-05
6.85909e-05
6.72939e-05
6.6093e-05
6.49832e-05
6.39532e-05
6.29976e-05
6.21137e-05
6.12985e-05
6.05452e-05
5.98463e-05
5.92011e-05
5.86069e-05
5.80597e-05
5.7553e-05
5.70838e-05
5.66471e-05
5.62448e-05
5.58751e-05
5.55354e-05
5.52234e-05
5.49368e-05
5.46695e-05
5.44201e-05
5.4191e-05
5.39802e-05
5.37843e-05
5.36023e-05
5.34315e-05
5.32737e-05
5.3128e-05
5.29937e-05
5.28699e-05
5.27536e-05
5.26454e-05
5.2545e-05
5.24519e-05
5.23675e-05
5.22918e-05
5.22241e-05
5.21635e-05
5.21093e-05
5.20603e-05
5.20134e-05
5.19708e-05
5.19297e-05
5.18914e-05
5.18498e-05
5.18087e-05
5.17731e-05
5.17611e-05
5.17636e-05
5.17713e-05
5.17795e-05
5.17751e-05
5.17655e-05
5.17494e-05
5.17327e-05
5.17164e-05
5.16992e-05
5.16818e-05
5.16613e-05
5.16432e-05
5.16278e-05
5.1615e-05
5.16044e-05
5.15975e-05
5.16136e-05
5.16336e-05
5.16532e-05
5.16675e-05
5.16761e-05
5.16762e-05
5.16731e-05
5.16696e-05
5.1666e-05
0.000144631
0.000194631
0.000203305
0.000198423
0.000189539
0.000179873
0.000170444
0.000161557
0.000153307
0.000145669
0.000138588
0.000233537
0.000260622
0.000258778
0.000247792
0.000234483
0.000221111
0.000208448
0.000196698
0.000185788
0.000175771
0.000166505
0.000157894
0.000226945
0.00026838
0.000270726
0.000260508
0.000246798
0.000232648
0.000219053
0.000206306
0.000194495
0.000183576
0.000173484
0.000164163
0.000155553
0.000147595
0.000140225
0.000133411
0.000127116
0.000121306
0.000115941
0.000110989
0.00021022
0.000240864
0.000241062
0.000231562
0.00021946
0.000207145
0.000291554
0.00031199
0.000305356
0.000290468
0.000273735
0.000257259
0.000241695
0.000227202
0.000213772
0.000201351
0.000189875
0.000179274
0.000169476
0.000160425
0.000152068
0.000144352
0.000137228
0.000130648
0.000124569
0.000118956
0.000113771
0.000108979
0.000104554
0.000100468
9.66927e-05
9.32089e-05
8.99951e-05
8.70305e-05
8.42959e-05
8.17733e-05
7.94459e-05
7.72956e-05
7.53106e-05
7.34766e-05
7.17823e-05
7.02186e-05
6.87746e-05
6.74414e-05
6.62537e-05
6.53946e-05
6.47508e-05
6.41912e-05
6.3611e-05
6.29941e-05
6.23772e-05
6.17616e-05
6.11375e-05
6.0548e-05
5.99967e-05
5.94714e-05
5.89586e-05
5.84651e-05
5.7996e-05
5.75501e-05
5.71659e-05
5.71529e-05
5.74443e-05
5.80407e-05
7.21965e-05
0.000255176
0.000271588
0.000255579
0.000239939
0.000225426
0.000212006
0.000199607

