5e-05
5.02631e-05
5.04691e-05
5.06301e-05
5.07572e-05
5.08582e-05
5.09394e-05
5.10052e-05
5.10589e-05
5.11033e-05
5.11402e-05
5.11715e-05
5.12137e-05
5.12647e-05
5.13384e-05
5.1414e-05
5.14831e-05
5.15422e-05
5.15887e-05
5.16122e-05
5.16321e-05
5.16417e-05
5.16436e-05
5.1632e-05
5.16179e-05
5.16057e-05
5.15958e-05
5.15877e-05
0.000126751
0.000190856
0.000204207
0.000200745
0.000192114
0.000182277
0.00017255
0.00016335
0.000154782
0.000146848
0.000139514
0.00013274
0.000126488
0.000120718
0.000115394
0.00011048
0.000105946
0.000101773
9.79512e-05
9.44646e-05
9.12853e-05
8.83574e-05
8.5634e-05
8.31018e-05
8.07375e-05
7.85351e-05
7.6496e-05
7.46083e-05
7.28571e-05
7.1235e-05
6.97284e-05
6.83338e-05
6.70415e-05
6.58459e-05
6.47428e-05
7.93504e-05
0.000183489
0.000210023
0.000210454
0.000202575
0.000192454
0.000182128
0.000172258
0.000163028
0.000154467
0.000146552
0.000139241
0.000132487
0.000126251
0.000120503
0.000115223
0.000110358
0.00010587
0.000101722
9.78853e-05
9.43357e-05
9.10543e-05
8.80232e-05
8.52217e-05
8.26273e-05
8.02267e-05
7.80074e-05
7.59596e-05
7.40701e-05
7.23259e-05
7.07178e-05
6.92353e-05
6.78687e-05
6.66088e-05
6.54474e-05
6.44e-05
6.34844e-05
6.26582e-05
6.18985e-05
6.11924e-05
6.05322e-05
5.99108e-05
5.9314e-05
5.87502e-05
5.82233e-05
5.77487e-05
5.73125e-05
5.69094e-05
5.65347e-05
5.61818e-05
5.58498e-05
5.55387e-05
5.52404e-05
5.49626e-05
5.4703e-05
5.44609e-05
5.42373e-05
5.40311e-05
5.3841e-05
5.36659e-05
5.35013e-05
5.33427e-05
5.31939e-05
5.30544e-05
5.29228e-05
5.2803e-05
5.26939e-05
5.25927e-05
5.2501e-05
5.24335e-05
5.23867e-05
5.23519e-05
5.23459e-05
5.23441e-05
5.23416e-05
5.2351e-05
5.24128e-05
5.24804e-05
5.253e-05
5.2564e-05
5.25731e-05
5.25618e-05
5.25346e-05
5.25253e-05
5.25287e-05
5.25407e-05
5.28044e-05
6.22436e-05
0.00024773
0.000267621
0.00025225
0.000236896
0.000222621
0.000209418
0.000197219
0.000185952
0.000175548
0.000165943
0.000157074
0.000148887
0.000141328
0.00013435
0.000127909
0.000121962
0.000116472
0.000111404
0.000106725
0.000102405
9.8418e-05
9.47367e-05
9.13382e-05
8.82008e-05
8.53047e-05
8.26311e-05
8.01628e-05
7.78842e-05
7.57809e-05
7.38396e-05
7.20478e-05
7.03938e-05
6.88667e-05
6.74569e-05
6.61557e-05
6.49552e-05
6.38471e-05
6.28241e-05
6.18797e-05
6.1008e-05
6.02032e-05
5.94602e-05
5.87742e-05
5.81409e-05
5.75606e-05
5.70309e-05
5.65416e-05
5.60886e-05
5.56687e-05
5.52796e-05
5.49193e-05
5.4586e-05
5.42779e-05
5.39931e-05
5.37299e-05
5.34868e-05
5.32625e-05
5.30558e-05
5.28649e-05
5.26885e-05
5.25256e-05
5.23751e-05
5.22364e-05
5.21085e-05
5.19905e-05
5.18815e-05
5.17811e-05
5.16888e-05
5.16038e-05
5.15254e-05
5.1453e-05
5.13864e-05
0.000133447
0.000195735
0.000208203
0.000204215
0.000195202
0.000185047
0.000175042
0.000215035
0.000280414
0.000288969
0.000279754
0.000265356
0.000250006
0.000235108
0.000221092
0.000208058
0.00019601
0.000184999
0.000174852
0.000165434
0.0001567
0.000148611
0.000141132
0.000134225
0.000127838
0.000121932
0.000116579

