5e-05
5.02669e-05
5.04842e-05
5.06602e-05
5.08034e-05
5.09206e-05
5.10168e-05
5.10963e-05
5.11623e-05
5.12174e-05
5.12636e-05
5.13095e-05
5.14275e-05
5.16623e-05
5.19402e-05
5.22773e-05
5.26037e-05
5.28783e-05
5.30878e-05
0.000158613
0.000196803
0.000201713
0.000195741
0.000186586
0.000176867
0.000167461
0.00015863
0.000150427
0.000142837
0.000135822
0.000129346
0.000123368
0.000117851
0.000112757
0.000108055
0.000103716
9.97123e-05
9.60181e-05
9.26052e-05
8.94515e-05
8.65417e-05
8.38555e-05
8.13713e-05
7.9079e-05
7.69651e-05
7.50158e-05
7.32182e-05
7.15607e-05
7.00321e-05
6.86224e-05
6.73186e-05
8.83311e-05
0.000187081
0.000211472
0.000211142
0.000203023
0.000192831
0.000182495
0.000172633
0.000163416
0.000154853
0.000146928
0.000139607
0.000166498
0.000245445
0.000260745
0.000255059
0.000242997
0.000229518
0.00021627
0.000203764
0.000269534
0.000305845
0.000304551
0.000291383
0.000275106
0.000258659
0.000242989
0.000228355
0.000214789
0.000202249
0.000190666
0.000179971
0.000170097
0.000160981
0.000152565
0.000144795
0.00013762
0.000130998
0.000124888
0.00011925
0.000114048
0.000167876
0.000231662
0.000242834
0.000236738
0.000225467
0.000213122
0.00020106
0.000189696
0.000179124
0.000169338
0.000160295
0.000151945
0.000144233
0.000137113
0.000130539
0.000124463
0.000118855
0.000113679
0.000108903
0.000104495
0.000100424
9.66625e-05
9.31895e-05
8.99856e-05
8.70301e-05
8.43039e-05
8.17891e-05
7.94694e-05
7.73296e-05
7.53556e-05
7.35346e-05
7.18545e-05
7.03045e-05
6.88744e-05
6.75549e-05
6.63373e-05
6.52138e-05
6.4177e-05
6.32195e-05
6.23315e-05
6.15101e-05
6.07719e-05
6.01067e-05
5.94914e-05
5.89238e-05
5.83992e-05
5.79133e-05
5.74829e-05
5.71093e-05
5.67681e-05
5.64449e-05
5.61332e-05
5.58335e-05
5.5554e-05
5.52998e-05
5.50572e-05
5.48203e-05
5.47738e-05
5.50643e-05
5.54485e-05
5.58279e-05
5.61475e-05
5.63988e-05
5.65869e-05
5.67057e-05
5.67122e-05
5.66243e-05
0.000120051
0.000188252
0.000203116
0.000200335
0.000192028
0.000182359
0.000172737
0.000163612
0.0001551
0.000147209
0.000139909
0.000214596
0.000258276
0.000261757
0.000252278
0.000239154
0.000225529
0.000212434
0.000200165
0.000188775
0.000269965
0.000297731
0.000294149
0.000280776
0.000264966
0.000249179
0.000234199
0.000220234
0.000207296
0.00019534
0.000238325
0.000292615
0.000297729
0.000286936
0.000271639
0.000255707
0.000240778
0.000240564
0.000412887
0.000423355
0.000397182
0.000370885
0.000346425
0.000323787
0.000302862
0.000283679
0.000266155
0.000249966
0.000234955
0.000221032
0.000208139
0.000196204
0.00018516
0.000174946
0.000165502
0.000156772
0.000148701
0.000141244
0.000134355
0.000127991
0.000122114
0.000116688
0.000111679
0.000107051
0.000102778
9.88294e-05
9.51846e-05
9.18188e-05
8.87128e-05
8.58476e-05
8.32047e-05
8.07668e-05
7.85179e-05
7.64433e-05
7.45272e-05
7.27572e-05
7.11243e-05
6.9618e-05
6.82285e-05
6.6946e-05
6.57593e-05
6.467e-05
6.36851e-05
6.2784e-05
6.21052e-05
6.19233e-05
6.20973e-05
6.29221e-05
0.000231518
0.000280744
0.000266185

