5e-05
5.02669e-05
5.04842e-05
5.06602e-05
5.08034e-05
5.09206e-05
5.10168e-05
5.10963e-05
5.11623e-05
5.12174e-05
5.12636e-05
5.13026e-05
5.1338e-05
5.1391e-05
5.14557e-05
5.15345e-05
5.16461e-05
5.17599e-05
5.18622e-05
5.19399e-05
5.19775e-05
5.19921e-05
5.19993e-05
5.19914e-05
5.19784e-05
5.19645e-05
5.19505e-05
5.19368e-05
5.1922e-05
5.18909e-05
5.18508e-05
5.1813e-05
5.17803e-05
5.1753e-05
5.17306e-05
5.17127e-05
5.16987e-05
5.16881e-05
5.16806e-05
5.16756e-05
5.16727e-05
5.16717e-05
5.16721e-05
5.16722e-05
5.16701e-05
5.16768e-05
5.1706e-05
5.17413e-05
5.17766e-05
5.18259e-05
5.18713e-05
8.70799e-05
0.000178825
0.000201624
0.000201328
0.000193698
0.00018412
0.000174404
0.000165131
0.000156461
0.000148416
0.000140972
0.000227049
0.000262808
0.00026351
0.000253044
0.000239554
0.000225784
0.000267992
0.000318023
0.000320458
0.000307629
0.000290883
0.000274018
0.000257976
0.000243037
0.000229154
0.0002162
0.000204117
0.000192987
0.000182782
0.000173244
0.000164229
0.000155804
0.000147969
0.000140702
0.000133977
0.000127781
0.000122024
0.000116695
0.000111766
0.000107198
0.000102974
9.90641e-05
9.54473e-05
9.21058e-05
8.90191e-05
8.61683e-05
8.35356e-05
8.11045e-05
7.88597e-05
7.67871e-05
7.48717e-05
7.3099e-05
7.14602e-05
6.9944e-05
6.85406e-05
6.72456e-05
6.60515e-05
6.49486e-05
6.39286e-05
6.29842e-05
6.21135e-05
6.13084e-05
6.05666e-05
5.99099e-05
5.93206e-05
5.87917e-05
5.83317e-05
5.79148e-05
5.75367e-05
5.72278e-05
5.69541e-05
5.66927e-05
5.64159e-05
5.61366e-05
5.58595e-05
5.55874e-05
5.53296e-05
5.50868e-05
5.48764e-05
5.47079e-05
5.4548e-05
5.43876e-05
5.42228e-05
5.4066e-05
5.39271e-05
5.38591e-05
5.38024e-05
5.37348e-05
5.36669e-05
5.3599e-05
5.35294e-05
5.34579e-05
5.33837e-05
5.33785e-05
5.38486e-05
5.45963e-05
5.54841e-05
5.64128e-05
5.73908e-05
6.76338e-05
0.000251096
0.000275761
0.000260635
0.000244749
0.000229909
0.000216169
0.000203471
0.000191744
0.000180916
0.000170921
0.000161696
0.000153182
0.000229357
0.000281067
0.000285863
0.00027554
0.00026094
0.000245722
0.000231078
0.000217357
0.000204624
0.000192845
0.000181967
0.000171924
0.000162655
0.0001541
0.000146257
0.000139322
0.000133126
0.000127398
0.000122044
0.000117046
0.000112363
0.000107973
0.00010386
0.000100015
9.64123e-05
9.30546e-05
8.99265e-05
8.70238e-05
8.4334e-05
8.18406e-05
7.95238e-05
7.73767e-05
7.53925e-05
7.35565e-05
7.18714e-05
0.000138438
0.000203705
0.000216793
0.000212634
0.000203196
0.000192555
0.000192878
0.000280614
0.000297187
0.00029007
0.000275776
0.000259924
0.000244375
0.000229708
0.000216061
0.000203424
0.000191743
0.000180956
0.000170995
0.000161797
0.000153309
0.000145474
0.000138255
0.000131827
0.000126056
0.000120798
0.000115952
0.00011144
0.0001072
0.000103193
9.94185e-05
9.58897e-05
9.26015e-05
8.95421e-05
8.66992e-05
8.40602e-05
8.16125e-05
7.93439e-05
7.72393e-05
7.52828e-05
7.34666e-05
7.17852e-05
7.02262e-05
6.87862e-05
6.74543e-05
6.6225e-05
6.50913e-05
6.4046e-05
6.30759e-05
6.21775e-05
6.13498e-05

