5e-05
5.02631e-05
5.04691e-05
5.06301e-05
5.07572e-05
5.08582e-05
5.09394e-05
5.10052e-05
5.10709e-05
5.11502e-05
5.12246e-05
5.12913e-05
5.14058e-05
5.15718e-05
5.17134e-05
5.18378e-05
5.19547e-05
5.20892e-05
5.22057e-05
5.22834e-05
0.000136924
0.000192502
0.000203146
0.000198923
0.000190144
0.000180356
0.000170742
0.00016167
0.000153228
0.00014541
0.000138185
0.000131513
0.000125355
0.00014027
0.000231796
0.000251624
0.000247633
0.000236847
0.000224554
0.000212319
0.000200582
0.00018955
0.000179234
0.000169636
0.000160726
0.000152464
0.000144809
0.000137721
0.000131161
0.000125113
0.000119572
0.000114517
0.000109841
0.000105474
0.000101428
9.76901e-05
9.42676e-05
9.11092e-05
8.81832e-05
8.54562e-05
8.28887e-05
8.04942e-05
7.82761e-05
7.62233e-05
7.43265e-05
7.25727e-05
7.0954e-05
6.94581e-05
6.80767e-05
6.67976e-05
6.56153e-05
6.45236e-05
6.35171e-05
6.25903e-05
6.17729e-05
6.1253e-05
6.09463e-05
6.0742e-05
6.05068e-05
6.02309e-05
5.99147e-05
5.95338e-05
5.91066e-05
5.86643e-05
5.82271e-05
5.78561e-05
5.79937e-05
5.87629e-05
0.000175831
0.000271408
0.000258072
0.000242292
0.000227596
0.000214004
0.000201447
0.000189851
0.000179145
0.00016926
0.000160134
0.000151709
0.000143932
0.000136752
0.000130125
0.000124007
0.000118359
0.000113145
0.000108332
0.000103889
9.9788e-05
9.60018e-05
9.25065e-05
8.92797e-05
8.63009e-05
8.35512e-05
8.10132e-05
7.86705e-05
7.65079e-05
7.45118e-05
7.26689e-05
7.09674e-05
6.93965e-05
6.79463e-05
6.66079e-05
6.53726e-05
6.42363e-05
6.31932e-05
6.22301e-05
6.13394e-05
6.05178e-05
5.9766e-05
5.90711e-05
5.8427e-05
5.78297e-05
5.72761e-05
5.67635e-05
5.62895e-05
5.58597e-05
5.54744e-05
5.51216e-05
5.48136e-05
5.45294e-05
5.42594e-05
5.40034e-05
5.3774e-05
5.35707e-05
0.000112045
0.000189611
0.000207216
0.000204951
0.000196467
0.000186425
0.000176392
0.000166865
0.000157986
0.000149761
0.000142155
0.000135127
0.000128637
0.000122643
0.000117108
0.000111999
0.000107281
0.000102925
9.89047e-05
0.000185302
0.000232884
0.000238809
0.000231203
0.000219681
0.000207496
0.000195715
0.000184656
0.000174385
0.000164882
0.000156102
0.000147995
0.00014051
0.000133601
0.000127222
0.000121335
0.0001159
0.000110883
0.000106252
0.000101977
9.80311e-05
9.43887e-05
9.10263e-05
8.79226e-05
8.50586e-05
8.24251e-05
7.99974e-05
7.77554e-05
7.56838e-05
7.37696e-05
7.20008e-05
7.03665e-05
6.88564e-05
6.74634e-05
6.62731e-05
6.52538e-05
6.43058e-05
6.34109e-05
6.25703e-05
6.17629e-05
6.09832e-05
6.02425e-05
5.95439e-05
5.8889e-05
5.82776e-05
5.77088e-05
5.71808e-05
5.66911e-05
5.62371e-05
5.5817e-05
5.54283e-05
5.5069e-05
5.47371e-05
5.44307e-05
5.41478e-05
5.38866e-05
5.36456e-05
5.34231e-05
5.32179e-05
5.30286e-05
5.2854e-05
5.26931e-05
5.25448e-05
5.24081e-05
5.2282e-05
5.21658e-05
5.20584e-05
5.19595e-05
5.18683e-05
5.17841e-05
6.07222e-05
0.000173964
0.000204152
0.000206005
0.000198765
0.000189003
0.000178933
0.000169272
0.000160229
0.000151837
0.000144076
0.000136907
0.000130288
0.000124177
0.000118535
0.000113327

