5e-05
5.02631e-05
5.04691e-05
5.06301e-05
5.07572e-05
5.08582e-05
5.09394e-05
5.10052e-05
5.10589e-05
5.11033e-05
5.11402e-05
5.11713e-05
5.11979e-05
5.12207e-05
5.12407e-05
5.12584e-05
5.12743e-05
5.12887e-05
5.13019e-05
5.13142e-05
5.13258e-05
5.13367e-05
5.13471e-05
5.13547e-05
5.13606e-05
5.13667e-05
5.13731e-05
5.13797e-05
5.13866e-05
5.13937e-05
5.14009e-05
5.14081e-05
5.14152e-05
5.14223e-05
5.14293e-05
5.14362e-05
5.14429e-05
5.14493e-05
5.14555e-05
5.14615e-05
5.14673e-05
5.14727e-05
5.14779e-05
5.14828e-05
5.14875e-05
5.14919e-05
5.1496e-05
5.14999e-05
5.15036e-05
5.1507e-05
5.15102e-05
5.15132e-05
5.15159e-05
5.15185e-05
5.15224e-05
5.15503e-05
5.15892e-05
5.16278e-05
5.16621e-05
5.169e-05
0.000126847
0.000190542
0.000203777
0.000200309
0.000191708
0.000181909
0.000172224
0.000163063
0.000154531
0.000146628
0.000139324
0.000132576
0.000126344
0.000120591
0.000115281
0.000110379
0.000105854
0.000101678
9.78217e-05
9.42597e-05
9.09718e-05
8.79374e-05
8.51368e-05
8.25522e-05
8.01667e-05
7.79652e-05
7.59332e-05
7.40579e-05
7.23269e-05
7.07293e-05
6.92548e-05
6.78937e-05
6.66374e-05
6.54778e-05
6.44075e-05
6.34194e-05
6.25074e-05
6.16655e-05
6.08883e-05
6.01709e-05
5.95086e-05
5.88944e-05
5.8326e-05
5.78016e-05
5.73179e-05
5.68718e-05
5.64604e-05
5.60809e-05
5.5731e-05
5.54082e-05
5.51105e-05
5.48358e-05
5.45824e-05
5.43487e-05
5.4133e-05
5.3934e-05
5.37504e-05
5.35809e-05
5.34245e-05
5.32775e-05
5.31403e-05
5.3014e-05
5.28978e-05
5.2791e-05
5.26928e-05
5.26025e-05
5.25195e-05
5.24431e-05
5.23728e-05
5.23082e-05
5.22487e-05
5.21939e-05
5.2144e-05
5.22772e-05
5.27221e-05
5.33116e-05
5.39204e-05
5.44554e-05
5.48498e-05
5.50408e-05
5.51044e-05
5.50788e-05
5.49911e-05
5.48625e-05
5.4709e-05
5.45417e-05
5.43684e-05
5.41944e-05
5.40233e-05
5.38533e-05
5.36891e-05
5.35338e-05
5.33877e-05
5.32509e-05
5.31233e-05
6.14479e-05
0.00017275
0.000202453
0.000204276
0.000197151
0.000187545
0.000177634
0.000168128
0.000159229
0.000150973
0.000143337
0.000136284
0.000129771
0.000123759
0.000118209
0.000113086
0.000108357
0.000103992
9.9962e-05
9.62421e-05
9.28083e-05
8.96384e-05
8.67122e-05
8.40109e-05
8.15172e-05
7.92152e-05
7.709e-05
7.51281e-05
7.33135e-05
7.16375e-05
7.00906e-05
6.86629e-05
6.73453e-05
6.61293e-05
6.50071e-05
6.39714e-05
6.30155e-05
6.21332e-05
6.13189e-05
6.05673e-05
5.98735e-05
5.92331e-05
5.86419e-05
5.80962e-05
5.75925e-05
5.7285e-05
5.73301e-05
5.75567e-05
5.78282e-05
5.80466e-05
5.81542e-05
5.81341e-05
5.80006e-05
5.77818e-05
5.75067e-05
5.71987e-05
5.68748e-05
5.65471e-05
5.62235e-05
5.59093e-05
5.56076e-05
5.53205e-05
5.5049e-05
5.47934e-05
5.45537e-05
5.43297e-05
5.41207e-05
5.39226e-05
5.3738e-05
5.35672e-05
5.34095e-05
5.32641e-05
5.313e-05
5.30064e-05
5.28893e-05
5.27808e-05
5.26813e-05
5.25902e-05
5.25068e-05
5.24304e-05
5.23604e-05
5.22963e-05
5.22375e-05
5.21836e-05
5.21341e-05
5.20886e-05
5.20468e-05
5.20084e-05
5.1973e-05
5.19403e-05
5.19102e-05
5.18824e-05
5.18566e-05
5.18328e-05
5.18107e-05

