5e-05
5.02667e-05
5.04834e-05
5.06586e-05
5.08009e-05
5.09171e-05
5.10125e-05
5.10912e-05
5.11565e-05
5.12109e-05
5.12566e-05
5.12951e-05
5.13298e-05
5.13804e-05
5.14578e-05
5.15578e-05
5.16553e-05
5.17419e-05
5.18144e-05
5.18709e-05
5.18891e-05
5.18913e-05
5.18857e-05
0.000165641
0.000200532
0.000204089
0.000197518
0.000188063
0.000178172
0.000168643
0.00015971
0.000151419
0.000143751
0.000223893
0.000263671
0.00026561
0.000255426
0.000241909
0.000228016
0.000214707
0.000202255
0.000190705
0.000180024
0.000170158
0.000256867
0.000284395
0.000281399
0.000268859
0.000253939
0.000239031
0.000224881
0.000211677
0.000199428
0.000188103
0.000177641
0.000167978
0.000159051
0.000150809
0.000143199
0.000136172
0.00012967
0.000123659
0.000118109
0.000112987
0.00010826
0.000103898
9.98685e-05
9.61484e-05
9.27147e-05
8.95452e-05
8.66216e-05
8.3925e-05
8.14378e-05
7.91406e-05
7.7018e-05
7.50552e-05
7.3245e-05
0.000131359
0.000201768
0.000216558
0.00021293
0.000203637
0.000193012
0.000182502
0.000172559
0.000163301
0.000154723
0.000146793
0.00013947
0.000132712
0.000126475
0.000219927
0.000252013
0.000252095
0.000242011
0.000229203
0.000216176
0.000203738
0.000192115
0.000181339
0.000171376
0.000162193
0.000153758
0.000145981
0.000138803
0.000132177
0.000126053
0.000120388
0.000115151
0.000110306
0.000105828
0.000101692
9.78711e-05
9.43361e-05
9.106e-05
0.000167955
0.00022022
0.000228318
0.00022198
0.000211378
0.000199956
0.000188851
0.000178407
0.000168701
0.000159718
0.000220018
0.000269645
0.000274427
0.000264717
0.000250883
0.000236436
0.000222524
0.000209486
0.000197571
0.000186913
0.000177324
0.000168674
0.0001609
0.000154062
0.000147645
0.000142061
0.000276191
0.000351368
0.000332907
0.0003116
0.000291801
0.000273607
0.000256736
0.000241099
0.000226609
0.00021319
0.000200776
0.000189304
0.000178704
0.000168912
0.000159874
0.000151667
0.000144447
0.000137992
0.000132101
0.000126551
0.000121256
0.000116256
0.000111539
0.000107089
0.000102928
9.90576e-05
9.54627e-05
9.21259e-05
8.9036e-05
8.6177e-05
8.35328e-05
8.10873e-05
7.88239e-05
7.67321e-05
7.48229e-05
7.30646e-05
7.14391e-05
6.99389e-05
6.85535e-05
6.72733e-05
6.60854e-05
6.49802e-05
6.39551e-05
6.30064e-05
6.21295e-05
6.13207e-05
6.05707e-05
5.98743e-05
5.92297e-05
5.86362e-05
5.8088e-05
5.89832e-05
0.000173668
0.000205461
0.000207794
0.00020065
0.000190857
0.000180717
0.000170981
0.000161864
0.000153402
0.000145576
0.000138348
0.000131674
0.000125511
0.000119823
0.000114573
0.000109724
0.000105248
0.000101114
9.72964e-05
9.37733e-05
9.05226e-05
8.75232e-05
8.47558e-05
0.000151319
0.000213657
0.000225277
0.000220204
0.000210087
0.000198876
0.000187878
0.000177501
0.000167846
0.000158909
0.000150652
0.000143028
0.000135989
0.000129488
0.000123483
0.000117939
0.000112822
0.0001081
0.000103741
9.97177e-05
9.6005e-05
9.25769e-05
8.94139e-05
8.64957e-05
8.38105e-05
8.13575e-05
7.91018e-05
7.70117e-05
7.50796e-05
7.32951e-05
7.16461e-05
7.01222e-05
6.87136e-05
6.74095e-05

