5e-05
5.02631e-05
5.04691e-05
5.06301e-05
5.07572e-05
5.08582e-05
5.09394e-05
5.10109e-05
5.10995e-05
5.12161e-05
5.13358e-05
5.14416e-05
5.15322e-05
5.16065e-05
5.16632e-05
5.17435e-05
5.18235e-05
5.18886e-05
5.19283e-05
6.10854e-05
0.000170995
0.000200386
0.000202291
0.000195301
0.00018582
0.000176027
0.000166631
0.000157836
0.000149674
0.000142119
0.000135137
0.000128688
0.000122736
0.000117239
0.000112166
0.000107486
0.000103168
9.9186e-05
9.55111e-05
9.21175e-05
8.89838e-05
8.6091e-05
8.34214e-05
8.09649e-05
7.87185e-05
7.66543e-05
7.47529e-05
7.29922e-05
7.13607e-05
6.98703e-05
6.84957e-05
6.72167e-05
6.60197e-05
6.49056e-05
6.38766e-05
6.29241e-05
6.20439e-05
6.1232e-05
6.04818e-05
0.00011036
0.000190645
0.000209126
0.000206928
0.00019861
0.000188881
0.000265935
0.000293966
0.000290894
0.000277989
0.000262569
0.000247099
0.000232365
0.000218602
0.000205824
0.000193986
0.000183041
0.000172931
0.000163595
0.000154977
0.000147022
0.000139681
0.000132904
0.000126647
0.000120872
0.000115543
0.000110624
0.000106082
0.00018775
0.000233354
0.000238604
0.00023083
0.000219335
0.000207234
0.000195543
0.000184569
0.000174378
0.000164951
0.000156243
0.000148203
0.00014078
0.000133926
0.000127596
0.000121746
0.000116342
0.000111355
0.000106753
0.000102506
9.8604e-05
9.5011e-05
9.16919e-05
8.86278e-05
8.57997e-05
8.31854e-05
8.07839e-05
7.85844e-05
7.6549e-05
7.46691e-05
7.2931e-05
7.1318e-05
6.98251e-05
6.84444e-05
6.71573e-05
6.59697e-05
6.48893e-05
6.39182e-05
6.30197e-05
6.21799e-05
6.13958e-05
6.06688e-05
5.9996e-05
5.93729e-05
5.87954e-05
5.82602e-05
5.77612e-05
5.72956e-05
5.68604e-05
5.64544e-05
5.60954e-05
5.60249e-05
5.62884e-05
5.67546e-05
5.71997e-05
5.75812e-05
5.79638e-05
5.8244e-05
5.83047e-05
5.81485e-05
5.78572e-05
5.74879e-05
5.70987e-05
5.67045e-05
5.63175e-05
5.59515e-05
5.56816e-05
5.57018e-05
5.58054e-05
5.58451e-05
5.57756e-05
5.56193e-05
5.54245e-05
5.52389e-05
5.50528e-05
5.48632e-05
5.47892e-05
5.51325e-05
5.54858e-05
5.57785e-05
5.59623e-05
5.5974e-05
5.5887e-05
5.57234e-05
5.5514e-05
5.52837e-05
5.50502e-05
5.48109e-05
5.45792e-05
5.43603e-05
5.4155e-05
5.39636e-05
5.39571e-05
5.41382e-05
5.42781e-05
5.43743e-05
5.44125e-05
5.4409e-05
5.43577e-05
5.42549e-05
5.41347e-05
5.40054e-05
5.3862e-05
5.37142e-05
5.35711e-05
5.34295e-05
9.77152e-05
0.000184001
0.000204758
0.000203617
0.000195577
0.00018575
0.000175849
0.000166427
0.000157632
0.000149649
0.000142499
0.000135992
0.000129925
0.000124203
0.000118824
0.000113806
0.00010913
0.000104785
0.000100756
9.70238e-05
9.35672e-05
9.03612e-05
8.73863e-05
0.000171676
0.000220523
0.000227517
0.000220862
0.000210203
0.000198812
0.00018776
0.000177372
0.000167718
0.000158784
0.00015053
0.00014291
0.000135877
0.000129381
0.000123388
0.000117858
0.000112752
0.000108037
0.000103687
9.96734e-05
9.59708e-05
0.000142122
0.000215854
0.000231025
0.000226814
0.000216646
0.000205095
0.000193688
0.000182902
0.000172857
0.000237039
0.00028145
0.000283982
0.000313679

