5e-05
5.02669e-05
5.04842e-05
5.06602e-05
5.08034e-05
5.09206e-05
5.10168e-05
5.10963e-05
5.11623e-05
5.12174e-05
5.12636e-05
5.13026e-05
5.1338e-05
5.1391e-05
5.14557e-05
5.15345e-05
5.16461e-05
5.17599e-05
5.18622e-05
5.19399e-05
5.19775e-05
5.19921e-05
5.19993e-05
5.19914e-05
5.19784e-05
5.19645e-05
5.19505e-05
5.19368e-05
5.1922e-05
5.18909e-05
5.18508e-05
5.1813e-05
5.17803e-05
5.1753e-05
5.17306e-05
5.17127e-05
5.16987e-05
5.16881e-05
5.16806e-05
5.16756e-05
5.16727e-05
5.16717e-05
5.16721e-05
5.16722e-05
5.16701e-05
5.16768e-05
5.1706e-05
5.17413e-05
0.000161093
0.000197741
0.000202062
0.000195888
0.000186676
0.000176956
0.00016756
0.000158826
0.000255718
0.000278436
0.000274234
0.000261679
0.000247097
0.000232601
0.000218864
0.00020606
0.0001942
0.000183235
0.000173105
0.000163754
0.000155121
0.000147151
0.000139796
0.000133046
0.000127141
0.000121988
0.000117334
0.000113105
0.000109176
0.000105435
0.000101863
9.85932e-05
9.56454e-05
9.28061e-05
8.99757e-05
8.72597e-05
8.46947e-05
8.22919e-05
8.00581e-05
7.80074e-05
7.60776e-05
7.42811e-05
7.26123e-05
7.10553e-05
6.96099e-05
6.8265e-05
6.70162e-05
6.58605e-05
6.47917e-05
6.38036e-05
6.28903e-05
6.20465e-05
6.1267e-05
6.0547e-05
5.98802e-05
5.92601e-05
5.86853e-05
5.81513e-05
5.76546e-05
5.71965e-05
5.6775e-05
5.63853e-05
0.000113338
0.000188863
0.000205925
0.000203569
0.000195159
0.000185271
0.000175427
0.000166103
0.000157437
0.000149416
0.000142009
0.000135207
0.000128939
0.000123143
0.000117757
0.000112762
0.000108131
0.00010384
9.98727e-05
9.62053e-05
9.28335e-05
8.97467e-05
8.6893e-05
0.000175324
0.000219389
0.000224968
0.000218022
0.000207495
0.000196369
0.000185596
0.000175479
0.000166076
0.000157369
0.000149318
0.000141875
0.000135066
0.000129256
0.000124206
0.000119742
0.000115731
0.000112148
0.000118181
0.000297757
0.000318834
0.000300396
0.000281454
0.000263792
0.000247447
0.000232344
0.000218397
0.00020552
0.000193634
0.000182662
0.000172536
0.000163189
0.000154562
0.000146601
0.000139255
0.000132476
0.000126221
0.000120451
0.000115128
0.000110217
0.000105684
0.000101502
9.76445e-05
9.40857e-05
9.08026e-05
8.78256e-05
8.53832e-05
8.33345e-05
8.14345e-05
7.96147e-05
7.78783e-05
7.62071e-05
7.45966e-05
7.30503e-05
7.15733e-05
7.01575e-05
6.88184e-05
6.75537e-05
6.63711e-05
6.52691e-05
0.000161197
0.000206839
0.000213538
0.000207501
0.000197718
0.000187245
0.000177095
0.000167553
0.000158682
0.000150468
0.000142874
0.00013586
0.000129383
0.000123401
0.000117874
0.000112768
0.000108055
0.000103704
9.96854e-05
9.5977e-05
9.25548e-05
8.93947e-05
8.64737e-05
8.37782e-05
8.12872e-05
7.89866e-05
7.68645e-05
0.000128875
0.000203499
0.000218765
0.00021541
0.000206403
0.000196049
0.000185749
0.000175924
0.000166678
0.000158038
0.000150007
0.00014256
0.00013566
0.000129272
0.00012336
0.000117891
0.000112833
0.000108154
0.00010382
9.98101e-05
9.61032e-05
9.26746e-05
8.95087e-05
8.65835e-05
8.38835e-05
8.13922e-05
7.90937e-05
7.69666e-05
7.50003e-05
7.31867e-05

