5e-05
5.02631e-05
5.04691e-05
5.06301e-05
5.07572e-05
5.08582e-05
5.09394e-05
5.10052e-05
5.10589e-05
5.11033e-05
5.11402e-05
5.11713e-05
5.11975e-05
5.12168e-05
5.12333e-05
5.12481e-05
5.12618e-05
5.12746e-05
5.12867e-05
5.12984e-05
5.13096e-05
5.13178e-05
5.13244e-05
5.1326e-05
5.13246e-05
5.13248e-05
5.13267e-05
5.13387e-05
0.000127672
0.000190747
0.000203567
0.000199983
0.000191731
0.000182458
0.000173249
0.000164482
0.000156243
0.000148534
0.00014133
0.000134604
0.000128353
0.000122551
0.000117172
0.000194129
0.000241017
0.000246403
0.000238309
0.000226328
0.000213711
0.000201525
0.000190092
0.000179473
0.000169635
0.000160539
0.00015214
0.000144387
0.000137232
0.000130651
0.000124584
0.000118982
0.000113809
0.000109031
0.000104622
0.000100551
9.67907e-05
9.33167e-05
9.01058e-05
8.71373e-05
8.43964e-05
8.18648e-05
7.95261e-05
7.73682e-05
7.5378e-05
7.35425e-05
7.18484e-05
7.0281e-05
6.8834e-05
6.74968e-05
6.62635e-05
6.51268e-05
6.40935e-05
6.31572e-05
6.22983e-05
6.15074e-05
6.07766e-05
6.01001e-05
5.94729e-05
5.88911e-05
5.83511e-05
5.78492e-05
5.73788e-05
5.69423e-05
5.65379e-05
5.61613e-05
5.58103e-05
5.54825e-05
5.51791e-05
5.48982e-05
5.46364e-05
5.4395e-05
5.41703e-05
5.39616e-05
5.37672e-05
5.35886e-05
5.34221e-05
5.3269e-05
5.31265e-05
5.29914e-05
5.28646e-05
5.27478e-05
5.2642e-05
5.25465e-05
5.24603e-05
5.2382e-05
5.23172e-05
5.22769e-05
5.22461e-05
5.2219e-05
5.21897e-05
5.21614e-05
5.21338e-05
5.21067e-05
5.20791e-05
5.20481e-05
5.20167e-05
5.19836e-05
5.19494e-05
5.19161e-05
5.18856e-05
5.18578e-05
5.18326e-05
5.18097e-05
5.1787e-05
5.17642e-05
5.17436e-05
5.17253e-05
5.1709e-05
9.63771e-05
0.000181913
0.000202491
0.000201432
0.000193552
0.000183899
0.000174168
0.000164902
0.000156251
0.000148226
0.000140805
0.000133949
0.000127618
0.000121773
0.000116378
0.000111417
0.000106841
0.000102616
9.88972e-05
9.583e-05
9.31515e-05
9.05954e-05
8.81756e-05
8.58211e-05
8.35306e-05
8.13367e-05
7.92455e-05
7.72409e-05
7.53511e-05
7.35777e-05
7.19232e-05
7.0379e-05
6.89393e-05
6.76048e-05
6.63681e-05
6.52255e-05
6.41704e-05
6.31923e-05
6.22851e-05
6.14473e-05
6.06731e-05
5.99599e-05
5.93035e-05
5.86994e-05
5.81404e-05
5.76253e-05
5.71458e-05
5.67014e-05
5.62923e-05
5.59154e-05
5.55675e-05
5.52456e-05
5.49499e-05
5.46791e-05
5.44311e-05
5.42039e-05
5.39958e-05
5.38022e-05
5.36204e-05
5.34535e-05
5.33013e-05
5.3183e-05
5.30908e-05
5.30055e-05
0.000114791
0.000187343
0.000203577
0.000201087
0.000192764
0.000183006
0.00017328
0.000164051
0.000155446
0.000147473
0.000140103
0.000133294
0.000127006
0.000121197
0.000115834
0.000110883
0.00010633
0.000102137
9.82699e-05
9.47016e-05
9.1407e-05
8.83636e-05
8.55476e-05
8.29456e-05
8.05421e-05
7.8319e-05
7.62619e-05
7.43567e-05
7.2594e-05
7.09668e-05
6.94894e-05
6.83822e-05
6.75337e-05
6.68287e-05
6.61795e-05
6.55288e-05
6.4852e-05
6.41479e-05
6.34241e-05
0.00011797
0.000191985
0.000208557
0.000205963
0.000197486
0.000187931
0.000178554
0.000169568
0.000161082
0.000153103

