5e-05
5.02669e-05
5.04842e-05
5.06602e-05
5.08034e-05
5.09206e-05
5.10168e-05
5.10963e-05
5.11623e-05
5.12174e-05
5.12636e-05
5.13026e-05
5.13512e-05
5.1429e-05
5.14946e-05
5.15838e-05
5.16912e-05
5.17934e-05
5.18792e-05
5.19263e-05
0.000166316
0.000199861
0.00020307
0.000196458
0.000187039
0.000177207
0.000167741
0.00015887
0.000150637
0.000143019
0.000135981
0.000129486
0.000123491
0.00011796
0.000112857
0.000108147
0.000103802
9.97931e-05
9.60936e-05
9.26799e-05
8.95298e-05
8.66208e-05
8.39333e-05
8.14518e-05
7.91589e-05
7.70432e-05
7.50914e-05
7.3291e-05
7.163e-05
7.00978e-05
6.86818e-05
6.73684e-05
6.61481e-05
6.50188e-05
6.39782e-05
6.30171e-05
6.21306e-05
6.13131e-05
6.05839e-05
5.99256e-05
5.93006e-05
5.87131e-05
5.81723e-05
5.76749e-05
5.72173e-05
5.67923e-05
5.63945e-05
5.60278e-05
5.56851e-05
5.53672e-05
5.50753e-05
5.4802e-05
5.45489e-05
5.43144e-05
5.40935e-05
5.38872e-05
5.36978e-05
5.35233e-05
5.33649e-05
5.32216e-05
5.3092e-05
5.29734e-05
5.28575e-05
5.27486e-05
5.26486e-05
5.25582e-05
5.24716e-05
5.23927e-05
5.232e-05
5.22555e-05
5.21969e-05
5.21433e-05
5.20937e-05
5.20488e-05
5.20083e-05
5.19707e-05
5.19382e-05
5.191e-05
5.18823e-05
5.18561e-05
5.18283e-05
5.18175e-05
5.18202e-05
5.1829e-05
5.18639e-05
5.19202e-05
5.19691e-05
5.20104e-05
5.20361e-05
5.20492e-05
5.20572e-05
5.20613e-05
5.2059e-05
5.20506e-05
5.20402e-05
5.20485e-05
5.20669e-05
5.20739e-05
5.20738e-05
5.20725e-05
5.207e-05
5.20685e-05
5.20963e-05
5.21276e-05
5.2155e-05
5.21781e-05
5.21933e-05
5.21961e-05
5.21941e-05
5.22077e-05
5.25884e-05
5.34623e-05
8.48192e-05
0.000262824
0.000275938
0.000260117
0.000244235
0.000229443
0.000215744
0.000203084
0.00019139
0.000180593
0.000170625
0.000161429
0.000152956
0.000145156
0.000137978
0.000131368
0.000125256
0.000129611
0.00023452
0.000259003
0.000256354
0.000245183
0.000231858
0.000218519
0.000205843
0.000194019
0.000183061
0.000172931
0.000163574
0.000154937
0.000146967
0.000139611
0.000132817
0.000126546
0.000120776
0.000115461
0.000110556
0.00010603
0.000101854
9.79963e-05
9.44273e-05
9.1129e-05
8.80818e-05
8.52668e-05
0.000186247
0.000223602
0.000226786
0.000218949
0.000208009
0.000196629
0.000185682
0.000204681
0.000281014
0.000293639
0.00028538
0.000270972
0.000255346
0.00024012
0.000225785
0.000283158
0.000321118
0.000319585
0.000305586
0.000288328
0.000270904
0.000254305
0.000238806
0.000224438
0.000211152
0.00019888
0.000187547
0.000177083
0.000167416
0.000158488
0.000150245
0.000142636
0.000135612
0.000129129
0.000123148
0.000117629
0.000112536
0.000107837
0.000103501
9.96128e-05
9.63238e-05
9.33906e-05
9.0702e-05
8.82075e-05
8.58552e-05
8.36082e-05
8.14289e-05
7.93293e-05
7.73352e-05
7.5465e-05
7.37167e-05
7.20801e-05
7.05517e-05
6.91313e-05
6.7813e-05
6.65905e-05
6.54576e-05
6.44059e-05
6.34291e-05
6.25255e-05
6.16904e-05
6.09186e-05
6.02057e-05
5.95434e-05
5.89305e-05
5.83615e-05
5.78363e-05
5.73523e-05
5.69064e-05
5.64957e-05
5.61173e-05
5.57688e-05
5.54476e-05
5.51482e-05

