5e-05
5e-05
5e-05
5e-05
5e-05
5e-05
5e-05
5e-05
5e-05
5e-05
5e-05
5e-05
5e-05
5e-05
5e-05
5e-05
5e-05
5e-05
5e-05
5e-05
5e-05
5e-05
5e-05
5e-05
5e-05
5e-05
5e-05
5e-05
5e-05
5e-05
5e-05
5e-05
5e-05
5e-05
5e-05
5e-05
5e-05
5e-05
5e-05
5e-05
5e-05
5e-05
5e-05
5.30703e-05
6.05182e-05
6.89238e-05
7.71585e-05
8.46385e-05
9.11269e-05
9.77374e-05
0.000103299
0.00010779
0.000111273
0.000114031
0.000116305
0.000118115
0.000119545
0.00012066
0.000121471
0.000122
0.00012218
0.000122155
0.000125824
0.000131014
0.000134867
0.000137181
0.000138349
0.000138594
0.000138166
0.000137236
0.000135923
0.000134249
0.000132412
0.000130365
0.000128128
0.00012584
0.000123581
0.000121354
0.00011919
0.000117097
0.000115076
0.000113117
0.000111197
0.00010934
0.000107547
0.000105812
0.00010411
0.000102418
0.000100756
9.93732e-05
9.81144e-05
9.68053e-05
9.54731e-05
9.41139e-05
9.27576e-05
9.14411e-05
9.01669e-05
8.89333e-05
8.77387e-05
8.65812e-05
8.54492e-05
8.43349e-05
8.32311e-05
8.21509e-05
8.11124e-05
8.01145e-05
7.91808e-05
7.84038e-05
7.76273e-05
7.6837e-05
7.60538e-05
7.52847e-05
7.4522e-05
7.38865e-05
7.32779e-05
7.26426e-05
7.20051e-05
7.13687e-05
7.07264e-05
7.00929e-05
6.94712e-05
6.88409e-05
6.82815e-05
6.77835e-05
6.73604e-05
6.69009e-05
6.6414e-05
6.59161e-05
6.54229e-05
6.49389e-05
6.44653e-05
6.40028e-05
6.35518e-05
6.31085e-05
6.26736e-05
6.22471e-05
6.18303e-05
6.15659e-05
6.17347e-05
6.19167e-05
6.20217e-05
6.20237e-05
6.19585e-05
6.19104e-05
6.17836e-05
6.15659e-05
6.12627e-05
6.09027e-05
6.05031e-05
6.00924e-05
5.96766e-05
5.92649e-05
5.88679e-05
5.86758e-05
5.86141e-05
5.84905e-05
5.83045e-05
5.80671e-05
5.77959e-05
5.75246e-05
5.72642e-05
5.69998e-05
5.67344e-05
5.66343e-05
5.66287e-05
5.65479e-05
5.64253e-05
5.62698e-05
5.608e-05
5.58738e-05
5.56542e-05
5.54292e-05
5.52041e-05
5.49839e-05
5.47672e-05
5.45585e-05
5.43592e-05
5.41694e-05
5.3994e-05
5.3947e-05
5.3896e-05
5.3812e-05
5.37107e-05
5.35981e-05
5.348e-05
5.33568e-05
5.32291e-05
5.31026e-05
5.29785e-05
5.28554e-05
5.27357e-05
5.26208e-05
5.25096e-05
5.24023e-05
5.22978e-05
5.21977e-05
5.21028e-05
5.20132e-05
5.19274e-05
5.18459e-05
5.1769e-05
5.17007e-05
5.16917e-05
5.16832e-05
5.16654e-05
5.16355e-05
5.15946e-05
5.15469e-05
5.14959e-05
5.1443e-05
5.13897e-05
5.13371e-05
5.12856e-05
5.12354e-05
5.11861e-05
5.11376e-05
5.10903e-05
5.10449e-05
5.10018e-05
5.09606e-05
5.09216e-05
5.08846e-05
5.08492e-05
5.08151e-05
5.07827e-05
5.07518e-05
5.07224e-05
5.06946e-05
5.06681e-05
5.06426e-05
5.06185e-05
5.05956e-05
5.05735e-05
5.05524e-05
5.05322e-05
5.05131e-05
5.04953e-05
5.048e-05
5.0465e-05
5.04499e-05
5.04349e-05
5.04202e-05
5.04059e-05
5.03921e-05
5.03788e-05
5.0366e-05
5.03534e-05
5.0341e-05
5.03289e-05
5.03171e-05

