5e-05
5e-05
5e-05
5e-05
5e-05
5e-05
5e-05
5e-05
5e-05
5e-05
5e-05
5e-05
5e-05
5e-05
5e-05
5e-05
5e-05
5e-05
5e-05
5e-05
5e-05
5e-05
5e-05
5e-05
5e-05
5e-05
5e-05
5e-05
5e-05
5e-05
5e-05
5e-05
5e-05
5e-05
5e-05
5e-05
5e-05
5e-05
5e-05
5e-05
5e-05
5e-05
5e-05
5e-05
5e-05
5e-05
5e-05
5e-05
5e-05
5e-05
5e-05
5e-05
5e-05
5e-05
5e-05
5e-05
5e-05
5e-05
5e-05
5e-05
5e-05
5e-05
5e-05
5e-05
5e-05
5e-05
5e-05
5e-05
5e-05
5e-05
5e-05
5e-05
5e-05
5e-05
5e-05
5e-05
5e-05
5e-05
5e-05
5e-05
5e-05
5e-05
5e-05
5e-05
5e-05
5e-05
5e-05
5e-05
5e-05
5e-05
5e-05
5e-05
5e-05
5e-05
5e-05
5e-05
5e-05
5e-05
5e-05
5e-05
5e-05
5e-05
5e-05
5e-05
5e-05
5e-05
5e-05
5e-05
5e-05
5e-05
5e-05
5e-05
5e-05
5e-05
5e-05
5e-05
5e-05
5e-05
5e-05
5e-05
5e-05
5e-05
5e-05
5e-05
5e-05
5e-05
5e-05
5e-05
5e-05
5e-05
5e-05
5e-05
5.04855e-05
5.64226e-05
6.48761e-05
7.34807e-05
8.16623e-05
8.90104e-05
9.54354e-05
0.000102006
0.000107897
0.000112887
0.000116969
0.000120222
0.000122772
0.000125151
0.000127243
0.000128635
0.000129577
0.000135728
0.000142151
0.000146874
0.000150675
0.000153363
0.00015496
0.000156035
0.000156516
0.000156004
0.00015474
0.000152999
0.000151058
0.00014928
0.000147053
0.000144492
0.000141756
0.000138985
0.000136225
0.000133496
0.000130812
0.000128181
0.000125557
0.000122951
0.000120415
0.000117963
0.000115548
0.000113209
0.000110973
0.000108807
0.000106717
0.000104711
0.000102766
0.000100877
9.90616e-05
9.73118e-05
9.56371e-05
9.40458e-05
9.25324e-05
9.10905e-05
8.97143e-05
8.83891e-05
8.70858e-05
8.5812e-05
8.45945e-05
8.34328e-05
8.28272e-05
8.37522e-05
8.7885e-05
9.76735e-05
9.91489e-05
9.78251e-05
9.5815e-05
9.37128e-05
9.15821e-05
8.95283e-05
8.84574e-05
8.74396e-05
8.62227e-05
8.48748e-05
8.34612e-05
8.20395e-05
8.06333e-05
7.92584e-05
7.79257e-05
7.66421e-05
7.54092e-05
7.42243e-05
7.30967e-05
7.20242e-05
7.10025e-05
7.00356e-05
6.91215e-05
6.82572e-05
6.7435e-05
6.66554e-05
6.5912e-05
6.52096e-05
6.45428e-05
6.39131e-05
6.33191e-05
6.27581e-05
6.22278e-05
6.17256e-05
6.12496e-05
6.07953e-05
6.03618e-05
5.99501e-05
5.95587e-05
5.91864e-05
5.88313e-05
5.84898e-05
5.8186e-05
5.7913e-05
5.76474e-05
5.76436e-05
5.77405e-05
5.78064e-05
5.79888e-05
6.00626e-05
6.04582e-05
6.01405e-05

