5e-05
5e-05
5e-05
5e-05
5e-05
5e-05
5e-05
5e-05
5e-05
5e-05
5e-05
5e-05
5e-05
5e-05
5e-05
5e-05
5e-05
5e-05
5e-05
5e-05
5e-05
5e-05
5e-05
5e-05
5e-05
5e-05
5e-05
5e-05
5e-05
5e-05
5e-05
5e-05
5e-05
5e-05
5e-05
5e-05
5e-05
5e-05
5e-05
5e-05
5e-05
5e-05
5e-05
5e-05
5e-05
5e-05
5e-05
5e-05
5e-05
5e-05
5e-05
5e-05
5e-05
5e-05
5e-05
5e-05
5e-05
5e-05
5e-05
5e-05
5e-05
5e-05
5e-05
5e-05
5e-05
5e-05
5e-05
5e-05
5e-05
5e-05
5e-05
5e-05
5e-05
5e-05
5e-05
5e-05
5e-05
5e-05
5e-05
5e-05
5e-05
5e-05
5e-05
5e-05
5e-05
5e-05
5e-05
5e-05
5e-05
5e-05
5e-05
5e-05
5e-05
5e-05
5e-05
5e-05
5e-05
5e-05
5e-05
5e-05
5e-05
5e-05
5e-05
5e-05
5e-05
5e-05
5e-05
5e-05
5e-05
5e-05
5e-05
5e-05
5e-05
5e-05
5e-05
5e-05
5e-05
5e-05
5e-05
5e-05
5e-05
5e-05
5e-05
5.37139e-05
6.24925e-05
7.19796e-05
8.18777e-05
9.13021e-05
9.93422e-05
0.000105921
0.000111452
0.000116099
0.000119946
0.000122982
0.000125599
0.000128784
0.000132884
0.000136102
0.000138227
0.000139416
0.000139876
0.00013992
0.000139582
0.000139137
0.000139256
0.000139407
0.000139414
0.00013961
0.000139222
0.000138237
0.000136863
0.000135496
0.000134053
0.000132303
0.000130326
0.000128607
0.000126833
0.00012495
0.000122996
0.000121006
0.000118992
0.000116943
0.00011494
0.000112974
0.000111045
0.000109126
0.000107235
0.000105366
0.000103517
0.000101693
9.99465e-05
9.82586e-05
9.66373e-05
9.50697e-05
9.35765e-05
9.2156e-05
9.08003e-05
8.94744e-05
8.81858e-05
8.69538e-05
8.57769e-05
8.46502e-05
8.35504e-05
8.24731e-05
8.14171e-05
8.04054e-05
7.94379e-05
7.85009e-05
7.75976e-05
7.67313e-05
7.58983e-05
7.50691e-05
7.42648e-05
7.34936e-05
7.27443e-05
7.20087e-05
7.12968e-05
7.06153e-05
6.99626e-05
6.93339e-05
6.87206e-05
6.81254e-05
6.75538e-05
6.70045e-05
6.64651e-05
6.59404e-05
6.54302e-05
6.49298e-05
6.44438e-05
6.39713e-05
6.35164e-05
6.30814e-05
6.26652e-05
6.22663e-05
6.18833e-05
6.1515e-05
6.11587e-05
6.08107e-05
6.04722e-05
6.01433e-05
5.98234e-05
5.95134e-05
5.94387e-05
5.96266e-05
5.97547e-05
5.97973e-05
5.97503e-05
5.96167e-05
5.94254e-05
5.9203e-05
5.91249e-05
6.07814e-05
6.25274e-05
6.25938e-05
6.21563e-05
6.1591e-05
6.1001e-05
6.04234e-05
5.98933e-05
5.93844e-05
5.88988e-05
5.84407e-05
5.80347e-05
5.76662e-05
5.73341e-05
5.70125e-05
5.67027e-05
5.64038e-05
5.61171e-05
5.58418e-05

