5e-05
5e-05
5e-05
5e-05
5e-05
5e-05
5e-05
5e-05
5e-05
5e-05
5e-05
5e-05
5.02732e-05
5.57656e-05
6.4021e-05
7.26103e-05
8.07939e-05
8.81174e-05
9.43995e-05
9.98077e-05
0.000104054
0.00010777
0.000111585
0.000114624
0.00011707
0.000119083
0.000120714
0.000122003
0.000122983
0.000123682
0.000124081
0.000124239
0.000124204
0.000123999
0.00012361
0.000123068
0.000122413
0.00012166
0.000120799
0.000119832
0.000118805
0.000117731
0.000116615
0.000115463
0.000114282
0.000113076
0.00011185
0.000110608
0.00010948
0.000108655
0.000107703
0.000106638
0.000105713
0.000104958
0.000104106
0.000103161
0.000102095
0.000100948
9.97361e-05
9.84543e-05
9.70512e-05
9.56474e-05
9.4281e-05
9.29519e-05
9.16443e-05
9.03779e-05
8.91538e-05
8.79706e-05
8.68263e-05
8.5715e-05
8.46247e-05
8.35696e-05
8.25498e-05
8.15637e-05
8.06095e-05
7.96856e-05
7.87906e-05
7.7923e-05
7.70818e-05
7.62657e-05
7.54737e-05
7.4705e-05
7.39482e-05
7.31891e-05
7.24333e-05
7.17001e-05
7.09833e-05
7.02951e-05
6.96341e-05
6.89964e-05
6.84199e-05
6.79409e-05
6.74639e-05
6.69913e-05
6.65233e-05
6.60511e-05
6.55845e-05
6.51267e-05
6.46711e-05
6.4224e-05
6.37886e-05
6.3365e-05
6.29532e-05
6.25526e-05
6.21571e-05
6.17728e-05
6.13969e-05
6.10322e-05
6.07366e-05
6.04545e-05
6.01608e-05
5.98636e-05
5.95627e-05
5.92585e-05
5.89612e-05
5.86735e-05
5.83955e-05
5.81879e-05
5.83214e-05
5.84651e-05
5.85841e-05
5.87255e-05
6.0608e-05
6.18371e-05
6.17108e-05
6.12257e-05
6.06709e-05
6.0112e-05
5.95718e-05
5.9058e-05
5.85731e-05
5.81177e-05
5.7691e-05
5.72913e-05
5.69164e-05
5.65645e-05
5.62352e-05
5.59344e-05
5.56702e-05
5.542e-05
5.51807e-05
5.49539e-05
5.47389e-05
5.4535e-05
5.434e-05
5.41615e-05
5.40031e-05
5.38535e-05
5.37211e-05
5.36045e-05
5.34839e-05
5.33603e-05
5.32368e-05
5.3115e-05
5.29953e-05
5.28788e-05
5.27701e-05
5.26723e-05
5.25751e-05
5.24804e-05
5.23887e-05
5.22997e-05
5.22128e-05
5.21286e-05
5.20464e-05
5.19675e-05
5.18922e-05
5.18203e-05
5.17509e-05
5.16846e-05
5.1621e-05
5.15589e-05
5.1499e-05
5.14421e-05
5.13879e-05
5.13359e-05
5.13001e-05
5.13065e-05
5.1307e-05
5.12987e-05
5.12828e-05
5.12616e-05
5.12359e-05
5.12053e-05
5.1169e-05
5.11307e-05
5.1092e-05
5.10535e-05
5.10155e-05
5.09783e-05
5.09418e-05
5.09055e-05
5.08702e-05
5.0836e-05
5.08031e-05
5.07712e-05
5.07406e-05
5.07113e-05
5.06831e-05
5.06563e-05
5.06307e-05
5.06061e-05
5.05826e-05
5.05603e-05
5.05391e-05
5.0519e-05
5.04998e-05
5.04816e-05
5.04642e-05
5.04475e-05
5.04315e-05
5.04161e-05
5.04015e-05
5.03874e-05
5.03739e-05
5.03608e-05
5.03482e-05
5.03468e-05
5.03507e-05
5.03519e-05
5.03505e-05
5.0347e-05
5.03414e-05
5.0334e-05
5.03254e-05
5.03158e-05
5.03056e-05
5.02951e-05
5.02846e-05
5.02742e-05
5.0264e-05
5.0254e-05
5.02442e-05
5.02348e-05
5.02258e-05
5.02171e-05
5.02088e-05
5.02008e-05
5.01931e-05
5.01856e-05
5.01784e-05
5.01714e-05
5.01647e-05
5.01584e-05
5.01524e-05
5.01466e-05
5.01411e-05
5.01359e-05
5.01309e-05
5.01262e-05

