5e-05
5e-05
5e-05
5e-05
5e-05
5e-05
5e-05
5.02396e-05
5.72792e-05
6.814e-05
7.9204e-05
8.9434e-05
9.81713e-05
0.00010518
0.000111011
0.000116766
0.000121849
0.000126021
0.000130187
0.000133215
0.00013478
0.000135559
0.000135852
0.000135686
0.00013595
0.000141515
0.000146917
0.000151631
0.000157177
0.000178755
0.00021316
0.00021712
0.000212198
0.000205141
0.000197706
0.000190377
0.000183333
0.000176643
0.000170326
0.000164383
0.000158811
0.000153595
0.000148712
0.000144142
0.000139873
0.000136219
0.000132819
0.000129574
0.000126469
0.000123765
0.00012139
0.000119147
0.000116828
0.000114434
0.000112067
0.000109768
0.000107524
0.000105362
0.000103265
0.00010124
9.91826e-05
9.71729e-05
9.52691e-05
9.34574e-05
9.17354e-05
9.00861e-05
8.85143e-05
8.70269e-05
8.56193e-05
8.42745e-05
8.29886e-05
8.17424e-05
8.05583e-05
7.94352e-05
7.83653e-05
7.73313e-05
7.63356e-05
7.53886e-05
7.44874e-05
7.36204e-05
7.27893e-05
7.19826e-05
7.12039e-05
7.04548e-05
6.97393e-05
6.90562e-05
6.83988e-05
6.77685e-05
6.71525e-05
6.65609e-05
6.59966e-05
6.54525e-05
6.49261e-05
6.44178e-05
6.42051e-05
6.44004e-05
6.45293e-05
6.4551e-05
6.44655e-05
6.42959e-05
6.40272e-05
6.37059e-05
6.3346e-05
6.29532e-05
6.25476e-05
6.21362e-05
6.17227e-05
6.13061e-05
6.08968e-05
6.04976e-05
6.011e-05
5.97347e-05
5.93818e-05
5.90807e-05
5.87812e-05
5.84856e-05
5.81872e-05
5.78892e-05
5.75979e-05
5.73159e-05
5.70429e-05
5.67814e-05
5.65286e-05
5.62831e-05
5.60444e-05
5.58162e-05
5.55991e-05
5.5392e-05
5.51926e-05
5.50009e-05
5.48182e-05
5.46442e-05
5.44925e-05
5.43587e-05
5.4227e-05
5.41076e-05
5.3993e-05
5.38783e-05
5.37843e-05
5.37448e-05
5.37089e-05
5.36583e-05
5.35873e-05
5.35055e-05
5.34403e-05
5.33807e-05
5.32948e-05
5.31998e-05
5.30998e-05
5.2995e-05
5.28856e-05
5.27765e-05
5.267e-05
5.25649e-05
5.2463e-05
5.23648e-05
5.22706e-05
5.21809e-05
5.21258e-05
5.2126e-05
5.21168e-05
5.20985e-05
5.20651e-05
5.20158e-05
5.19596e-05
5.19082e-05
5.18571e-05
5.18038e-05
5.1748e-05
5.16886e-05
5.16284e-05
5.1568e-05
5.15087e-05
5.14508e-05
5.13951e-05
5.13414e-05
5.12894e-05
5.12395e-05
5.11959e-05
5.11537e-05
5.1112e-05
5.10714e-05
5.10316e-05
5.09928e-05
5.09546e-05
5.09176e-05
5.08822e-05
5.08485e-05
5.08161e-05
5.07848e-05
5.07546e-05
5.07254e-05
5.06975e-05
5.0672e-05
5.06769e-05
5.06874e-05
5.06925e-05
5.06917e-05
5.06829e-05
5.06696e-05
5.06533e-05
5.06353e-05
5.06156e-05
5.05952e-05
5.05744e-05
5.05528e-05
5.05311e-05
5.05097e-05
5.04891e-05
5.04691e-05
5.045e-05
5.04374e-05
5.04369e-05
5.04337e-05
5.04285e-05
5.04209e-05
5.04128e-05
5.04041e-05
5.0394e-05
5.03827e-05
5.03704e-05
5.03576e-05
5.03446e-05
5.03313e-05
5.0318e-05
5.0305e-05
5.02924e-05
5.02802e-05
5.02683e-05
5.02568e-05
5.02457e-05
5.02352e-05
5.02252e-05
5.02158e-05
5.02068e-05
5.01983e-05
5.01902e-05
5.01825e-05
5.01752e-05
5.01681e-05
5.01614e-05
5.01549e-05
5.01494e-05
5.01442e-05
5.01393e-05
5.01347e-05
5.01313e-05
5.0128e-05
5.01245e-05
5.01209e-05

