5e-05
5e-05
5e-05
5e-05
5e-05
5e-05
5e-05
5e-05
5e-05
5e-05
5e-05
5e-05
5e-05
5e-05
5e-05
5e-05
5e-05
5e-05
5e-05
5e-05
5e-05
5e-05
5e-05
5e-05
5e-05
5e-05
5e-05
5e-05
5e-05
5e-05
5e-05
5e-05
5e-05
5e-05
5e-05
5e-05
5e-05
5e-05
5e-05
5e-05
5e-05
5e-05
5e-05
5e-05
5e-05
5e-05
5e-05
5e-05
5e-05
5e-05
5e-05
5e-05
5e-05
5e-05
5e-05
5e-05
5e-05
5e-05
5e-05
5e-05
5e-05
5e-05
5e-05
5e-05
5e-05
5e-05
5e-05
5e-05
5e-05
5e-05
5e-05
5e-05
5e-05
5e-05
5e-05
5e-05
5e-05
5e-05
5e-05
5e-05
5e-05
5e-05
5e-05
5e-05
5e-05
5e-05
5e-05
5e-05
5e-05
5e-05
5e-05
5e-05
5e-05
5e-05
5e-05
5e-05
5e-05
5e-05
5e-05
5e-05
5e-05
5e-05
5e-05
5e-05
5e-05
5e-05
5e-05
5e-05
5e-05
5e-05
5e-05
5e-05
5e-05
5e-05
5e-05
5e-05
5e-05
5e-05
5e-05
5e-05
5e-05
5e-05
5e-05
5e-05
5e-05
5e-05
5e-05
5e-05
5e-05
5e-05
5e-05
5e-05
5e-05
5e-05
5e-05
5e-05
5e-05
5e-05
5.21848e-05
6.24732e-05
7.54536e-05
8.79177e-05
9.86191e-05
0.000107549
0.000116456
0.000124724
0.000130336
0.000134494
0.000137529
0.000139512
0.000140524
0.000140919
0.000140915
0.00014046
0.000139727
0.000138779
0.000137674
0.00013647
0.000137171
0.000141147
0.000144213
0.000146396
0.000147334
0.000146999
0.000145989
0.000145089
0.000144019
0.000142629
0.000140914
0.000138825
0.000136535
0.000134116
0.000131642
0.000129163
0.000126717
0.000124316
0.000121939
0.00011962
0.000117646
0.000115688
0.000113709
0.000111741
0.00010977
0.000107823
0.000105864
0.000103948
0.000102091
0.000100311
9.85861e-05
9.69038e-05
9.52646e-05
9.36651e-05
9.21259e-05
9.0728e-05
9.12899e-05
9.21961e-05
9.27365e-05
9.28693e-05
9.24735e-05
9.17634e-05
9.08492e-05
8.9814e-05
8.86555e-05
8.74381e-05
8.61885e-05
8.48828e-05
8.3554e-05
8.22485e-05
8.0977e-05
7.97459e-05
7.85661e-05
7.78098e-05
7.78296e-05
7.7676e-05
7.73834e-05
7.6934e-05
7.64437e-05
7.59149e-05
7.52908e-05
7.45898e-05
7.3814e-05
7.30056e-05
7.21813e-05
7.13389e-05
7.0493e-05
6.96655e-05
6.88631e-05
6.80811e-05
6.73193e-05
6.65827e-05
6.58754e-05
6.52017e-05
6.45632e-05
6.39582e-05
6.33803e-05
6.28313e-05
6.2311e-05
6.18178e-05
6.13467e-05
6.08961e-05
6.04601e-05
6.00454e-05
5.96883e-05
5.93577e-05
5.90379e-05
6.05443e-05
6.86115e-05
7.88328e-05
8.85979e-05
9.74229e-05

