5e-05
5e-05
5e-05
5e-05
5e-05
5e-05
5e-05
5e-05
5e-05
5e-05
5e-05
5e-05
5e-05
5e-05
5e-05
5e-05
5e-05
5e-05
5e-05
5e-05
5e-05
5e-05
5e-05
5e-05
5e-05
5e-05
5e-05
5e-05
5e-05
5e-05
5e-05
5e-05
5e-05
5e-05
5e-05
5e-05
5e-05
5e-05
5e-05
5e-05
5e-05
5e-05
5e-05
5e-05
5e-05
5e-05
5e-05
5e-05
5e-05
5e-05
5e-05
5e-05
5e-05
5e-05
5e-05
5e-05
5e-05
5e-05
5e-05
5e-05
5e-05
5e-05
5e-05
5e-05
5e-05
5e-05
5e-05
5e-05
5e-05
5e-05
5e-05
5e-05
5e-05
5e-05
5e-05
5e-05
5e-05
5e-05
5e-05
5e-05
5e-05
5e-05
5e-05
5e-05
5e-05
5e-05
5e-05
5e-05
5e-05
5e-05
5e-05
5e-05
5e-05
5e-05
5e-05
5e-05
5e-05
5e-05
5e-05
5e-05
5e-05
5e-05
5e-05
5e-05
5e-05
5e-05
5e-05
5e-05
5e-05
5e-05
5e-05
5e-05
5e-05
5e-05
5e-05
5e-05
5e-05
5e-05
5e-05
5e-05
5e-05
5e-05
5e-05
5e-05
5e-05
5e-05
5e-05
5e-05
5e-05
5e-05
5e-05
5e-05
5e-05
5e-05
5e-05
5e-05
5.09615e-05
5.86366e-05
6.85106e-05
7.81547e-05
8.71333e-05
9.50469e-05
0.000101854
0.000107675
0.000112595
0.000121043
0.000134323
0.000145609
0.000155744
0.000164194
0.000171207
0.000186694
0.000236821
0.000246444
0.000242146
0.000234397
0.000225788
0.000217155
0.000208827
0.000200904
0.000193437
0.000186409
0.00017982
0.000173648
0.000167836
0.000162367
0.000157252
0.000152451
0.000147937
0.000143702
0.000139729
0.000135994
0.000132474
0.000129133
0.000125974
0.000122988
0.00012016
0.000117476
0.000116302
0.000116736
0.000116815
0.000116291
0.000115336
0.000114104
0.000112644
0.000111005
0.000109232
0.000107367
0.000105405
0.000103419
0.000101418
9.9455e-05
9.75436e-05
9.56806e-05
9.38463e-05
9.20702e-05
9.03719e-05
8.87382e-05
8.73202e-05
8.59876e-05
8.46705e-05
8.33836e-05
8.21284e-05
8.09084e-05
7.97369e-05
7.86148e-05
7.75289e-05
7.64787e-05
7.54667e-05
7.44991e-05
7.35731e-05
7.26841e-05
7.18367e-05
7.10288e-05
7.0252e-05
6.95001e-05
6.87828e-05
6.80894e-05
6.74237e-05
6.67896e-05
6.61845e-05
6.57987e-05
6.59125e-05
6.5929e-05
6.58472e-05
6.56833e-05
6.54481e-05
6.51423e-05
6.47719e-05
6.43521e-05
6.39105e-05
6.34584e-05
6.30026e-05
6.25484e-05
6.20996e-05
6.16594e-05
6.12299e-05
6.08091e-05
6.03941e-05
5.99893e-05
5.95983e-05
5.92193e-05
5.88575e-05
5.851e-05
5.8179e-05
5.78642e-05
5.75645e-05
5.72736e-05
5.69941e-05
5.67284e-05

