5e-05
5e-05
5e-05
5e-05
5e-05
5e-05
5e-05
5e-05
5e-05
5e-05
5e-05
5e-05
5e-05
5e-05
5e-05
5e-05
5e-05
5e-05
5e-05
5e-05
5e-05
5e-05
5e-05
5e-05
5e-05
5e-05
5e-05
5e-05
5e-05
5e-05
5e-05
5e-05
5e-05
5e-05
5e-05
5e-05
5e-05
5e-05
5e-05
5e-05
5e-05
5e-05
5e-05
5e-05
5e-05
5e-05
5e-05
5e-05
5e-05
5e-05
5e-05
5e-05
5e-05
5e-05
5e-05
5e-05
5e-05
5e-05
5e-05
5e-05
5e-05
5e-05
5e-05
5e-05
5e-05
5e-05
5e-05
5e-05
5e-05
5e-05
5e-05
5e-05
5e-05
5e-05
5e-05
5e-05
5e-05
5e-05
5e-05
5e-05
5e-05
5e-05
5e-05
5e-05
5e-05
5e-05
5e-05
5e-05
5e-05
5e-05
5e-05
5e-05
5e-05
5e-05
5e-05
5e-05
5e-05
5e-05
5e-05
5e-05
5e-05
5e-05
5e-05
5e-05
5e-05
5e-05
5e-05
5e-05
5e-05
5e-05
5e-05
5e-05
5e-05
5e-05
5e-05
5e-05
5e-05
5e-05
5e-05
5e-05
5e-05
5e-05
5e-05
5e-05
5e-05
5e-05
5e-05
5e-05
5e-05
5e-05
5e-05
5e-05
5.0008e-05
5.45708e-05
6.37201e-05
7.46063e-05
8.63528e-05
9.68717e-05
0.000105577
0.000113636
0.000120808
0.000126465
0.000131572
0.000144731
0.000203306
0.000237374
0.000241067
0.00023655
0.000229812
0.000222193
0.00021453
0.000207204
0.000200758
0.00019451
0.0001885
0.000182946
0.000177849
0.000172822
0.000167957
0.000163302
0.000158875
0.00015459
0.000150468
0.000146513
0.000142713
0.000139206
0.000136183
0.000133267
0.000130356
0.000127493
0.000124699
0.00012199
0.000119375
0.00011685
0.000114421
0.000112049
0.000109749
0.000107558
0.000105477
0.000103498
0.000101613
9.9815e-05
9.80961e-05
9.64508e-05
9.48638e-05
9.33296e-05
9.1903e-05
9.07289e-05
8.95675e-05
8.83944e-05
8.72121e-05
8.60371e-05
8.48727e-05
8.37278e-05
8.25983e-05
8.1488e-05
8.04187e-05
7.93905e-05
7.84007e-05
7.74308e-05
7.64668e-05
7.55351e-05
7.46419e-05
7.379e-05
7.29766e-05
7.21991e-05
7.14514e-05
7.07301e-05
7.00346e-05
6.93641e-05
6.87634e-05
6.82307e-05
6.76949e-05
6.71598e-05
6.66157e-05
6.60859e-05
6.55715e-05
6.50684e-05
6.45766e-05
6.41003e-05
6.36381e-05
6.319e-05
6.27546e-05
6.2329e-05
6.19245e-05
6.15875e-05
6.12618e-05
6.09345e-05
6.0605e-05
6.02735e-05
5.99484e-05
5.96332e-05
5.93277e-05
5.90318e-05
5.87452e-05
5.84675e-05
5.81985e-05
5.79549e-05
5.77451e-05
5.75711e-05
5.73909e-05
5.71925e-05
5.69846e-05
5.67697e-05
5.65598e-05
5.63886e-05
5.62219e-05
5.60476e-05
5.58699e-05
5.56943e-05

