5e-05
5e-05
5e-05
5e-05
5e-05
5e-05
5e-05
5.00676e-05
5.5978e-05
6.68676e-05
7.81874e-05
8.87141e-05
9.79471e-05
0.000106184
0.000113267
0.000120176
0.000125971
0.0001306
0.000134201
0.000136728
0.000137896
0.000138324
0.000138272
0.000137749
0.000137049
0.000136227
0.000135304
0.000134296
0.000133161
0.000131823
0.000131162
0.000130994
0.000130631
0.000129971
0.000129108
0.000128017
0.000126787
0.000125459
0.000124026
0.000122502
0.000120937
0.000119346
0.000117739
0.000116122
0.000114485
0.000112827
0.000111185
0.000109683
0.00010874
0.000107812
0.000106603
0.000105248
0.000104151
0.000103311
0.000102374
0.000101288
0.00010009
9.88303e-05
9.75183e-05
9.61783e-05
9.47287e-05
9.32733e-05
9.18597e-05
9.04838e-05
8.91396e-05
8.78276e-05
8.65425e-05
8.53013e-05
8.40869e-05
8.29107e-05
8.17852e-05
8.06985e-05
7.96575e-05
7.8653e-05
7.76919e-05
7.67587e-05
7.58491e-05
7.49795e-05
7.4149e-05
7.33451e-05
7.25738e-05
7.18261e-05
7.10847e-05
7.03627e-05
6.9667e-05
6.90028e-05
6.83679e-05
6.77476e-05
6.71425e-05
6.65657e-05
6.60106e-05
6.54741e-05
6.49537e-05
6.44532e-05
6.39718e-05
6.35089e-05
6.3066e-05
6.26435e-05
6.22354e-05
6.18435e-05
6.14683e-05
6.11086e-05
6.0763e-05
6.0468e-05
6.02112e-05
5.99547e-05
5.96975e-05
5.9434e-05
5.91636e-05
5.88911e-05
5.86188e-05
5.83529e-05
5.80916e-05
5.78519e-05
5.76518e-05
5.7449e-05
5.72435e-05
5.70391e-05
5.68363e-05
5.66359e-05
5.64374e-05
5.62383e-05
5.60402e-05
5.58668e-05
5.57056e-05
5.5537e-05
5.53681e-05
5.51972e-05
5.50278e-05
5.49168e-05
5.49951e-05
5.50748e-05
5.51465e-05
5.5431e-05
5.67599e-05
5.68781e-05
5.66362e-05
5.6321e-05
5.59937e-05
5.56739e-05
5.53689e-05
5.50808e-05
5.48105e-05
5.45573e-05
5.43202e-05
5.40984e-05
5.38911e-05
5.37091e-05
5.3538e-05
5.33754e-05
5.32212e-05
5.30727e-05
5.29315e-05
5.27982e-05
5.26725e-05
5.2552e-05
5.2438e-05
5.23302e-05
5.22287e-05
5.21376e-05
5.20564e-05
5.19778e-05
5.19016e-05
5.18282e-05
5.17626e-05
5.1701e-05
5.16403e-05
5.15813e-05
5.15227e-05
5.1466e-05
5.14106e-05
5.13573e-05
5.1306e-05
5.1257e-05
5.12099e-05
5.11648e-05
5.11219e-05
5.10808e-05
5.10416e-05
5.10041e-05
5.0968e-05
5.0933e-05
5.08994e-05
5.08672e-05
5.08363e-05
5.08064e-05
5.07772e-05
5.07497e-05
5.07266e-05
5.0704e-05
5.07074e-05
5.07196e-05
5.07257e-05
5.07258e-05
5.07193e-05
5.07081e-05
5.06931e-05
5.06758e-05
5.06562e-05
5.06354e-05
5.06139e-05
5.05914e-05
5.0569e-05
5.0547e-05
5.0525e-05
5.05038e-05
5.04834e-05
5.04637e-05
5.04449e-05
5.0427e-05
5.04099e-05
5.03935e-05
5.03778e-05
5.03633e-05
5.03508e-05
5.03387e-05
5.03269e-05
5.03153e-05
5.0304e-05
5.02931e-05
5.02826e-05
5.02723e-05
5.02624e-05
5.02527e-05
5.02435e-05
5.02346e-05
5.02262e-05
5.02181e-05
5.02102e-05
5.02026e-05
5.01952e-05
5.01881e-05
5.0182e-05
5.01765e-05
5.0171e-05
5.01656e-05
5.01601e-05
5.01547e-05
5.01493e-05
5.01441e-05
5.0139e-05
5.01343e-05
5.01304e-05
5.01265e-05
5.01228e-05
5.01197e-05
5.01166e-05
5.01133e-05
5.01102e-05
5.01116e-05

