5e-05
5e-05
5e-05
5e-05
5e-05
5e-05
5e-05
5e-05
5e-05
5e-05
5e-05
5e-05
5e-05
5e-05
5e-05
5e-05
5e-05
5e-05
5e-05
5e-05
5e-05
5e-05
5e-05
5e-05
5e-05
5e-05
5e-05
5e-05
5e-05
5e-05
5e-05
5e-05
5e-05
5e-05
5e-05
5e-05
5e-05
5e-05
5e-05
5e-05
5e-05
5e-05
5e-05
5e-05
5e-05
5e-05
5e-05
5e-05
5e-05
5e-05
5.30605e-05
6.53538e-05
0.000123248
0.000192834
0.000213864
0.000217587
0.000215795
0.000212057
0.00020756
0.000202733
0.000197668
0.000192645
0.000187775
0.000183109
0.000178672
0.000174447
0.000170417
0.000166568
0.000162908
0.000159403
0.00015605
0.000152836
0.00014976
0.000146792
0.000143947
0.000141158
0.000138453
0.000135809
0.000133248
0.000130762
0.000128372
0.000126037
0.000123702
0.000121428
0.000119249
0.000117155
0.000115123
0.000113155
0.000111223
0.000109365
0.000107575
0.000105832
0.000104151
0.00010253
0.000101012
0.00010173
0.000102761
0.000103387
0.000103628
0.000103518
0.000103085
0.000102363
0.000101393
0.000100225
9.89075e-05
9.74869e-05
9.60011e-05
9.44813e-05
9.29516e-05
9.14306e-05
8.99319e-05
8.84653e-05
8.70373e-05
8.56355e-05
8.42618e-05
8.29296e-05
8.16507e-05
8.04285e-05
7.92611e-05
7.81464e-05
7.70818e-05
7.60648e-05
7.5093e-05
7.4164e-05
7.3279e-05
7.25262e-05
7.18033e-05
7.10941e-05
7.03905e-05
6.97046e-05
6.9038e-05
6.83837e-05
6.77466e-05
6.71309e-05
6.65344e-05
6.5953e-05
6.53931e-05
6.49516e-05
6.46725e-05
6.43514e-05
6.39854e-05
6.36058e-05
6.32189e-05
6.28198e-05
6.24183e-05
6.20141e-05
6.1615e-05
6.12193e-05
6.08327e-05
6.04497e-05
6.00694e-05
5.96984e-05
5.93431e-05
5.90035e-05
5.86791e-05
5.83635e-05
5.80526e-05
5.77535e-05
5.74679e-05
5.71948e-05
5.69353e-05
5.66874e-05
5.6449e-05
5.62209e-05
5.60021e-05
5.57905e-05
5.55888e-05
5.53965e-05
5.52129e-05
5.50374e-05
5.48693e-05
5.47082e-05
5.45534e-05
5.44045e-05
5.42613e-05
5.41233e-05
5.39903e-05
5.38619e-05
5.3738e-05
5.36183e-05
5.35026e-05
5.33892e-05
5.32795e-05
5.31736e-05
5.30703e-05
5.29702e-05
5.28725e-05
5.27784e-05
5.26871e-05
5.25988e-05
5.25139e-05
5.24315e-05
5.23518e-05
5.22737e-05
5.21976e-05
5.21243e-05
5.20536e-05
5.19852e-05
5.19196e-05
5.18567e-05
5.17958e-05
5.17374e-05
5.16814e-05
5.16274e-05
5.15743e-05
5.15222e-05
5.14718e-05
5.14235e-05
5.13772e-05
5.1333e-05
5.12905e-05
5.12492e-05
5.12095e-05
5.11711e-05
5.11336e-05
5.10973e-05
5.1062e-05
5.10275e-05
5.09941e-05
5.09622e-05
5.09313e-05
5.09016e-05
5.0873e-05
5.08456e-05
5.08192e-05
5.07938e-05
5.07691e-05
5.0745e-05
5.07215e-05
5.06989e-05
5.0677e-05
5.06557e-05
5.06352e-05
5.06155e-05
5.05964e-05
5.0578e-05
5.05603e-05
5.05429e-05
5.05258e-05
5.05092e-05
5.04932e-05
5.04776e-05
5.04627e-05
5.04481e-05
5.04339e-05
5.04204e-05
5.04072e-05
5.03941e-05
5.03813e-05
5.0369e-05

