5e-05
5e-05
5e-05
5e-05
5e-05
5e-05
5e-05
5e-05
5e-05
5e-05
5e-05
5.09472e-05
6.10208e-05
7.55049e-05
8.84991e-05
0.000100093
0.000109851
0.000117563
0.000123658
0.000128012
0.000130752
0.00013237
0.000133426
0.000133799
0.000133818
0.00013366
0.000133358
0.000132932
0.000132338
0.000131542
0.000130595
0.000129547
0.000128441
0.000127283
0.00012603
0.000125836
0.000129466
0.000132484
0.0001346
0.000135683
0.000135924
0.000135601
0.000134751
0.000133428
0.000131814
0.000129987
0.000128007
0.000125844
0.00012358
0.000121249
0.000118782
0.000116357
0.000113979
0.000111677
0.000109467
0.000107353
0.000105327
0.000103376
0.000101502
9.96955e-05
9.79264e-05
9.62156e-05
9.45864e-05
9.32403e-05
9.19906e-05
9.07711e-05
8.95783e-05
8.84057e-05
8.7233e-05
8.60587e-05
8.49107e-05
8.3778e-05
8.2669e-05
8.15887e-05
8.05329e-05
7.95143e-05
7.85078e-05
7.75327e-05
7.65994e-05
7.56987e-05
7.48375e-05
7.40079e-05
7.31906e-05
7.24003e-05
7.16426e-05
7.09063e-05
7.02034e-05
6.95292e-05
6.88774e-05
6.82515e-05
6.76534e-05
6.7081e-05
6.65324e-05
6.59975e-05
6.54768e-05
6.50262e-05
6.46358e-05
6.42483e-05
6.38621e-05
6.34775e-05
6.31295e-05
6.28828e-05
6.26596e-05
6.24107e-05
6.21384e-05
6.19028e-05
6.16638e-05
6.13863e-05
6.1086e-05
6.07749e-05
6.04576e-05
6.01375e-05
5.98175e-05
5.94939e-05
5.91694e-05
5.88486e-05
5.8537e-05
5.82304e-05
5.79332e-05
5.76481e-05
5.73735e-05
5.71062e-05
5.68559e-05
5.66464e-05
5.64368e-05
5.62528e-05
5.60812e-05
5.59002e-05
5.57339e-05
5.55872e-05
5.54381e-05
5.52832e-05
5.51188e-05
5.496e-05
5.48248e-05
5.46862e-05
5.45429e-05
5.44005e-05
5.42599e-05
5.41361e-05
5.40208e-05
5.39042e-05
5.37872e-05
5.36684e-05
5.35498e-05
5.34442e-05
5.33364e-05
5.32268e-05
5.31132e-05
5.29988e-05
5.28879e-05
5.27841e-05
5.2693e-05
5.26042e-05
5.25171e-05
5.24295e-05
5.23441e-05
5.22613e-05
5.21811e-05
5.21042e-05
5.20297e-05
5.19569e-05
5.18869e-05
5.18188e-05
5.17534e-05
5.16908e-05
5.16311e-05
5.15743e-05
5.15201e-05
5.14684e-05
5.14184e-05
5.13705e-05
5.13246e-05
5.12805e-05
5.12382e-05
5.11968e-05
5.11566e-05
5.11181e-05
5.10811e-05
5.10456e-05
5.10112e-05
5.09771e-05
5.09435e-05
5.0911e-05
5.08797e-05
5.08498e-05
5.08213e-05
5.07951e-05
5.07737e-05
5.07527e-05
5.07311e-05
5.07091e-05
5.0687e-05
5.06653e-05
5.06437e-05
5.06225e-05
5.0602e-05
5.05827e-05
5.05663e-05
5.05503e-05
5.05357e-05
5.05227e-05
5.05089e-05
5.04942e-05
5.04794e-05
5.04646e-05
5.04499e-05
5.04355e-05
5.04212e-05
5.04069e-05
5.03929e-05
5.03794e-05
5.03664e-05
5.03537e-05
5.03415e-05
5.03298e-05
5.03186e-05
5.03078e-05
5.02972e-05
5.02871e-05
5.02773e-05
5.02679e-05
5.02592e-05
5.02609e-05
5.02634e-05
5.02638e-05
5.02626e-05
5.026e-05
5.02557e-05
5.025e-05
5.02437e-05
5.02369e-05
5.02297e-05
5.02224e-05
5.02147e-05
5.02071e-05
5.02e-05
5.01936e-05
5.01872e-05
5.01807e-05
5.01743e-05
5.01678e-05
5.01615e-05
5.01553e-05
5.01494e-05
5.01438e-05
5.01389e-05
5.01344e-05
5.01301e-05
5.01256e-05

