5e-05
5e-05
5e-05
5e-05
5e-05
5e-05
5e-05
5e-05
5e-05
5e-05
5e-05
5e-05
5.26281e-05
6.03671e-05
7.01439e-05
7.98555e-05
8.86744e-05
9.62305e-05
0.000102618
0.000107775
0.000112366
0.000116086
0.00011902
0.000121162
0.00012274
0.000123894
0.000124728
0.000125298
0.00012562
0.000125624
0.000125404
0.000125044
0.000124555
0.000123902
0.000123046
0.000122102
0.000121117
0.000120079
0.000118957
0.000117811
0.000116651
0.000115481
0.000114299
0.000113112
0.000112331
0.00011157
0.000110667
0.00010978
0.000109135
0.000108338
0.000107373
0.000106264
0.000104968
0.000103596
0.000102225
0.000100862
9.98071e-05
9.96209e-05
0.00010415
0.00011008
0.000115601
0.000120615
0.00012491
0.000128464
0.000131361
0.000133615
0.000135373
0.000137494
0.000138973
0.000139972
0.000140567
0.000140794
0.00014064
0.000140226
0.000139598
0.000138787
0.000137819
0.000136684
0.000135405
0.000134042
0.000132573
0.000130996
0.000129357
0.000127684
0.000125957
0.000124208
0.000122448
0.000120714
0.000119
0.000117294
0.000115622
0.000113982
0.00011234
0.000110687
0.000109339
0.000108116
0.000106845
0.000105536
0.000104216
0.000102885
0.000101531
0.000100185
9.88403e-05
9.74714e-05
9.61138e-05
9.4774e-05
9.34505e-05
9.21629e-05
9.09041e-05
8.96752e-05
8.8486e-05
8.73354e-05
8.62164e-05
8.51987e-05
8.45656e-05
8.39369e-05
8.32578e-05
8.25336e-05
8.17723e-05
8.09821e-05
8.01712e-05
7.93727e-05
7.87908e-05
7.83092e-05
7.77332e-05
7.70475e-05
7.63154e-05
7.55219e-05
7.47223e-05
7.41816e-05
7.45223e-05
7.48086e-05
7.49355e-05
7.48008e-05
7.44219e-05
7.38758e-05
7.33176e-05
7.2757e-05
7.20915e-05
7.13351e-05
7.05478e-05
6.9769e-05
6.90069e-05
7.07987e-05
7.98167e-05
0.000132115
0.000204769
0.000224156
0.000224615
0.000220447
0.000214947
0.00020896
0.000203233
0.000197861
0.000192453
0.000187186
0.000182517
0.00017783
0.000173127
0.000168471
0.000163908
0.000159474
0.000155188
0.000151064
0.000147111
0.000143327
0.000139693
0.000136211
0.000132887
0.000129709
0.000126665
0.000123753
0.00012097
0.000118816
0.000118636
0.000117754
0.000116315
0.000114512
0.000112491
0.000110359
0.000108188
0.000106028
0.000103909
0.000101851
9.98684e-05
9.79606e-05
9.61316e-05
9.43803e-05
9.27034e-05
9.10986e-05
8.95657e-05
8.81034e-05
8.67032e-05
8.53622e-05
8.40778e-05
8.28478e-05
8.16709e-05
8.05723e-05
7.96347e-05
7.87034e-05
7.77746e-05
7.68555e-05
7.59526e-05
7.50713e-05
7.42145e-05
7.3384e-05
7.25809e-05
7.18074e-05
7.10642e-05
7.03474e-05
6.96786e-05
6.91108e-05
6.85423e-05
6.79701e-05
6.74007e-05
6.68388e-05
6.62878e-05
6.57506e-05
6.5229e-05
6.4724e-05
6.42352e-05
6.37623e-05
6.33057e-05
6.29207e-05
6.25544e-05
6.21837e-05
6.18119e-05
6.14425e-05
6.10783e-05
6.07215e-05
6.03735e-05
6.0035e-05
5.97068e-05
5.94331e-05
5.91697e-05
5.89022e-05
5.86446e-05
5.84227e-05
5.81928e-05
5.79564e-05
5.77171e-05
5.74774e-05
5.72393e-05
5.70054e-05
5.6777e-05
5.65547e-05
5.6339e-05
5.61317e-05
5.59602e-05
5.57913e-05

