5e-05
5e-05
5e-05
5e-05
5e-05
5e-05
5e-05
5e-05
5e-05
5e-05
5e-05
5e-05
5e-05
5e-05
5e-05
5e-05
5e-05
5e-05
5e-05
5e-05
5e-05
5e-05
5e-05
5e-05
5e-05
5e-05
5e-05
5e-05
5e-05
5e-05
5e-05
5e-05
5e-05
5e-05
5e-05
5e-05
5e-05
5e-05
5e-05
5e-05
5e-05
5e-05
5e-05
5e-05
5e-05
5e-05
5e-05
5e-05
5e-05
5e-05
5e-05
5e-05
5e-05
5e-05
5e-05
5.25982e-05
6.12022e-05
7.11386e-05
8.07264e-05
8.92136e-05
9.58509e-05
0.000101221
0.000105736
0.000109523
0.00011273
0.000115384
0.000117602
0.000119386
0.000120802
0.000121822
0.000122536
0.000122992
0.000123242
0.000123326
0.000125802
0.000130886
0.000134964
0.000137989
0.000139813
0.000140761
0.00014099
0.000140464
0.000139341
0.000137835
0.000136088
0.000135924
0.000138935
0.000142342
0.000167097
0.000177987
0.00017411
0.000168102
0.000161822
0.000155691
0.000149838
0.000144303
0.000139093
0.0001342
0.00012961
0.000125306
0.00012127
0.000117486
0.000113938
0.000110609
0.000107482
0.000104547
0.000101792
9.92004e-05
9.67631e-05
9.44697e-05
9.23093e-05
9.02734e-05
8.83539e-05
8.65455e-05
8.48418e-05
8.32354e-05
8.17182e-05
8.02855e-05
7.89295e-05
7.76452e-05
7.64288e-05
7.52765e-05
7.41867e-05
7.31549e-05
7.22475e-05
7.1399e-05
7.05703e-05
6.97639e-05
6.90275e-05
6.83527e-05
6.76825e-05
6.70213e-05
6.63742e-05
6.57454e-05
6.51382e-05
6.45652e-05
6.40836e-05
6.36624e-05
6.32626e-05
6.29457e-05
6.25894e-05
6.22033e-05
6.18208e-05
6.14927e-05
6.11808e-05
6.08415e-05
6.05025e-05
6.01846e-05
5.98512e-05
5.95092e-05
5.91683e-05
5.88334e-05
5.85126e-05
5.82329e-05
5.79553e-05
5.7679e-05
5.74063e-05
5.71396e-05
5.68803e-05
5.66295e-05
5.63876e-05
5.61548e-05
5.5931e-05
5.57163e-05
5.55106e-05
5.53134e-05
5.5124e-05
5.49421e-05
5.47674e-05
5.45998e-05
5.44391e-05
5.42846e-05
5.41361e-05
5.39934e-05
5.38562e-05
5.37244e-05
5.35977e-05
5.34759e-05
5.33586e-05
5.32458e-05
5.31372e-05
5.30325e-05
5.29318e-05
5.28348e-05
5.27413e-05
5.26511e-05
5.25641e-05
5.24802e-05
5.2403e-05
5.23383e-05
5.22732e-05
5.22073e-05
5.21413e-05
5.20757e-05
5.2011e-05
5.19475e-05
5.18852e-05
5.18341e-05
5.18547e-05
5.18632e-05
5.18512e-05
5.18332e-05
5.18043e-05
5.1765e-05
5.17173e-05
5.16653e-05
5.1611e-05
5.15558e-05
5.1501e-05
5.14471e-05
5.13946e-05
5.13437e-05
5.12944e-05
5.1247e-05
5.12013e-05
5.11575e-05
5.11154e-05
5.10751e-05
5.10364e-05
5.09993e-05
5.09637e-05
5.09296e-05
5.08969e-05
5.08654e-05
5.08353e-05
5.08064e-05
5.07785e-05
5.07518e-05
5.07262e-05
5.07015e-05
5.06777e-05
5.06548e-05
5.06328e-05
5.06115e-05
5.05911e-05
5.05713e-05
5.05523e-05
5.0534e-05
5.05164e-05
5.04994e-05
5.04831e-05
5.04673e-05
5.04521e-05
5.04374e-05
5.04231e-05
5.04094e-05
5.03962e-05
5.03834e-05
5.03711e-05
5.03591e-05

