5e-05
5e-05
5e-05
5e-05
5e-05
5e-05
5e-05
5e-05
5e-05
5e-05
5e-05
5e-05
5e-05
5e-05
5e-05
5e-05
5e-05
5e-05
5e-05
5e-05
5e-05
5e-05
5e-05
5e-05
5e-05
5e-05
5e-05
5e-05
5e-05
5e-05
5e-05
5e-05
5e-05
5e-05
5e-05
5e-05
5e-05
5e-05
5e-05
5e-05
5e-05
5e-05
5e-05
5e-05
5e-05
5e-05
5e-05
5e-05
5e-05
5e-05
5e-05
5e-05
5e-05
5e-05
5e-05
5e-05
5e-05
5e-05
5e-05
5e-05
5e-05
5e-05
5e-05
5e-05
5e-05
5e-05
5e-05
5e-05
5e-05
5e-05
5e-05
5e-05
5e-05
5e-05
5e-05
5e-05
5e-05
5e-05
5e-05
5e-05
5e-05
5e-05
5e-05
5e-05
5e-05
5e-05
5e-05
5e-05
5e-05
5e-05
5e-05
5e-05
5e-05
5e-05
5e-05
5e-05
5e-05
5e-05
5e-05
5e-05
5e-05
5e-05
5e-05
5e-05
5e-05
5e-05
5e-05
5e-05
5e-05
5e-05
5e-05
5e-05
5e-05
5e-05
5e-05
5e-05
5e-05
5e-05
5e-05
5e-05
5e-05
5e-05
5e-05
5e-05
5e-05
5e-05
5e-05
5e-05
5e-05
5e-05
5e-05
5e-05
5e-05
5e-05
5e-05
5e-05
5e-05
5e-05
5e-05
5e-05
5.30887e-05
6.0886e-05
6.96354e-05
7.79552e-05
8.55065e-05
9.20609e-05
9.83102e-05
0.000104002
0.000108703
0.000112557
0.000115583
0.00011796
0.000119801
0.000121235
0.000122296
0.000123068
0.000123496
0.000123519
0.000123312
0.000127321
0.00013223
0.00013611
0.000138843
0.000140431
0.000140862
0.000140401
0.000139473
0.000138209
0.000136685
0.000134961
0.000133089
0.000131064
0.000128957
0.00012682
0.000124633
0.000122424
0.000120205
0.000118008
0.000115849
0.000113757
0.000111811
0.000110225
0.000108661
0.000107092
0.000105523
0.000103958
0.000102404
0.000100925
9.96493e-05
9.83215e-05
9.69653e-05
9.55866e-05
9.42204e-05
9.28734e-05
9.15477e-05
9.02266e-05
8.89347e-05
8.76771e-05
8.64379e-05
8.52337e-05
8.41558e-05
8.32052e-05
8.22619e-05
8.1318e-05
8.03599e-05
7.93991e-05
7.85612e-05
7.7775e-05
7.69887e-05
7.62044e-05
7.54177e-05
7.46048e-05
7.37993e-05
7.30155e-05
7.22545e-05
7.1519e-05
7.09005e-05
7.02953e-05
6.96948e-05
6.91007e-05
6.85145e-05
6.79282e-05
6.73494e-05
6.67762e-05
6.62182e-05
6.56697e-05
6.51387e-05
6.46263e-05
6.41272e-05
6.36436e-05
6.31783e-05
6.27308e-05
6.22982e-05
6.1878e-05
6.14741e-05
6.10861e-05
6.07131e-05
6.03545e-05
6.00362e-05
5.97494e-05
5.94601e-05
5.91736e-05
5.88882e-05
5.86092e-05
5.83371e-05
5.80722e-05
5.78144e-05
5.75607e-05
5.73105e-05
5.70677e-05

