5e-05
5e-05
5e-05
5e-05
5e-05
5e-05
5e-05
5.11152e-05
5.9688e-05
7.09005e-05
8.19256e-05
9.19851e-05
0.000100433
0.000107182
0.000112779
0.000118315
0.000123197
0.000127188
0.000131185
0.000134062
0.000135499
0.000136165
0.000136356
0.000136101
0.000136278
0.00014172
0.000147008
0.000151618
0.000157059
0.000178408
0.000212487
0.000216367
0.000211439
0.000204398
0.000196984
0.000189679
0.000182658
0.000175992
0.000169698
0.000163776
0.000158226
0.000153029
0.000148166
0.000143613
0.000139362
0.000135721
0.000132333
0.000129101
0.000126008
0.000123315
0.000120947
0.000118713
0.000116403
0.00011402
0.000111665
0.000109377
0.000107144
0.000104993
0.000102908
0.000100894
9.88475e-05
9.68495e-05
9.49568e-05
9.31558e-05
9.14442e-05
8.98048e-05
8.82426e-05
8.67644e-05
8.53655e-05
8.40291e-05
8.27513e-05
8.1513e-05
8.03366e-05
7.92207e-05
7.81578e-05
7.71307e-05
7.61416e-05
7.52009e-05
7.43058e-05
7.34447e-05
7.26192e-05
7.1818e-05
7.10447e-05
7.03009e-05
6.95903e-05
6.8912e-05
6.82593e-05
6.76335e-05
6.70219e-05
6.64345e-05
6.58743e-05
6.53342e-05
6.48115e-05
6.4307e-05
6.40957e-05
6.42891e-05
6.44168e-05
6.4438e-05
6.43529e-05
6.41845e-05
6.39177e-05
6.35988e-05
6.32416e-05
6.28518e-05
6.24493e-05
6.20411e-05
6.16308e-05
6.12173e-05
6.08112e-05
6.04151e-05
6.00305e-05
5.96581e-05
5.9308e-05
5.90091e-05
5.8712e-05
5.84187e-05
5.81226e-05
5.78269e-05
5.75379e-05
5.72581e-05
5.69873e-05
5.67278e-05
5.64769e-05
5.62334e-05
5.59966e-05
5.57702e-05
5.55548e-05
5.53493e-05
5.51514e-05
5.49612e-05
5.47801e-05
5.46074e-05
5.44569e-05
5.43242e-05
5.41935e-05
5.4075e-05
5.39613e-05
5.38476e-05
5.37542e-05
5.37151e-05
5.36795e-05
5.36292e-05
5.35588e-05
5.34777e-05
5.34129e-05
5.33538e-05
5.32686e-05
5.31744e-05
5.30752e-05
5.29711e-05
5.28627e-05
5.27544e-05
5.26488e-05
5.25445e-05
5.24434e-05
5.2346e-05
5.22526e-05
5.21635e-05
5.21089e-05
5.2109e-05
5.21e-05
5.20818e-05
5.20486e-05
5.19998e-05
5.1944e-05
5.1893e-05
5.18423e-05
5.17894e-05
5.1734e-05
5.16752e-05
5.16154e-05
5.15556e-05
5.14966e-05
5.14393e-05
5.1384e-05
5.13307e-05
5.12791e-05
5.12296e-05
5.11864e-05
5.11445e-05
5.11032e-05
5.10629e-05
5.10234e-05
5.09849e-05
5.0947e-05
5.09103e-05
5.08752e-05
5.08417e-05
5.08096e-05
5.07785e-05
5.07486e-05
5.07196e-05
5.06919e-05
5.06667e-05
5.06716e-05
5.06819e-05
5.0687e-05
5.06862e-05
5.06775e-05
5.06642e-05
5.06481e-05
5.06303e-05
5.06107e-05
5.05904e-05
5.05698e-05
5.05484e-05
5.05268e-05
5.05057e-05
5.04852e-05
5.04653e-05
5.04464e-05
5.0434e-05
5.04334e-05
5.04303e-05
5.04251e-05
5.04176e-05
5.04095e-05
5.04009e-05
5.03908e-05
5.03797e-05
5.03674e-05
5.03547e-05
5.03418e-05
5.03286e-05
5.03155e-05
5.03026e-05
5.02901e-05
5.02779e-05
5.02661e-05
5.02547e-05
5.02438e-05
5.02333e-05
5.02234e-05
5.02141e-05
5.02052e-05
5.01967e-05
5.01886e-05
5.0181e-05
5.01738e-05
5.01668e-05
5.01601e-05
5.01537e-05
5.01482e-05
5.01431e-05
5.01382e-05
5.01337e-05
5.01302e-05
5.0127e-05
5.01235e-05
5.01199e-05

