5e-05
5e-05
5e-05
5e-05
5e-05
5e-05
5e-05
5e-05
5e-05
5e-05
5e-05
5e-05
5e-05
5e-05
5e-05
5e-05
5e-05
5e-05
5e-05
5e-05
5e-05
5e-05
5e-05
5e-05
5e-05
5e-05
5e-05
5e-05
5e-05
5e-05
5e-05
5e-05
5e-05
5e-05
5e-05
5e-05
5e-05
5e-05
5e-05
5e-05
5e-05
5e-05
5e-05
5e-05
5e-05
5e-05
5e-05
5e-05
5e-05
5e-05
5e-05
5e-05
5e-05
5e-05
5e-05
5e-05
5e-05
5e-05
5e-05
5e-05
5e-05
5e-05
5e-05
5e-05
5e-05
5e-05
5e-05
5e-05
5e-05
5e-05
5e-05
5e-05
5e-05
5e-05
5e-05
5e-05
5e-05
5e-05
5e-05
5e-05
5e-05
5e-05
5e-05
5e-05
5e-05
5e-05
5e-05
5e-05
5e-05
5e-05
5e-05
5e-05
5e-05
5e-05
5e-05
5e-05
5e-05
5e-05
5e-05
5e-05
5e-05
5e-05
5e-05
5e-05
5e-05
5e-05
5e-05
5e-05
5e-05
5e-05
5e-05
5e-05
5e-05
5e-05
5e-05
5e-05
5e-05
5e-05
5e-05
5e-05
5e-05
5e-05
5e-05
5e-05
5e-05
5e-05
5e-05
5e-05
5e-05
5e-05
5e-05
5e-05
5e-05
5e-05
5e-05
5e-05
5e-05
5e-05
5e-05
6.89973e-05
8.86527e-05
9.91555e-05
0.000105881
0.00011073
0.000114272
0.000116955
0.000119037
0.000120671
0.000121954
0.000122954
0.000123715
0.00012427
0.000124644
0.000124856
0.00012492
0.000124848
0.000124617
0.000124262
0.000123808
0.000123263
0.000122632
0.000121923
0.000121141
0.000120291
0.000119381
0.000118415
0.000117399
0.000116338
0.000115238
0.000114103
0.000112939
0.000111751
0.000110542
0.000109317
0.000108081
0.000106836
0.000105586
0.000104334
0.000103084
0.000101838
0.000100598
9.93663e-05
9.81455e-05
9.6937e-05
9.57425e-05
9.45634e-05
9.34009e-05
9.2256e-05
9.11297e-05
9.00227e-05
8.89358e-05
8.78694e-05
8.68241e-05
8.58e-05
8.47896e-05
8.37911e-05
8.28174e-05
8.18691e-05
8.09457e-05
8.00467e-05
7.91716e-05
7.83197e-05
7.74859e-05
7.66664e-05
7.58705e-05
7.50982e-05
7.43487e-05
7.36212e-05
7.2915e-05
7.22294e-05
7.15636e-05
7.0917e-05
7.0289e-05
6.96791e-05
6.90867e-05
6.85113e-05
6.79524e-05
6.74096e-05
6.68825e-05
6.63705e-05
6.58734e-05
6.53907e-05
6.4922e-05
6.44669e-05
6.40252e-05
6.35964e-05
6.31803e-05
6.27763e-05
6.23844e-05
6.2004e-05
6.1635e-05
6.12769e-05
6.09296e-05
6.05926e-05
6.02658e-05
5.99487e-05
5.96413e-05
5.93431e-05
5.9054e-05
5.87736e-05
5.85017e-05
5.82381e-05
5.79825e-05
5.77348e-05
5.74946e-05
5.72617e-05
5.7036e-05
5.68172e-05
5.66052e-05
5.63996e-05

