5e-05
5e-05
5e-05
5e-05
5e-05
5e-05
5e-05
5e-05
5e-05
5e-05
5e-05
5e-05
5e-05
5e-05
5e-05
5e-05
5e-05
5e-05
5e-05
5e-05
5e-05
5e-05
5e-05
5e-05
5e-05
5e-05
5e-05
5e-05
5e-05
5e-05
5e-05
5e-05
5e-05
5e-05
5e-05
5e-05
5e-05
5e-05
5e-05
5e-05
5e-05
5e-05
5e-05
5e-05
5e-05
5e-05
5e-05
5e-05
5e-05
5e-05
5e-05
5.02452e-05
5.54724e-05
6.3431e-05
7.17704e-05
7.97596e-05
8.68917e-05
9.31114e-05
9.85287e-05
0.000103173
0.000106827
0.000109888
0.00011256
0.000115599
0.000118202
0.000120311
0.00012197
0.000123224
0.000124117
0.000124687
0.000124963
0.000124885
0.000124582
0.000124096
0.000123415
0.00012258
0.000123723
0.000127641
0.000130853
0.00013319
0.000134701
0.000135276
0.000135059
0.000134013
0.000132457
0.000130576
0.000128519
0.000126352
0.000124075
0.00012177
0.000119478
0.000117188
0.000114938
0.000112739
0.000110588
0.00010851
0.000106508
0.00010458
0.000102705
0.000100897
9.91838e-05
9.77639e-05
9.64398e-05
9.53285e-05
9.42003e-05
9.30063e-05
9.17339e-05
9.04334e-05
8.93032e-05
8.82493e-05
8.71761e-05
8.60969e-05
8.50178e-05
8.39399e-05
8.28578e-05
8.19525e-05
8.10582e-05
8.0145e-05
7.92159e-05
7.82827e-05
7.7504e-05
7.67475e-05
7.59815e-05
7.52098e-05
7.44371e-05
7.36679e-05
7.29062e-05
7.21554e-05
7.14179e-05
7.06858e-05
6.99714e-05
6.92783e-05
6.85981e-05
6.79322e-05
6.72912e-05
6.67066e-05
6.68666e-05
6.99519e-05
7.39766e-05
7.40173e-05
7.31386e-05
7.20329e-05
7.08855e-05
6.97564e-05
6.86696e-05
6.76361e-05
6.66594e-05
6.57394e-05
6.48742e-05
6.40613e-05
6.32982e-05
6.25835e-05
6.19131e-05
6.12836e-05
6.06924e-05
6.01374e-05
5.96162e-05
5.91261e-05
5.86658e-05
5.82326e-05
5.78253e-05
5.74419e-05
5.70806e-05
5.67404e-05
5.64198e-05
5.61172e-05
5.58318e-05
5.55624e-05
5.53082e-05
5.5068e-05
5.48408e-05
5.46261e-05
5.44229e-05
5.42311e-05
5.40492e-05
5.38766e-05
5.3718e-05
5.35771e-05
5.34399e-05
5.33061e-05
5.31763e-05
5.3051e-05
5.29309e-05
5.28158e-05
5.27055e-05
5.25999e-05
5.24991e-05
5.24029e-05
5.23108e-05
5.22228e-05
5.21387e-05
5.20584e-05
5.19817e-05
5.19084e-05
5.18384e-05
5.17714e-05
5.17072e-05
5.16487e-05
5.15976e-05
5.15466e-05
5.14959e-05
5.14459e-05
5.13968e-05
5.13491e-05
5.13027e-05
5.12578e-05
5.12145e-05
5.11727e-05
5.11324e-05
5.10936e-05
5.10563e-05
5.10204e-05
5.09858e-05
5.09525e-05
5.09205e-05
5.08896e-05
5.086e-05
5.08345e-05
5.0811e-05
5.07872e-05
5.07633e-05
5.07396e-05
5.07162e-05
5.06932e-05
5.06708e-05
5.0649e-05
5.06278e-05
5.06073e-05
5.05875e-05
5.05683e-05
5.05498e-05
5.0532e-05
5.05147e-05
5.0498e-05
5.0482e-05
5.04664e-05
5.04514e-05
5.04369e-05
5.04229e-05
5.04094e-05
5.03964e-05
5.03838e-05
5.03716e-05
5.03598e-05
5.03484e-05
5.03374e-05
5.03267e-05
5.03164e-05
5.03065e-05
5.02968e-05

