5e-05
5e-05
5e-05
5e-05
5e-05
5e-05
5e-05
5e-05
5e-05
5e-05
5e-05
5e-05
5e-05
5e-05
5e-05
5e-05
5e-05
5e-05
5e-05
5e-05
5e-05
5e-05
5e-05
5e-05
5e-05
5e-05
5e-05
5e-05
5e-05
5e-05
5e-05
5e-05
5e-05
5e-05
5e-05
5e-05
5e-05
5e-05
5e-05
5e-05
5e-05
5e-05
5e-05
5e-05
5e-05
5e-05
5e-05
5e-05
5e-05
5e-05
5e-05
5e-05
5e-05
5e-05
5e-05
5e-05
5e-05
5e-05
5e-05
5e-05
5e-05
5e-05
5e-05
5e-05
5e-05
5e-05
5e-05
5e-05
5e-05
5e-05
5e-05
5e-05
5e-05
5e-05
5e-05
5e-05
5e-05
5e-05
5e-05
5e-05
5e-05
5e-05
5e-05
5e-05
5e-05
5e-05
5e-05
5e-05
5e-05
5e-05
5e-05
5e-05
5e-05
5e-05
5e-05
5e-05
5e-05
5e-05
5e-05
5e-05
5e-05
5e-05
5e-05
5e-05
5e-05
5e-05
5e-05
5e-05
5e-05
5e-05
5e-05
5e-05
5e-05
5e-05
5e-05
5e-05
5e-05
5e-05
5e-05
5e-05
5e-05
5e-05
5e-05
5e-05
5e-05
5e-05
5e-05
5e-05
5e-05
5e-05
5e-05
5e-05
5e-05
5e-05
5e-05
5e-05
5e-05
5e-05
5e-05
5e-05
5e-05
5e-05
5e-05
5e-05
5e-05
5e-05
5e-05
5e-05
5e-05
5e-05
5e-05
5e-05
5e-05
5e-05
5e-05
5e-05
5e-05
5e-05
5e-05
5e-05
5e-05
5e-05
5e-05
5e-05
5e-05
5e-05
5e-05
5e-05
5e-05
5e-05
5e-05
5e-05
5e-05
5e-05
5e-05
5e-05
5e-05
5e-05
5e-05
5e-05
5e-05
5e-05
5e-05
5e-05
5e-05
5.15342e-05
5.81915e-05
6.64069e-05
7.46392e-05
8.23438e-05
8.90761e-05
9.47576e-05
9.96274e-05
0.000103847
0.000107418
0.000110462
0.000113024
0.000115125
0.000116854
0.000118249
0.0001193
0.000120061
0.000120533
0.00012077
0.000120692
0.000120391
0.00011993
0.000119345
0.00011866
0.000117904
0.000117096
0.000116242
0.000115344
0.000114406
0.000113431
0.000115489
0.000118449
0.000120432
0.000121634
0.000122243
0.00012233
0.000121925
0.000121008
0.000119677
0.000118093
0.000116379
0.000114583
0.000112706
0.00011079
0.000108882
0.000106997
0.000105144
0.000103332
0.00010155
9.98028e-05
9.81114e-05
9.6477e-05
9.48994e-05
9.3377e-05
9.18909e-05
9.04541e-05
8.90567e-05
8.77138e-05
8.64251e-05
8.5188e-05
8.39999e-05
8.28581e-05
8.17601e-05
8.07031e-05
7.96726e-05

