5e-05
5e-05
5e-05
5e-05
5e-05
5e-05
5e-05
5e-05
5e-05
5e-05
5e-05
5e-05
5e-05
5e-05
5e-05
5e-05
5e-05
5e-05
5e-05
5e-05
5e-05
5e-05
5e-05
5e-05
5e-05
5e-05
5e-05
5e-05
5e-05
5e-05
5e-05
5e-05
5e-05
5e-05
5e-05
5e-05
5e-05
5e-05
5e-05
5e-05
5e-05
5e-05
5e-05
5e-05
5e-05
5e-05
5e-05
5.23316e-05
5.96329e-05
6.80913e-05
7.63387e-05
8.40012e-05
9.07346e-05
9.6585e-05
0.000101639
0.000105977
0.000109671
0.000112786
0.00011538
0.000117387
0.000118734
0.000119687
0.000120389
0.000120877
0.000121171
0.000121289
0.000121246
0.000121058
0.000120736
0.000120293
0.000119741
0.00011909
0.00011835
0.000117531
0.000116642
0.000115691
0.000114672
0.000113561
0.000112399
0.000111217
0.000110021
0.000108811
0.000107544
0.000106238
0.000104944
0.000103654
0.000102346
0.000101054
9.97613e-05
9.84893e-05
9.72496e-05
9.60238e-05
9.48229e-05
9.36492e-05
9.24879e-05
9.13795e-05
9.05306e-05
9.16227e-05
9.71833e-05
0.000103784
0.000110064
0.000115762
0.000120583
0.000124576
0.000127837
0.000130452
0.000132499
0.000134047
0.000135158
0.000135867
0.000136182
0.000136217
0.000135981
0.0001355
0.000134799
0.000133959
0.000133004
0.000131911
0.000130738
0.000129505
0.000128221
0.000126893
0.000125529
0.000124306
0.00012346
0.000122509
0.000121437
0.000120259
0.000118992
0.000117651
0.000116253
0.00011481
0.000113461
0.000115191
0.000117249
0.000118788
0.000119816
0.000120355
0.00012039
0.00011986
0.000118728
0.00011722
0.000115442
0.000113409
0.000111471
0.000109584
0.000107641
0.000105672
0.000103703
0.000101755
9.983e-05
9.79164e-05
9.60489e-05
9.46606e-05
9.4732e-05
9.44972e-05
9.3977e-05
9.32061e-05
9.22107e-05
9.10748e-05
8.98044e-05
8.84474e-05
8.70668e-05
8.5689e-05
8.43281e-05
8.29817e-05
8.16728e-05
8.0409e-05
7.91927e-05
7.80139e-05
7.68844e-05
7.58034e-05
7.47598e-05
7.376e-05
7.28092e-05
7.18985e-05
7.1032e-05
7.02089e-05
6.94264e-05
6.86819e-05
6.79728e-05
6.72968e-05
6.66519e-05
6.60358e-05
6.5447e-05
6.48836e-05
6.43442e-05
6.38274e-05
6.3332e-05
6.28566e-05
6.23957e-05
6.19491e-05
6.15188e-05
6.11032e-05
6.07022e-05
6.03162e-05
5.99474e-05
5.95948e-05
5.92544e-05
5.89283e-05
5.86159e-05
5.8313e-05
5.80192e-05
5.77363e-05
5.7576e-05
5.76684e-05
5.77227e-05
5.77085e-05
5.76467e-05
5.75287e-05
5.73656e-05
5.71784e-05
5.69691e-05
5.67424e-05
5.65115e-05
5.62808e-05
5.60529e-05
5.58281e-05
5.56075e-05
5.5394e-05
5.51879e-05
5.49896e-05
5.4799e-05
5.46162e-05
5.444e-05
5.42703e-05
5.4108e-05
5.39528e-05
5.38031e-05
5.36584e-05
5.35203e-05
5.33887e-05
5.32631e-05
5.31433e-05
5.30288e-05
5.29192e-05
5.28139e-05
5.27123e-05
5.26144e-05
5.25202e-05
5.24303e-05
5.23437e-05
5.22603e-05
5.21801e-05
5.21029e-05
5.2029e-05
5.19575e-05
5.18891e-05
5.18235e-05
5.17602e-05

