5e-05
5e-05
5e-05
5e-05
5e-05
5e-05
5e-05
5e-05
5e-05
5e-05
5e-05
5e-05
5e-05
5e-05
5e-05
5e-05
5e-05
5e-05
5e-05
5e-05
5e-05
5e-05
5e-05
5e-05
5e-05
5e-05
5e-05
5e-05
5e-05
5e-05
5e-05
5e-05
5e-05
5e-05
5e-05
5e-05
5e-05
5e-05
5e-05
5e-05
5e-05
5e-05
5e-05
5e-05
5e-05
5e-05
5e-05
5e-05
5e-05
5e-05
5e-05
5e-05
5e-05
5e-05
5e-05
5e-05
5e-05
5e-05
5e-05
5e-05
5e-05
5e-05
5e-05
5e-05
5e-05
5e-05
5e-05
5e-05
5e-05
5e-05
5e-05
5e-05
5e-05
5e-05
5e-05
5e-05
5e-05
5e-05
5e-05
5e-05
5e-05
5e-05
5e-05
5e-05
5e-05
5e-05
5e-05
5e-05
5e-05
5e-05
5e-05
5e-05
5e-05
5e-05
5e-05
5e-05
5e-05
5e-05
5e-05
5e-05
5.05301e-05
5.64494e-05
6.50096e-05
7.46957e-05
8.38693e-05
9.18031e-05
9.83131e-05
0.000103721
0.000109049
0.000113916
0.00011793
0.000121212
0.000123846
0.000125886
0.000127353
0.000129155
0.000130538
0.000131396
0.000131776
0.000131766
0.000132152
0.000132328
0.000132167
0.00013171
0.000131
0.000130077
0.000128978
0.000127736
0.000126377
0.000124877
0.000123308
0.000121699
0.00012002
0.000118289
0.000116565
0.000115008
0.000116915
0.000132719
0.000152933
0.000154027
0.000150656
0.000146135
0.000141357
0.000136612
0.000132019
0.000127634
0.000123478
0.000119554
0.000115855
0.000112373
0.000109098
0.000106025
0.000103138
0.000100422
9.78659e-05
9.54625e-05
9.32017e-05
9.10718e-05
8.90677e-05
8.71781e-05
8.53985e-05
8.37203e-05
8.21356e-05
8.06409e-05
7.923e-05
7.78958e-05
7.66351e-05
7.54429e-05
7.43158e-05
7.32489e-05
7.2238e-05
7.12814e-05
7.03742e-05
6.95163e-05
6.87013e-05
6.79266e-05
6.72149e-05
6.65847e-05
6.59682e-05
6.53652e-05
6.47785e-05
6.42108e-05
6.36653e-05
6.31417e-05
6.26392e-05
6.2157e-05
6.16959e-05
6.12551e-05
6.08329e-05
6.04285e-05
6.00418e-05
5.96721e-05
5.93181e-05
5.89799e-05
5.86562e-05
5.83458e-05
5.80485e-05
5.77774e-05
5.7541e-05
5.73048e-05
5.70693e-05
5.68364e-05
5.66078e-05
5.63849e-05
5.61683e-05
5.59583e-05
5.57553e-05
5.55593e-05
5.53704e-05
5.51883e-05
5.5013e-05
5.48441e-05
5.46813e-05
5.45247e-05
5.43737e-05
5.42282e-05
5.40883e-05
5.39684e-05
5.38575e-05
5.37454e-05
5.36326e-05
5.35204e-05
5.34096e-05
5.33008e-05
5.31946e-05
5.30913e-05
5.2991e-05
5.28938e-05
5.27998e-05
5.27089e-05
5.2621e-05
5.25362e-05
5.24542e-05
5.23751e-05
5.22987e-05
5.22248e-05
5.21535e-05
5.20846e-05
5.2018e-05
5.19537e-05
5.18916e-05
5.18316e-05
5.17736e-05
5.17174e-05
5.16632e-05
5.16107e-05
5.15599e-05
5.15108e-05
5.14634e-05
5.14175e-05

