5e-05
5e-05
5e-05
5e-05
5e-05
5e-05
5e-05
5e-05
5e-05
5e-05
5e-05
7.07252e-05
8.27042e-05
9.37676e-05
0.000104745
0.000115764
0.000124911
0.000136315
0.000168394
0.00020061
0.000204346
0.000211976
0.000220594
0.000228696
0.000235561
0.000240889
0.000244612
0.000246796
0.000247574
0.000247106
0.000245566
0.000243119
0.000239922
0.000236116
0.000231827
0.000227165
0.000222226
0.00021709
0.000211827
0.000206495
0.000201144
0.000195811
0.000190531
0.00018533
0.000180228
0.000175242
0.000170384
0.000165664
0.000161089
0.000156662
0.000152417
0.000148925
0.00014571
0.000142515
0.000139321
0.000136146
0.000133011
0.000129929
0.000126915
0.000123976
0.000121127
0.000121573
0.000129286
0.000128066
0.000125512
0.000123679
0.000122116
0.000120583
0.000118975
0.000117262
0.000115445
0.000113543
0.000111582
0.000109583
0.000107565
0.000105542
0.000103528
0.000101532
9.95653e-05
9.76355e-05
9.57491e-05
9.3911e-05
9.2125e-05
9.03941e-05
8.872e-05
8.71039e-05
8.55465e-05
8.40476e-05
8.2607e-05
8.12237e-05
7.98968e-05
7.8625e-05
7.74069e-05
7.62409e-05
7.51253e-05
7.40584e-05
7.30385e-05
7.20638e-05
7.11325e-05
7.02428e-05
6.93931e-05
6.85815e-05
6.78065e-05
6.70665e-05
6.63598e-05
6.5685e-05
6.50406e-05
6.50239e-05
6.61936e-05
6.71006e-05
6.64737e-05
6.60137e-05
6.56205e-05
6.52395e-05
6.48473e-05
6.44368e-05
6.4009e-05
6.35682e-05
6.31194e-05
6.27998e-05
6.33385e-05
6.38003e-05
6.32498e-05
6.2851e-05
6.25118e-05
6.22401e-05
6.19984e-05
6.17302e-05
6.14301e-05
6.11034e-05
6.07571e-05
6.03978e-05
6.00314e-05
5.96625e-05
5.9295e-05
5.89697e-05
5.86772e-05
5.83869e-05
5.80964e-05
5.78485e-05
5.7621e-05
5.73918e-05
5.71593e-05
5.69271e-05
5.67739e-05
5.66747e-05
5.69363e-05
5.68899e-05
5.65801e-05
5.63242e-05
5.61092e-05
5.59288e-05
5.57781e-05
5.56524e-05
5.55474e-05
5.54588e-05
5.53832e-05
5.53175e-05
5.52589e-05
5.52056e-05
5.51561e-05
5.51094e-05
5.50651e-05
5.5024e-05
5.49881e-05
5.49646e-05
5.49965e-05
5.49275e-05
5.46296e-05
5.43562e-05
5.41047e-05
5.38729e-05
5.36586e-05
5.346e-05
5.32754e-05
5.31033e-05
5.29427e-05
5.27922e-05
5.26511e-05
5.25183e-05
5.23934e-05
5.22755e-05
5.21641e-05
5.20589e-05
5.19593e-05
5.18649e-05
5.17755e-05
5.16907e-05
5.16103e-05
5.1534e-05
5.14631e-05
5.14609e-05
5.15638e-05
5.14903e-05
5.14348e-05
5.13914e-05
5.13533e-05
5.13167e-05
5.128e-05
5.12426e-05
5.12043e-05
5.11653e-05
5.11259e-05
5.10862e-05
5.10465e-05
5.1007e-05
5.09679e-05
5.09294e-05
5.08915e-05
5.08546e-05
5.08186e-05
5.07837e-05
5.07498e-05
5.07171e-05
5.06856e-05
5.06553e-05
5.06261e-05
5.05981e-05
5.05713e-05
5.05457e-05
5.05211e-05
5.04977e-05
5.04753e-05
5.04539e-05
5.04335e-05
5.0414e-05
5.03955e-05
5.03779e-05
5.0361e-05
5.0345e-05
5.03297e-05
5.03152e-05
5.03014e-05
5.02882e-05
5.02757e-05
5.02676e-05
5.02791e-05
5.03043e-05
5.02916e-05
5.02822e-05
5.02746e-05
5.02675e-05
5.02695e-05
5.02887e-05
5.02763e-05
5.0268e-05
5.02632e-05
5.02595e-05
5.02554e-05
5.02504e-05

