5e-05
5e-05
5e-05
5e-05
5e-05
5e-05
5e-05
5e-05
5e-05
5e-05
5e-05
5e-05
5.32505e-05
6.16692e-05
7.0846e-05
8.08431e-05
9.01315e-05
9.81279e-05
0.000104867
0.000110193
0.00011406
0.00011708
0.000119442
0.000121067
0.000122306
0.00012328
0.000124021
0.00012455
0.000124871
0.000124933
0.000124819
0.000124574
0.000124213
0.000123744
0.000123177
0.000122518
0.000121777
0.000120958
0.000120071
0.000119122
0.000118117
0.000117039
0.000115894
0.000114704
0.000113463
0.00011221
0.000110949
0.000109684
0.000108416
0.000107149
0.000105863
0.000104532
0.00010315
0.000101769
0.000100424
9.9094e-05
9.77909e-05
9.65726e-05
9.5631e-05
9.46822e-05
9.35906e-05
9.2444e-05
9.13139e-05
9.02065e-05
8.91226e-05
8.80427e-05
8.6961e-05
8.59068e-05
8.4857e-05
8.38293e-05
8.28348e-05
8.18488e-05
8.08889e-05
7.99512e-05
7.90232e-05
7.81155e-05
7.72394e-05
7.63918e-05
7.55794e-05
7.48001e-05
7.40514e-05
7.3326e-05
7.26016e-05
7.18947e-05
7.12116e-05
7.05542e-05
6.99083e-05
6.92855e-05
6.86826e-05
6.81044e-05
6.75451e-05
6.70041e-05
6.64786e-05
6.59709e-05
6.54799e-05
6.50031e-05
6.45445e-05
6.41023e-05
6.36698e-05
6.32488e-05
6.28349e-05
6.24986e-05
6.21721e-05
6.185e-05
6.1598e-05
6.13485e-05
6.10817e-05
6.08054e-05
6.05171e-05
6.02224e-05
5.99297e-05
5.96404e-05
5.93523e-05
5.90667e-05
5.87921e-05
5.85647e-05
5.83362e-05
5.80972e-05
5.78561e-05
5.76186e-05
5.73859e-05
5.71688e-05
5.69891e-05
5.68041e-05
5.66165e-05
5.64288e-05
5.62403e-05
5.60503e-05
5.58631e-05
5.57421e-05
5.5848e-05
5.59757e-05
5.66698e-05
5.81332e-05
5.82523e-05
5.79615e-05
5.75863e-05
5.71983e-05
5.68154e-05
5.64491e-05
5.61021e-05
5.57759e-05
5.54702e-05
5.51932e-05
5.4943e-05
5.47234e-05
5.45275e-05
5.43403e-05
5.41538e-05
5.39717e-05
5.37955e-05
5.36267e-05
5.3463e-05
5.33052e-05
5.31555e-05
5.30129e-05
5.28765e-05
5.27475e-05
5.26254e-05
5.25098e-05
5.24004e-05
5.22971e-05
5.22001e-05
5.21083e-05
5.20203e-05
5.19386e-05
5.18684e-05
5.18008e-05
5.17353e-05
5.16722e-05
5.16115e-05
5.15527e-05
5.1495e-05
5.14392e-05
5.13855e-05
5.13337e-05
5.1284e-05
5.12356e-05
5.1189e-05
5.11448e-05
5.1102e-05
5.10604e-05
5.10204e-05
5.09824e-05
5.0946e-05
5.09131e-05
5.08851e-05
5.08579e-05
5.08315e-05
5.08054e-05
5.07796e-05
5.07536e-05
5.07282e-05
5.07037e-05
5.06798e-05
5.06567e-05
5.06344e-05
5.06128e-05
5.05921e-05
5.05721e-05
5.05528e-05
5.05341e-05
5.0516e-05
5.04985e-05
5.04811e-05
5.04642e-05
5.04479e-05
5.04322e-05
5.04172e-05
5.04028e-05
5.03891e-05
5.03761e-05
5.03636e-05
5.03516e-05
5.03401e-05
5.03411e-05
5.03462e-05
5.03479e-05
5.03471e-05
5.03443e-05
5.03399e-05
5.0334e-05
5.03264e-05
5.03174e-05
5.03078e-05
5.02979e-05
5.0288e-05
5.02779e-05
5.02679e-05
5.02581e-05
5.02486e-05
5.02394e-05
5.02305e-05
5.02219e-05
5.02135e-05
5.02054e-05
5.01977e-05
5.01903e-05
5.01832e-05
5.01764e-05
5.01698e-05
5.01635e-05
5.01574e-05
5.01516e-05
5.01461e-05
5.01408e-05
5.01357e-05
5.01309e-05
5.01262e-05
5.01217e-05

