5e-05
5e-05
5e-05
5e-05
5e-05
5e-05
5e-05
5e-05
5e-05
5e-05
5e-05
5e-05
5e-05
5e-05
5e-05
5e-05
5e-05
5e-05
5e-05
5e-05
5e-05
5e-05
5e-05
5e-05
5e-05
5e-05
5e-05
5e-05
5e-05
5e-05
5e-05
5e-05
5e-05
5e-05
5e-05
5e-05
5e-05
5e-05
5e-05
5e-05
5e-05
5e-05
5e-05
5e-05
5e-05
5e-05
5e-05
5e-05
5e-05
5e-05
5e-05
5e-05
5e-05
5e-05
5e-05
5e-05
5e-05
5e-05
5e-05
5e-05
5e-05
5e-05
5e-05
5e-05
5e-05
5e-05
5e-05
5e-05
5e-05
5e-05
5e-05
5e-05
5e-05
5e-05
5e-05
5e-05
5e-05
5e-05
5e-05
5e-05
5e-05
5e-05
5e-05
5e-05
5e-05
5e-05
5e-05
5e-05
5e-05
5e-05
5.14041e-05
5.81993e-05
6.66708e-05
7.51949e-05
8.32341e-05
9.02637e-05
9.63846e-05
0.000101711
0.00010623
0.000110084
0.000113369
0.000116141
0.00011845
0.000120337
0.00012177
0.000122861
0.000123615
0.000124098
0.000125038
0.000125794
0.000126092
0.000126055
0.000125701
0.000125056
0.000124264
0.000123374
0.000122402
0.000122095
0.000125714
0.000129303
0.000132451
0.000135735
0.000159808
0.00017592
0.000175652
0.000170978
0.000165379
0.000159649
0.000154068
0.000148734
0.000143683
0.000138927
0.000134461
0.000130268
0.000126328
0.000122619
0.000119143
0.00011597
0.000113205
0.000110576
0.00010805
0.000105646
0.00010336
0.000101184
9.90947e-05
9.71832e-05
9.54966e-05
9.3898e-05
9.24911e-05
9.12587e-05
8.99672e-05
8.86261e-05
8.72765e-05
8.5936e-05
8.46118e-05
8.33168e-05
8.21088e-05
8.10225e-05
7.99385e-05
7.88763e-05
7.78457e-05
7.6841e-05
7.58576e-05
7.49007e-05
7.39652e-05
7.30649e-05
7.22034e-05
7.13794e-05
7.05836e-05
6.9821e-05
6.90891e-05
6.83723e-05
6.76803e-05
6.70214e-05
6.63927e-05
6.57894e-05
6.53797e-05
6.54741e-05
6.5497e-05
6.54122e-05
6.52354e-05
6.49938e-05
6.46976e-05
6.43415e-05
6.39157e-05
6.34646e-05
6.3009e-05
6.25549e-05
6.21063e-05
6.1666e-05
6.12343e-05
6.08045e-05
6.03849e-05
5.99803e-05
5.95888e-05
5.92099e-05
5.88467e-05
5.8498e-05
5.81633e-05
5.78448e-05
5.75396e-05
5.72468e-05
5.69669e-05
5.67013e-05
5.64492e-05
5.62096e-05
5.59816e-05
5.57643e-05
5.5557e-05
5.53578e-05
5.51663e-05
5.49832e-05
5.48081e-05
5.46403e-05
5.44786e-05
5.43224e-05
5.41718e-05
5.41564e-05
5.4203e-05
5.42189e-05
5.42022e-05
5.41611e-05
5.40937e-05
5.4006e-05
5.39024e-05
5.37874e-05
5.36652e-05
5.35402e-05
5.34147e-05
5.32894e-05
5.31669e-05
5.3047e-05
5.29301e-05
5.28173e-05
5.2709e-05
5.2605e-05
5.25053e-05
5.24098e-05
5.23178e-05
5.22277e-05
5.21406e-05
5.20571e-05
5.19773e-05
5.19015e-05
5.18292e-05
5.176e-05
5.16941e-05
5.16315e-05
5.15718e-05
5.15149e-05

