5e-05
5e-05
5e-05
5e-05
5e-05
5e-05
5e-05
5e-05
5e-05
5e-05
5e-05
5e-05
5e-05
5e-05
5e-05
5e-05
5e-05
5e-05
5e-05
5e-05
5e-05
5e-05
5e-05
5e-05
5e-05
5e-05
5e-05
5e-05
5e-05
5e-05
5e-05
5e-05
5e-05
5e-05
5e-05
5e-05
5e-05
5e-05
5e-05
5e-05
5e-05
5e-05
5e-05
5e-05
5e-05
5e-05
5e-05
5e-05
5e-05
5e-05
5e-05
5e-05
5e-05
5e-05
5e-05
5e-05
5e-05
5e-05
5e-05
5e-05
5e-05
5e-05
5e-05
5e-05
5e-05
5e-05
5e-05
5e-05
5e-05
5e-05
5e-05
5e-05
5e-05
5e-05
5e-05
5e-05
5e-05
5e-05
5e-05
5e-05
5e-05
5e-05
5e-05
5e-05
5e-05
5e-05
5e-05
5e-05
5e-05
5e-05
5e-05
5e-05
5e-05
5e-05
5e-05
5e-05
5e-05
5e-05
5e-05
5e-05
5e-05
5e-05
5e-05
5e-05
5e-05
5e-05
5e-05
5e-05
5e-05
5e-05
5e-05
5e-05
5e-05
5e-05
5e-05
5e-05
5e-05
5e-05
5e-05
5e-05
5e-05
5e-05
5e-05
5e-05
5e-05
5e-05
5e-05
5e-05
5e-05
5e-05
5e-05
5e-05
5e-05
5e-05
5e-05
5e-05
5e-05
5e-05
5e-05
5e-05
5e-05
5e-05
5e-05
5e-05
5e-05
5e-05
5e-05
5e-05
5e-05
5e-05
5e-05
5e-05
5e-05
5e-05
5e-05
5.19404e-05
5.86373e-05
6.63816e-05
7.39868e-05
8.11176e-05
8.74866e-05
9.29631e-05
9.76768e-05
0.000101721
0.000105149
0.000108315
0.000111676
0.000114524
0.000116703
0.000118356
0.000119571
0.000120429
0.000120986
0.000121273
0.000121339
0.000121133
0.000120717
0.000120195
0.000119593
0.000118919
0.000118178
0.000117375
0.000116513
0.000115597
0.000114612
0.000113562
0.000112571
0.000111948
0.000111215
0.000110331
0.000109313
0.000108201
0.000107012
0.000105771
0.000104476
0.000103144
0.000101822
0.000100518
9.92318e-05
9.7929e-05
9.65861e-05
9.52607e-05
9.39698e-05
9.27217e-05
9.15146e-05
9.03458e-05
8.92054e-05
8.80893e-05
8.69983e-05
8.59329e-05
8.49867e-05
8.4158e-05
8.33027e-05
8.24304e-05
8.15228e-05
8.06285e-05
7.97511e-05
7.88834e-05
7.80264e-05
7.71898e-05
7.63714e-05
7.5572e-05
7.47896e-05
7.40189e-05
7.32837e-05
7.26795e-05
7.20919e-05
7.1495e-05
7.08879e-05
7.02716e-05
6.96638e-05
6.90716e-05
6.84954e-05
6.7935e-05
6.73901e-05
6.68604e-05
6.63456e-05
6.58798e-05
6.54808e-05
6.51527e-05
6.48098e-05
6.44276e-05
6.40241e-05
6.36049e-05
6.31941e-05
6.28611e-05
6.25359e-05
6.21941e-05
6.18442e-05
6.14973e-05

