5e-05
5e-05
5e-05
5e-05
5e-05
5e-05
5e-05
5e-05
5e-05
5e-05
5e-05
5e-05
5e-05
5e-05
5e-05
5e-05
5e-05
5e-05
5e-05
5e-05
5e-05
5e-05
5e-05
5e-05
5e-05
5e-05
5e-05
5e-05
5e-05
5e-05
5e-05
5e-05
5e-05
5e-05
5e-05
5e-05
5e-05
5e-05
5e-05
5e-05
5e-05
5e-05
5e-05
5e-05
5e-05
5e-05
5e-05
5e-05
5e-05
5e-05
5e-05
5e-05
5e-05
5e-05
5e-05
5e-05
5e-05
5e-05
5e-05
5e-05
5e-05
5e-05
5e-05
5e-05
5e-05
5e-05
5e-05
5e-05
5e-05
5e-05
5e-05
5e-05
5e-05
5e-05
5e-05
5e-05
5e-05
5e-05
5e-05
5e-05
5e-05
5e-05
5e-05
5e-05
5e-05
5e-05
5e-05
5e-05
5e-05
5e-05
5e-05
5e-05
5e-05
5e-05
5e-05
5e-05
5e-05
5e-05
5e-05
5e-05
5e-05
5e-05
5e-05
5e-05
5e-05
5e-05
5e-05
5e-05
5e-05
5e-05
5e-05
5e-05
5e-05
5e-05
5e-05
5e-05
5e-05
5e-05
5e-05
5e-05
5e-05
5e-05
5e-05
5e-05
5e-05
5e-05
5e-05
5e-05
5e-05
5e-05
5e-05
5e-05
5e-05
5e-05
5e-05
5e-05
5e-05
5e-05
5.58449e-05
7.58651e-05
9.25136e-05
0.000107817
0.000123484
0.000137637
0.00014908
0.000158085
0.00016503
0.00017025
0.000174029
0.000184873
0.000223718
0.000224701
0.000225034
0.00023087
0.000240146
0.000249494
0.000260211
0.000272728
0.000294749
0.000283439
0.000273455
0.000264529
0.000256369
0.000248826
0.000241789
0.000235165
0.000228879
0.000222871
0.000217091
0.000211501
0.000206072
0.000200782
0.000195617
0.000190567
0.000185626
0.000180792
0.000176064
0.000171443
0.000166932
0.000162533
0.000158249
0.000154082
0.000150034
0.000146107
0.000142303
0.000138622
0.000135065
0.000131631
0.000128318
0.000125127
0.000122055
0.000119101
0.000116261
0.000113533
0.000111189
0.000109141
0.000107135
0.000105138
0.000103159
0.000101207
9.92924e-05
9.74214e-05
9.55992e-05
9.38297e-05
9.21154e-05
9.04578e-05
8.88578e-05
8.73155e-05
8.58305e-05
8.44023e-05
8.30296e-05
8.17114e-05
8.04461e-05
7.92323e-05
7.80683e-05
7.69524e-05
7.58829e-05
7.48582e-05
7.38764e-05
7.29358e-05
7.20349e-05
7.1172e-05
7.03455e-05
6.95538e-05
6.87954e-05
6.8069e-05
6.73731e-05
6.67063e-05
6.60675e-05
6.54553e-05
6.48685e-05
6.43291e-05
6.39067e-05
6.35055e-05
6.31004e-05
6.26915e-05
6.22859e-05
6.19703e-05
6.16794e-05
6.13751e-05
6.10571e-05
6.073e-05
6.05104e-05
6.0386e-05
6.02351e-05
6.00455e-05
5.98244e-05
5.958e-05
5.93192e-05
5.90477e-05

