5e-05
5e-05
5e-05
5e-05
5e-05
5e-05
5e-05
5e-05
5e-05
5e-05
5e-05
5e-05
5e-05
5e-05
5e-05
5e-05
5e-05
5e-05
5e-05
5e-05
5e-05
5e-05
5e-05
5e-05
5e-05
5e-05
5e-05
5e-05
5e-05
5e-05
5e-05
5e-05
5e-05
5e-05
5e-05
5e-05
5e-05
5e-05
5e-05
5e-05
5e-05
5e-05
5e-05
5e-05
5e-05
5e-05
5e-05
5e-05
5e-05
5e-05
5e-05
5e-05
5e-05
5e-05
5e-05
5e-05
5e-05
5e-05
5e-05
5e-05
5e-05
5e-05
5e-05
5e-05
5e-05
5e-05
5e-05
5e-05
5e-05
5e-05
5e-05
5e-05
5e-05
5e-05
5e-05
5e-05
5e-05
5e-05
5e-05
5e-05
5e-05
5e-05
5e-05
5e-05
5e-05
5e-05
5e-05
5e-05
5e-05
5e-05
5e-05
5e-05
5e-05
5e-05
5e-05
5e-05
5e-05
5e-05
5e-05
5e-05
5e-05
5e-05
5e-05
5e-05
5e-05
5e-05
5e-05
5e-05
5e-05
5e-05
5e-05
5e-05
5e-05
5e-05
5e-05
5e-05
5e-05
5e-05
5e-05
5e-05
5e-05
5e-05
5e-05
5e-05
5e-05
5e-05
5e-05
5e-05
5e-05
5e-05
5e-05
5e-05
5e-05
5e-05
5e-05
5e-05
5e-05
5e-05
5e-05
5e-05
5e-05
5e-05
5e-05
5e-05
5.35955e-05
6.19492e-05
7.23518e-05
8.22017e-05
9.07413e-05
9.76908e-05
0.000103311
0.000107805
0.000111397
0.00011467
0.000118009
0.000120693
0.000122873
0.000125218
0.000126906
0.000127972
0.000128543
0.000128665
0.000129007
0.000129156
0.000128852
0.000128233
0.000127405
0.000126353
0.000125131
0.000123817
0.000122409
0.000120918
0.000119393
0.000117852
0.000116279
0.000114684
0.000113099
0.000111528
0.00010996
0.000108836
0.000110456
0.000111823
0.000112545
0.000112666
0.000112176
0.000111236
0.000110199
0.000109144
0.000107848
0.000106416
0.0001051
0.000104986
0.000106071
0.000106436
0.000106078
0.000105182
0.000103862
0.000102312
0.000100569
9.87606e-05
9.69301e-05
9.51011e-05
9.33049e-05
9.15497e-05
8.98561e-05
8.82288e-05
8.66695e-05
8.51709e-05
8.37282e-05
8.23514e-05
8.10357e-05
7.97813e-05
7.85897e-05
7.74512e-05
7.63623e-05
7.53198e-05
7.43299e-05
7.33905e-05
7.24933e-05
7.16382e-05
7.08237e-05
7.00425e-05
6.92977e-05
6.85828e-05
6.78995e-05
6.72476e-05
6.6625e-05
6.6026e-05
6.54511e-05
6.49013e-05
6.43749e-05
6.38662e-05
6.33748e-05
6.29031e-05
6.24494e-05
6.20129e-05
6.15951e-05
6.11922e-05
6.08052e-05
6.04344e-05
6.00789e-05
5.97317e-05
5.93948e-05
5.90707e-05
5.87592e-05
5.84612e-05
5.81758e-05
5.79002e-05
5.7635e-05
5.73805e-05

