5e-05
5e-05
5e-05
5e-05
5e-05
5e-05
5e-05
5e-05
5e-05
5e-05
5e-05
5e-05
5e-05
5e-05
5e-05
5e-05
5e-05
5e-05
5e-05
5e-05
5e-05
5e-05
5e-05
5e-05
5e-05
5e-05
5e-05
5e-05
5e-05
5e-05
5e-05
5e-05
5e-05
5e-05
5e-05
5e-05
5e-05
5e-05
5e-05
5e-05
5e-05
5e-05
5e-05
5e-05
5e-05
5e-05
5e-05
5e-05
5e-05
5e-05
5e-05
5e-05
5e-05
5e-05
5e-05
5e-05
5e-05
5e-05
5e-05
5e-05
5e-05
5e-05
5e-05
5e-05
5e-05
5e-05
5e-05
5e-05
5e-05
5e-05
5e-05
5e-05
5e-05
5e-05
5e-05
5e-05
5e-05
5e-05
5e-05
5e-05
5e-05
5e-05
5e-05
5e-05
5e-05
5e-05
5e-05
5e-05
5e-05
5e-05
5e-05
5e-05
5e-05
5e-05
5e-05
5e-05
5e-05
5e-05
5e-05
5e-05
5e-05
5e-05
5e-05
5e-05
5e-05
5e-05
5e-05
5e-05
5e-05
5e-05
5e-05
5e-05
5e-05
5e-05
5e-05
5e-05
5e-05
5e-05
5e-05
5e-05
5e-05
5e-05
5e-05
5e-05
5e-05
5e-05
5e-05
5e-05
5e-05
5e-05
5e-05
5e-05
5e-05
5e-05
5e-05
5e-05
5e-05
5e-05
5e-05
5e-05
5e-05
5e-05
5e-05
5e-05
5e-05
5e-05
5e-05
5e-05
5e-05
5e-05
5e-05
5e-05
5e-05
5e-05
5e-05
5e-05
5e-05
5e-05
5e-05
5e-05
5e-05
5e-05
5e-05
5e-05
5e-05
5e-05
5e-05
5e-05
5e-05
5e-05
5e-05
5e-05
5e-05
5e-05
5e-05
5e-05
5e-05
5e-05
5e-05
5e-05
5e-05
5e-05
5e-05
5e-05
5.1605e-05
5.85482e-05
6.70284e-05
7.64786e-05
8.53397e-05
9.30409e-05
9.96821e-05
0.000105371
0.000110123
0.000114061
0.00011734
0.000120018
0.000122047
0.000123591
0.000124764
0.000125612
0.000126171
0.000126414
0.000126375
0.000126149
0.000125694
0.000125044
0.000124239
0.000123334
0.000122305
0.000121223
0.00012011
0.00011897
0.000117805
0.000116618
0.000115408
0.000114146
0.000112862
0.000111547
0.000110208
0.00010887
0.000107523
0.00010618
0.000106316
0.000107892
0.000108951
0.000109444
0.000109328
0.000108768
0.000107934
0.000106878
0.000105618
0.000104492
0.000103249
0.000101903
0.000100447
9.89404e-05
9.74185e-05
9.58891e-05
9.51122e-05
9.5796e-05
9.63213e-05
9.69343e-05
0.00010041
0.000111441
0.000111801
0.000109171
0.000106188
0.000103143
0.000100177
9.73453e-05

