5e-05
5e-05
5e-05
5e-05
5e-05
5e-05
5e-05
5e-05
5e-05
5e-05
5e-05
5e-05
5e-05
5e-05
5e-05
5e-05
5e-05
5e-05
5e-05
5e-05
5e-05
5e-05
5e-05
5e-05
5e-05
5e-05
5e-05
5e-05
5e-05
5e-05
5e-05
5e-05
5e-05
5e-05
5e-05
5e-05
5e-05
5e-05
5e-05
5e-05
5e-05
5e-05
5e-05
5e-05
5e-05
5e-05
5e-05
5e-05
5e-05
5e-05
5e-05
5e-05
5e-05
5e-05
5e-05
5e-05
5e-05
5e-05
5e-05
5e-05
5e-05
5e-05
5e-05
5e-05
5e-05
5e-05
5e-05
5e-05
5e-05
5e-05
5e-05
5e-05
5e-05
5e-05
5e-05
5e-05
5e-05
5e-05
5e-05
5e-05
5e-05
5e-05
5e-05
5e-05
5e-05
5e-05
5e-05
5e-05
5e-05
5e-05
5e-05
5e-05
5e-05
5e-05
5e-05
5e-05
5e-05
5e-05
5e-05
5e-05
5e-05
5e-05
5e-05
5e-05
5e-05
5e-05
5e-05
5e-05
5e-05
5e-05
5e-05
5e-05
5e-05
5e-05
5e-05
5e-05
5e-05
5e-05
5e-05
5e-05
5e-05
5e-05
5e-05
5.07115e-05
7.46636e-05
9.35285e-05
0.000110836
0.000126451
0.000139953
0.000151052
0.000160055
0.000167236
0.000172838
0.000177075
0.000180135
0.000182184
0.000183367
0.000183812
0.000183647
0.00018431
0.000185001
0.000186226
0.000189421
0.000191961
0.000193386
0.000193785
0.00019839
0.000210497
0.000229385
0.000221147
0.000213655
0.000206954
0.000202204
0.000199569
0.000203008
0.000212463
0.000207524
0.000206416
0.000207707
0.000210658
0.000218871
0.00021593
0.000207573
0.000200283
0.000193879
0.000188263
0.000184076
0.000180833
0.000178127
0.000175806
0.000173776
0.000171953
0.000170266
0.000168655
0.000167065
0.000165448
0.000163763
0.000161972
0.000160045
0.000157955
0.000155688
0.000153238
0.000150607
0.000147812
0.000144871
0.000141812
0.000138662
0.000135451
0.000132208
0.000128957
0.000125722
0.000122523
0.000119378
0.000116301
0.000113303
0.000111852
0.000113956
0.000110645
0.000108157
0.000106181
0.000104442
0.000102791
0.000101155
9.95061e-05
9.78375e-05
9.61535e-05
9.44633e-05
9.27776e-05
9.11066e-05
8.94593e-05
8.78428e-05
8.62606e-05
8.49285e-05
8.5553e-05
8.49775e-05
8.3392e-05
8.21671e-05
8.11069e-05
8.01033e-05
7.91067e-05
7.80991e-05
7.70784e-05
7.60498e-05
7.50209e-05
7.39996e-05
7.29931e-05
7.20072e-05
7.10466e-05
7.01148e-05
6.92144e-05
6.83469e-05
6.75134e-05
6.67142e-05
6.59494e-05
6.52186e-05
6.45212e-05
6.3856e-05
6.32215e-05
6.2616e-05
6.2106e-05
6.17146e-05
6.13382e-05
6.09586e-05
6.05758e-05
6.01924e-05
5.98106e-05
5.94328e-05
5.90608e-05
5.86961e-05
5.83398e-05

