5e-05
5e-05
5e-05
5e-05
5e-05
5e-05
5e-05
5e-05
5e-05
5e-05
5e-05
5e-05
5e-05
5e-05
5e-05
5e-05
5e-05
5e-05
5e-05
5e-05
5e-05
5e-05
5e-05
5e-05
5e-05
5e-05
5e-05
5e-05
5e-05
5e-05
5e-05
5e-05
5e-05
5e-05
5e-05
5e-05
5e-05
5e-05
5e-05
5e-05
5e-05
5e-05
5e-05
5e-05
5e-05
5e-05
5e-05
5e-05
5e-05
5e-05
5e-05
5e-05
5e-05
5e-05
5e-05
5e-05
5e-05
5e-05
5e-05
5e-05
5e-05
5e-05
5e-05
5e-05
5e-05
5e-05
5e-05
5e-05
5e-05
5e-05
5e-05
5e-05
5e-05
5e-05
5e-05
5e-05
5e-05
5e-05
5e-05
5e-05
5e-05
5e-05
5e-05
5e-05
5e-05
5e-05
5e-05
5e-05
5e-05
5e-05
5e-05
5e-05
5e-05
5e-05
5e-05
5e-05
5e-05
5e-05
5e-05
5e-05
5e-05
5e-05
5e-05
5e-05
5e-05
5e-05
5e-05
5e-05
5e-05
5e-05
5e-05
5e-05
5e-05
5e-05
5e-05
5e-05
5e-05
5e-05
5e-05
5e-05
5e-05
5e-05
5e-05
5e-05
5e-05
5e-05
5e-05
5e-05
5e-05
5e-05
5e-05
5e-05
5e-05
5e-05
5e-05
5e-05
5e-05
5.13876e-05
5.80397e-05
6.62826e-05
7.44732e-05
8.20963e-05
8.88152e-05
9.46817e-05
9.97803e-05
0.000104185
0.000107896
0.000111024
0.000113658
0.000115847
0.000117638
0.000119206
0.000122455
0.000125999
0.000129579
0.000140873
0.000152824
0.000162259
0.000168808
0.000173494
0.000176297
0.000177597
0.000177791
0.000177073
0.00017541
0.000173223
0.000170648
0.000167842
0.000164833
0.000161686
0.000158528
0.00015538
0.0001523
0.000149291
0.000146307
0.00014335
0.000140479
0.000137682
0.000134988
0.000132394
0.000129892
0.000127448
0.000125084
0.000122746
0.000120464
0.000118265
0.000116138
0.000114077
0.000112071
0.000110141
0.000108285
0.0001065
0.000104778
0.000103117
0.00010149
9.98921e-05
9.83495e-05
9.68904e-05
9.57338e-05
9.46057e-05
9.34456e-05
9.22735e-05
9.1082e-05
8.98938e-05
8.87052e-05
8.75391e-05
8.63955e-05
8.52649e-05
8.41488e-05
8.30645e-05
8.20148e-05
8.0999e-05
8.00093e-05
7.90417e-05
7.80968e-05
7.71793e-05
7.63245e-05
7.56037e-05
7.48891e-05
7.41816e-05
7.34828e-05
7.27936e-05
7.21136e-05
7.14349e-05
7.07701e-05
7.01214e-05
6.9482e-05
6.88525e-05
6.82301e-05
6.7621e-05
6.70342e-05
6.67282e-05
6.69542e-05
6.70677e-05
6.70647e-05
6.69576e-05
6.67574e-05
6.64759e-05
6.6127e-05
6.57218e-05
6.52479e-05
6.47424e-05
6.42305e-05
6.37285e-05
6.37177e-05
6.37644e-05
6.37075e-05
6.35272e-05
6.32669e-05
6.2943e-05

