5e-05
5e-05
5e-05
5e-05
5e-05
5e-05
5e-05
5e-05
5e-05
5e-05
5e-05
5e-05
5e-05
5e-05
5e-05
5e-05
5e-05
5e-05
5e-05
5e-05
5e-05
5e-05
5e-05
5e-05
5e-05
5e-05
5e-05
5e-05
5e-05
5e-05
5e-05
5e-05
5e-05
5e-05
5e-05
5e-05
5e-05
5e-05
5e-05
5e-05
5e-05
5e-05
5e-05
5e-05
5e-05
5e-05
5e-05
5e-05
5e-05
5e-05
5e-05
5e-05
5e-05
5e-05
5e-05
5e-05
5e-05
5e-05
5e-05
5e-05
5e-05
5e-05
5e-05
5e-05
5e-05
5e-05
5e-05
5e-05
5e-05
5e-05
5e-05
5e-05
5e-05
5e-05
5e-05
5e-05
5e-05
5e-05
5e-05
5e-05
5e-05
5e-05
5e-05
5e-05
5e-05
5e-05
5e-05
5e-05
5e-05
5e-05
5e-05
5e-05
5e-05
5e-05
5e-05
5e-05
5e-05
5e-05
5e-05
5e-05
5e-05
5e-05
5e-05
5e-05
5e-05
5e-05
5e-05
5e-05
5e-05
5e-05
5e-05
5e-05
5e-05
5e-05
5e-05
5e-05
5e-05
5e-05
5e-05
5e-05
5e-05
5e-05
5e-05
5e-05
5e-05
5.40363e-05
6.2275e-05
7.09503e-05
7.98099e-05
8.86139e-05
9.62335e-05
0.000102615
0.000107702
0.00011213
0.000116647
0.000120295
0.000123083
0.000125274
0.000126952
0.00012873
0.000130331
0.000131425
0.000132079
0.000132277
0.000132124
0.000132126
0.00013174
0.000131004
0.000129854
0.000128433
0.000126919
0.000125469
0.000124311
0.000123061
0.000121715
0.000120201
0.000118634
0.000117035
0.000115417
0.000113816
0.000112205
0.000110564
0.000108945
0.000107322
0.000105726
0.000104168
0.000102658
0.000101199
9.97873e-05
9.84189e-05
9.70716e-05
9.57599e-05
9.44865e-05
9.3249e-05
9.20435e-05
9.08402e-05
8.96586e-05
8.85127e-05
8.74018e-05
8.63239e-05
8.52681e-05
8.42053e-05
8.31435e-05
8.21064e-05
8.11004e-05
8.01345e-05
7.92079e-05
7.83561e-05
7.76765e-05
7.70036e-05
7.62971e-05
7.5566e-05
7.48256e-05
7.40922e-05
7.33555e-05
7.26273e-05
7.19219e-05
7.12536e-05
7.06934e-05
7.014e-05
6.96398e-05
6.91935e-05
6.87132e-05
6.81956e-05
6.76732e-05
6.7148e-05
6.66232e-05
6.61078e-05
6.55917e-05
6.50757e-05
6.45713e-05
6.40817e-05
6.36086e-05
6.31476e-05
6.27027e-05
6.22751e-05
6.18655e-05
6.14695e-05
6.10838e-05
6.07131e-05
6.03523e-05
6.00067e-05
5.96845e-05
5.97572e-05
5.98609e-05
5.98807e-05
5.9841e-05
5.97483e-05
5.95913e-05
5.9383e-05
5.91478e-05
5.88939e-05
5.86277e-05
5.83542e-05
5.80688e-05
5.77822e-05
5.75199e-05
5.72799e-05
5.70394e-05
5.67962e-05
5.65554e-05
5.63146e-05
5.6077e-05
5.58465e-05
5.56255e-05
5.54141e-05
5.52289e-05
5.50629e-05
5.48979e-05
5.47321e-05

