5e-05
5e-05
5e-05
5e-05
5e-05
5e-05
5e-05
5e-05
5e-05
5e-05
5e-05
5e-05
5e-05
5e-05
5e-05
5e-05
5e-05
5e-05
5e-05
5e-05
5e-05
5e-05
5e-05
5e-05
5e-05
5e-05
5e-05
5e-05
5e-05
5e-05
5e-05
5e-05
5e-05
5e-05
5e-05
5e-05
5e-05
5e-05
5e-05
5e-05
5e-05
5e-05
5e-05
5e-05
5e-05
5e-05
5e-05
5e-05
5e-05
5e-05
5e-05
5e-05
5e-05
5e-05
5e-05
5e-05
5e-05
5e-05
5e-05
5e-05
5e-05
5e-05
5e-05
5e-05
5e-05
5e-05
5e-05
5e-05
5e-05
5e-05
5e-05
5e-05
5e-05
5e-05
5e-05
5e-05
5e-05
5e-05
5e-05
5e-05
5e-05
5e-05
5e-05
5e-05
5e-05
5e-05
5e-05
5e-05
5e-05
5e-05
5e-05
5e-05
5e-05
5e-05
5e-05
5e-05
5e-05
5e-05
5e-05
5e-05
5e-05
5e-05
5e-05
5e-05
5e-05
5e-05
5e-05
5e-05
5e-05
5e-05
5e-05
5e-05
5e-05
5e-05
5e-05
5e-05
5e-05
5e-05
5e-05
5e-05
5e-05
5e-05
5e-05
5e-05
5e-05
5e-05
5e-05
5e-05
5e-05
5e-05
5e-05
5e-05
5e-05
5e-05
5.12317e-05
5.88462e-05
7.03187e-05
8.16487e-05
9.16648e-05
9.99414e-05
0.000106663
0.00011232
0.000116998
0.000121124
0.000125695
0.000129974
0.000133734
0.000137478
0.000140114
0.000141646
0.000142391
0.000142936
0.000143177
0.000142799
0.00014193
0.00014128
0.00014041
0.000139253
0.000137876
0.000136335
0.000134658
0.000132837
0.000130996
0.000129127
0.000127238
0.000125294
0.000123329
0.000121336
0.000119319
0.000117288
0.000115322
0.000113399
0.000111533
0.000109708
0.000107957
0.00010628
0.000104668
0.000103073
0.000101507
0.0001
9.85528e-05
9.71584e-05
9.57852e-05
9.44281e-05
9.30869e-05
9.17957e-05
9.05553e-05
8.93471e-05
8.81766e-05
8.70494e-05
8.59608e-05
8.48693e-05
8.38056e-05
8.27825e-05
8.1784e-05
8.07992e-05
7.98427e-05
7.89248e-05
7.80433e-05
7.71921e-05
7.63588e-05
7.55477e-05
7.47671e-05
7.40154e-05
7.32749e-05
7.25528e-05
7.18489e-05
7.11569e-05
7.04832e-05
6.98272e-05
6.91944e-05
6.85888e-05
6.80085e-05
6.74517e-05
6.69165e-05
6.64011e-05
6.59019e-05
6.54136e-05
6.49381e-05
6.44754e-05
6.40247e-05
6.35877e-05
6.34886e-05
6.37672e-05
6.3959e-05
6.4027e-05
6.39656e-05
6.37789e-05
6.35088e-05
6.31934e-05
6.30855e-05
6.54751e-05
6.7993e-05
6.80922e-05
6.74655e-05
6.66545e-05
6.58078e-05
6.49786e-05
6.42177e-05
6.34871e-05
6.27898e-05
6.21321e-05
6.15491e-05
6.10202e-05
6.05433e-05
6.00816e-05
5.96368e-05
5.92074e-05
5.87957e-05
5.84003e-05

