5e-05
5e-05
5e-05
5e-05
5e-05
5e-05
5e-05
5e-05
5e-05
5e-05
5e-05
5e-05
5e-05
5e-05
5e-05
5e-05
5e-05
5e-05
5e-05
5e-05
5e-05
5e-05
5e-05
5e-05
5e-05
5e-05
5e-05
5e-05
5e-05
5e-05
5e-05
5e-05
5e-05
5e-05
5e-05
5e-05
5e-05
5e-05
5e-05
5e-05
5e-05
5e-05
5e-05
5e-05
5e-05
5e-05
5e-05
5e-05
5e-05
5e-05
5e-05
5e-05
5e-05
5e-05
5e-05
5e-05
5e-05
5e-05
5e-05
5e-05
5e-05
5e-05
5e-05
5e-05
5e-05
5e-05
5e-05
5e-05
5e-05
5e-05
5e-05
5e-05
5e-05
5e-05
5e-05
5e-05
5e-05
5e-05
5e-05
5e-05
5e-05
5e-05
5e-05
5e-05
5e-05
5e-05
5e-05
5e-05
5e-05
5e-05
5e-05
5e-05
5e-05
5e-05
5e-05
5e-05
5e-05
5e-05
5e-05
5e-05
5e-05
5e-05
5e-05
5e-05
5e-05
5e-05
5e-05
5e-05
5e-05
5e-05
5e-05
5e-05
5e-05
5e-05
5e-05
5e-05
5e-05
5e-05
5e-05
5e-05
5e-05
5e-05
5e-05
5e-05
5e-05
5e-05
5e-05
5e-05
5e-05
5e-05
5e-05
5e-05
5e-05
5e-05
5e-05
5e-05
5e-05
5e-05
5e-05
5e-05
5e-05
5e-05
5e-05
5e-05
5e-05
5e-05
5e-05
5e-05
5e-05
5e-05
5e-05
5e-05
5e-05
5e-05
5e-05
5.02051e-05
5.66303e-05
6.63248e-05
7.59879e-05
8.46814e-05
9.20783e-05
9.82765e-05
0.000103421
0.000107797
0.000111344
0.000114138
0.000116479
0.000118406
0.000119973
0.000121247
0.000122196
0.000122785
0.000123162
0.000123359
0.000123843
0.000124406
0.000125165
0.000125962
0.0001264
0.000126332
0.000125876
0.000125206
0.000124365
0.000123623
0.000123111
0.000122401
0.000121499
0.000120434
0.000119234
0.000117869
0.000116371
0.000114803
0.000113193
0.000111578
0.000109969
0.000108349
0.000106737
0.00010514
0.000103557
0.000102012
0.000100493
9.89808e-05
9.75126e-05
9.60776e-05
9.46579e-05
9.32828e-05
9.19423e-05
9.06394e-05
8.93793e-05
8.81627e-05
8.69789e-05
8.58269e-05
8.4712e-05
8.36388e-05
8.26039e-05
8.15932e-05
8.06167e-05
7.96663e-05
7.87445e-05
7.78557e-05
7.6998e-05
7.61697e-05
7.53686e-05
7.45789e-05
7.38067e-05
7.30618e-05
7.23435e-05
7.16435e-05
7.09546e-05
7.03236e-05
7.05728e-05
7.08414e-05
7.11003e-05
7.15092e-05
7.18347e-05
7.20121e-05
7.21318e-05
7.22637e-05
7.50426e-05
7.87712e-05
7.82942e-05
7.69271e-05
7.54425e-05
7.39885e-05
7.26019e-05
7.12935e-05
7.00648e-05
6.89142e-05
6.78383e-05
6.68314e-05

