5e-05
5e-05
5e-05
5e-05
5e-05
5e-05
5e-05
5e-05
5e-05
5e-05
5e-05
5e-05
5e-05
5e-05
5e-05
5e-05
5e-05
5e-05
5e-05
5e-05
5e-05
5e-05
5e-05
5e-05
5e-05
5e-05
5e-05
5e-05
5e-05
5e-05
5e-05
5e-05
5e-05
5e-05
5e-05
5e-05
5e-05
5e-05
5e-05
5e-05
5e-05
5e-05
5e-05
5e-05
5e-05
5e-05
5e-05
5e-05
5e-05
5e-05
5e-05
5e-05
5e-05
5e-05
5e-05
5e-05
5.11964e-05
5.76663e-05
6.57864e-05
7.38685e-05
8.1437e-05
8.81277e-05
9.4009e-05
9.91412e-05
0.000103534
0.000107279
0.000110406
0.000112971
0.0001151
0.00011682
0.000118162
0.000119216
0.000120018
0.000120593
0.000120935
0.000121014
0.000120913
0.000120629
0.00012022
0.000119709
0.00011962
0.000119464
0.000119111
0.000118592
0.000117925
0.000117129
0.000116222
0.000115221
0.000114141
0.000112988
0.000111746
0.000110469
0.00010917
0.000107836
0.000106479
0.000105099
0.000103728
0.000102365
0.000101002
9.96623e-05
9.83299e-05
9.70138e-05
9.57122e-05
9.44435e-05
9.31909e-05
9.1971e-05
9.07699e-05
8.95771e-05
8.84043e-05
8.72648e-05
8.61664e-05
8.51071e-05
8.4084e-05
8.30922e-05
8.2249e-05
8.14908e-05
8.0722e-05
7.99437e-05
7.91506e-05
7.83612e-05
7.7579e-05
7.68061e-05
7.60409e-05
7.52771e-05
7.45247e-05
7.37809e-05
7.30477e-05
7.23323e-05
7.16392e-05
7.09681e-05
7.03184e-05
6.96891e-05
6.90743e-05
6.84747e-05
6.78951e-05
6.7335e-05
6.67935e-05
6.62989e-05
6.58728e-05
6.54438e-05
6.50106e-05
6.45756e-05
6.41435e-05
6.37194e-05
6.33042e-05
6.28983e-05
6.2497e-05
6.21043e-05
6.17227e-05
6.13523e-05
6.09931e-05
6.06527e-05
6.03716e-05
6.0084e-05
5.98055e-05
5.99329e-05
6.01166e-05
6.02063e-05
6.0181e-05
6.00896e-05
5.99291e-05
5.97166e-05
5.947e-05
5.91975e-05
5.88959e-05
5.85849e-05
5.827e-05
5.79578e-05
5.76487e-05
5.73449e-05
5.70518e-05
5.67696e-05
5.65003e-05
5.62435e-05
5.59961e-05
5.57576e-05
5.55304e-05
5.53132e-05
5.51072e-05
5.49117e-05
5.47258e-05
5.45475e-05
5.43775e-05
5.42127e-05
5.40545e-05
5.39038e-05
5.37598e-05
5.3622e-05
5.34897e-05
5.33635e-05
5.32434e-05
5.31289e-05
5.30195e-05
5.2915e-05
5.28138e-05
5.27155e-05
5.26215e-05
5.25329e-05
5.24607e-05
5.23909e-05
5.23206e-05
5.22507e-05
5.21806e-05
5.21116e-05
5.20432e-05
5.19766e-05
5.19118e-05
5.18483e-05
5.1786e-05
5.17258e-05
5.16677e-05
5.16118e-05
5.15576e-05
5.15049e-05
5.14536e-05
5.1404e-05
5.13579e-05
5.13187e-05
5.128e-05
5.12419e-05
5.12045e-05
5.11677e-05
5.11316e-05
5.10957e-05
5.10606e-05
5.10265e-05
5.0993e-05
5.09601e-05
5.09277e-05
5.0896e-05
5.08655e-05
5.08492e-05
5.08596e-05
5.08644e-05
5.08634e-05
5.08573e-05
5.08466e-05
5.08319e-05
5.08138e-05
5.0793e-05
5.07688e-05
5.07431e-05
5.0717e-05
5.06915e-05
5.06906e-05
5.06926e-05
5.06895e-05
5.06802e-05
5.06669e-05
5.06504e-05

