5e-05
5e-05
5e-05
5e-05
5e-05
5e-05
5e-05
5e-05
5e-05
5e-05
5e-05
5e-05
5e-05
5e-05
5e-05
5e-05
5e-05
5e-05
5e-05
5e-05
5e-05
5e-05
5e-05
5e-05
5e-05
5e-05
5e-05
5e-05
5e-05
5e-05
5e-05
5e-05
5e-05
5e-05
5e-05
5e-05
5e-05
5e-05
5e-05
5e-05
5e-05
5e-05
5e-05
5e-05
5e-05
5e-05
5e-05
5e-05
5e-05
5e-05
5e-05
5e-05
5e-05
5e-05
5e-05
5e-05
5e-05
5e-05
5e-05
5e-05
5e-05
5e-05
5e-05
5e-05
5e-05
5e-05
5e-05
5e-05
5e-05
5e-05
5e-05
5e-05
5e-05
5e-05
5e-05
5e-05
5e-05
5e-05
5e-05
5e-05
5e-05
5e-05
5e-05
5e-05
5e-05
5e-05
5e-05
5e-05
5e-05
5e-05
5e-05
5e-05
5e-05
5e-05
5e-05
5e-05
5e-05
5e-05
5e-05
5e-05
5e-05
5e-05
5e-05
5e-05
5e-05
5e-05
5e-05
5e-05
5e-05
5e-05
5e-05
5e-05
5e-05
5e-05
5e-05
5e-05
5e-05
5e-05
5e-05
5e-05
5e-05
5e-05
5e-05
5e-05
5e-05
5e-05
5e-05
5e-05
5e-05
5e-05
5e-05
5e-05
5e-05
5e-05
5e-05
5e-05
5e-05
5e-05
5.01826e-05
5.76844e-05
6.99994e-05
8.25505e-05
9.36123e-05
0.000103112
0.000112555
0.000121318
0.000127357
0.000131895
0.000135269
0.000137552
0.00013883
0.000139463
0.000139673
0.000139408
0.000138847
0.000138053
0.000137088
0.000136009
0.000136853
0.000141009
0.000144233
0.000146552
0.0001476
0.000147348
0.000146405
0.000145568
0.000144552
0.000143207
0.000141526
0.000139461
0.000137188
0.000134781
0.000132314
0.000129839
0.000127394
0.000124992
0.000122612
0.000120287
0.000118312
0.000116349
0.000114365
0.000112389
0.000110409
0.000108451
0.00010648
0.000104551
0.000102682
0.000100889
9.91505e-05
9.74548e-05
9.58019e-05
9.41886e-05
9.26357e-05
9.12254e-05
9.18029e-05
9.27292e-05
9.32838e-05
9.34244e-05
9.30282e-05
9.23127e-05
9.13898e-05
9.03438e-05
8.91723e-05
8.79407e-05
8.66763e-05
8.53546e-05
8.40092e-05
8.26873e-05
8.13997e-05
8.01529e-05
7.8958e-05
7.81926e-05
7.82144e-05
7.80602e-05
7.77648e-05
7.73102e-05
7.6814e-05
7.62787e-05
7.56466e-05
7.49364e-05
7.41502e-05
7.33309e-05
7.24954e-05
7.16413e-05
7.07838e-05
6.99448e-05
6.91313e-05
6.83385e-05
6.7566e-05
6.68192e-05
6.61019e-05
6.54188e-05
6.47713e-05
6.41579e-05
6.35718e-05
6.30151e-05
6.24875e-05
6.19873e-05
6.15096e-05
6.10526e-05
6.06104e-05
6.01899e-05
5.98277e-05
5.94925e-05
5.91681e-05
5.88708e-05
5.86449e-05
5.84336e-05
5.82053e-05
5.79672e-05

