5e-05
5e-05
5e-05
5e-05
5e-05
5e-05
5e-05
5e-05
5e-05
5e-05
5e-05
5e-05
5e-05
5.76829e-05
7.51344e-05
8.64868e-05
9.61868e-05
0.000104769
0.000112079
0.000118129
0.00012311
0.000127176
0.000130454
0.000133051
0.000135058
0.000136553
0.000137603
0.000138265
0.000138589
0.000138619
0.000138393
0.000137944
0.000137302
0.000136492
0.000135537
0.000134459
0.000133274
0.000131998
0.000130647
0.000129232
0.000127765
0.000126256
0.000124715
0.000123148
0.000121563
0.000119966
0.000118364
0.00011676
0.00011516
0.000113568
0.000111986
0.000110417
0.000108865
0.000107332
0.000105819
0.000104328
0.000102861
0.000102771
0.000108543
0.000121074
0.000119077
0.000117599
0.000116568
0.000115627
0.000114601
0.000113427
0.000112093
0.000110618
0.000109029
0.000107354
0.000105621
0.000103853
0.00010207
0.000100288
9.85196e-05
9.67762e-05
9.66376e-05
0.000100399
0.000101945
0.000100115
9.87858e-05
9.76369e-05
9.6502e-05
9.5313e-05
9.40533e-05
9.27302e-05
9.13601e-05
8.99614e-05
8.85513e-05
8.71444e-05
8.57527e-05
8.43853e-05
8.30493e-05
8.17498e-05
8.04905e-05
7.92734e-05
7.80986e-05
7.69655e-05
7.58731e-05
7.48209e-05
7.3808e-05
7.28337e-05
7.18969e-05
7.09969e-05
7.01326e-05
6.93031e-05
6.85073e-05
6.77442e-05
6.70128e-05
6.63119e-05
6.56405e-05
6.49975e-05
6.43819e-05
6.37926e-05
6.32286e-05
6.26889e-05
6.21725e-05
6.16784e-05
6.12057e-05
6.07535e-05
6.03209e-05
5.9907e-05
5.95111e-05
5.91323e-05
5.87698e-05
5.84231e-05
5.80912e-05
5.77737e-05
5.74697e-05
5.71787e-05
5.69002e-05
5.66335e-05
5.63781e-05
5.61335e-05
5.58992e-05
5.56748e-05
5.56764e-05
5.61654e-05
5.678e-05
5.65368e-05
5.63644e-05
5.62212e-05
5.6083e-05
5.59393e-05
5.5787e-05
5.56262e-05
5.54593e-05
5.55244e-05
5.607e-05
5.58142e-05
5.56287e-05
5.54857e-05
5.53538e-05
5.52184e-05
5.50744e-05
5.49216e-05
5.47617e-05
5.4597e-05
5.443e-05
5.42626e-05
5.40965e-05
5.39331e-05
5.37734e-05
5.36181e-05
5.34676e-05
5.33225e-05
5.31828e-05
5.30486e-05
5.292e-05
5.27968e-05
5.26791e-05
5.25667e-05
5.24593e-05
5.23567e-05
5.22585e-05
5.21646e-05
5.20747e-05
5.19887e-05
5.19063e-05
5.18274e-05
5.17518e-05
5.16794e-05
5.16101e-05
5.15438e-05
5.14802e-05
5.14194e-05
5.13611e-05
5.13054e-05
5.1252e-05
5.1201e-05
5.11521e-05
5.11054e-05
5.10606e-05
5.10178e-05
5.09768e-05
5.09376e-05
5.09001e-05
5.08642e-05
5.08299e-05
5.0797e-05
5.07655e-05
5.07354e-05
5.07066e-05
5.0679e-05
5.06526e-05
5.06273e-05
5.06031e-05
5.05799e-05
5.05577e-05
5.05364e-05
5.0516e-05
5.04964e-05
5.04777e-05
5.04597e-05
5.04425e-05
5.0426e-05
5.04101e-05
5.03949e-05
5.03804e-05
5.03664e-05
5.0353e-05
5.03401e-05
5.03277e-05
5.03158e-05
5.03044e-05
5.02934e-05
5.02829e-05
5.02728e-05
5.0263e-05
5.02537e-05
5.02447e-05
5.02361e-05
5.02277e-05
5.02197e-05
5.0212e-05
5.02046e-05
5.01975e-05
5.01907e-05
5.01841e-05
5.01777e-05
5.01716e-05
5.01657e-05
5.016e-05
5.01545e-05
5.01492e-05
5.01442e-05
5.01393e-05
5.01345e-05
5.013e-05
5.01256e-05

