5e-05
5e-05
5e-05
5e-05
5e-05
5e-05
5e-05
5e-05
5e-05
5e-05
5e-05
5e-05
5e-05
5e-05
5e-05
5e-05
5e-05
5e-05
5e-05
5e-05
5e-05
5e-05
5e-05
5e-05
5e-05
5e-05
5e-05
5e-05
5e-05
5e-05
5e-05
5e-05
5e-05
5e-05
5e-05
5e-05
5e-05
5e-05
5e-05
5e-05
5e-05
5e-05
5e-05
5e-05
5e-05
5e-05
5e-05
5e-05
5e-05
5e-05
5e-05
5e-05
5e-05
5e-05
5e-05
5e-05
5e-05
5e-05
5e-05
5e-05
5e-05
5e-05
5e-05
5e-05
5e-05
5e-05
5e-05
5e-05
5e-05
5e-05
5e-05
5e-05
5e-05
5e-05
5e-05
5e-05
5e-05
5e-05
5e-05
5e-05
5e-05
5e-05
5e-05
5e-05
5e-05
5e-05
5e-05
5e-05
5e-05
5e-05
5e-05
5e-05
5e-05
5e-05
5e-05
5e-05
5e-05
5e-05
5e-05
5e-05
5e-05
5e-05
5e-05
5e-05
5e-05
5e-05
5e-05
5e-05
5e-05
5e-05
5e-05
5e-05
5e-05
5e-05
5e-05
5e-05
5e-05
5e-05
5e-05
5e-05
5e-05
5e-05
5e-05
5e-05
5e-05
5e-05
5e-05
5e-05
5e-05
5e-05
5e-05
5e-05
5e-05
5e-05
5e-05
5e-05
5e-05
5e-05
5e-05
5e-05
5e-05
5e-05
5e-05
5e-05
5e-05
5e-05
5e-05
5e-05
5e-05
5e-05
5e-05
5e-05
5e-05
5e-05
5e-05
5.30408e-05
8.45064e-05
0.0001223
0.000178488
0.000181323
0.000185002
0.000188888
0.00019261
0.000196028
0.000199053
0.000201627
0.000203707
0.000205271
0.000206311
0.000206831
0.000206847
0.000206381
0.000205464
0.00020413
0.000202416
0.000200362
0.000198007
0.000195391
0.000192551
0.000189524
0.000186344
0.000183041
0.000179645
0.000176182
0.000172675
0.000169145
0.000165611
0.000162089
0.000158592
0.000155133
0.000151723
0.000148369
0.000145078
0.000141857
0.000139184
0.000136918
0.000134625
0.000132259
0.00012984
0.000127391
0.000124935
0.000122489
0.000120067
0.00011768
0.000115337
0.000113044
0.000110807
0.000108629
0.000106513
0.00010446
0.000102471
0.000100547
9.86875e-05
9.68915e-05
9.51584e-05
9.34871e-05
9.18762e-05
9.03243e-05
8.88299e-05
8.73913e-05
8.60067e-05
8.46746e-05
8.33931e-05
8.21606e-05
8.09752e-05
7.98354e-05
7.87394e-05
7.76857e-05
7.66726e-05
7.56986e-05
7.47621e-05
7.39015e-05
7.32375e-05
7.26051e-05
7.19613e-05
7.13067e-05
7.06537e-05
7.01526e-05
6.96906e-05
6.92026e-05
6.86878e-05
6.81547e-05
6.78048e-05
6.76173e-05
6.73818e-05
6.70775e-05
6.67169e-05
6.63144e-05
6.58823e-05
6.54301e-05

