5e-05
5e-05
5e-05
5e-05
5e-05
5e-05
5e-05
5e-05
5e-05
5e-05
5e-05
5e-05
5e-05
5e-05
5e-05
5e-05
5e-05
5e-05
5e-05
5e-05
5e-05
5e-05
5e-05
5e-05
5e-05
5e-05
5e-05
5e-05
5e-05
5e-05
5e-05
5e-05
5e-05
5e-05
5e-05
5e-05
5e-05
5e-05
5e-05
5e-05
5e-05
5e-05
5e-05
5e-05
5e-05
5e-05
5e-05
5.09363e-05
5.98173e-05
7.14898e-05
8.24947e-05
9.18117e-05
9.93607e-05
0.000105531
0.000110558
0.000114723
0.000118159
0.000120969
0.000123237
0.00012496
0.000125882
0.0001263
0.000126447
0.000126669
0.000127271
0.000127613
0.000127675
0.000127478
0.000127104
0.000126577
0.000125892
0.000124981
0.000123895
0.000122701
0.000121653
0.000120878
0.000120005
0.000119031
0.000117927
0.000116729
0.000115476
0.000114114
0.000112655
0.00011114
0.000109621
0.000108124
0.000106653
0.000105196
0.000103748
0.000102306
0.00010087
9.94426e-05
9.80365e-05
9.66568e-05
9.53122e-05
9.39872e-05
9.27009e-05
9.14606e-05
9.02638e-05
8.91061e-05
8.79601e-05
8.68257e-05
8.57008e-05
8.46174e-05
8.35766e-05
8.25753e-05
8.16107e-05
8.0723e-05
8.00179e-05
7.93159e-05
7.85869e-05
7.7851e-05
7.71144e-05
7.63673e-05
7.56728e-05
7.50979e-05
7.44965e-05
7.38715e-05
7.32234e-05
7.257e-05
7.19195e-05
7.12748e-05
7.06302e-05
6.99868e-05
6.9352e-05
6.87345e-05
6.8135e-05
6.75523e-05
6.69805e-05
6.64272e-05
6.58929e-05
6.53719e-05
6.48668e-05
6.43802e-05
6.39108e-05
6.35237e-05
6.3158e-05
6.28634e-05
6.25649e-05
6.22908e-05
6.20274e-05
6.17538e-05
6.15313e-05
6.12805e-05
6.09976e-05
6.07016e-05
6.03903e-05
6.00686e-05
5.9893e-05
5.99859e-05
5.99885e-05
5.98851e-05
5.97103e-05
5.949e-05
5.92399e-05
5.89585e-05
5.86448e-05
5.83176e-05
5.79943e-05
5.77016e-05
5.74271e-05
5.71559e-05
5.68897e-05
5.66303e-05
5.63793e-05
5.61366e-05
5.59042e-05
5.5682e-05
5.54695e-05
5.52654e-05
5.5067e-05
5.48769e-05
5.46936e-05
5.45186e-05
5.43511e-05
5.419e-05
5.40364e-05
5.3889e-05
5.37484e-05
5.36302e-05
5.35162e-05
5.34071e-05
5.33137e-05
5.32208e-05
5.31255e-05
5.30299e-05
5.29333e-05
5.2838e-05
5.27443e-05
5.26516e-05
5.25612e-05
5.24705e-05
5.23824e-05
5.22969e-05
5.22137e-05
5.21338e-05
5.20565e-05
5.19814e-05
5.1915e-05
5.18561e-05
5.17982e-05
5.17411e-05
5.16842e-05
5.16281e-05
5.1573e-05
5.15197e-05
5.14676e-05
5.14164e-05
5.13669e-05
5.13195e-05
5.1274e-05
5.12299e-05
5.11876e-05
5.11469e-05
5.11073e-05
5.10691e-05
5.10324e-05
5.09968e-05
5.09625e-05
5.09296e-05
5.0898e-05
5.08675e-05
5.08381e-05
5.08097e-05
5.07823e-05
5.0756e-05
5.07309e-05
5.07068e-05
5.06836e-05
5.06608e-05
5.06388e-05
5.06174e-05
5.05968e-05
5.0577e-05
5.0558e-05
5.05397e-05
5.05223e-05
5.05082e-05
5.04946e-05
5.04815e-05
5.04705e-05
5.04589e-05
5.04468e-05
5.04339e-05
5.0421e-05
5.0408e-05
5.03959e-05
5.03852e-05
5.03745e-05
5.03635e-05

