5e-05
5e-05
5e-05
5e-05
5e-05
5e-05
5e-05
5e-05
5e-05
5e-05
5e-05
5e-05
5.06121e-05
5.67006e-05
6.50544e-05
7.35946e-05
8.16829e-05
8.89084e-05
9.51769e-05
0.000100395
0.000104576
0.000107909
0.000110662
0.000112827
0.000114638
0.000116161
0.000117423
0.000118445
0.000119222
0.000119671
0.000119872
0.000119928
0.000119857
0.000119644
0.000119233
0.000118714
0.000118123
0.000117467
0.000116731
0.000115883
0.000114987
0.000114056
0.00011309
0.000112062
0.000111009
0.000109939
0.000108855
0.000107758
0.000106647
0.000105496
0.00010433
0.000103079
0.000102013
0.000101003
9.99481e-05
9.883e-05
9.76564e-05
9.6481e-05
9.5315e-05
9.4153e-05
9.29105e-05
9.16724e-05
9.04814e-05
8.93375e-05
8.82262e-05
8.7148e-05
8.6109e-05
8.51065e-05
8.41212e-05
8.31358e-05
8.2181e-05
8.12423e-05
8.03302e-05
7.94522e-05
7.85993e-05
7.77577e-05
7.69369e-05
7.61437e-05
7.538e-05
7.46438e-05
7.39326e-05
7.32236e-05
7.25251e-05
7.18441e-05
7.11835e-05
7.05406e-05
6.99221e-05
6.93262e-05
6.87383e-05
6.81613e-05
6.76065e-05
6.70735e-05
6.65608e-05
6.6066e-05
6.55815e-05
6.51014e-05
6.46373e-05
6.41911e-05
6.37514e-05
6.33216e-05
6.29057e-05
6.25199e-05
6.22132e-05
6.1913e-05
6.16033e-05
6.12825e-05
6.09561e-05
6.06764e-05
6.04218e-05
6.01642e-05
5.99016e-05
5.96324e-05
5.93642e-05
5.9097e-05
5.88256e-05
5.85553e-05
5.82902e-05
5.80247e-05
5.77668e-05
5.75177e-05
5.72771e-05
5.70448e-05
5.68191e-05
5.66541e-05
5.6514e-05
5.63592e-05
5.62223e-05
5.60909e-05
5.59496e-05
5.57947e-05
5.56358e-05
5.54758e-05
5.53152e-05
5.51518e-05
5.49957e-05
5.4874e-05
5.47954e-05
5.47064e-05
5.45995e-05
5.44784e-05
5.43479e-05
5.42164e-05
5.4084e-05
5.39579e-05
5.38569e-05
5.37648e-05
5.3676e-05
5.35996e-05
5.35124e-05
5.34137e-05
5.3309e-05
5.32095e-05
5.31123e-05
5.30104e-05
5.29058e-05
5.28124e-05
5.27207e-05
5.26288e-05
5.25378e-05
5.24483e-05
5.23605e-05
5.22739e-05
5.21908e-05
5.21106e-05
5.20333e-05
5.19578e-05
5.18848e-05
5.18137e-05
5.17444e-05
5.16771e-05
5.16131e-05
5.15519e-05
5.14935e-05
5.14375e-05
5.13845e-05
5.13343e-05
5.12867e-05
5.12406e-05
5.11961e-05
5.11538e-05
5.11137e-05
5.10754e-05
5.10383e-05
5.10023e-05
5.09672e-05
5.09338e-05
5.0902e-05
5.08713e-05
5.08419e-05
5.08138e-05
5.07868e-05
5.07602e-05
5.07345e-05
5.071e-05
5.06862e-05
5.0663e-05
5.06406e-05
5.06192e-05
5.05988e-05
5.05792e-05
5.05601e-05
5.05417e-05
5.0524e-05
5.0507e-05
5.04904e-05
5.04743e-05
5.04587e-05
5.04435e-05
5.04287e-05
5.04143e-05
5.04005e-05
5.03873e-05
5.03748e-05
5.03627e-05
5.03512e-05
5.03401e-05
5.03293e-05
5.03189e-05
5.03087e-05
5.02989e-05
5.02893e-05
5.02801e-05
5.02777e-05
5.0283e-05
5.02865e-05
5.02876e-05
5.02861e-05
5.02821e-05
5.02764e-05
5.02698e-05
5.02674e-05
5.03156e-05
5.03664e-05
5.03682e-05
5.03554e-05
5.03389e-05
5.03216e-05
5.03047e-05
5.02892e-05
5.02743e-05
5.02601e-05
5.02467e-05
5.02348e-05
5.0224e-05
5.02143e-05
5.02049e-05
5.01958e-05
5.01871e-05
5.01787e-05
5.01706e-05

