5e-05
5e-05
5e-05
5e-05
5e-05
5e-05
5e-05
5e-05
5e-05
5e-05
5e-05
5e-05
5e-05
5e-05
5e-05
5e-05
5e-05
5e-05
5e-05
5e-05
5e-05
5e-05
5e-05
5e-05
5e-05
5e-05
5e-05
5e-05
5e-05
5e-05
5e-05
5e-05
5e-05
5e-05
5e-05
5e-05
5e-05
5e-05
5e-05
5e-05
5e-05
5e-05
5e-05
5e-05
5e-05
5e-05
5e-05
5e-05
5e-05
5e-05
5e-05
5e-05
5e-05
5e-05
5e-05
5e-05
5e-05
5e-05
5e-05
5e-05
5e-05
5e-05
5e-05
5e-05
5e-05
5e-05
5e-05
5e-05
5e-05
5e-05
5e-05
5e-05
5e-05
5e-05
5e-05
5e-05
5e-05
5e-05
5e-05
5e-05
5e-05
5e-05
5e-05
5e-05
5e-05
5e-05
5e-05
5e-05
5e-05
5e-05
5e-05
5e-05
5e-05
5e-05
5e-05
5e-05
5e-05
5e-05
5e-05
5e-05
5e-05
5e-05
5e-05
5e-05
5e-05
5e-05
5e-05
5e-05
5e-05
5e-05
5e-05
5e-05
5e-05
5e-05
5e-05
5e-05
5e-05
5e-05
5e-05
5e-05
5e-05
5e-05
5e-05
5e-05
5e-05
5e-05
5e-05
5e-05
5e-05
5e-05
5e-05
5e-05
5e-05
5e-05
5e-05
5e-05
5e-05
5.98177e-05
7.60764e-05
9.04234e-05
0.000104064
0.000116077
0.00012601
0.000133986
0.000140328
0.000146843
0.000156442
0.000166286
0.000174167
0.000180014
0.000184115
0.000186759
0.000190055
0.000210274
0.000225695
0.000223467
0.000224427
0.000226599
0.000228874
0.000232258
0.000235518
0.000237858
0.000239121
0.000239312
0.000238487
0.000236739
0.000234173
0.000230907
0.000227053
0.000222722
0.000218016
0.000213024
0.00020783
0.000202503
0.000197105
0.000191686
0.000186291
0.000180953
0.000175703
0.000170562
0.00016555
0.000160679
0.00015596
0.000151399
0.000147
0.000142767
0.000138699
0.000134795
0.000131053
0.000127471
0.000124044
0.000120768
0.000117639
0.000114652
0.000111801
0.000109081
0.000106488
0.000104015
0.000101658
9.94121e-05
9.74273e-05
9.57328e-05
9.4096e-05
9.24811e-05
9.08911e-05
8.93333e-05
8.78137e-05
8.63367e-05
8.49053e-05
8.35215e-05
8.21863e-05
8.09002e-05
7.96629e-05
7.84739e-05
7.73324e-05
7.63189e-05
7.54776e-05
7.46597e-05
7.38412e-05
7.30249e-05
7.22164e-05
7.14204e-05
7.06407e-05
6.988e-05
6.91401e-05
6.84224e-05
6.77277e-05
6.70564e-05
6.64086e-05
6.57842e-05
6.51887e-05
6.47153e-05
6.42825e-05
6.38479e-05
6.34092e-05
6.29784e-05
6.26424e-05
6.2323e-05
6.19895e-05
6.16427e-05
6.12875e-05
6.09285e-05
6.05692e-05
6.02125e-05
5.98606e-05
5.9515e-05
5.91771e-05
5.88476e-05
5.85272e-05
5.82164e-05

