5e-05
5e-05
5e-05
5e-05
5e-05
5e-05
5e-05
5e-05
5e-05
5e-05
5e-05
5.14285e-05
5.97502e-05
7.08846e-05
8.24754e-05
9.30418e-05
0.000101991
0.000109384
0.000115428
0.000120101
0.00012315
0.000125194
0.00012655
0.000127365
0.000127863
0.000128123
0.000128204
0.000128128
0.000127893
0.000127401
0.000126721
0.000125966
0.000125143
0.00012424
0.000123292
0.000122306
0.000121283
0.000120224
0.000119114
0.000117919
0.000116701
0.000115471
0.000114232
0.000112985
0.000111721
0.000110426
0.000109133
0.000107843
0.000106556
0.000105248
0.000103936
0.000102567
0.000101148
9.97569e-05
9.84128e-05
9.71058e-05
9.59672e-05
9.86879e-05
0.000103504
0.000108661
0.000113634
0.000117938
0.000121524
0.000124514
0.000126884
0.000128716
0.000130131
0.000131215
0.000131969
0.000132378
0.000132548
0.000132523
0.000132321
0.000131912
0.000131326
0.00013055
0.000129676
0.000128725
0.000127707
0.000126628
0.000125494
0.00012426
0.000122947
0.000121612
0.00012025
0.000118847
0.000117413
0.000115939
0.000114459
0.000112981
0.000111508
0.000110044
0.000108569
0.000107103
0.000105649
0.00010421
0.000102807
0.000101441
0.000100111
9.88147e-05
9.75487e-05
9.63078e-05
9.50748e-05
9.38682e-05
9.26718e-05
9.14963e-05
9.03068e-05
8.91328e-05
8.80463e-05
8.71782e-05
8.63186e-05
8.54523e-05
8.45785e-05
8.36545e-05
8.27233e-05
8.17791e-05
8.0851e-05
7.99419e-05
7.90483e-05
7.81725e-05
7.73058e-05
7.64679e-05
7.56593e-05
7.48787e-05
7.41245e-05
7.34286e-05
7.28612e-05
7.22772e-05
7.16867e-05
7.10869e-05
7.04842e-05
6.98751e-05
6.92744e-05
6.86887e-05
6.81184e-05
6.76103e-05
6.71667e-05
6.67275e-05
6.63899e-05
6.61932e-05
6.59571e-05
6.56764e-05
6.67949e-05
7.42955e-05
8.3644e-05
9.26833e-05
0.000101473
0.00010871
0.000114666
0.000120494
0.000126043
0.000130457
0.000136434
0.000141684
0.00014568
0.000150125
0.00015298
0.000154479
0.000154925
0.000155281
0.000155025
0.000154244
0.000153069
0.000151494
0.000149556
0.000147426
0.000145773
0.000143943
0.000141941
0.000139853
0.000137708
0.000135463
0.000133018
0.000130538
0.000128087
0.00012571
0.00012338
0.000121121
0.000118896
0.000116739
0.000114617
0.000112543
0.000110556
0.000108651
0.00010693
0.000105496
0.000104056
0.000102889
0.000101696
0.000100447
9.91714e-05
9.78783e-05
9.65542e-05
9.52143e-05
9.38843e-05
9.25651e-05
9.12318e-05
8.99147e-05
8.86329e-05
8.73882e-05
8.61806e-05
8.49945e-05
8.38308e-05
8.27067e-05
8.16045e-05
8.05271e-05
7.94788e-05
7.84688e-05
7.74856e-05
7.65438e-05
7.56443e-05
7.47845e-05
7.39615e-05
7.31725e-05
7.24141e-05
7.16764e-05
7.0964e-05
7.02725e-05
6.96015e-05
6.89553e-05
6.83298e-05
6.77262e-05
6.75287e-05
6.7726e-05
6.78045e-05
6.77504e-05
6.75508e-05
6.72483e-05
6.68859e-05
6.64767e-05
6.60242e-05
6.56162e-05
6.51865e-05
6.47377e-05
6.42677e-05
6.37912e-05
6.33171e-05
6.28469e-05
6.25789e-05
6.2698e-05
6.27802e-05
6.28896e-05
6.37519e-05
6.65941e-05
6.66482e-05
6.59232e-05
6.51087e-05
6.42808e-05
6.34757e-05
6.2708e-05

