5e-05
5e-05
5e-05
5e-05
5e-05
5e-05
5e-05
5e-05
5e-05
5e-05
5e-05
5e-05
5e-05
5e-05
5e-05
5e-05
5e-05
5e-05
5e-05
5e-05
5e-05
5e-05
5e-05
5e-05
5e-05
5e-05
5e-05
5e-05
5e-05
5e-05
5e-05
5e-05
5e-05
5e-05
5e-05
5e-05
5e-05
5e-05
5e-05
5e-05
5e-05
5e-05
5e-05
5e-05
5e-05
5e-05
5e-05
5e-05
5e-05
5e-05
5e-05
5e-05
5e-05
5e-05
5e-05
5e-05
5e-05
5e-05
5e-05
5e-05
5e-05
5e-05
5e-05
5e-05
5e-05
5e-05
5e-05
5e-05
5e-05
5e-05
5e-05
5e-05
5e-05
5e-05
5e-05
5e-05
5e-05
5e-05
5e-05
5e-05
5e-05
5e-05
5e-05
5e-05
5e-05
5e-05
5e-05
5e-05
5e-05
5e-05
5e-05
5e-05
5e-05
5e-05
5e-05
5e-05
5e-05
5e-05
5e-05
5e-05
5e-05
5e-05
5e-05
5e-05
5e-05
5e-05
5e-05
5e-05
5e-05
5e-05
5e-05
5e-05
5e-05
5e-05
5e-05
5e-05
5e-05
5e-05
5e-05
5e-05
5e-05
5e-05
5e-05
5e-05
5e-05
5e-05
5e-05
5e-05
5e-05
5e-05
5e-05
5e-05
5e-05
5e-05
5e-05
5e-05
5e-05
5e-05
5e-05
6.91966e-05
8.67224e-05
0.000102294
0.000118259
0.000133025
0.000145066
0.000154599
0.000162014
0.000167651
0.000171802
0.000183087
0.000222719
0.000223968
0.000224539
0.000230668
0.000240266
0.000249921
0.000260949
0.000273788
0.000296245
0.000284919
0.000274926
0.000265996
0.000257834
0.000250288
0.000243247
0.000236618
0.000230326
0.000224309
0.000218518
0.000212914
0.000207468
0.00020216
0.000196973
0.0001919
0.000186934
0.000182073
0.000177317
0.000172667
0.000168126
0.000163696
0.00015938
0.00015518
0.0001511
0.000147142
0.000143305
0.000139592
0.000136003
0.000132538
0.000129195
0.000125974
0.000122873
0.000119889
0.000117021
0.000114266
0.000111899
0.000109832
0.000107806
0.00010579
0.00010379
0.000101818
9.98831e-05
9.79919e-05
9.615e-05
9.43611e-05
9.26278e-05
9.09517e-05
8.93337e-05
8.77738e-05
8.62719e-05
8.48272e-05
8.34387e-05
8.21052e-05
8.08251e-05
7.9597e-05
7.84193e-05
7.72902e-05
7.6208e-05
7.5171e-05
7.41774e-05
7.32255e-05
7.23138e-05
7.14404e-05
7.06038e-05
6.98024e-05
6.90348e-05
6.82995e-05
6.7595e-05
6.692e-05
6.62732e-05
6.56534e-05
6.50594e-05
6.45133e-05
6.40857e-05
6.36796e-05
6.32694e-05
6.28555e-05
6.24448e-05
6.21253e-05
6.18307e-05
6.15227e-05
6.12006e-05
6.08694e-05
6.06471e-05
6.05213e-05
6.03685e-05
6.01765e-05
5.99526e-05
5.97051e-05
5.9441e-05
5.9166e-05

