5e-05
5e-05
5e-05
5e-05
5e-05
5e-05
5e-05
5e-05
5e-05
5e-05
5e-05
5e-05
5e-05
5e-05
5e-05
5e-05
5e-05
5e-05
5e-05
5e-05
5e-05
5e-05
5e-05
5e-05
5e-05
5e-05
5e-05
5e-05
5e-05
5e-05
5e-05
5e-05
5e-05
5e-05
5e-05
5e-05
5e-05
5e-05
5e-05
5e-05
5e-05
5e-05
5e-05
5e-05
5e-05
5e-05
5e-05
5e-05
5e-05
5e-05
5e-05
5e-05
5e-05
5e-05
5e-05
5e-05
5e-05
5e-05
5e-05
5e-05
5e-05
5e-05
5e-05
5e-05
5e-05
5e-05
5e-05
5e-05
5e-05
5e-05
5e-05
5e-05
5e-05
5e-05
5e-05
5e-05
5e-05
5e-05
5e-05
5e-05
5e-05
5e-05
5e-05
5e-05
5e-05
5e-05
5e-05
5e-05
5e-05
5e-05
5e-05
5e-05
5e-05
5e-05
5e-05
5e-05
5e-05
5e-05
5e-05
5e-05
5e-05
5e-05
5e-05
5e-05
5e-05
5e-05
5e-05
5e-05
5e-05
5e-05
5e-05
5e-05
5e-05
5e-05
5e-05
5e-05
5e-05
5e-05
5e-05
5e-05
5e-05
5e-05
5e-05
5e-05
5e-05
5e-05
5e-05
5e-05
5e-05
5e-05
5e-05
5e-05
5e-05
5e-05
5e-05
5e-05
5e-05
5e-05
5e-05
5.40564e-05
6.40304e-05
7.47971e-05
8.57307e-05
0.000106624
0.000182582
0.000228306
0.000236668
0.000234721
0.000229793
0.000223536
0.000216994
0.000210647
0.000205175
0.000199759
0.000194465
0.00018957
0.000185088
0.000180559
0.000176104
0.000171791
0.000167651
0.000163589
0.000159635
0.000155802
0.000152082
0.00014865
0.000145742
0.000142906
0.000140019
0.000137141
0.000134299
0.000131518
0.000128811
0.000126177
0.000123627
0.000121113
0.000118658
0.000116309
0.00011407
0.000111932
0.000109888
0.00010793
0.00010605
0.000104244
0.000102493
0.000100792
9.92102e-05
9.79235e-05
9.66414e-05
9.53345e-05
9.4007e-05
9.26795e-05
9.1357e-05
9.00506e-05
8.87562e-05
8.74788e-05
8.62455e-05
8.50569e-05
8.39101e-05
8.2783e-05
8.16588e-05
8.05699e-05
7.95246e-05
7.8526e-05
7.75714e-05
7.66577e-05
7.57776e-05
7.49274e-05
7.41063e-05
7.33136e-05
7.26041e-05
7.19759e-05
7.13421e-05
7.07077e-05
7.0061e-05
6.94304e-05
6.88173e-05
6.8217e-05
6.76294e-05
6.70599e-05
6.65066e-05
6.59697e-05
6.54476e-05
6.49367e-05
6.4451e-05
6.4047e-05
6.36562e-05
6.3263e-05
6.28667e-05
6.24674e-05
6.20757e-05
6.16956e-05
6.13271e-05
6.09699e-05
6.06237e-05
6.02882e-05
5.99631e-05
5.96686e-05
5.94153e-05
5.92054e-05
5.89878e-05
5.87477e-05
5.84959e-05
5.82356e-05
5.79811e-05
5.77737e-05
5.75717e-05
5.73604e-05
5.71449e-05
5.69316e-05

