5e-05
5e-05
5e-05
5e-05
5e-05
5e-05
5e-05
5e-05
5e-05
5e-05
5e-05
5e-05
5e-05
5e-05
5.47689e-05
7.37417e-05
8.53459e-05
9.92831e-05
0.000135546
0.000181078
0.00018467
0.000191324
0.000198766
0.000205581
0.00021112
0.000215179
0.000217782
0.000219064
0.000219197
0.000218361
0.000216723
0.000214434
0.000211625
0.000208407
0.000204873
0.000201105
0.000197167
0.000193114
0.000188991
0.000184836
0.000180679
0.000176545
0.000172454
0.000168422
0.000164461
0.000160582
0.000156792
0.000153097
0.000149964
0.000147575
0.000145889
0.000144115
0.000142102
0.000139885
0.000137518
0.000135048
0.000132513
0.000129946
0.000127371
0.000124807
0.00012227
0.000119772
0.000117324
0.00011493
0.000112597
0.000110329
0.000108128
0.000105995
0.000103931
0.000101936
0.00010001
9.81516e-05
9.63602e-05
9.46341e-05
9.29718e-05
9.13716e-05
8.98318e-05
8.83504e-05
8.69257e-05
8.55556e-05
8.42383e-05
8.44416e-05
8.76349e-05
9.06867e-05
8.93129e-05
8.83697e-05
8.75989e-05
8.68551e-05
8.60733e-05
8.52325e-05
8.43615e-05
8.52748e-05
8.78332e-05
8.63107e-05
8.53113e-05
8.45396e-05
8.38095e-05
8.30376e-05
8.21969e-05
8.12882e-05
8.03242e-05
7.9321e-05
7.82944e-05
7.72586e-05
7.6225e-05
7.5266e-05
7.4439e-05
7.3627e-05
7.28126e-05
7.19996e-05
7.11939e-05
7.04004e-05
6.96231e-05
6.88649e-05
6.81278e-05
6.74702e-05
6.69061e-05
6.63551e-05
6.58044e-05
6.52547e-05
6.47086e-05
6.41684e-05
6.36364e-05
6.31144e-05
6.26038e-05
6.21059e-05
6.16217e-05
6.11517e-05
6.06967e-05
6.02568e-05
5.98322e-05
5.94231e-05
5.90292e-05
5.86506e-05
5.82869e-05
5.80226e-05
5.83137e-05
5.88997e-05
5.85245e-05
5.82534e-05
5.80628e-05
5.79238e-05
5.77797e-05
5.76177e-05
5.74371e-05
5.72784e-05
5.72024e-05
5.72241e-05
5.7262e-05
5.72949e-05
5.74568e-05
5.75392e-05
5.71162e-05
5.67333e-05
5.63955e-05
5.61565e-05
5.62821e-05
5.62147e-05
5.59781e-05
5.58373e-05
5.57506e-05
5.56942e-05
5.56583e-05
5.56457e-05
5.57038e-05
5.56525e-05
5.53178e-05
5.50129e-05
5.47345e-05
5.44798e-05
5.42461e-05
5.40311e-05
5.38327e-05
5.36489e-05
5.34783e-05
5.33194e-05
5.31709e-05
5.30317e-05
5.29008e-05
5.27773e-05
5.26603e-05
5.2549e-05
5.24428e-05
5.23413e-05
5.22439e-05
5.21504e-05
5.20605e-05
5.19744e-05
5.19014e-05
5.18343e-05
5.17686e-05
5.17036e-05
5.16394e-05
5.15764e-05
5.15145e-05
5.1454e-05
5.13951e-05
5.13377e-05
5.1282e-05
5.12281e-05
5.1176e-05
5.11257e-05
5.10773e-05
5.10307e-05
5.09859e-05
5.09429e-05
5.09017e-05
5.08622e-05
5.08244e-05
5.07882e-05
5.07536e-05
5.07206e-05
5.0689e-05
5.06589e-05
5.06302e-05
5.06027e-05
5.05771e-05
5.05823e-05
5.06432e-05
5.06253e-05
5.06033e-05
5.05865e-05
5.05717e-05
5.05572e-05
5.05424e-05
5.0527e-05
5.0511e-05
5.04947e-05
5.04781e-05
5.04614e-05
5.04448e-05
5.04282e-05
5.04137e-05
5.04038e-05
5.03942e-05
5.03839e-05
5.0373e-05
5.03616e-05
5.03499e-05
5.03391e-05
5.03322e-05
5.03254e-05
5.03179e-05
5.03097e-05
5.03009e-05
5.02917e-05
5.02822e-05
5.02725e-05
5.02628e-05
5.0253e-05

