5e-05
5e-05
5e-05
5e-05
5e-05
5e-05
5e-05
5e-05
5e-05
5e-05
5e-05
5e-05
5e-05
5e-05
5e-05
5e-05
5e-05
5e-05
5e-05
5e-05
5e-05
5e-05
5e-05
5e-05
5e-05
5e-05
5e-05
5e-05
5e-05
5e-05
5e-05
5e-05
5e-05
5e-05
5e-05
5e-05
5e-05
5e-05
5e-05
5e-05
5e-05
5e-05
5e-05
5e-05
5e-05
5e-05
5e-05
5e-05
5e-05
5e-05
5e-05
5.00889e-05
5.56413e-05
6.56228e-05
7.61051e-05
8.57826e-05
9.42502e-05
0.000101435
0.00010746
0.000112495
0.000116274
0.000119284
0.000121775
0.000123786
0.000125338
0.000126481
0.000127234
0.000127704
0.000127858
0.000127774
0.000127535
0.000127119
0.00012658
0.000125905
0.000125144
0.000124253
0.000123234
0.00012217
0.000121075
0.000119913
0.00011872
0.000117473
0.000116113
0.000114704
0.000113283
0.000111882
0.0001105
0.000109084
0.000107645
0.000106241
0.000104853
0.000103474
0.000102097
0.000100745
9.94166e-05
9.81154e-05
9.68502e-05
9.56267e-05
9.44229e-05
9.32501e-05
9.21126e-05
9.10078e-05
8.99329e-05
8.90384e-05
8.82763e-05
8.74932e-05
8.6687e-05
8.58363e-05
8.49399e-05
8.40188e-05
8.30838e-05
8.21614e-05
8.1245e-05
8.04057e-05
7.97171e-05
7.90073e-05
7.82777e-05
7.75438e-05
7.68092e-05
7.60767e-05
7.53455e-05
7.46056e-05
7.38642e-05
7.32184e-05
7.26177e-05
7.19822e-05
7.13416e-05
7.06888e-05
7.00386e-05
6.96239e-05
6.99797e-05
7.03386e-05
7.06621e-05
7.1853e-05
7.73093e-05
7.78161e-05
7.68499e-05
7.55825e-05
7.4264e-05
7.29745e-05
7.17444e-05
7.05823e-05
6.94915e-05
6.84693e-05
6.75124e-05
6.66168e-05
6.57797e-05
6.50455e-05
6.43548e-05
6.36982e-05
6.30753e-05
6.24753e-05
6.19044e-05
6.13653e-05
6.08571e-05
6.03694e-05
5.9908e-05
5.94719e-05
5.9061e-05
5.8692e-05
5.83635e-05
5.80453e-05
5.77371e-05
5.74394e-05
5.71738e-05
5.69244e-05
5.66783e-05
5.6439e-05
5.62014e-05
5.59711e-05
5.57463e-05
5.553e-05
5.53217e-05
5.51226e-05
5.4931e-05
5.4748e-05
5.45733e-05
5.44065e-05
5.4247e-05
5.40944e-05
5.39474e-05
5.38052e-05
5.36682e-05
5.35371e-05
5.34116e-05
5.32899e-05
5.31708e-05
5.30588e-05
5.29648e-05
5.28729e-05
5.28872e-05
5.29373e-05
5.29624e-05
5.29629e-05
5.29364e-05
5.28909e-05
5.28299e-05
5.27594e-05
5.26793e-05
5.25947e-05
5.25069e-05
5.24152e-05
5.23238e-05
5.22339e-05
5.21443e-05
5.20576e-05
5.19741e-05
5.18937e-05
5.18171e-05
5.17441e-05
5.16742e-05
5.16071e-05
5.15433e-05
5.1484e-05
5.1433e-05
5.13835e-05
5.13354e-05
5.12879e-05
5.12416e-05
5.11971e-05
5.11543e-05
5.11125e-05
5.10719e-05
5.10324e-05
5.09947e-05
5.09586e-05
5.0924e-05
5.0891e-05
5.08589e-05
5.08275e-05
5.07974e-05
5.07686e-05
5.07437e-05
5.0721e-05
5.06986e-05
5.06764e-05
5.06543e-05
5.06321e-05
5.061e-05
5.05887e-05
5.05681e-05
5.05486e-05
5.05326e-05
5.0517e-05
5.05018e-05
5.04891e-05
5.04763e-05
5.04631e-05
5.04502e-05
5.0456e-05

