5e-05
5e-05
5e-05
5e-05
5e-05
5e-05
5e-05
5e-05
5e-05
5e-05
5e-05
5e-05
5e-05
5e-05
5e-05
5e-05
5e-05
5e-05
5e-05
5e-05
5e-05
5e-05
5e-05
5e-05
5e-05
5e-05
5e-05
5e-05
5e-05
5e-05
5e-05
5e-05
5e-05
5e-05
5e-05
5e-05
5e-05
5e-05
5e-05
5e-05
5e-05
5e-05
5e-05
5e-05
5e-05
5e-05
5e-05
5e-05
5e-05
5e-05
5e-05
5e-05
5e-05
5e-05
5e-05
5e-05
5e-05
5e-05
5e-05
5e-05
5e-05
5e-05
5e-05
5e-05
5e-05
5e-05
5e-05
5e-05
5e-05
5e-05
5e-05
5e-05
5e-05
5e-05
5e-05
5e-05
5e-05
5e-05
5e-05
5e-05
5e-05
5e-05
5e-05
5e-05
5e-05
5e-05
5e-05
5e-05
5e-05
5e-05
5e-05
5e-05
5e-05
5e-05
5e-05
5e-05
5e-05
5e-05
5e-05
5e-05
5e-05
5e-05
5e-05
5e-05
5e-05
5e-05
5e-05
5e-05
5e-05
5e-05
5e-05
5e-05
5e-05
5e-05
5e-05
5e-05
5e-05
5e-05
5e-05
5e-05
5e-05
5e-05
5e-05
5e-05
5e-05
5e-05
5e-05
5e-05
5e-05
5e-05
5e-05
5e-05
5e-05
5e-05
5e-05
5e-05
5e-05
5e-05
5e-05
5e-05
5e-05
5e-05
5e-05
5e-05
5e-05
5e-05
5e-05
5e-05
5e-05
5e-05
5.02538e-05
5.42831e-05
6.4637e-05
7.5509e-05
8.43532e-05
9.18936e-05
9.75419e-05
0.000101601
0.000104518
0.000106627
0.000108129
0.000109173
0.000109861
0.000110264
0.000110442
0.000110427
0.000110249
0.00010994
0.000109526
0.000109005
0.000108395
0.000107707
0.000106953
0.000106142
0.000105279
0.000104381
0.00010345
0.000102485
0.000101494
0.000100482
9.94544e-05
9.84167e-05
9.73727e-05
9.63257e-05
9.52788e-05
9.42346e-05
9.31992e-05
9.21711e-05
9.1153e-05
9.01459e-05
8.91514e-05
8.81671e-05
8.71944e-05
8.62349e-05
8.52899e-05
8.43603e-05
8.34488e-05
8.25551e-05
8.16779e-05
8.08175e-05
7.99744e-05
7.91489e-05
7.83413e-05
7.75517e-05
7.67802e-05
7.60278e-05
7.52957e-05
7.45806e-05
7.38837e-05
7.40906e-05
7.44211e-05
7.4436e-05
7.4196e-05
7.37739e-05
7.32305e-05
7.26062e-05
7.19398e-05
7.12553e-05
7.05661e-05
6.98835e-05
6.92143e-05
6.85622e-05
6.79292e-05
6.73166e-05
6.6725e-05
6.61545e-05
6.56047e-05
6.50748e-05
6.45645e-05
6.4073e-05
6.35997e-05
6.31465e-05
6.27741e-05
6.24113e-05
6.20454e-05
6.16785e-05
6.13144e-05
6.09555e-05
6.06035e-05
6.02596e-05
5.99248e-05
5.95997e-05
5.92845e-05
5.89796e-05
5.86848e-05
5.84001e-05
5.81251e-05
5.78596e-05
5.76033e-05
5.73559e-05

