5e-05
5e-05
5e-05
5e-05
5e-05
5e-05
5e-05
5e-05
5e-05
5e-05
5e-05
5e-05
5e-05
5e-05
5e-05
5e-05
5e-05
5e-05
5e-05
5e-05
5e-05
5e-05
5e-05
5e-05
5e-05
5e-05
5e-05
5e-05
5e-05
5e-05
5e-05
5e-05
5e-05
5e-05
5e-05
5e-05
5e-05
5e-05
5e-05
5e-05
5e-05
5e-05
5e-05
5e-05
5e-05
5e-05
5e-05
5e-05
5e-05
5e-05
5e-05
5e-05
5e-05
5e-05
5e-05
5e-05
5e-05
5e-05
5e-05
5e-05
5e-05
5e-05
5e-05
5e-05
5e-05
5e-05
5e-05
5e-05
5e-05
5e-05
5e-05
5e-05
5e-05
5e-05
5e-05
5e-05
5e-05
5e-05
5e-05
5e-05
5e-05
5e-05
5e-05
5e-05
5e-05
5e-05
5e-05
5e-05
5e-05
5e-05
5e-05
5e-05
5e-05
5e-05
5e-05
5e-05
5e-05
5e-05
5e-05
5e-05
5e-05
5e-05
5e-05
5e-05
5e-05
5e-05
5e-05
5e-05
5e-05
5e-05
5e-05
5e-05
5e-05
5e-05
5e-05
5e-05
5e-05
5e-05
5e-05
5e-05
5e-05
5e-05
5e-05
5e-05
5e-05
7.38747e-05
9.49262e-05
0.000114438
0.000131898
0.000146823
0.000158885
0.000168495
0.000176026
0.000181802
0.0001861
0.0001906
0.000195056
0.000198388
0.000200597
0.000203418
0.000206072
0.000207785
0.000208562
0.0002086
0.000210989
0.00021482
0.000231928
0.000236655
0.000230756
0.000226471
0.000223327
0.000221122
0.000219694
0.000218892
0.000218573
0.000218603
0.000218867
0.000219264
0.000219715
0.000220159
0.000220557
0.000220885
0.000221146
0.000221374
0.000221668
0.000222306
0.000224957
0.00022362
0.000213382
0.000203991
0.000195359
0.000187403
0.000180047
0.000173226
0.000166881
0.000160963
0.000155427
0.000150235
0.000145354
0.000140756
0.000136416
0.000132314
0.000128431
0.00012475
0.000121259
0.000117944
0.000114794
0.000111801
0.000108954
0.000106246
0.000103731
0.000103842
0.000107973
0.000105311
0.000103331
0.000101804
0.000100467
9.91806e-05
9.78804e-05
9.65427e-05
9.51646e-05
9.37533e-05
9.23179e-05
9.08666e-05
8.94085e-05
8.79525e-05
8.6507e-05
8.50791e-05
8.36752e-05
8.23006e-05
8.09594e-05
7.96552e-05
7.83903e-05
7.71666e-05
7.59855e-05
7.48476e-05
7.37531e-05
7.27019e-05
7.16937e-05
7.07278e-05
6.98033e-05
6.89192e-05
6.80743e-05
6.72675e-05
6.64974e-05
6.57626e-05
6.5062e-05
6.4394e-05
6.37573e-05
6.31506e-05
6.25726e-05
6.20219e-05
6.14973e-05
6.09977e-05
6.05217e-05
6.02156e-05
6.06647e-05
6.16394e-05
6.11539e-05
6.07991e-05
6.05089e-05
6.02383e-05
6.03204e-05
6.10604e-05
6.05856e-05
6.02704e-05
6.00883e-05
5.99492e-05
5.97921e-05
5.96027e-05

