5e-05
5e-05
5e-05
5e-05
5e-05
5e-05
5e-05
5e-05
5e-05
5e-05
5e-05
5e-05
5e-05
5e-05
5e-05
5e-05
5e-05
5e-05
5e-05
5e-05
5e-05
5e-05
5e-05
5e-05
5e-05
5e-05
5e-05
5e-05
5e-05
5e-05
5e-05
5e-05
5e-05
5e-05
5e-05
5e-05
5e-05
5e-05
5e-05
5e-05
5e-05
5e-05
5e-05
5e-05
5e-05
5e-05
5e-05
5e-05
5e-05
5e-05
5e-05
5e-05
5e-05
5e-05
5e-05
5e-05
5e-05
5e-05
5e-05
5e-05
5e-05
5e-05
5e-05
5e-05
5e-05
5e-05
5e-05
5e-05
5e-05
5e-05
5e-05
5e-05
5e-05
5e-05
5e-05
5e-05
5e-05
5e-05
5e-05
5e-05
5e-05
5e-05
5e-05
5e-05
5e-05
5e-05
5e-05
5e-05
5e-05
5e-05
5e-05
5e-05
5e-05
5e-05
5e-05
5e-05
5e-05
5e-05
5e-05
5e-05
5e-05
5e-05
5e-05
5e-05
5e-05
5e-05
5e-05
5e-05
5e-05
5e-05
5e-05
5e-05
5e-05
5e-05
5e-05
5e-05
5e-05
5e-05
5e-05
5e-05
5e-05
5e-05
5e-05
5e-05
5e-05
5e-05
5e-05
5e-05
5e-05
5e-05
5e-05
5e-05
5e-05
5e-05
5e-05
5e-05
5e-05
5e-05
5.34676e-05
6.27441e-05
7.29998e-05
8.26451e-05
9.13205e-05
9.85788e-05
0.000104591
0.000109665
0.00011482
0.000119224
0.000123711
0.000134982
0.00016301
0.000220512
0.000232009
0.000228607
0.00022175
0.000214047
0.000206273
0.000198695
0.000191416
0.000184481
0.000177906
0.000171682
0.000165794
0.000160227
0.000154978
0.000150028
0.000145346
0.000140915
0.000136725
0.000132765
0.000129016
0.00012547
0.00012211
0.000118925
0.000115907
0.00011305
0.00011034
0.000107767
0.000105325
0.000103009
0.000100813
9.87289e-05
9.67472e-05
9.48597e-05
9.30618e-05
9.13534e-05
8.97311e-05
8.81851e-05
8.67105e-05
8.5302e-05
8.39573e-05
8.26727e-05
8.14437e-05
8.02681e-05
7.91435e-05
7.81731e-05
7.72614e-05
7.63545e-05
7.54583e-05
7.45788e-05
7.37204e-05
7.28877e-05
7.20818e-05
7.13057e-05
7.05575e-05
6.98373e-05
6.91448e-05
6.84795e-05
6.78421e-05
6.72283e-05
6.66371e-05
6.60678e-05
6.55198e-05
6.49932e-05
6.44865e-05
6.39986e-05
6.35287e-05
6.30764e-05
6.26419e-05
6.22234e-05
6.18197e-05
6.14304e-05
6.10553e-05
6.06948e-05
6.03477e-05
6.00122e-05
5.96884e-05
5.93756e-05
5.90732e-05
5.87811e-05
5.84988e-05
5.84404e-05
5.85112e-05
5.84866e-05
5.83808e-05
5.82125e-05
5.80061e-05
5.77741e-05
5.75311e-05
5.74132e-05
5.74511e-05
5.74015e-05
5.72693e-05
5.70882e-05
5.68799e-05
5.66816e-05
5.64786e-05
5.62654e-05
5.60643e-05
5.60629e-05

