5e-05
5e-05
5e-05
5e-05
5e-05
5e-05
5e-05
5e-05
5e-05
5e-05
5e-05
5e-05
5e-05
5e-05
5e-05
5e-05
5e-05
5e-05
5e-05
5e-05
5e-05
5e-05
5e-05
5e-05
5e-05
5e-05
5e-05
5e-05
5e-05
5e-05
5e-05
5e-05
5e-05
5e-05
5e-05
5e-05
5e-05
5e-05
5e-05
5e-05
5e-05
5e-05
5e-05
5e-05
5e-05
5e-05
5e-05
5e-05
5e-05
5e-05
5e-05
5e-05
5e-05
5e-05
5e-05
5e-05
5e-05
5e-05
5e-05
5e-05
5e-05
5e-05
5e-05
5e-05
5e-05
5e-05
5e-05
5e-05
5e-05
5e-05
5e-05
5e-05
5e-05
5e-05
5e-05
5e-05
5e-05
5e-05
5e-05
5e-05
5e-05
5e-05
5e-05
5e-05
5e-05
5e-05
5e-05
5e-05
5e-05
5e-05
5e-05
5e-05
5e-05
5e-05
5e-05
5e-05
5e-05
5e-05
5e-05
5e-05
5e-05
5e-05
5e-05
5e-05
5e-05
5e-05
5e-05
5e-05
5e-05
5e-05
5e-05
5e-05
5e-05
5e-05
5e-05
5e-05
5e-05
5e-05
5e-05
5e-05
5e-05
5.12272e-05
5.83943e-05
6.74271e-05
7.64509e-05
8.49115e-05
9.23401e-05
9.86679e-05
0.000104118
0.000110862
0.000124282
0.00013766
0.000169067
0.00022526
0.000236402
0.000233437
0.000227166
0.000220002
0.000212569
0.000205286
0.000198267
0.000191597
0.000185285
0.000179633
0.000174596
0.000170319
0.000166599
0.000162958
0.000159138
0.000155286
0.000151463
0.00014773
0.000144022
0.000140381
0.000136885
0.000133512
0.000130242
0.00012712
0.000124138
0.000121289
0.00011857
0.000115988
0.000113546
0.000111219
0.000108961
0.000106864
0.0001051
0.000103378
0.000101686
0.000100035
9.84344e-05
9.6862e-05
9.52999e-05
9.37738e-05
9.22896e-05
9.08496e-05
8.94565e-05
8.80853e-05
8.67593e-05
8.54923e-05
8.42586e-05
8.30524e-05
8.1883e-05
8.07691e-05
7.96995e-05
7.87304e-05
7.79173e-05
7.71245e-05
7.63443e-05
7.55712e-05
7.47984e-05
7.4016e-05
7.32452e-05
7.2498e-05
7.17663e-05
7.10582e-05
7.03723e-05
6.9705e-05
6.90619e-05
6.84421e-05
6.78394e-05
6.72559e-05
6.66875e-05
6.61371e-05
6.55905e-05
6.50564e-05
6.45395e-05
6.40418e-05
6.35636e-05
6.31061e-05
6.26696e-05
6.22527e-05
6.18536e-05
6.1471e-05
6.11038e-05
6.11476e-05
6.13254e-05
6.13924e-05
6.1373e-05
6.12902e-05
6.11523e-05
6.09622e-05
6.07164e-05
6.04269e-05
6.01134e-05
5.97917e-05
5.94669e-05
5.91388e-05
5.88122e-05
5.84927e-05
5.81816e-05
5.78799e-05
5.75882e-05
5.73049e-05
5.70301e-05
5.67663e-05
5.65133e-05
5.62708e-05
5.60384e-05
5.58135e-05
5.55974e-05
5.53888e-05
5.51893e-05
5.49988e-05
5.48168e-05
5.46429e-05
5.44765e-05
5.43171e-05
5.41645e-05
5.40164e-05

