5e-05
5e-05
5e-05
5e-05
5e-05
5e-05
5e-05
5e-05
5e-05
5e-05
5e-05
5e-05
5e-05
5e-05
5e-05
5e-05
5e-05
5e-05
5e-05
5e-05
5e-05
5e-05
5e-05
5e-05
5e-05
5e-05
5e-05
5e-05
5e-05
5e-05
5e-05
5e-05
5e-05
5e-05
5e-05
5e-05
5e-05
5e-05
5e-05
5e-05
5e-05
5e-05
5e-05
5e-05
5e-05
5e-05
5e-05
5e-05
5e-05
5e-05
5e-05
5e-05
5e-05
5e-05
5e-05
5e-05
5e-05
5e-05
5e-05
5e-05
5e-05
5e-05
5e-05
5e-05
5e-05
5e-05
5e-05
5e-05
5e-05
5e-05
5e-05
5e-05
5e-05
5e-05
5e-05
5e-05
5e-05
5e-05
5e-05
5e-05
5e-05
5e-05
5e-05
5e-05
5e-05
5e-05
5e-05
5e-05
5e-05
5e-05
5e-05
5e-05
5e-05
5e-05
5e-05
5e-05
5e-05
5e-05
5e-05
5e-05
5e-05
5e-05
5e-05
5e-05
5e-05
5e-05
5e-05
5e-05
5e-05
5e-05
5e-05
5e-05
5e-05
5e-05
5e-05
5e-05
5e-05
5e-05
5e-05
5e-05
5e-05
5e-05
5e-05
5e-05
5e-05
5e-05
5e-05
5e-05
5e-05
5e-05
5e-05
5e-05
5e-05
5e-05
5e-05
5e-05
5e-05
5.05016e-05
5.76654e-05
6.75914e-05
7.73165e-05
8.63775e-05
9.43679e-05
0.000101056
0.00010669
0.00011134
0.000115208
0.000118331
0.000120866
0.000122779
0.000124108
0.000125007
0.000125627
0.000126011
0.000126185
0.000126082
0.000125667
0.000125087
0.000124395
0.000123601
0.000122748
0.000121823
0.000120813
0.000119749
0.000118632
0.000117445
0.000116244
0.000115035
0.000113821
0.0001126
0.000111374
0.000110144
0.00010891
0.000107674
0.000106438
0.000105202
0.000103968
0.000102739
0.000101515
0.000100298
9.90891e-05
9.7866e-05
9.66542e-05
9.54607e-05
9.42676e-05
9.30887e-05
9.19147e-05
9.07662e-05
8.96331e-05
8.85215e-05
8.74405e-05
8.63764e-05
8.53341e-05
8.42987e-05
8.32764e-05
8.22832e-05
8.13165e-05
8.03735e-05
7.9463e-05
7.85834e-05
7.77251e-05
7.68973e-05
7.6099e-05
7.53241e-05
7.45551e-05
7.37958e-05
7.30563e-05
7.23443e-05
7.16607e-05
7.10037e-05
7.0371e-05
6.97528e-05
6.91554e-05
6.85764e-05
6.80082e-05
6.7456e-05
6.69159e-05
6.63865e-05
6.58737e-05
6.53814e-05
6.49044e-05
6.4443e-05
6.39994e-05
6.35726e-05
6.31612e-05
6.27643e-05
6.23769e-05
6.19991e-05
6.16298e-05
6.12733e-05
6.09272e-05
6.05904e-05
6.02657e-05
5.99524e-05
5.96499e-05
5.93575e-05
5.90747e-05
5.87969e-05
5.85236e-05
5.82595e-05
5.80029e-05
5.77534e-05
5.75129e-05
5.72784e-05
5.70516e-05
5.68331e-05
5.66213e-05
5.64106e-05
5.62039e-05
5.60053e-05

