5e-05
5e-05
5e-05
5e-05
5e-05
5e-05
5e-05
5e-05
5e-05
5e-05
5e-05
5.00462e-05
5.57886e-05
6.56746e-05
7.57511e-05
8.57337e-05
9.42791e-05
0.000101283
0.000107023
0.000111693
0.000115241
0.00011798
0.000120073
0.000121497
0.00012256
0.000123361
0.000123935
0.000124306
0.000124493
0.000124474
0.00012429
0.000123976
0.000123543
0.000122963
0.000122283
0.000121522
0.000120689
0.000119789
0.000118831
0.000117819
0.00011676
0.000115658
0.000114521
0.000113347
0.000112117
0.000110867
0.000109607
0.000108341
0.000107071
0.000105789
0.000104418
0.000103024
0.00010166
0.00010033
9.90151e-05
9.77279e-05
9.64732e-05
9.52491e-05
9.40368e-05
9.28317e-05
9.15852e-05
9.03271e-05
8.91167e-05
8.79579e-05
8.68355e-05
8.57558e-05
8.47183e-05
8.37032e-05
8.27156e-05
8.17646e-05
8.08393e-05
7.99423e-05
7.90767e-05
7.82404e-05
7.74261e-05
7.66308e-05
7.64442e-05
7.70309e-05
7.7422e-05
7.75455e-05
7.74787e-05
7.72295e-05
7.67369e-05
7.61079e-05
7.53934e-05
7.46325e-05
7.38431e-05
7.30538e-05
7.22742e-05
7.15091e-05
7.07539e-05
6.99991e-05
6.98528e-05
6.99445e-05
6.98477e-05
6.96029e-05
6.92521e-05
6.88245e-05
6.83041e-05
6.77448e-05
6.71718e-05
6.66578e-05
6.61374e-05
6.56082e-05
6.5076e-05
6.45443e-05
6.40109e-05
6.34884e-05
6.29763e-05
6.24767e-05
6.19864e-05
6.15127e-05
6.10574e-05
6.06209e-05
6.0203e-05
5.97988e-05
5.94109e-05
5.90379e-05
5.86801e-05
5.83409e-05
5.80194e-05
5.77144e-05
5.74208e-05
5.71362e-05
5.68632e-05
5.65999e-05
5.63732e-05
5.61664e-05
5.59624e-05
5.57622e-05
5.55685e-05
5.53815e-05
5.51987e-05
5.50212e-05
5.48479e-05
5.46775e-05
5.45125e-05
5.43547e-05
5.42242e-05
5.411e-05
5.40013e-05
5.38915e-05
5.37793e-05
5.36669e-05
5.35568e-05
5.34664e-05
5.33728e-05
5.32757e-05
5.31764e-05
5.30732e-05
5.2969e-05
5.28631e-05
5.27603e-05
5.26583e-05
5.25602e-05
5.24662e-05
5.23747e-05
5.22869e-05
5.22034e-05
5.21232e-05
5.20462e-05
5.1973e-05
5.19032e-05
5.1836e-05
5.17707e-05
5.17082e-05
5.16487e-05
5.15917e-05
5.15366e-05
5.14838e-05
5.14329e-05
5.13843e-05
5.13371e-05
5.1291e-05
5.12467e-05
5.12045e-05
5.11643e-05
5.11259e-05
5.10891e-05
5.10538e-05
5.10193e-05
5.09859e-05
5.09539e-05
5.0923e-05
5.0893e-05
5.08642e-05
5.08365e-05
5.08097e-05
5.07836e-05
5.07585e-05
5.07343e-05
5.07104e-05
5.06873e-05
5.06649e-05
5.06428e-05
5.06216e-05
5.06011e-05
5.05815e-05
5.05623e-05
5.05434e-05
5.05254e-05
5.05082e-05
5.04915e-05
5.04756e-05
5.04603e-05
5.04457e-05
5.04315e-05
5.04174e-05
5.04038e-05
5.03908e-05
5.03783e-05
5.03663e-05
5.03547e-05
5.03435e-05
5.03325e-05
5.03219e-05
5.03115e-05
5.03015e-05
5.0292e-05
5.02828e-05
5.0274e-05
5.02653e-05
5.02568e-05
5.02485e-05
5.02404e-05
5.02326e-05
5.02251e-05
5.0218e-05
5.02111e-05
5.02044e-05
5.0199e-05
5.02017e-05
5.02046e-05
5.0207e-05
5.02083e-05
5.02085e-05
5.02075e-05
5.02047e-05
5.02008e-05
5.01958e-05
5.01901e-05
5.01841e-05
5.0178e-05
5.01718e-05
5.01656e-05
5.01594e-05
5.01544e-05
5.01502e-05
5.01458e-05
5.01413e-05

