5e-05
5e-05
5e-05
5e-05
5e-05
5e-05
5e-05
5e-05
5e-05
5e-05
5e-05
5e-05
5e-05
5e-05
5e-05
5e-05
5e-05
5e-05
5e-05
5e-05
5e-05
5e-05
5e-05
5e-05
5e-05
5e-05
5e-05
5e-05
5e-05
5e-05
5e-05
5e-05
5e-05
5e-05
5e-05
5e-05
5e-05
5e-05
5e-05
5e-05
5e-05
5e-05
5e-05
5e-05
5e-05
5e-05
5e-05
5e-05
5e-05
5e-05
5e-05
5e-05
5e-05
5e-05
5e-05
5e-05
5e-05
5e-05
5e-05
5e-05
5e-05
5e-05
5e-05
5e-05
5e-05
5e-05
5e-05
5e-05
5e-05
5e-05
5e-05
5e-05
5e-05
5e-05
5e-05
5e-05
5e-05
5e-05
5e-05
5e-05
5e-05
5e-05
5e-05
5e-05
5e-05
5e-05
5e-05
5e-05
5e-05
5e-05
5e-05
5e-05
5e-05
5e-05
5e-05
5e-05
5e-05
5e-05
5e-05
5e-05
5.06664e-05
5.78839e-05
6.77564e-05
7.76191e-05
8.6731e-05
9.46481e-05
0.000101227
0.000106786
0.000111407
0.000115211
0.000118227
0.000120649
0.000122576
0.000124076
0.000125206
0.000125934
0.000126353
0.000126485
0.000126375
0.000126121
0.000125743
0.000125252
0.000124595
0.000123755
0.000122803
0.000121733
0.000121023
0.000120411
0.000119622
0.000118689
0.000117677
0.000116602
0.000115435
0.000114208
0.000112914
0.00011154
0.00011014
0.000108755
0.000107734
0.000106901
0.000106075
0.000105152
0.000104113
0.000103003
0.000101869
0.000101014
0.000100052
9.89821e-05
9.78276e-05
9.65645e-05
9.52449e-05
9.38614e-05
9.24974e-05
9.11175e-05
8.97756e-05
8.84775e-05
8.7199e-05
8.59629e-05
8.47783e-05
8.36312e-05
8.25224e-05
8.14611e-05
8.04453e-05
7.94583e-05
7.84919e-05
7.7562e-05
7.66734e-05
7.58161e-05
7.49843e-05
7.4181e-05
7.34036e-05
7.26579e-05
7.19305e-05
7.12151e-05
7.05253e-05
6.9866e-05
6.92353e-05
6.86309e-05
6.80506e-05
6.74925e-05
6.69439e-05
6.64111e-05
6.58986e-05
6.54032e-05
6.49205e-05
6.44555e-05
6.40076e-05
6.35718e-05
6.3148e-05
6.27394e-05
6.23427e-05
6.19517e-05
6.15734e-05
6.12032e-05
6.08397e-05
6.04898e-05
6.01508e-05
5.98254e-05
5.9506e-05
5.9193e-05
5.88928e-05
5.86057e-05
5.83279e-05
5.80616e-05
5.78065e-05
5.75618e-05
5.73234e-05
5.70881e-05
5.68597e-05
5.66402e-05
5.64298e-05
5.62281e-05
5.60336e-05
5.5844e-05
5.56592e-05
5.54793e-05
5.53046e-05
5.51362e-05
5.49746e-05
5.48194e-05
5.46701e-05
5.45227e-05
5.43782e-05
5.42377e-05
5.4101e-05
5.39686e-05
5.38417e-05
5.37202e-05
5.36033e-05
5.34898e-05
5.33968e-05
5.34449e-05
5.3494e-05
5.35367e-05
5.35594e-05
5.35638e-05
5.35459e-05
5.34995e-05
5.34332e-05
5.33469e-05
5.32497e-05
5.31476e-05
5.30434e-05
5.29386e-05
5.28325e-05
5.27269e-05
5.26408e-05
5.25685e-05
5.24946e-05
5.24174e-05

