5e-05
5e-05
5e-05
5e-05
5e-05
5e-05
5e-05
5e-05
5e-05
5e-05
5e-05
5e-05
5e-05
5e-05
5e-05
5e-05
5e-05
5e-05
5e-05
5e-05
5e-05
5e-05
5e-05
5e-05
5e-05
5e-05
5e-05
5e-05
5e-05
5e-05
5e-05
5e-05
5e-05
5e-05
5e-05
5e-05
5e-05
5e-05
5e-05
5e-05
5e-05
5e-05
5e-05
5e-05
5e-05
5e-05
5e-05
5e-05
5e-05
5e-05
5e-05
5e-05
5e-05
5e-05
5e-05
5e-05
5e-05
5e-05
5e-05
5e-05
5e-05
5e-05
5e-05
5e-05
5e-05
5e-05
5e-05
5e-05
5e-05
5e-05
5e-05
5e-05
5e-05
5e-05
5e-05
5e-05
5e-05
5e-05
5e-05
5e-05
5e-05
5e-05
5e-05
5e-05
5e-05
5e-05
5e-05
5e-05
5e-05
5e-05
5e-05
5e-05
5e-05
5e-05
5e-05
5e-05
5e-05
5e-05
5e-05
5e-05
5e-05
5e-05
5e-05
5e-05
5e-05
5e-05
5e-05
5e-05
5e-05
5e-05
5e-05
5e-05
5e-05
5e-05
5e-05
5e-05
5e-05
5e-05
5e-05
5e-05
5e-05
5e-05
5e-05
5e-05
5e-05
5e-05
5e-05
5e-05
5e-05
5e-05
5e-05
5e-05
5e-05
5e-05
5e-05
6.88181e-05
8.07539e-05
9.0203e-05
9.87233e-05
0.000110574
0.00012457
0.000136548
0.000148127
0.000158197
0.000166059
0.000171932
0.000176136
0.000178956
0.000180635
0.000188732
0.000221872
0.000221422
0.000220494
0.00022456
0.000231773
0.000239132
0.000247782
0.000258103
0.000276948
0.000266182
0.000256649
0.000248108
0.000240295
0.000233073
0.000226341
0.000220012
0.000214018
0.000208301
0.000202816
0.000197526
0.000192404
0.000187428
0.000182583
0.00017786
0.000173251
0.000168754
0.000164366
0.000160087
0.000155919
0.000151862
0.000147919
0.000144089
0.000140375
0.000136777
0.000133297
0.000129933
0.000126686
0.000123554
0.000120537
0.000117634
0.000114841
0.000112157
0.000109579
0.000107105
0.000104975
0.000103114
0.000101291
9.94809e-05
9.76882e-05
9.59226e-05
9.41919e-05
9.25022e-05
9.08578e-05
8.92621e-05
8.7717e-05
8.6224e-05
8.47835e-05
8.33956e-05
8.206e-05
8.07758e-05
7.95422e-05
7.83579e-05
7.72216e-05
7.61318e-05
7.50872e-05
7.4086e-05
7.31267e-05
7.22078e-05
7.13276e-05
7.04847e-05
6.96775e-05
6.89045e-05
6.81642e-05
6.74553e-05
6.67765e-05
6.61263e-05
6.55035e-05
6.4907e-05
6.43356e-05
6.37881e-05
6.32634e-05
6.27811e-05
6.2403e-05
6.2044e-05
6.16817e-05
6.13162e-05
6.09536e-05
6.06714e-05
6.04111e-05
6.01391e-05
5.9855e-05
5.95629e-05
5.93664e-05
5.92549e-05
5.91198e-05
5.89503e-05
5.87528e-05
5.85347e-05
5.8302e-05
5.80598e-05

