5e-05
5e-05
5e-05
5e-05
5e-05
5e-05
5e-05
5e-05
5e-05
5e-05
5e-05
5e-05
5e-05
5e-05
5e-05
5e-05
5e-05
5e-05
5e-05
5e-05
5e-05
5e-05
5e-05
5e-05
5e-05
5e-05
5e-05
5e-05
5e-05
5e-05
5e-05
5e-05
5e-05
5e-05
5e-05
5e-05
5e-05
5e-05
5e-05
5e-05
5e-05
5e-05
5e-05
5e-05
5e-05
5e-05
5e-05
5e-05
5e-05
5e-05
5e-05
5e-05
5e-05
5e-05
5e-05
5e-05
5e-05
5e-05
5e-05
5e-05
5e-05
5e-05
5e-05
5e-05
5e-05
5e-05
5e-05
5e-05
5e-05
5e-05
5e-05
5e-05
5e-05
5e-05
5e-05
5e-05
5e-05
5e-05
5e-05
5e-05
5e-05
5e-05
5e-05
5e-05
5e-05
5e-05
5e-05
5e-05
5e-05
5e-05
5e-05
5e-05
5e-05
5e-05
5e-05
5e-05
5e-05
5e-05
5e-05
5e-05
5e-05
5e-05
5e-05
5e-05
5e-05
5e-05
5e-05
5e-05
5e-05
5e-05
5e-05
5e-05
5e-05
5e-05
5e-05
5e-05
5e-05
5e-05
5e-05
5e-05
5e-05
5e-05
5e-05
5e-05
5e-05
5e-05
5e-05
5e-05
5e-05
5e-05
5e-05
5e-05
5e-05
5e-05
5e-05
5e-05
5e-05
5e-05
5e-05
5e-05
5e-05
5e-05
5e-05
5e-05
5.06293e-05
8.6556e-05
0.000151731
0.000173914
0.000178579
0.000178407
0.000176515
0.000173814
0.000171109
0.000168524
0.000165666
0.000162739
0.00016024
0.000157537
0.000154648
0.00015165
0.000148605
0.000145561
0.000142549
0.000139592
0.000136711
0.000133907
0.000131173
0.000128514
0.000125945
0.000123459
0.000121048
0.000118715
0.000116462
0.000114818
0.000115197
0.000114797
0.000113771
0.000112327
0.00011062
0.000108763
0.000106837
0.000104895
0.000102971
0.000101089
9.92634e-05
9.74973e-05
9.57957e-05
9.4159e-05
9.25847e-05
9.1072e-05
8.96215e-05
8.82329e-05
8.68983e-05
8.56154e-05
8.43825e-05
8.31977e-05
8.20605e-05
8.0998e-05
8.00975e-05
7.91971e-05
7.82935e-05
7.73946e-05
7.65077e-05
7.56387e-05
7.47912e-05
7.39672e-05
7.31684e-05
7.23973e-05
7.16549e-05
7.09373e-05
7.02674e-05
6.9701e-05
6.91316e-05
6.85563e-05
6.79819e-05
6.74136e-05
6.68552e-05
6.63097e-05
6.57792e-05
6.52647e-05
6.47662e-05
6.42831e-05
6.38162e-05
6.34235e-05
6.30495e-05
6.26701e-05
6.22888e-05
6.19093e-05
6.15347e-05
6.11673e-05
6.08085e-05
6.04593e-05
6.01204e-05
5.98382e-05
5.95664e-05
5.92901e-05
5.90237e-05
5.87946e-05
5.85567e-05
5.83118e-05
5.80636e-05
5.78146e-05
5.75673e-05
5.73241e-05
5.70865e-05
5.68552e-05
5.66306e-05
5.64147e-05
5.62363e-05
5.60604e-05

