5e-05
5e-05
5e-05
5e-05
5e-05
5e-05
5e-05
5e-05
5e-05
5e-05
5e-05
5e-05
5e-05
5e-05
5e-05
5e-05
5e-05
5e-05
5e-05
5e-05
5e-05
5e-05
5e-05
5e-05
5e-05
5e-05
5e-05
5e-05
5e-05
5e-05
5e-05
5e-05
5e-05
5e-05
5e-05
5e-05
5e-05
5e-05
5e-05
5e-05
5e-05
5e-05
5e-05
5e-05
5e-05
5e-05
5e-05
5e-05
5e-05
5e-05
5e-05
5e-05
5e-05
5e-05
5e-05
5e-05
5e-05
5e-05
5e-05
5e-05
5e-05
5e-05
5e-05
5e-05
5e-05
5e-05
5e-05
5e-05
5e-05
5e-05
5e-05
5e-05
5e-05
5e-05
5e-05
5e-05
5e-05
5e-05
5e-05
5e-05
5e-05
5e-05
5e-05
5e-05
5e-05
5e-05
5e-05
5e-05
5e-05
5e-05
5e-05
5e-05
5e-05
5e-05
5e-05
5e-05
5e-05
5e-05
5e-05
5e-05
5e-05
5e-05
5e-05
5e-05
5e-05
5e-05
5e-05
5e-05
5e-05
5e-05
5e-05
5e-05
5e-05
5e-05
5e-05
5e-05
5e-05
5e-05
5e-05
5e-05
5e-05
5e-05
5e-05
5e-05
5e-05
5e-05
5e-05
5e-05
5e-05
5e-05
5e-05
5e-05
5e-05
5e-05
5e-05
5.39711e-05
6.42654e-05
7.56859e-05
8.63465e-05
9.67491e-05
0.000106097
0.000113692
0.000120581
0.000135999
0.000200038
0.000237694
0.000242679
0.000238778
0.000232423
0.000225054
0.000217576
0.000210404
0.000204123
0.000198005
0.000192097
0.000186637
0.000181629
0.000176661
0.000171834
0.000167202
0.000162786
0.000158499
0.000154362
0.000150382
0.000146547
0.000143009
0.000139972
0.000137036
0.000134089
0.00013118
0.000128332
0.000125565
0.000122888
0.000120297
0.000117801
0.000115356
0.000112982
0.000110717
0.000108564
0.000106514
0.000104559
0.000102692
0.000100906
9.91939e-05
9.75404e-05
9.59397e-05
9.44511e-05
9.323e-05
9.20198e-05
9.07941e-05
8.95561e-05
8.83235e-05
8.71003e-05
8.58958e-05
8.47061e-05
8.35354e-05
8.2407e-05
8.13213e-05
8.02754e-05
7.92497e-05
7.82292e-05
7.72422e-05
7.62957e-05
7.53925e-05
7.45298e-05
7.37048e-05
7.29111e-05
7.21452e-05
7.14062e-05
7.06936e-05
7.00553e-05
6.94895e-05
6.89198e-05
6.83506e-05
6.77714e-05
6.72072e-05
6.66591e-05
6.61229e-05
6.55985e-05
6.50906e-05
6.45975e-05
6.41193e-05
6.36546e-05
6.32002e-05
6.27682e-05
6.24085e-05
6.20608e-05
6.17113e-05
6.13593e-05
6.1005e-05
6.06575e-05
6.03205e-05
5.99938e-05
5.96773e-05
5.93707e-05
5.90737e-05
5.87859e-05
5.85252e-05
5.83009e-05
5.81148e-05
5.79221e-05
5.77097e-05
5.74871e-05
5.72571e-05
5.70323e-05
5.6849e-05
5.66705e-05
5.64839e-05
5.62936e-05
5.61054e-05

