5e-05
5e-05
5e-05
5e-05
5e-05
5e-05
5e-05
5e-05
5e-05
5e-05
5e-05
5e-05
5.04797e-05
5.70807e-05
6.62446e-05
7.54955e-05
8.41118e-05
9.16871e-05
9.81496e-05
0.000103611
0.000108005
0.000111581
0.000114537
0.000116836
0.00011946
0.000127947
0.000135884
0.000142315
0.000147239
0.000149674
0.000150599
0.000150621
0.00014999
0.000148913
0.000147413
0.000145636
0.000143623
0.000141503
0.000139322
0.000137107
0.000134881
0.000132659
0.000130424
0.000128197
0.00012601
0.000123846
0.000121712
0.000119637
0.000117966
0.000116319
0.000114634
0.000112885
0.000111072
0.000109224
0.000107423
0.000105677
0.000103966
0.000102302
0.000100692
9.9144e-05
9.78709e-05
9.66291e-05
9.53885e-05
9.48183e-05
9.60192e-05
9.72321e-05
9.84473e-05
0.00010645
0.000115481
0.000114454
0.000111491
0.000108245
0.000105038
0.000101964
9.90532e-05
9.63124e-05
9.37391e-05
9.13264e-05
8.90665e-05
8.69493e-05
8.49647e-05
8.31045e-05
8.13594e-05
7.97218e-05
7.81844e-05
7.67398e-05
7.53814e-05
7.41051e-05
7.29061e-05
7.17792e-05
7.07174e-05
6.97162e-05
6.8772e-05
6.78824e-05
6.70433e-05
6.62666e-05
6.55786e-05
6.49164e-05
6.42767e-05
6.3661e-05
6.30705e-05
6.25063e-05
6.19679e-05
6.14551e-05
6.09957e-05
6.05746e-05
6.0163e-05
5.97621e-05
5.93735e-05
5.89989e-05
5.86388e-05
5.82942e-05
5.79646e-05
5.765e-05
5.73927e-05
5.72016e-05
5.7248e-05
5.72267e-05
5.71208e-05
5.69824e-05
5.68202e-05
5.66406e-05
5.64347e-05
5.62137e-05
5.59858e-05
5.57566e-05
5.55306e-05
5.53104e-05
5.50975e-05
5.48928e-05
5.46965e-05
5.45087e-05
5.43292e-05
5.41782e-05
5.40678e-05
5.39791e-05
5.38763e-05
5.3768e-05
5.36662e-05
5.35723e-05
5.34708e-05
5.33605e-05
5.32463e-05
5.31309e-05
5.30238e-05
5.29403e-05
5.28645e-05
5.27859e-05
5.26999e-05
5.26088e-05
5.25166e-05
5.24247e-05
5.23343e-05
5.22462e-05
5.2161e-05
5.20787e-05
5.19996e-05
5.19238e-05
5.1851e-05
5.17814e-05
5.17147e-05
5.16509e-05
5.15899e-05
5.15314e-05
5.14754e-05
5.14218e-05
5.13704e-05
5.13212e-05
5.1274e-05
5.12288e-05
5.11854e-05
5.11437e-05
5.11037e-05
5.10653e-05
5.10285e-05
5.09936e-05
5.09647e-05
5.09363e-05
5.09079e-05
5.08796e-05
5.08514e-05
5.08237e-05
5.07966e-05
5.07702e-05
5.07445e-05
5.07197e-05
5.06956e-05
5.06723e-05
5.06499e-05
5.06282e-05
5.06073e-05
5.05872e-05
5.05678e-05
5.0549e-05
5.05309e-05
5.05134e-05
5.04965e-05
5.04805e-05
5.04675e-05
5.04547e-05
5.04418e-05
5.04287e-05
5.04158e-05
5.04029e-05
5.03902e-05
5.03778e-05
5.03658e-05
5.0354e-05
5.03425e-05
5.03315e-05
5.03207e-05
5.03103e-05
5.03003e-05
5.02906e-05
5.02812e-05
5.02721e-05
5.02633e-05
5.02548e-05
5.02466e-05
5.02386e-05
5.0231e-05
5.02236e-05
5.02164e-05
5.02095e-05
5.02028e-05
5.01963e-05
5.019e-05
5.0184e-05
5.01782e-05
5.01725e-05
5.01671e-05
5.01618e-05
5.01567e-05
5.01518e-05
5.0147e-05
5.01424e-05
5.0138e-05
5.01337e-05
5.01295e-05
5.01255e-05
5.01216e-05
5.01178e-05
5.01141e-05
5.01105e-05
5.0107e-05
5.01037e-05
5.01004e-05
5.00973e-05
5.00943e-05
5.00913e-05

