5e-05
5e-05
5e-05
5e-05
5e-05
5e-05
5e-05
5e-05
5e-05
5e-05
5e-05
5e-05
5e-05
5e-05
5e-05
5e-05
5e-05
5e-05
5e-05
5e-05
5e-05
5e-05
5e-05
5e-05
5e-05
5e-05
5e-05
5e-05
5e-05
5e-05
5e-05
5e-05
5e-05
5e-05
5e-05
5e-05
5e-05
5e-05
5e-05
5e-05
5e-05
5e-05
5e-05
5e-05
5e-05
5e-05
5e-05
5e-05
5e-05
5e-05
5e-05
5e-05
5e-05
5e-05
5e-05
5e-05
5e-05
5e-05
5e-05
5e-05
5e-05
5e-05
5e-05
5e-05
5e-05
5e-05
5e-05
5e-05
5e-05
5e-05
5e-05
5e-05
5e-05
5e-05
5e-05
5e-05
5e-05
5e-05
5e-05
5e-05
5e-05
5e-05
5e-05
5e-05
5e-05
5e-05
5e-05
5e-05
5e-05
5e-05
5e-05
5e-05
5e-05
5e-05
5e-05
5e-05
5e-05
5e-05
5e-05
5e-05
5e-05
5e-05
5e-05
5e-05
5e-05
5e-05
5e-05
5e-05
5e-05
5e-05
5e-05
5e-05
5e-05
5e-05
5e-05
5e-05
5e-05
5e-05
5e-05
5e-05
5e-05
5e-05
5e-05
5e-05
5e-05
5e-05
5e-05
5e-05
5e-05
5e-05
5e-05
5e-05
5e-05
5e-05
5e-05
5e-05
5e-05
5e-05
5e-05
5e-05
5e-05
5e-05
5e-05
5e-05
5e-05
5e-05
5e-05
5e-05
5e-05
5e-05
5e-05
5e-05
5e-05
5e-05
5e-05
5e-05
5e-05
5e-05
5e-05
5e-05
5e-05
5e-05
5e-05
5e-05
5e-05
5e-05
5e-05
5e-05
5e-05
5e-05
5e-05
5e-05
5e-05
5e-05
5e-05
5e-05
5e-05
5e-05
5e-05
5e-05
5e-05
5e-05
5e-05
5e-05
5e-05
5e-05
5e-05
5e-05
5e-05
5e-05
5e-05
5e-05
5e-05
5e-05
5e-05
5e-05
5e-05
5e-05
5e-05
5e-05
5e-05
5e-05
5e-05
5e-05
5e-05
5e-05
5e-05
5e-05
5e-05
5e-05
5e-05
5e-05
5e-05
5e-05
5e-05
5e-05
5e-05
5e-05
5e-05
5e-05
5e-05
5e-05
5e-05
5e-05
5e-05
5e-05
5e-05
5e-05
5e-05
5e-05
5e-05
5e-05
5e-05
5e-05
5e-05
5e-05
5e-05
5e-05
5e-05
5e-05
5e-05
5e-05
5e-05
5e-05
5e-05
5e-05
5.38369e-05
6.33776e-05
7.37516e-05
8.35739e-05

