5e-05
5e-05
5e-05
5e-05
5e-05
5e-05
5e-05
5e-05
5e-05
5e-05
5e-05
5e-05
5e-05
5e-05
5e-05
5e-05
5e-05
5e-05
5e-05
5e-05
5e-05
5e-05
5e-05
5e-05
5e-05
5e-05
5e-05
5e-05
5e-05
5e-05
5e-05
5e-05
5e-05
5e-05
5e-05
5e-05
5e-05
5e-05
5e-05
5e-05
5e-05
5e-05
5e-05
5e-05
5e-05
5e-05
5e-05
5e-05
5e-05
5e-05
5e-05
5e-05
5e-05
5e-05
5e-05
5e-05
5e-05
5e-05
5e-05
5e-05
5e-05
5e-05
5e-05
5e-05
5e-05
5e-05
5e-05
5e-05
5e-05
5e-05
5e-05
5e-05
5e-05
5e-05
5e-05
5e-05
5e-05
5e-05
5e-05
5e-05
5e-05
5e-05
5e-05
5e-05
5e-05
5e-05
5e-05
5e-05
5e-05
5e-05
5e-05
5e-05
5e-05
5e-05
5e-05
5e-05
5e-05
5e-05
5e-05
5e-05
5e-05
5e-05
5e-05
5e-05
5e-05
5e-05
5e-05
5e-05
5e-05
5e-05
5e-05
5e-05
5e-05
5e-05
5e-05
6.91108e-05
8.53613e-05
9.96809e-05
0.000112776
0.000124445
0.000134283
0.000142467
0.000149193
0.000154633
0.000158943
0.000162262
0.000164714
0.000166409
0.000167445
0.00016791
0.000167881
0.000167426
0.000166606
0.000165474
0.000164078
0.000164561
0.000178291
0.000198838
0.000195068
0.000193454
0.000193444
0.000194352
0.000194798
0.000194492
0.000193438
0.000192664
0.0001937
0.000196936
0.000200367
0.000203483
0.000209623
0.000213628
0.000204936
0.000197099
0.000190255
0.000185744
0.000190175
0.000189715
0.000184959
0.000182499
0.0001813
0.000180778
0.000180701
0.000181137
0.000183271
0.000182637
0.00017492
0.000167895
0.000161488
0.00015563
0.000150257
0.000145315
0.000140754
0.000136531
0.000132607
0.000128949
0.000125528
0.000122316
0.000119292
0.000116435
0.000113724
0.000111139
0.000108668
0.000106299
0.000104022
0.00010183
9.97179e-05
9.76906e-05
9.59793e-05
9.44075e-05
9.28618e-05
9.13285e-05
8.98105e-05
8.83129e-05
8.68403e-05
8.53969e-05
8.39865e-05
8.26119e-05
8.12756e-05
7.99794e-05
7.87247e-05
7.75124e-05
7.6343e-05
7.52166e-05
7.41331e-05
7.30921e-05
7.2093e-05
7.11349e-05
7.02171e-05
6.93383e-05
6.84976e-05
6.76936e-05
6.69252e-05
6.6191e-05
6.54899e-05
6.48205e-05
6.41953e-05
6.43343e-05
6.58545e-05
6.54193e-05
6.48811e-05
6.44712e-05
6.41104e-05
6.37575e-05
6.3395e-05
6.30178e-05
6.26267e-05
6.22252e-05
6.18174e-05
6.14074e-05
6.09979e-05
6.05912e-05
6.02326e-05
5.999e-05
5.97544e-05
5.9502e-05
5.92335e-05
5.89529e-05
5.8664e-05
5.83977e-05
5.82272e-05
5.80608e-05
5.7876e-05
5.76731e-05
5.7456e-05
5.72283e-05
5.69933e-05
5.67539e-05
5.65125e-05
5.62712e-05

