5e-05
5e-05
5e-05
5e-05
5e-05
5e-05
5e-05
5e-05
5e-05
5e-05
5e-05
5e-05
5e-05
5e-05
5e-05
5e-05
5e-05
5e-05
5e-05
5e-05
5e-05
5e-05
5e-05
5e-05
5e-05
5e-05
5e-05
5e-05
5e-05
5e-05
5e-05
5e-05
5e-05
5e-05
5e-05
5e-05
5e-05
5e-05
5e-05
5e-05
5e-05
5e-05
5e-05
5e-05
5e-05
5e-05
5e-05
5e-05
5e-05
5e-05
5e-05
5e-05
5e-05
5e-05
5e-05
5e-05
5e-05
5e-05
5e-05
5e-05
5e-05
5e-05
5e-05
5e-05
5e-05
5e-05
5e-05
5e-05
5e-05
5e-05
5e-05
5e-05
5e-05
5e-05
5e-05
5e-05
5e-05
5e-05
5e-05
5e-05
5e-05
5e-05
5e-05
5e-05
5e-05
5e-05
5e-05
5e-05
5e-05
5e-05
5e-05
5e-05
5e-05
5e-05
5e-05
5e-05
5e-05
5e-05
5e-05
5e-05
5e-05
5e-05
5e-05
5e-05
5e-05
5e-05
5e-05
5e-05
5e-05
5e-05
5e-05
5e-05
5e-05
5e-05
5e-05
5e-05
5e-05
5e-05
5e-05
5e-05
5e-05
5e-05
5e-05
5e-05
5e-05
5e-05
5e-05
5e-05
5e-05
5e-05
5e-05
5e-05
5e-05
5e-05
5e-05
5e-05
5e-05
5e-05
5e-05
5e-05
5e-05
5e-05
5e-05
5e-05
5e-05
5e-05
5e-05
5e-05
5e-05
5e-05
5e-05
5e-05
5e-05
5e-05
5e-05
5e-05
5e-05
5e-05
5e-05
5e-05
5e-05
5e-05
5e-05
5e-05
5.00245e-05
5.59912e-05
6.65151e-05
7.75115e-05
8.76496e-05
9.62117e-05
0.000103275
0.000109084
0.00011388
0.000117851
0.00012115
0.00012386
0.000125986
0.000127654
0.000129588
0.000131052
0.000132005
0.000132553
0.000132699
0.000132535
0.000132005
0.000131264
0.000130375
0.000129399
0.000128307
0.000127089
0.000125762
0.000124336
0.000122873
0.000121576
0.000124711
0.000128511
0.000131327
0.00013307
0.000133466
0.000133026
0.000132014
0.000130633
0.000128884
0.000126922
0.000124818
0.000122519
0.000120108
0.000117699
0.000115319
0.000112988
0.000110735
0.000109433
0.000109911
0.00010995
0.000109633
0.000108921
0.000108088
0.00010714
0.000105947
0.000104554
0.000102967
0.000101287
9.95525e-05
9.7761e-05
9.59478e-05
9.41647e-05
9.24289e-05
9.07298e-05
8.9068e-05
8.74559e-05
8.59037e-05
8.44223e-05
8.3016e-05
8.16815e-05
8.0404e-05
7.91885e-05
7.80349e-05
7.69395e-05
7.58917e-05
7.48875e-05
7.39136e-05
7.29862e-05
7.219e-05
7.1453e-05
7.07383e-05
7.00834e-05
6.95908e-05
6.91298e-05
6.86275e-05
6.81007e-05

