5e-05
5e-05
5e-05
5e-05
5e-05
5e-05
5e-05
5e-05
5e-05
5e-05
5e-05
5e-05
5e-05
5e-05
5e-05
5e-05
5e-05
5e-05
5e-05
5e-05
5e-05
5e-05
5e-05
5e-05
5e-05
5e-05
5e-05
5e-05
5e-05
5e-05
5e-05
5e-05
5e-05
5e-05
5e-05
5e-05
5e-05
5e-05
5e-05
5e-05
5e-05
5e-05
5e-05
5e-05
5e-05
5e-05
5e-05
5e-05
5e-05
5e-05
5e-05
5e-05
5e-05
5e-05
5e-05
5e-05
5e-05
5e-05
5e-05
5e-05
5e-05
5e-05
5e-05
5e-05
5e-05
5e-05
5e-05
5e-05
5e-05
5e-05
5e-05
5e-05
5e-05
5e-05
5e-05
5e-05
5e-05
5e-05
5e-05
5e-05
5e-05
5e-05
5e-05
5e-05
5e-05
5e-05
5e-05
5e-05
5e-05
5e-05
5e-05
5e-05
5e-05
5e-05
5e-05
5e-05
5e-05
5e-05
5e-05
5e-05
5e-05
5e-05
5e-05
5e-05
5e-05
5e-05
5e-05
5e-05
5e-05
5e-05
5e-05
5e-05
5e-05
5e-05
5e-05
5e-05
5e-05
5e-05
5e-05
5e-05
5e-05
5e-05
5e-05
5e-05
5e-05
5e-05
5e-05
5e-05
5e-05
5e-05
5e-05
5e-05
5e-05
5e-05
5e-05
5e-05
5e-05
5e-05
5e-05
5e-05
5e-05
5e-05
5e-05
5e-05
5e-05
5e-05
5e-05
5e-05
5e-05
5e-05
5.04316e-05
5.72714e-05
6.85187e-05
8.0609e-05
9.16375e-05
0.000100638
0.000108817
0.000115464
0.000120638
0.000124524
0.000127345
0.000129414
0.000130833
0.000131827
0.000132325
0.000132377
0.000132222
0.000131881
0.000131387
0.000130782
0.000130032
0.000129096
0.00012809
0.000127033
0.000126314
0.00012575
0.000125431
0.000125219
0.000124771
0.000123955
0.000122868
0.000121654
0.000120343
0.000119162
0.000118219
0.000117147
0.000115948
0.000114644
0.000113255
0.000111755
0.000110168
0.000108546
0.00010691
0.00010529
0.000103695
0.000102108
0.000100543
9.90075e-05
9.74968e-05
9.60304e-05
9.45987e-05
9.31837e-05
9.18158e-05
9.04854e-05
8.91766e-05
8.79136e-05
8.66871e-05
8.54994e-05
8.43543e-05
8.32518e-05
8.21825e-05
8.11451e-05
8.01437e-05
7.91818e-05
7.82564e-05
7.73551e-05
7.64862e-05
7.56424e-05
7.48257e-05
7.40396e-05
7.32823e-05
7.25522e-05
7.18472e-05
7.11537e-05
7.0477e-05
6.98249e-05
6.91969e-05
6.85858e-05
6.79855e-05
6.74354e-05
6.76344e-05
6.78508e-05
6.80598e-05
6.83972e-05
6.86645e-05
6.88066e-05
6.89004e-05
6.90052e-05
7.13596e-05
7.45216e-05
7.41105e-05
7.29436e-05
7.16772e-05
7.04372e-05
6.92549e-05
6.81393e-05
6.70917e-05
6.61108e-05
6.51935e-05
6.43351e-05

