5e-05
5e-05
5e-05
5e-05
5e-05
5e-05
5e-05
5e-05
5e-05
5e-05
5e-05
5e-05
5e-05
5.35782e-05
6.17847e-05
7.08297e-05
7.95241e-05
8.74337e-05
9.42236e-05
0.000100152
0.000105457
0.0001097
0.000113084
0.000115648
0.00011769
0.000119353
0.000120683
0.000121715
0.000122462
0.000122908
0.000123082
0.000123038
0.000122841
0.000122463
0.000121921
0.000121258
0.00012052
0.000119706
0.000118785
0.000117797
0.000116772
0.000115716
0.000114633
0.000113525
0.000112395
0.000111573
0.000111092
0.000110808
0.000110745
0.000110371
0.000109674
0.000108752
0.000107598
0.000106307
0.000104974
0.000103611
0.00010221
0.000100797
9.93563e-05
9.79264e-05
9.65028e-05
9.51032e-05
9.37458e-05
9.24309e-05
9.11408e-05
8.98881e-05
8.86773e-05
8.75063e-05
8.63589e-05
8.52336e-05
8.4142e-05
8.30642e-05
8.20237e-05
8.10235e-05
8.00509e-05
7.90966e-05
7.81704e-05
7.73743e-05
7.66864e-05
7.60023e-05
7.53172e-05
7.46197e-05
7.39093e-05
7.31962e-05
7.24882e-05
7.17958e-05
7.11142e-05
7.04318e-05
6.9759e-05
6.91016e-05
6.84703e-05
6.78624e-05
6.72762e-05
6.67146e-05
6.61761e-05
6.56591e-05
6.51621e-05
6.46871e-05
6.43451e-05
6.40731e-05
6.37845e-05
6.34778e-05
6.31561e-05
6.28224e-05
6.24774e-05
6.21124e-05
6.17421e-05
6.14073e-05
6.10898e-05
6.07696e-05
6.04504e-05
6.01339e-05
5.98175e-05
5.95044e-05
5.91962e-05
5.88879e-05
5.85886e-05
5.8297e-05
5.80142e-05
5.77418e-05
5.74796e-05
5.72273e-05
5.69845e-05
5.67478e-05
5.65148e-05
5.62888e-05
5.607e-05
5.58576e-05
5.56548e-05
5.54608e-05
5.52738e-05
5.5235e-05
5.99527e-05
6.75839e-05
7.59594e-05
8.48486e-05
9.2685e-05
9.93918e-05
0.000106296
0.000113207
0.000118857
0.000123314
0.000126834
0.000129442
0.000131288
0.000132604
0.000134203
0.00013539
0.000136829
0.000143976
0.000164955
0.00021013
0.000217899
0.000213633
0.000206663
0.000199108
0.000191592
0.000184327
0.000177389
0.000170808
0.000164592
0.000158727
0.000153197
0.000147985
0.000143083
0.000138474
0.000134127
0.000130025
0.000126157
0.000122512
0.00011907
0.000115824
0.000112756
0.000109856
0.000107116
0.000104528
0.00010208
9.97622e-05
9.75678e-05
9.54915e-05
9.3528e-05
9.16685e-05
8.99049e-05
8.82296e-05
8.66377e-05
8.51284e-05
8.36983e-05
8.23386e-05
8.10446e-05
7.98117e-05
7.86372e-05
7.75176e-05
7.6449e-05
7.54289e-05
7.44551e-05
7.36115e-05
7.28198e-05
7.20356e-05
7.12636e-05
7.05083e-05
6.97731e-05
6.90616e-05
6.83744e-05
6.77138e-05
6.70781e-05
6.64671e-05
6.58805e-05
6.53178e-05
6.47794e-05
6.42617e-05
6.37636e-05
6.32847e-05
6.28242e-05
6.23822e-05
6.19574e-05
6.15488e-05
6.11557e-05
6.07777e-05
6.04149e-05
6.00658e-05
5.97294e-05
5.94052e-05
5.90931e-05
5.87935e-05
5.85051e-05
5.82267e-05
5.79581e-05
5.76989e-05
5.74484e-05
5.72066e-05
5.69731e-05
5.69226e-05
5.69776e-05
5.69551e-05
5.68665e-05
5.6727e-05
5.65567e-05
5.63656e-05
5.61656e-05
5.60678e-05
5.60973e-05
5.60556e-05
5.59465e-05
5.57976e-05
5.56266e-05
5.54638e-05
5.52973e-05
5.51225e-05
5.49576e-05
5.49558e-05

