5e-05
5e-05
5e-05
5e-05
5e-05
5e-05
5e-05
5.0997e-05
5.78715e-05
6.68282e-05
7.6426e-05
8.61013e-05
9.56812e-05
0.000104602
0.000111588
0.000118283
0.000123822
0.000128286
0.000131807
0.000134316
0.000135612
0.000136223
0.000136484
0.00013633
0.00013588
0.000135227
0.000134439
0.00013352
0.000132459
0.000131274
0.000130032
0.000128716
0.000127349
0.000125955
0.000124506
0.000123048
0.000121588
0.000120128
0.000118665
0.000117169
0.000115678
0.000114164
0.000112643
0.0001114
0.000110336
0.000109226
0.000108068
0.000106866
0.000105589
0.000104291
0.000102983
0.000101668
0.000100268
9.88717e-05
9.75041e-05
9.61677e-05
9.48631e-05
9.35709e-05
9.23039e-05
9.10705e-05
8.98369e-05
8.86093e-05
8.86467e-05
8.93224e-05
8.97201e-05
8.98613e-05
8.9711e-05
8.93723e-05
8.88659e-05
8.8208e-05
8.74197e-05
8.65251e-05
8.55496e-05
8.45167e-05
8.34329e-05
8.23145e-05
8.11975e-05
8.02314e-05
8.04353e-05
8.09457e-05
8.74687e-05
9.09525e-05
9.01915e-05
8.83933e-05
8.6424e-05
8.44696e-05
8.25846e-05
8.07957e-05
7.91071e-05
7.75239e-05
7.60442e-05
7.46631e-05
7.33723e-05
7.21673e-05
7.10432e-05
6.99942e-05
6.90146e-05
6.8099e-05
6.72422e-05
6.64393e-05
6.56858e-05
6.49765e-05
6.43072e-05
6.37315e-05
6.31938e-05
6.26776e-05
6.21762e-05
6.16947e-05
6.1233e-05
6.07904e-05
6.03662e-05
5.99597e-05
5.95691e-05
5.91855e-05
5.88123e-05
5.84522e-05
5.81103e-05
5.7786e-05
5.74783e-05
5.7186e-05
5.6908e-05
5.66455e-05
5.64258e-05
5.62166e-05
5.60117e-05
5.58081e-05
5.5609e-05
5.54127e-05
5.5222e-05
5.50376e-05
5.48595e-05
5.46886e-05
5.4546e-05
5.44083e-05
5.42698e-05
5.41322e-05
5.39951e-05
5.38609e-05
5.37285e-05
5.35978e-05
5.34829e-05
5.33796e-05
5.32769e-05
5.31725e-05
5.30683e-05
5.29658e-05
5.28739e-05
5.27881e-05
5.27009e-05
5.26134e-05
5.2525e-05
5.24374e-05
5.23515e-05
5.22684e-05
5.21879e-05
5.21106e-05
5.20352e-05
5.19602e-05
5.18877e-05
5.18811e-05
5.18924e-05
5.18934e-05
5.18822e-05
5.18584e-05
5.18215e-05
5.17752e-05
5.17252e-05
5.16732e-05
5.16201e-05
5.15665e-05
5.1513e-05
5.14593e-05
5.14064e-05
5.13548e-05
5.1304e-05
5.12544e-05
5.12061e-05
5.11593e-05
5.11143e-05
5.10713e-05
5.10314e-05
5.09976e-05
5.09649e-05
5.0933e-05
5.09017e-05
5.08713e-05
5.08415e-05
5.08135e-05
5.07888e-05
5.07639e-05
5.07391e-05
5.07143e-05
5.06901e-05
5.06665e-05
5.06436e-05
5.0621e-05
5.05991e-05
5.0578e-05
5.05574e-05
5.05375e-05
5.05196e-05
5.05037e-05
5.04881e-05
5.04726e-05
5.04571e-05
5.04417e-05
5.04282e-05
5.04155e-05
5.04029e-05
5.03905e-05
5.03781e-05
5.03654e-05
5.03529e-05
5.03408e-05
5.03291e-05
5.03178e-05
5.03082e-05
5.02989e-05
5.02897e-05
5.02807e-05
5.02718e-05
5.02629e-05
5.02542e-05
5.02456e-05
5.02372e-05
5.0229e-05
5.02211e-05
5.02134e-05
5.0206e-05
5.01988e-05
5.01919e-05
5.01853e-05
5.01789e-05
5.01727e-05
5.01667e-05
5.0161e-05
5.01555e-05
5.01502e-05
5.01455e-05
5.01413e-05
5.01371e-05
5.01328e-05
5.01287e-05
5.01246e-05
5.01206e-05
5.01167e-05
5.0113e-05
5.01093e-05
5.01056e-05
5.01021e-05

