5e-05
5e-05
5e-05
5e-05
5e-05
5e-05
5e-05
5e-05
5e-05
5e-05
5e-05
5e-05
5e-05
5e-05
5e-05
5e-05
5e-05
5e-05
5e-05
5e-05
5e-05
5e-05
5e-05
5e-05
5e-05
5e-05
5e-05
5e-05
5e-05
5e-05
5e-05
5e-05
5e-05
5e-05
5e-05
5e-05
5e-05
5e-05
5e-05
5e-05
5e-05
5e-05
5e-05
5e-05
5e-05
5e-05
5e-05
5.07238e-05
5.70698e-05
6.57349e-05
7.4586e-05
8.28311e-05
9.00042e-05
9.62503e-05
0.000101673
0.000106311
0.000110221
0.000113544
0.000116343
0.000118636
0.000120254
0.000121409
0.000122242
0.000122821
0.000123196
0.000123371
0.000123311
0.000123073
0.000122687
0.00012217
0.000121562
0.000120873
0.00012011
0.00011924
0.00011827
0.000117202
0.000116104
0.000114979
0.000113787
0.000112561
0.000111325
0.000110034
0.00010875
0.00010748
0.000106226
0.000104985
0.000103724
0.000102452
0.000101201
9.99736e-05
9.8768e-05
9.75679e-05
9.63773e-05
9.52063e-05
9.404e-05
9.28788e-05
9.17425e-05
9.06352e-05
8.95558e-05
8.85027e-05
8.74746e-05
8.67892e-05
8.62298e-05
8.55801e-05
8.48744e-05
8.41314e-05
8.33474e-05
8.25239e-05
8.16828e-05
8.08217e-05
7.99639e-05
7.91145e-05
7.82761e-05
7.74348e-05
7.65802e-05
7.57416e-05
7.49203e-05
7.41269e-05
7.33614e-05
7.26228e-05
7.191e-05
7.12217e-05
7.05567e-05
6.9914e-05
6.92925e-05
6.8689e-05
6.80979e-05
6.75211e-05
6.69512e-05
6.63956e-05
6.58613e-05
6.53486e-05
6.48813e-05
6.50569e-05
6.53221e-05
6.55167e-05
6.56553e-05
6.57709e-05
6.59159e-05
6.59422e-05
6.60298e-05
6.9535e-05
7.07263e-05
7.01567e-05
6.92619e-05
6.86508e-05
6.80308e-05
6.73063e-05
6.65399e-05
6.57583e-05
6.49792e-05
6.42201e-05
6.34933e-05
6.28007e-05
6.21439e-05
6.15413e-05
6.12521e-05
6.10783e-05
6.08692e-05
6.06226e-05
6.03255e-05
5.9985e-05
5.96247e-05
5.92475e-05
5.88574e-05
5.84681e-05
5.80884e-05
5.77198e-05
5.73637e-05
5.70233e-05
5.6699e-05
5.63907e-05
5.60974e-05
5.58178e-05
5.55584e-05
5.53287e-05
5.51068e-05
5.48925e-05
5.46878e-05
5.44924e-05
5.43059e-05
5.41264e-05
5.39529e-05
5.37867e-05
5.3628e-05
5.34771e-05
5.33339e-05
5.31967e-05
5.3065e-05
5.29393e-05
5.28203e-05
5.27069e-05
5.2598e-05
5.24941e-05
5.23949e-05
5.23004e-05
5.22108e-05
5.21251e-05
5.20436e-05
5.19661e-05
5.18924e-05
5.18216e-05
5.17541e-05
5.16897e-05
5.1628e-05
5.15687e-05
5.15121e-05
5.14579e-05
5.14055e-05
5.13553e-05
5.13068e-05
5.126e-05
5.12152e-05
5.11725e-05
5.11317e-05
5.10926e-05
5.10549e-05
5.10185e-05
5.09835e-05
5.095e-05
5.09175e-05
5.08861e-05
5.08555e-05
5.08256e-05
5.07971e-05
5.07698e-05
5.07437e-05
5.07187e-05
5.06946e-05
5.0671e-05
5.06482e-05
5.0626e-05
5.06048e-05
5.05845e-05
5.05648e-05
5.0546e-05
5.05279e-05
5.05104e-05
5.04936e-05
5.04775e-05
5.04635e-05
5.04514e-05
5.04392e-05
5.04267e-05
5.04142e-05
5.04019e-05
5.03898e-05
5.0378e-05
5.03664e-05
5.0355e-05

