5e-05
5e-05
5e-05
5e-05
5e-05
5e-05
5e-05
5e-05
5e-05
5e-05
5e-05
5e-05
5e-05
5e-05
5e-05
5e-05
5e-05
5e-05
5e-05
5e-05
5e-05
5e-05
5e-05
5e-05
5e-05
5e-05
5e-05
5e-05
5e-05
5e-05
5e-05
5e-05
5e-05
5e-05
5e-05
5e-05
5e-05
5e-05
5e-05
5e-05
5e-05
5e-05
5e-05
5e-05
5e-05
5e-05
5e-05
5e-05
5e-05
5e-05
5e-05
5e-05
5e-05
5e-05
5e-05
5e-05
5e-05
5e-05
5e-05
5e-05
5e-05
5e-05
5e-05
5e-05
5e-05
5e-05
5e-05
5e-05
5e-05
5e-05
5e-05
5e-05
5e-05
5e-05
5e-05
5e-05
5e-05
5e-05
5e-05
5e-05
5e-05
5e-05
5e-05
5e-05
5e-05
5e-05
5e-05
5e-05
5e-05
5e-05
5e-05
5e-05
5e-05
5e-05
5e-05
5e-05
5e-05
5e-05
5e-05
5e-05
5e-05
5e-05
5e-05
5e-05
5e-05
5e-05
5e-05
5e-05
5e-05
5e-05
5e-05
5e-05
5e-05
5e-05
5e-05
5e-05
5e-05
5e-05
5e-05
5e-05
5e-05
5e-05
5e-05
5e-05
5e-05
5e-05
5e-05
5e-05
5e-05
5e-05
5e-05
5e-05
5e-05
5e-05
5e-05
5e-05
5e-05
5e-05
5e-05
5e-05
5e-05
5e-05
5e-05
5e-05
5e-05
5e-05
5e-05
5e-05
5e-05
5e-05
5e-05
5e-05
5e-05
5e-05
5e-05
5e-05
5e-05
5e-05
5e-05
5e-05
5e-05
5e-05
5e-05
5e-05
5e-05
5.09063e-05
5.69881e-05
6.49403e-05
7.29832e-05
8.06064e-05
8.74456e-05
9.33724e-05
9.83907e-05
0.000102679
0.000106329
0.000109413
0.000111997
0.000114035
0.000115669
0.000117002
0.00011797
0.000118588
0.000118929
0.000119104
0.000119096
0.000119163
0.000119558
0.000119751
0.00011973
0.000119495
0.000119036
0.000118329
0.000117478
0.000116547
0.000115516
0.00011443
0.000113295
0.000112109
0.000110902
0.000109682
0.00010843
0.000107163
0.000105872
0.000104574
0.000103219
0.000101848
0.000100484
9.9141e-05
9.78242e-05
9.65431e-05
9.53025e-05
9.40997e-05
9.29316e-05
9.17952e-05
9.06886e-05
9.12338e-05
9.22991e-05
9.28853e-05
9.30935e-05
9.30207e-05
9.27015e-05
9.21495e-05
9.13527e-05
9.03605e-05
8.92558e-05
8.81031e-05
8.69255e-05
8.57228e-05
8.45155e-05
8.33269e-05
8.2164e-05
8.10311e-05
7.9931e-05
7.8858e-05
7.78134e-05
7.68074e-05
7.58401e-05
7.49106e-05
7.40176e-05
7.31505e-05
7.23156e-05
7.15073e-05
7.07331e-05
6.99924e-05
6.92835e-05
6.86047e-05
6.79542e-05
6.73304e-05
6.67316e-05
6.61498e-05

