5e-05
5e-05
5e-05
5e-05
5e-05
5e-05
5e-05
5e-05
5e-05
5e-05
5e-05
5e-05
5e-05
5e-05
5e-05
5e-05
5e-05
5e-05
5e-05
5e-05
5e-05
5e-05
5e-05
5e-05
5e-05
5e-05
5e-05
5e-05
5e-05
5e-05
5e-05
5e-05
5e-05
5e-05
5e-05
5e-05
5e-05
5e-05
5e-05
5e-05
5e-05
5e-05
5e-05
5e-05
5e-05
5e-05
5e-05
5e-05
5e-05
5e-05
5e-05
5e-05
5e-05
5e-05
5e-05
5e-05
5e-05
5e-05
5e-05
5e-05
5e-05
5e-05
5e-05
5e-05
5e-05
5e-05
5e-05
5e-05
5e-05
5e-05
5e-05
5e-05
5e-05
5e-05
5e-05
5e-05
5e-05
5e-05
5e-05
5e-05
5e-05
5e-05
5e-05
5e-05
5e-05
5e-05
5e-05
5e-05
5e-05
5e-05
5e-05
5e-05
5e-05
5e-05
5e-05
5e-05
5e-05
5e-05
5e-05
5e-05
5e-05
5e-05
5e-05
5e-05
5e-05
5e-05
5e-05
5e-05
5e-05
5e-05
5e-05
5e-05
5e-05
5e-05
5e-05
5e-05
5e-05
5e-05
5e-05
5e-05
5e-05
5e-05
5e-05
5e-05
5e-05
5e-05
5e-05
5e-05
5e-05
5e-05
5e-05
5e-05
5e-05
5e-05
5e-05
5e-05
5e-05
5e-05
5e-05
5e-05
5e-05
5e-05
5.03972e-05
6.29e-05
0.000120324
0.000184412
0.000198626
0.000200495
0.00020024
0.000198152
0.000194755
0.000190767
0.000187044
0.000182994
0.00017873
0.000174374
0.00017044
0.000166656
0.000162781
0.00015888
0.000155005
0.000151195
0.000147476
0.000143871
0.000140392
0.000137038
0.000133813
0.000130712
0.000127737
0.000124883
0.000122143
0.000119513
0.000116996
0.000114632
0.000112619
0.000110623
0.000108633
0.000106663
0.000104728
0.00010284
0.000101008
9.92328e-05
9.75176e-05
9.5863e-05
9.42689e-05
9.27344e-05
9.12578e-05
8.98373e-05
8.84715e-05
8.71628e-05
8.59058e-05
8.46955e-05
8.35283e-05
8.2403e-05
8.13208e-05
8.02775e-05
7.92714e-05
7.83011e-05
7.73654e-05
7.64645e-05
7.55966e-05
7.47589e-05
7.39503e-05
7.31698e-05
7.24178e-05
7.16924e-05
7.09938e-05
7.03197e-05
6.96677e-05
6.90371e-05
6.84274e-05
6.7838e-05
6.72693e-05
6.67198e-05
6.61884e-05
6.56744e-05
6.51776e-05
6.46978e-05
6.42338e-05
6.37851e-05
6.33516e-05
6.29319e-05
6.25263e-05
6.21394e-05
6.18243e-05
6.15099e-05
6.11898e-05
6.08672e-05
6.05451e-05
6.02261e-05
5.99121e-05
5.96045e-05
5.93045e-05
5.90125e-05
5.87679e-05
5.85365e-05
5.83003e-05
5.80969e-05
5.78991e-05
5.76894e-05
5.74716e-05
5.72507e-05
5.70298e-05
5.68108e-05
5.65956e-05
5.63851e-05
5.61801e-05
5.59808e-05
5.57875e-05
5.56003e-05

