5e-05
5e-05
5e-05
5e-05
5e-05
5e-05
5e-05
5e-05
5e-05
5e-05
5e-05
5e-05
5e-05
5e-05
5e-05
5e-05
5e-05
5e-05
5e-05
5e-05
5e-05
5e-05
5e-05
5e-05
5e-05
5e-05
5e-05
5e-05
5e-05
5e-05
5e-05
5e-05
5e-05
5e-05
5e-05
5e-05
5e-05
5e-05
5e-05
5e-05
5e-05
5e-05
5e-05
5e-05
5e-05
5e-05
5e-05
5e-05
5e-05
5e-05
5e-05
5e-05
5e-05
5e-05
5e-05
5e-05
5e-05
5e-05
5e-05
5e-05
5e-05
5e-05
5e-05
5e-05
5e-05
5e-05
5e-05
5e-05
5e-05
5e-05
5e-05
5e-05
5e-05
5e-05
5e-05
5e-05
5e-05
5e-05
5e-05
5e-05
5e-05
5e-05
5e-05
5e-05
5e-05
5e-05
5e-05
5e-05
5e-05
5e-05
5e-05
5e-05
5e-05
5e-05
5e-05
5e-05
5e-05
5e-05
5e-05
5e-05
5e-05
5e-05
5e-05
5e-05
5e-05
5e-05
5e-05
5e-05
5.36182e-05
6.18622e-05
7.09358e-05
7.96843e-05
8.76701e-05
9.45653e-05
0.000100402
0.000106358
0.000111501
0.000115717
0.000119086
0.000121738
0.000124688
0.000127183
0.000129076
0.000130431
0.000131317
0.000131795
0.000131923
0.000131752
0.000131325
0.000130619
0.000129734
0.000128713
0.000127525
0.000126198
0.000124814
0.00012358
0.000126684
0.000147366
0.000173594
0.000175519
0.000171739
0.000166463
0.000160824
0.000155194
0.000149727
0.000144497
0.000139532
0.000134837
0.000130406
0.00012623
0.000122298
0.000118606
0.000115133
0.000111863
0.000108782
0.000105882
0.000103152
0.000100578
9.81525e-05
9.58639e-05
9.37064e-05
9.16697e-05
8.97447e-05
8.79273e-05
8.621e-05
8.45846e-05
8.30471e-05
8.15918e-05
8.02148e-05
7.891e-05
7.76725e-05
7.65004e-05
7.53879e-05
7.43349e-05
7.33337e-05
7.2381e-05
7.15059e-05
7.07321e-05
6.99738e-05
6.92307e-05
6.85065e-05
6.7805e-05
6.71301e-05
6.64818e-05
6.58589e-05
6.52607e-05
6.46883e-05
6.41406e-05
6.36156e-05
6.31125e-05
6.26308e-05
6.21702e-05
6.17289e-05
6.13069e-05
6.09029e-05
6.05152e-05
6.01436e-05
5.98049e-05
5.95098e-05
5.92145e-05
5.89198e-05
5.86281e-05
5.83416e-05
5.8062e-05
5.77901e-05
5.75264e-05
5.72715e-05
5.70251e-05
5.67876e-05
5.65586e-05
5.6338e-05
5.61254e-05
5.59204e-05
5.57231e-05
5.55329e-05
5.53496e-05
5.51733e-05
5.50221e-05
5.48824e-05
5.47411e-05
5.45989e-05
5.44572e-05
5.43173e-05
5.418e-05
5.40459e-05
5.39153e-05
5.37885e-05
5.36657e-05
5.35469e-05
5.34319e-05
5.33208e-05
5.32135e-05
5.31099e-05
5.30098e-05
5.29131e-05
5.28197e-05
5.27294e-05
5.26422e-05
5.25579e-05
5.24765e-05
5.23979e-05
5.23219e-05
5.22484e-05
5.21773e-05
5.21086e-05
5.20421e-05
5.19778e-05
5.19157e-05
5.18555e-05
5.17974e-05

