5e-05
5e-05
5e-05
5e-05
5e-05
5e-05
5e-05
5e-05
5e-05
5e-05
5e-05
5e-05
5e-05
5e-05
5e-05
5e-05
5e-05
5e-05
5e-05
5e-05
5e-05
5e-05
5e-05
5e-05
5e-05
5e-05
5e-05
5e-05
5e-05
5e-05
5e-05
5e-05
5e-05
5e-05
5e-05
5e-05
5e-05
5e-05
5e-05
5e-05
5e-05
5e-05
5e-05
5e-05
5e-05
5e-05
5e-05
5e-05
5e-05
5e-05
5e-05
5e-05
5e-05
5e-05
5e-05
5e-05
5e-05
5e-05
5e-05
5e-05
5e-05
5e-05
5e-05
5e-05
5e-05
5e-05
5e-05
5e-05
5e-05
5e-05
5e-05
5e-05
5e-05
5e-05
5e-05
5e-05
5e-05
5e-05
5e-05
5e-05
5e-05
5e-05
5e-05
5e-05
5e-05
5e-05
5e-05
5e-05
5e-05
5e-05
5e-05
5e-05
5e-05
5e-05
5e-05
5e-05
5e-05
5e-05
5e-05
5e-05
5e-05
5e-05
5e-05
5e-05
5e-05
5e-05
5e-05
5e-05
5e-05
5e-05
5e-05
5e-05
5e-05
5e-05
5e-05
5e-05
5e-05
5e-05
5e-05
5e-05
5e-05
5e-05
5e-05
5e-05
5e-05
5e-05
5e-05
5e-05
5e-05
5e-05
5e-05
5e-05
5e-05
5e-05
5e-05
5.22844e-05
5.9627e-05
6.82902e-05
7.80515e-05
8.9006e-05
9.8508e-05
0.000106501
0.000113435
0.00011989
0.000125129
0.000129206
0.000132803
0.000135322
0.000137073
0.000138951
0.000140818
0.00014198
0.000144562
0.000146734
0.000148064
0.000149892
0.000150588
0.000150329
0.000149345
0.000148393
0.00014705
0.000145378
0.000143474
0.000141327
0.000138961
0.000136507
0.000134489
0.000132385
0.000130195
0.000127983
0.000125768
0.000123514
0.000121136
0.000118765
0.000116448
0.000114217
0.000112051
0.000109965
0.000107929
0.000105967
0.000104053
0.000102195
0.000100421
9.87284e-05
9.71952e-05
9.59027e-05
9.46167e-05
9.35589e-05
9.24909e-05
9.13874e-05
9.02715e-05
8.91497e-05
8.80106e-05
8.68657e-05
8.57349e-05
8.46185e-05
8.34962e-05
8.23916e-05
8.13197e-05
8.02814e-05
7.92764e-05
7.8292e-05
7.73287e-05
7.63999e-05
7.54913e-05
7.4605e-05
7.37441e-05
7.29159e-05
7.2111e-05
7.13408e-05
7.0606e-05
6.99042e-05
6.92331e-05
6.85904e-05
6.79733e-05
6.73737e-05
6.67954e-05
6.62345e-05
6.56909e-05
6.51679e-05
6.4662e-05
6.41742e-05
6.40094e-05
6.41587e-05
6.42142e-05
6.41649e-05
6.40007e-05
6.37553e-05
6.34626e-05
6.31333e-05
6.27698e-05
6.24421e-05
6.20974e-05
6.17379e-05
6.13618e-05
6.09808e-05
6.06018e-05
6.02262e-05
6.00112e-05
6.01037e-05
6.01671e-05
6.02522e-05
6.0935e-05
6.31895e-05
6.32311e-05
6.26544e-05
6.20066e-05
6.13484e-05
6.07083e-05
6.00981e-05

