5e-05
5e-05
5e-05
5e-05
5e-05
5e-05
5e-05
5e-05
5e-05
5e-05
5e-05
5e-05
5e-05
5e-05
5e-05
5e-05
5e-05
5e-05
5e-05
5e-05
5e-05
5e-05
5e-05
5e-05
5e-05
5e-05
5e-05
5e-05
5e-05
5e-05
5e-05
5e-05
5e-05
5e-05
5e-05
5e-05
5e-05
5e-05
5e-05
5e-05
5e-05
5e-05
5e-05
5e-05
5e-05
5e-05
5e-05
5e-05
5e-05
5e-05
5e-05
5e-05
5e-05
5e-05
5e-05
5e-05
5e-05
5e-05
5e-05
5e-05
5e-05
5e-05
5e-05
5e-05
5e-05
5e-05
5e-05
5e-05
5e-05
5e-05
5e-05
5e-05
5e-05
5e-05
5e-05
5e-05
5e-05
5e-05
5e-05
5e-05
5e-05
5e-05
5e-05
5e-05
5e-05
5e-05
5e-05
5e-05
5e-05
5e-05
5e-05
5e-05
5e-05
5e-05
5e-05
5e-05
5e-05
5e-05
5e-05
5e-05
5e-05
5e-05
5e-05
5e-05
5e-05
5e-05
5e-05
5e-05
5e-05
5e-05
5e-05
5e-05
5e-05
5e-05
5e-05
5e-05
5e-05
5e-05
5e-05
5e-05
5e-05
5e-05
5e-05
5e-05
5.23578e-05
6.0024e-05
6.88392e-05
7.73319e-05
8.51332e-05
9.18833e-05
9.77368e-05
0.000102793
0.000107133
0.000110831
0.000113931
0.000116368
0.00011835
0.000120091
0.000122222
0.000123955
0.000125249
0.000126146
0.000126691
0.000126925
0.000126888
0.000126588
0.000126014
0.000125245
0.000124272
0.000123174
0.000121939
0.000120616
0.000119222
0.000117804
0.000116369
0.000114923
0.000113454
0.000111965
0.000110462
0.000108975
0.000107516
0.000106081
0.000104667
0.000103264
0.000101899
0.000101173
0.000102739
0.000104117
0.000105038
0.000105219
0.00010486
0.00010419
0.000103193
0.000101947
0.000100566
9.90843e-05
9.75481e-05
9.59724e-05
9.43801e-05
9.28229e-05
9.13101e-05
8.98448e-05
8.84132e-05
8.70187e-05
8.56315e-05
8.42982e-05
8.3029e-05
8.18213e-05
8.06714e-05
7.95753e-05
7.85294e-05
7.75267e-05
7.65604e-05
7.5636e-05
7.47513e-05
7.38968e-05
7.30738e-05
7.22808e-05
7.15062e-05
7.07642e-05
7.00543e-05
6.93745e-05
6.87206e-05
6.8087e-05
6.74786e-05
6.68876e-05
6.63134e-05
6.57625e-05
6.52308e-05
6.4718e-05
6.42266e-05
6.37526e-05
6.32941e-05
6.28541e-05
6.24316e-05
6.20218e-05
6.16262e-05
6.1246e-05
6.08803e-05
6.0528e-05
6.01844e-05
5.98494e-05
5.95264e-05
5.92143e-05
5.89117e-05
5.86208e-05
5.83413e-05
5.80714e-05
5.78088e-05
5.75561e-05
5.73128e-05
5.70975e-05
5.69098e-05
5.67193e-05
5.6526e-05
5.63347e-05
5.61464e-05
5.59614e-05
5.578e-05
5.56022e-05
5.54261e-05
5.52544e-05
5.50875e-05
5.49252e-05
5.47658e-05
5.46114e-05
5.44617e-05
5.43145e-05
5.41716e-05
5.40341e-05

