5e-05
5e-05
5e-05
5e-05
5e-05
5e-05
5e-05
5e-05
5e-05
5e-05
5e-05
5e-05
5e-05
5e-05
5e-05
5e-05
5e-05
5e-05
5e-05
5e-05
5e-05
5e-05
5e-05
5e-05
5e-05
5e-05
5e-05
5e-05
5e-05
5e-05
5e-05
5e-05
5e-05
5e-05
5e-05
5e-05
5e-05
5e-05
5e-05
5e-05
5e-05
5e-05
5e-05
5e-05
5e-05
5e-05
5e-05
5e-05
5e-05
5e-05
5e-05
5e-05
5e-05
5e-05
5e-05
5e-05
5e-05
5e-05
5e-05
5e-05
5e-05
5e-05
5e-05
5e-05
5e-05
5e-05
5e-05
5e-05
5e-05
5e-05
5e-05
5e-05
5e-05
5e-05
5e-05
5e-05
5e-05
5e-05
5e-05
5e-05
5e-05
5e-05
5e-05
5e-05
5e-05
5e-05
5e-05
5e-05
5e-05
5e-05
5e-05
5e-05
5e-05
5e-05
5e-05
5e-05
5e-05
5e-05
5e-05
5e-05
5e-05
5e-05
5e-05
5e-05
5e-05
5e-05
5e-05
5e-05
5e-05
5e-05
5e-05
5e-05
5e-05
5e-05
5e-05
5e-05
5e-05
5e-05
5e-05
5e-05
5e-05
5e-05
5e-05
5e-05
5e-05
5e-05
5e-05
5e-05
5e-05
5e-05
5e-05
5e-05
5e-05
5e-05
5e-05
5e-05
5e-05
5e-05
5.2468e-05
7.54235e-05
9.32451e-05
0.000109702
0.000124752
0.000138073
0.000154026
0.000171282
0.000208357
0.000225339
0.000225026
0.000226547
0.000229214
0.000232762
0.000236984
0.000241686
0.000246683
0.000251802
0.000256894
0.000261834
0.000266526
0.000270902
0.00027492
0.000278569
0.000281873
0.000284903
0.000287829
0.000291103
0.000297337
0.000297195
0.000283036
0.000270059
0.000258138
0.000247152
0.000236992
0.000227566
0.00021879
0.000210593
0.000202912
0.000195695
0.000188896
0.000182476
0.000176401
0.000170643
0.000165177
0.000159983
0.000155041
0.000150336
0.000145854
0.000141582
0.000137508
0.000133624
0.000130013
0.00013047
0.00013717
0.000133265
0.000130404
0.000128231
0.000126339
0.000124511
0.000122648
0.000120714
0.000118705
0.000116634
0.000114516
0.000112364
0.000110193
0.000108017
0.00010585
0.000103705
0.000101591
9.95163e-05
9.7489e-05
9.55143e-05
9.35966e-05
9.17391e-05
8.99441e-05
8.82128e-05
8.65461e-05
8.49439e-05
8.34059e-05
8.19312e-05
8.05188e-05
7.91671e-05
7.78746e-05
7.66395e-05
7.54599e-05
7.43339e-05
7.32596e-05
7.22348e-05
7.12576e-05
7.03259e-05
6.94379e-05
6.85915e-05
6.77849e-05
6.70162e-05
6.62838e-05
6.58153e-05
6.65229e-05
6.80487e-05
6.72988e-05
6.67521e-05
6.63056e-05
6.58893e-05
6.6022e-05
6.71794e-05
6.64438e-05
6.80377e-05
9.2843e-05
0.000115464
0.000137189
0.000156768

