5e-05
5e-05
5e-05
5e-05
5e-05
5e-05
5e-05
5e-05
5e-05
5e-05
5e-05
5e-05
5e-05
5e-05
5e-05
5e-05
5e-05
5e-05
5e-05
5e-05
5e-05
5e-05
5e-05
5e-05
5e-05
5e-05
5e-05
5e-05
5e-05
5e-05
5e-05
5e-05
5e-05
5e-05
5e-05
5e-05
5e-05
5e-05
5e-05
5e-05
5e-05
5e-05
5e-05
5e-05
5e-05
5e-05
5e-05
5e-05
5e-05
5e-05
5e-05
5e-05
5e-05
5e-05
5e-05
5e-05
5e-05
5e-05
5e-05
5e-05
5e-05
5e-05
5e-05
5e-05
5e-05
5e-05
5e-05
5e-05
5e-05
5e-05
5e-05
5e-05
5e-05
5e-05
5e-05
5e-05
5e-05
5e-05
5e-05
5e-05
5e-05
5e-05
5e-05
5e-05
5e-05
5e-05
5e-05
5e-05
5e-05
5e-05
5e-05
5e-05
5e-05
5e-05
5e-05
5e-05
5e-05
5e-05
5e-05
5e-05
5e-05
5e-05
5e-05
5e-05
5e-05
5e-05
5e-05
5e-05
5e-05
5e-05
5e-05
5e-05
5e-05
5e-05
5e-05
5e-05
5e-05
5e-05
5e-05
5e-05
5e-05
5e-05
5e-05
5e-05
5e-05
5e-05
5e-05
5e-05
5e-05
5e-05
5e-05
5e-05
5e-05
5e-05
5e-05
5e-05
5e-05
5e-05
5e-05
5e-05
5e-05
5e-05
5e-05
5e-05
5e-05
5e-05
5e-05
5e-05
5.09267e-05
5.82038e-05
6.84689e-05
7.8618e-05
9.10009e-05
0.000102306
0.000111707
0.000121306
0.000128649
0.000134047
0.000137889
0.000141369
0.00014387
0.000145518
0.000146486
0.000146785
0.000146472
0.000145769
0.0001455
0.000144882
0.000143932
0.000142764
0.00014142
0.000139859
0.000137964
0.000135944
0.000133884
0.000131841
0.000129792
0.000127768
0.000125731
0.000123724
0.000121713
0.000119717
0.000117785
0.000115918
0.000114238
0.000112876
0.000111477
0.000110383
0.000109233
0.000107991
0.000106696
0.00010536
0.000103968
0.000102541
0.000101109
9.96772e-05
9.82147e-05
9.67597e-05
9.53364e-05
9.39479e-05
9.25949e-05
9.12592e-05
8.99427e-05
8.86666e-05
8.74104e-05
8.61779e-05
8.49748e-05
8.38128e-05
8.26784e-05
8.15895e-05
8.05479e-05
7.95505e-05
7.85941e-05
7.76757e-05
7.67914e-05
7.59294e-05
7.50955e-05
7.42845e-05
7.34962e-05
7.2736e-05
7.19989e-05
7.12866e-05
7.10663e-05
7.13244e-05
7.14366e-05
7.13863e-05
7.1158e-05
7.08037e-05
7.03754e-05
6.98894e-05
6.93498e-05
6.88636e-05
6.83502e-05
6.7813e-05
6.72493e-05
6.66772e-05
6.61075e-05
6.55419e-05
6.52217e-05
6.53715e-05
6.54761e-05
6.56134e-05
6.66653e-05
7.01232e-05
7.01924e-05
6.93144e-05
6.83273e-05
6.73239e-05
6.63478e-05
6.54172e-05

