5e-05
5e-05
5e-05
5e-05
5e-05
5e-05
5e-05
5.17585e-05
5.90189e-05
6.96714e-05
8.06421e-05
9.05606e-05
9.93247e-05
0.000107432
0.000115247
0.000122418
0.000128587
0.000133795
0.000137948
0.000140618
0.000141981
0.000142732
0.000142893
0.000142918
0.0001484
0.000153428
0.00015718
0.000159753
0.000160971
0.000161363
0.00016196
0.000161816
0.000160999
0.000159497
0.000157566
0.000155334
0.000152886
0.000150287
0.000147592
0.000144843
0.000142075
0.000139308
0.000136519
0.000133762
0.000130996
0.000128583
0.000126434
0.000124508
0.000125933
0.000127931
0.000129177
0.00012944
0.000128533
0.000126956
0.000125044
0.00012287
0.000120483
0.00011802
0.000115536
0.000113007
0.000110384
0.000107801
0.00010533
0.000102978
0.000100738
9.85956e-05
9.65652e-05
9.46262e-05
9.27729e-05
9.10027e-05
8.933e-05
8.77552e-05
8.62694e-05
8.48548e-05
8.3511e-05
8.22325e-05
8.10211e-05
7.98636e-05
7.87426e-05
7.766e-05
7.66225e-05
7.56256e-05
7.46625e-05
7.37396e-05
7.28554e-05
7.20159e-05
7.12146e-05
7.04474e-05
6.97097e-05
6.90005e-05
6.83158e-05
6.76529e-05
6.70177e-05
6.64092e-05
6.5826e-05
6.52806e-05
6.48361e-05
6.44099e-05
6.3992e-05
6.35815e-05
6.31783e-05
6.27793e-05
6.23794e-05
6.19852e-05
6.16004e-05
6.12495e-05
6.09402e-05
6.06265e-05
6.03037e-05
5.99789e-05
5.96617e-05
5.93527e-05
5.90509e-05
5.87512e-05
5.84599e-05
5.81755e-05
5.78988e-05
5.76257e-05
5.73622e-05
5.71101e-05
5.68688e-05
5.66355e-05
5.6408e-05
5.61841e-05
5.59696e-05
5.57636e-05
5.55665e-05
5.53785e-05
5.5197e-05
5.50231e-05
5.48568e-05
5.4696e-05
5.45412e-05
5.43949e-05
5.42774e-05
5.4182e-05
5.40908e-05
5.39953e-05
5.38994e-05
5.38117e-05
5.37177e-05
5.36295e-05
5.35501e-05
5.34658e-05
5.3377e-05
5.32842e-05
5.3189e-05
5.31197e-05
5.30439e-05
5.2955e-05
5.28605e-05
5.27651e-05
5.26808e-05
5.25981e-05
5.25145e-05
5.243e-05
5.23446e-05
5.22619e-05
5.21803e-05
5.21001e-05
5.20225e-05
5.1948e-05
5.18767e-05
5.18102e-05
5.1752e-05
5.16947e-05
5.16387e-05
5.15844e-05
5.15307e-05
5.14782e-05
5.14273e-05
5.13779e-05
5.13305e-05
5.12895e-05
5.12524e-05
5.12147e-05
5.11773e-05
5.11406e-05
5.11038e-05
5.10678e-05
5.10322e-05
5.09974e-05
5.09635e-05
5.09307e-05
5.08986e-05
5.08675e-05
5.08377e-05
5.08092e-05
5.07819e-05
5.07557e-05
5.07305e-05
5.07064e-05
5.0683e-05
5.066e-05
5.06376e-05
5.06162e-05
5.05956e-05
5.05757e-05
5.05565e-05
5.0538e-05
5.05201e-05
5.05029e-05
5.04861e-05
5.04701e-05
5.04543e-05
5.04391e-05
5.04243e-05
5.041e-05
5.03963e-05
5.0383e-05
5.03702e-05
5.03578e-05
5.0346e-05
5.03347e-05
5.03238e-05
5.03132e-05
5.03039e-05
5.02956e-05
5.02874e-05
5.02792e-05
5.02709e-05
5.02627e-05
5.02543e-05
5.02462e-05
5.02383e-05
5.02307e-05
5.02232e-05
5.02159e-05
5.02089e-05
5.02021e-05
5.01955e-05
5.0189e-05
5.01828e-05
5.01767e-05
5.01708e-05
5.01651e-05
5.01596e-05
5.01543e-05
5.0149e-05
5.01443e-05
5.01404e-05
5.01365e-05
5.0133e-05
5.01299e-05
5.01267e-05
5.01234e-05
5.01201e-05
5.01166e-05
5.01131e-05
5.01097e-05

