5e-05
5e-05
5e-05
5e-05
5e-05
5e-05
5e-05
5e-05
5e-05
5e-05
5e-05
5e-05
5e-05
5e-05
5e-05
5e-05
5e-05
5e-05
5e-05
5e-05
5e-05
5e-05
5e-05
5e-05
5e-05
5e-05
5e-05
5e-05
5e-05
5e-05
5e-05
5e-05
5e-05
5e-05
5e-05
5e-05
5e-05
5e-05
5e-05
5e-05
5e-05
5e-05
5e-05
5e-05
5e-05
5e-05
5e-05
5e-05
5e-05
5e-05
5e-05
5e-05
5e-05
5e-05
5e-05
5e-05
5e-05
5e-05
5e-05
5e-05
5e-05
5e-05
5e-05
5e-05
5e-05
5e-05
5e-05
5e-05
5e-05
5e-05
5e-05
5e-05
5e-05
5e-05
5e-05
5e-05
5e-05
5e-05
5e-05
5e-05
5e-05
5e-05
5e-05
5e-05
5e-05
5e-05
5e-05
5e-05
5e-05
5e-05
5e-05
5e-05
5e-05
5e-05
5e-05
5e-05
5e-05
5e-05
5e-05
5e-05
5e-05
5e-05
5e-05
5e-05
5e-05
5e-05
5e-05
5e-05
5.08988e-05
5.70556e-05
6.51896e-05
7.34658e-05
8.12924e-05
8.80238e-05
9.38249e-05
9.8735e-05
0.00010297
0.000106603
0.00010967
0.000112234
0.000114294
0.000115996
0.000117382
0.000118481
0.000119319
0.000120095
0.000121205
0.000121913
0.000122296
0.000122361
0.000122163
0.000121703
0.000121075
0.000120331
0.000119489
0.000118808
0.000118313
0.0001177
0.000117491
0.000117904
0.000117998
0.000117754
0.00011734
0.000116981
0.000116343
0.000115432
0.000114519
0.000113336
0.000112
0.000110878
0.000109899
0.000108757
0.000108344
0.000107873
0.00010715
0.000106739
0.000105938
0.000104816
0.000103462
0.000102195
0.000100827
9.93807e-05
9.78923e-05
9.6353e-05
9.47685e-05
9.31909e-05
9.18402e-05
9.04905e-05
8.91394e-05
8.78112e-05
8.65114e-05
8.52226e-05
8.39069e-05
8.2617e-05
8.1372e-05
8.01836e-05
7.90413e-05
7.79499e-05
7.68956e-05
7.58872e-05
7.49125e-05
7.39739e-05
7.30827e-05
7.22366e-05
7.14679e-05
7.08106e-05
7.01643e-05
6.96227e-05
6.90839e-05
6.85364e-05
6.79897e-05
6.7446e-05
6.69001e-05
6.63565e-05
6.58233e-05
6.53002e-05
6.47783e-05
6.42674e-05
6.37735e-05
6.32969e-05
6.28371e-05
6.23886e-05
6.19514e-05
6.1531e-05
6.11211e-05
6.07225e-05
6.03364e-05
5.99657e-05
5.96064e-05
5.92631e-05
5.89361e-05
5.86243e-05
5.83265e-05
5.80418e-05
5.77688e-05
5.75041e-05
5.72492e-05
5.70024e-05
5.67636e-05
5.65341e-05
5.63125e-05
5.6099e-05
5.60234e-05
5.60817e-05
5.61005e-05
5.60752e-05
5.60013e-05
5.58932e-05
5.57653e-05
5.56221e-05
5.54647e-05
5.53226e-05
5.51735e-05
5.50184e-05
5.48563e-05
5.46923e-05
5.45294e-05
5.4368e-05
5.42751e-05
5.43129e-05
5.43386e-05
5.43735e-05
5.46627e-05
5.56202e-05
5.56369e-05
5.53908e-05
5.51146e-05
5.4834e-05
5.45612e-05
5.43011e-05

