5e-05
5e-05
5e-05
5e-05
5e-05
5e-05
5e-05
5e-05
5e-05
5e-05
5e-05
5e-05
5e-05
5e-05
5e-05
5e-05
5e-05
5e-05
5e-05
5e-05
5e-05
5e-05
5e-05
5e-05
5e-05
5e-05
5e-05
5e-05
5e-05
5e-05
5e-05
5e-05
5e-05
5e-05
5e-05
5e-05
5e-05
5e-05
5e-05
5e-05
5e-05
5e-05
5e-05
5e-05
5e-05
5e-05
5e-05
5e-05
5e-05
5e-05
5e-05
5e-05
5e-05
5e-05
5e-05
5e-05
5e-05
5e-05
5e-05
5e-05
5e-05
5e-05
5e-05
5e-05
5e-05
5e-05
5e-05
5e-05
5e-05
5e-05
5e-05
5e-05
5e-05
5e-05
5e-05
5e-05
5e-05
5e-05
5e-05
5e-05
5e-05
5e-05
5e-05
5e-05
5e-05
5e-05
5e-05
5e-05
5e-05
5e-05
5e-05
5e-05
5e-05
5e-05
5e-05
5e-05
5e-05
5e-05
5e-05
5e-05
5e-05
5e-05
5e-05
5e-05
5e-05
5e-05
5e-05
5e-05
5e-05
5e-05
5e-05
5e-05
5e-05
5e-05
5e-05
5e-05
5e-05
5e-05
5e-05
5e-05
5e-05
5e-05
5e-05
5e-05
5e-05
5e-05
5e-05
5e-05
5e-05
5e-05
5e-05
5e-05
5e-05
5e-05
5e-05
5e-05
5.81468e-05
0.000107297
0.000175559
0.00019273
0.000196083
0.000194831
0.000191798
0.000187961
0.00018376
0.000179433
0.000175102
0.000170833
0.000166655
0.000162589
0.000158645
0.000154853
0.000151196
0.000147661
0.000144248
0.00014096
0.000137795
0.000134739
0.000131801
0.000128967
0.00012624
0.000123613
0.000121079
0.00011864
0.000116293
0.000114027
0.000111845
0.000109743
0.000107721
0.000105771
0.000103891
0.000102083
0.000100339
9.86656e-05
9.70496e-05
9.54883e-05
9.40576e-05
9.28202e-05
9.15702e-05
9.03111e-05
8.90555e-05
8.78156e-05
8.66044e-05
8.54242e-05
8.42753e-05
8.3158e-05
8.20772e-05
8.10324e-05
8.00204e-05
7.9041e-05
7.8095e-05
7.71825e-05
7.63009e-05
7.54514e-05
7.46316e-05
7.38389e-05
7.30739e-05
7.2378e-05
7.17785e-05
7.11694e-05
7.05529e-05
6.99358e-05
6.93241e-05
6.87224e-05
6.81334e-05
6.75585e-05
6.69997e-05
6.64568e-05
6.59312e-05
6.5422e-05
6.49296e-05
6.44529e-05
6.39918e-05
6.35463e-05
6.31153e-05
6.26987e-05
6.22965e-05
6.19538e-05
6.1637e-05
6.13143e-05
6.09876e-05
6.06607e-05
6.03367e-05
6.00176e-05
5.9705e-05
5.94e-05
5.91032e-05
5.8815e-05
5.85356e-05
5.82649e-05
5.80027e-05
5.77493e-05
5.75041e-05
5.72668e-05
5.70373e-05
5.68152e-05
5.66004e-05
5.63927e-05
5.61917e-05
5.59974e-05
5.58094e-05
5.56276e-05
5.54516e-05
5.52813e-05
5.51164e-05
5.49567e-05
5.48022e-05
5.46527e-05
5.4508e-05
5.43679e-05

