5e-05
5e-05
5e-05
5e-05
5e-05
5e-05
5e-05
5e-05
5e-05
5e-05
5e-05
5e-05
5.15783e-05
6.00027e-05
7.013e-05
8.1091e-05
9.11996e-05
9.99114e-05
0.000107251
0.000113158
0.000117416
0.000120661
0.0001233
0.000125276
0.000126737
0.000127808
0.00012858
0.000129068
0.000129269
0.000129214
0.00012899
0.000128584
0.000128031
0.000127366
0.000126562
0.000125679
0.00012473
0.000123723
0.000122657
0.000121504
0.00012031
0.000119047
0.000117736
0.000116714
0.00011587
0.00011494
0.000113926
0.000112833
0.000111629
0.000110377
0.000109093
0.000107781
0.000106353
0.000104913
0.000103491
0.000102092
0.000100717
9.93448e-05
9.79915e-05
9.66673e-05
9.53336e-05
9.39984e-05
9.41374e-05
9.50169e-05
9.5564e-05
9.58042e-05
9.56972e-05
9.53642e-05
9.48297e-05
9.41133e-05
9.32398e-05
9.2238e-05
9.11378e-05
8.99671e-05
8.87337e-05
8.7457e-05
8.61793e-05
8.5076e-05
8.53414e-05
8.59639e-05
9.3629e-05
9.77315e-05
9.68591e-05
9.477e-05
9.24791e-05
9.02043e-05
8.80098e-05
8.59267e-05
8.39601e-05
8.21162e-05
8.03927e-05
7.87839e-05
7.72802e-05
7.58763e-05
7.45666e-05
7.33444e-05
7.2203e-05
7.1136e-05
7.01375e-05
6.92016e-05
6.83233e-05
6.74965e-05
6.67162e-05
6.60453e-05
6.54186e-05
6.48169e-05
6.42323e-05
6.36707e-05
6.31321e-05
6.26158e-05
6.21209e-05
6.16465e-05
6.11906e-05
6.07428e-05
6.0307e-05
5.98864e-05
5.94871e-05
5.91084e-05
5.87489e-05
5.84074e-05
5.80826e-05
5.77759e-05
5.75192e-05
5.72749e-05
5.70355e-05
5.67976e-05
5.65649e-05
5.63354e-05
5.61124e-05
5.58969e-05
5.56886e-05
5.54887e-05
5.53221e-05
5.5161e-05
5.4999e-05
5.48381e-05
5.46777e-05
5.45208e-05
5.43658e-05
5.42129e-05
5.40785e-05
5.39576e-05
5.38375e-05
5.37153e-05
5.35933e-05
5.34733e-05
5.33658e-05
5.32653e-05
5.31633e-05
5.30609e-05
5.29574e-05
5.28549e-05
5.27543e-05
5.2657e-05
5.25627e-05
5.24722e-05
5.23839e-05
5.22961e-05
5.22112e-05
5.22035e-05
5.22167e-05
5.2218e-05
5.22048e-05
5.2177e-05
5.21339e-05
5.20796e-05
5.20211e-05
5.19602e-05
5.18979e-05
5.18352e-05
5.17725e-05
5.17096e-05
5.16476e-05
5.15871e-05
5.15277e-05
5.14696e-05
5.1413e-05
5.13582e-05
5.13054e-05
5.12551e-05
5.12083e-05
5.11687e-05
5.11304e-05
5.1093e-05
5.10564e-05
5.10207e-05
5.09859e-05
5.0953e-05
5.09242e-05
5.0895e-05
5.08659e-05
5.08369e-05
5.08085e-05
5.07809e-05
5.0754e-05
5.07276e-05
5.07019e-05
5.06772e-05
5.0653e-05
5.06297e-05
5.06087e-05
5.05901e-05
5.05718e-05
5.05537e-05
5.05355e-05
5.05175e-05
5.05016e-05
5.04868e-05
5.04721e-05
5.04575e-05
5.0443e-05
5.04281e-05
5.04135e-05
5.03993e-05
5.03856e-05
5.03723e-05
5.03612e-05
5.03502e-05
5.03395e-05
5.03289e-05
5.03184e-05
5.0308e-05
5.02978e-05
5.02877e-05
5.02779e-05
5.02683e-05
5.0259e-05
5.025e-05
5.02413e-05
5.02329e-05
5.02248e-05
5.02171e-05
5.02096e-05
5.02023e-05
5.01953e-05
5.01886e-05
5.01822e-05
5.0176e-05
5.01705e-05
5.01656e-05
5.01606e-05
5.01557e-05
5.01507e-05
5.0146e-05
5.01413e-05
5.01368e-05
5.01324e-05
5.0128e-05
5.01238e-05
5.01196e-05

