5e-05
5e-05
5e-05
5e-05
5e-05
5e-05
5e-05
5e-05
5e-05
5e-05
5e-05
5e-05
5e-05
5e-05
5e-05
5e-05
5e-05
5e-05
5e-05
5e-05
5e-05
5e-05
5e-05
5e-05
5e-05
5e-05
5e-05
5e-05
5e-05
5e-05
5e-05
5e-05
5e-05
5e-05
5e-05
5e-05
5e-05
5e-05
5e-05
5e-05
5e-05
5e-05
5e-05
5e-05
5e-05
5e-05
5e-05
5e-05
5e-05
5e-05
5e-05
5e-05
5e-05
5e-05
5e-05
5e-05
5e-05
5e-05
5e-05
5e-05
5e-05
5e-05
5e-05
5e-05
5e-05
5e-05
5e-05
5e-05
5e-05
5e-05
5e-05
5e-05
5e-05
5e-05
5e-05
5e-05
5e-05
5e-05
5e-05
5e-05
5e-05
5e-05
5e-05
5e-05
5e-05
5e-05
5e-05
5e-05
5e-05
5e-05
5e-05
5e-05
5e-05
5e-05
5e-05
5e-05
5e-05
5e-05
5e-05
5e-05
5e-05
5e-05
5e-05
5e-05
5e-05
5e-05
5e-05
5e-05
5e-05
5e-05
5e-05
5e-05
5e-05
5e-05
5.05235e-05
5.67104e-05
6.53692e-05
7.40249e-05
8.2133e-05
8.94058e-05
9.57577e-05
0.000101563
0.00010747
0.000112417
0.000116536
0.000119951
0.000122701
0.000124814
0.000126449
0.000129337
0.000137784
0.000146378
0.000169627
0.000212952
0.000220209
0.000216258
0.000209771
0.000202677
0.00019547
0.000188478
0.000181786
0.000175454
0.000169486
0.000164116
0.000159305
0.000155163
0.000151523
0.000147996
0.000144371
0.000140764
0.000137219
0.000133783
0.000130401
0.000127103
0.000123949
0.000120922
0.000118002
0.000115223
0.000112577
0.000110058
0.00010766
0.000105388
0.000103245
0.000101208
9.92388e-05
9.74113e-05
9.5862e-05
9.43571e-05
9.28852e-05
9.14554e-05
9.00733e-05
8.87215e-05
8.73847e-05
8.60831e-05
8.4821e-05
8.35997e-05
8.2421e-05
8.12645e-05
8.01484e-05
7.90837e-05
7.80493e-05
7.70403e-05
7.60639e-05
7.51349e-05
7.42442e-05
7.34365e-05
7.27565e-05
7.20948e-05
7.14451e-05
7.08029e-05
7.01625e-05
6.95159e-05
6.888e-05
6.82643e-05
6.76622e-05
6.70802e-05
6.6517e-05
6.59697e-05
6.54427e-05
6.49352e-05
6.44421e-05
6.39651e-05
6.35009e-05
6.30517e-05
6.26061e-05
6.2171e-05
6.17503e-05
6.13453e-05
6.09563e-05
6.05844e-05
6.02298e-05
5.9891e-05
5.9567e-05
5.92564e-05
5.89585e-05
5.89911e-05
5.91315e-05
5.91832e-05
5.91655e-05
5.90971e-05
5.89845e-05
5.88301e-05
5.86311e-05
5.8397e-05
5.81438e-05
5.7884e-05
5.76219e-05
5.73572e-05
5.70938e-05
5.68361e-05
5.65853e-05
5.63421e-05
5.6107e-05
5.58786e-05
5.56572e-05
5.54447e-05
5.52408e-05
5.50455e-05
5.48583e-05
5.46771e-05
5.45031e-05
5.43351e-05
5.41744e-05
5.40211e-05
5.38745e-05
5.37345e-05
5.36005e-05
5.34723e-05
5.33494e-05
5.32302e-05

