5e-05
5e-05
5e-05
5e-05
5e-05
5e-05
5e-05
5e-05
5e-05
5e-05
5e-05
5e-05
5e-05
5e-05
5e-05
5e-05
5e-05
5e-05
5e-05
5e-05
5e-05
5e-05
5e-05
5e-05
5e-05
5e-05
5e-05
5e-05
5e-05
5e-05
5e-05
5e-05
5e-05
5e-05
5e-05
5e-05
5e-05
5e-05
5e-05
5e-05
5e-05
5e-05
5e-05
5e-05
5e-05
5e-05
5e-05
5e-05
5e-05
5e-05
5e-05
5e-05
5e-05
7.00458e-05
8.51471e-05
9.79145e-05
0.000109159
0.000124653
0.000164306
0.000192712
0.000196721
0.000203825
0.000211662
0.000218868
0.000224793
0.000229207
0.000232104
0.000233593
0.000233832
0.000232996
0.000231253
0.000228762
0.000225664
0.000222081
0.000219065
0.000216496
0.000213535
0.000210133
0.000206368
0.000202326
0.000198082
0.000193702
0.000189236
0.000184732
0.000180224
0.000175744
0.000171315
0.000166958
0.000162686
0.000158513
0.000154447
0.000150495
0.000146662
0.00014295
0.000139361
0.000135896
0.000132553
0.000129332
0.000126232
0.000123248
0.00012038
0.000117623
0.000114975
0.000112432
0.000109991
0.000107649
0.000105402
0.000103246
0.000101179
9.9196e-05
9.72946e-05
9.74792e-05
0.000104613
0.000103276
0.000102169
0.000101626
0.000101253
0.000100842
0.000100302
9.96058e-05
9.87567e-05
9.77729e-05
9.66753e-05
9.54835e-05
9.44646e-05
9.35212e-05
9.24997e-05
9.13931e-05
9.02183e-05
8.8993e-05
8.77335e-05
8.64538e-05
8.5166e-05
8.38804e-05
8.26054e-05
8.1348e-05
8.01139e-05
7.89075e-05
7.77343e-05
7.67358e-05
7.58222e-05
7.50397e-05
7.45313e-05
7.40196e-05
7.34519e-05
7.28329e-05
7.27005e-05
7.33927e-05
7.48309e-05
7.34975e-05
7.22782e-05
7.1175e-05
7.03055e-05
6.96841e-05
6.97191e-05
7.04025e-05
6.96165e-05
6.92488e-05
6.91492e-05
6.92397e-05
6.9892e-05
6.94035e-05
6.83678e-05
6.74557e-05
6.66475e-05
6.59321e-05
6.5375e-05
6.49253e-05
6.45399e-05
6.42025e-05
6.39026e-05
6.36312e-05
6.33803e-05
6.31429e-05
6.29132e-05
6.26857e-05
6.24557e-05
6.22191e-05
6.19721e-05
6.17121e-05
6.14369e-05
6.11458e-05
6.0839e-05
6.05176e-05
6.01837e-05
5.98396e-05
5.94883e-05
5.91326e-05
5.87752e-05
5.84187e-05
5.80653e-05
5.77171e-05
5.73758e-05
5.70426e-05
5.67188e-05
5.65563e-05
5.67632e-05
5.64097e-05
5.61423e-05
5.59287e-05
5.57404e-05
5.55617e-05
5.53853e-05
5.5208e-05
5.50291e-05
5.48491e-05
5.46689e-05
5.44896e-05
5.43121e-05
5.41374e-05
5.39662e-05
5.37988e-05
5.36577e-05
5.37195e-05
5.36572e-05
5.34905e-05
5.33612e-05
5.32493e-05
5.31433e-05
5.30383e-05
5.29322e-05
5.28249e-05
5.27169e-05
5.26089e-05
5.25019e-05
5.23964e-05
5.22932e-05
5.21927e-05
5.20953e-05
5.20012e-05
5.19105e-05
5.18234e-05
5.174e-05
5.16601e-05
5.15838e-05
5.15111e-05
5.14417e-05
5.13755e-05
5.13123e-05
5.12591e-05
5.12182e-05
5.11789e-05
5.11393e-05
5.10993e-05
5.10593e-05
5.10195e-05
5.09802e-05
5.09414e-05
5.09035e-05
5.08664e-05

