5e-05
5e-05
5e-05
5e-05
5e-05
5e-05
5e-05
5e-05
5e-05
5e-05
5e-05
5e-05
5e-05
5e-05
5e-05
5e-05
5e-05
5e-05
5e-05
5e-05
5e-05
5e-05
5e-05
5e-05
5e-05
5e-05
5e-05
5e-05
5e-05
5e-05
5e-05
5e-05
5e-05
5e-05
5e-05
5e-05
5e-05
5e-05
5e-05
5e-05
5e-05
5e-05
5e-05
5e-05
5e-05
5e-05
5e-05
5e-05
5e-05
5e-05
5e-05
5e-05
5e-05
5e-05
5e-05
5e-05
5e-05
5e-05
5e-05
5e-05
5e-05
5e-05
5e-05
5e-05
5e-05
5e-05
5e-05
5e-05
5e-05
5e-05
5e-05
5e-05
5e-05
5e-05
5e-05
5e-05
5e-05
5e-05
5e-05
5e-05
5e-05
5e-05
5e-05
5e-05
5e-05
5e-05
5e-05
5e-05
5e-05
5e-05
5e-05
5e-05
5e-05
5e-05
5e-05
5e-05
5e-05
5e-05
5e-05
5e-05
5e-05
5e-05
5e-05
5e-05
5e-05
5e-05
5e-05
6.03037e-05
8.11983e-05
9.91187e-05
0.000115421
0.000129904
0.000142081
0.000152032
0.000160081
0.000166503
0.000171535
0.000175369
0.000178158
0.000180036
0.000181126
0.000181536
0.00018136
0.000180684
0.000179584
0.000178124
0.000176363
0.000174353
0.000172137
0.000170955
0.000171393
0.000171495
0.000170964
0.000169861
0.000168548
0.00016841
0.000170243
0.000171762
0.000172422
0.000172263
0.000171405
0.000169963
0.000168043
0.000165882
0.000164278
0.000162525
0.000160429
0.000158024
0.000155372
0.000152532
0.000149556
0.000146487
0.00014386
0.000142295
0.000140691
0.00013884
0.000136759
0.000134495
0.000132094
0.000129595
0.000127032
0.000124434
0.000121825
0.000119225
0.000116652
0.000114117
0.000111632
0.000109205
0.000106842
0.000104548
0.000102326
0.000100179
9.81075e-05
9.61119e-05
9.4192e-05
9.23471e-05
9.05758e-05
8.88768e-05
8.72482e-05
8.56881e-05
8.41944e-05
8.27648e-05
8.13971e-05
8.00891e-05
7.88384e-05
7.76427e-05
7.64999e-05
7.54076e-05
7.43637e-05
7.33661e-05
7.24128e-05
7.15017e-05
7.0631e-05
6.97989e-05
6.90035e-05
6.82432e-05
6.75163e-05
6.68213e-05
6.61568e-05
6.55211e-05
6.49131e-05
6.43314e-05
6.37749e-05
6.32422e-05
6.27323e-05
6.22441e-05
6.17767e-05
6.1329e-05
6.09001e-05
6.04892e-05
6.00954e-05
5.97179e-05
5.9356e-05
5.9009e-05
5.86762e-05
5.83569e-05
5.80505e-05
5.77565e-05
5.74743e-05
5.72034e-05
5.69432e-05
5.66933e-05
5.65436e-05
5.69917e-05
5.82111e-05
5.79909e-05
5.77697e-05
5.76047e-05
5.74566e-05
5.73053e-05
5.71428e-05
5.6967e-05
5.67792e-05
5.65818e-05
5.63775e-05
5.61691e-05
5.59588e-05
5.57485e-05
5.55398e-05
5.53341e-05
5.51323e-05
5.49352e-05
5.47433e-05
5.45616e-05
5.44134e-05
5.42729e-05
5.4132e-05
5.39907e-05
5.385e-05
5.37108e-05

