5e-05
5e-05
5e-05
5e-05
5e-05
5e-05
5e-05
5e-05
5e-05
5e-05
5e-05
5e-05
5e-05
5e-05
5.0323e-05
5.73009e-05
6.76961e-05
7.82494e-05
8.80191e-05
9.6316e-05
0.000102524
0.000107444
0.000111429
0.000114514
0.000117093
0.000119253
0.000121043
0.0001225
0.000123591
0.000124236
0.000125547
0.000127309
0.000128675
0.000129532
0.000130007
0.000130078
0.000129866
0.00012943
0.000128769
0.000127908
0.000126917
0.000125819
0.000124632
0.000123372
0.000122027
0.000120604
0.00011915
0.000117826
0.000117156
0.000116466
0.00011539
0.000114099
0.000113098
0.00011239
0.000111535
0.00011047
0.000109244
0.000107919
0.000106511
0.00010505
0.000103436
0.000101801
0.000100204
9.86408e-05
9.71056e-05
9.55998e-05
9.41176e-05
9.26808e-05
9.1269e-05
8.9897e-05
8.85809e-05
8.73065e-05
8.60828e-05
8.4899e-05
8.3764e-05
8.2659e-05
8.15788e-05
8.05444e-05
7.95549e-05
7.85952e-05
7.76727e-05
7.67767e-05
7.58856e-05
7.50163e-05
7.41774e-05
7.33756e-05
7.26083e-05
7.18572e-05
7.11235e-05
7.04234e-05
6.9749e-05
6.90964e-05
6.84626e-05
6.78525e-05
6.7265e-05
6.66998e-05
6.61585e-05
6.56419e-05
6.51423e-05
6.46623e-05
6.42025e-05
6.37613e-05
6.33372e-05
6.29756e-05
6.26612e-05
6.23467e-05
6.2031e-05
6.1707e-05
6.13741e-05
6.10382e-05
6.07022e-05
6.0374e-05
6.00512e-05
5.97553e-05
5.95084e-05
5.92579e-05
5.90039e-05
5.87511e-05
5.85002e-05
5.82521e-05
5.80062e-05
5.77595e-05
5.75139e-05
5.72989e-05
5.70991e-05
5.689e-05
5.66804e-05
5.64683e-05
5.62579e-05
5.61203e-05
5.62186e-05
5.63187e-05
5.64086e-05
5.67639e-05
5.84212e-05
5.8569e-05
5.82679e-05
5.78753e-05
5.74677e-05
5.70693e-05
5.66894e-05
5.63306e-05
5.59939e-05
5.56784e-05
5.53831e-05
5.51068e-05
5.48485e-05
5.46219e-05
5.44087e-05
5.42062e-05
5.40141e-05
5.38291e-05
5.36532e-05
5.34871e-05
5.33305e-05
5.31803e-05
5.30383e-05
5.2904e-05
5.27776e-05
5.2664e-05
5.25628e-05
5.24649e-05
5.23701e-05
5.22785e-05
5.21968e-05
5.21201e-05
5.20444e-05
5.19709e-05
5.18979e-05
5.18272e-05
5.17582e-05
5.16918e-05
5.16279e-05
5.15668e-05
5.15081e-05
5.14519e-05
5.13984e-05
5.13473e-05
5.12984e-05
5.12516e-05
5.12066e-05
5.11631e-05
5.11211e-05
5.10809e-05
5.10425e-05
5.10053e-05
5.09688e-05
5.09345e-05
5.09057e-05
5.08776e-05
5.08819e-05
5.08971e-05
5.09047e-05
5.09048e-05
5.08966e-05
5.08827e-05
5.0864e-05
5.08425e-05
5.0818e-05
5.07921e-05
5.07653e-05
5.07373e-05
5.07094e-05
5.06819e-05
5.06545e-05
5.06281e-05
5.06026e-05
5.0578e-05
5.05546e-05
5.05324e-05
5.0511e-05
5.04905e-05
5.0471e-05
5.04529e-05
5.04374e-05
5.04222e-05
5.04076e-05
5.0393e-05
5.03789e-05
5.03653e-05
5.03523e-05
5.03395e-05
5.03271e-05
5.03151e-05
5.03035e-05
5.02925e-05
5.0282e-05
5.02719e-05
5.02621e-05
5.02525e-05
5.02433e-05
5.02345e-05
5.0227e-05
5.022e-05
5.02132e-05
5.02064e-05
5.01996e-05
5.01929e-05
5.01861e-05
5.01796e-05
5.01733e-05
5.01674e-05
5.01625e-05
5.01577e-05
5.01531e-05
5.01492e-05
5.01453e-05
5.01413e-05
5.01374e-05
5.01391e-05

