5e-05
5e-05
5e-05
5e-05
5e-05
5e-05
5e-05
5e-05
5e-05
5e-05
5e-05
5e-05
5e-05
5e-05
5e-05
5e-05
5e-05
5e-05
5e-05
5e-05
5e-05
5e-05
5e-05
5e-05
5e-05
5e-05
5e-05
5e-05
5e-05
5e-05
5e-05
5e-05
5e-05
5e-05
5e-05
5e-05
5e-05
5e-05
5e-05
5e-05
5e-05
5e-05
5e-05
5e-05
5e-05
5e-05
5e-05
5e-05
5e-05
5e-05
5e-05
5e-05
5e-05
5e-05
5e-05
5e-05
5e-05
5e-05
5e-05
5e-05
5e-05
5e-05
5e-05
5e-05
5e-05
5e-05
5e-05
5e-05
5e-05
5e-05
5e-05
5e-05
5e-05
5e-05
5e-05
5e-05
5e-05
5e-05
5e-05
5e-05
5e-05
5e-05
5e-05
5e-05
5e-05
5e-05
5e-05
5e-05
5e-05
5e-05
5e-05
5e-05
5e-05
5e-05
5e-05
5e-05
5e-05
5e-05
5e-05
5e-05
5e-05
5e-05
5e-05
5e-05
5e-05
5e-05
5e-05
5e-05
5e-05
5e-05
5e-05
5e-05
5e-05
5e-05
5e-05
5e-05
5e-05
5e-05
5e-05
5e-05
5e-05
5e-05
5e-05
5e-05
5e-05
5e-05
5e-05
5e-05
5e-05
5e-05
5e-05
5e-05
5e-05
5e-05
5e-05
5.15585e-05
6.5009e-05
0.000118844
0.000189118
0.000205518
0.000207628
0.000205295
0.0002013
0.000196595
0.000191606
0.00018656
0.000181572
0.000176701
0.000171973
0.000167403
0.000162998
0.000158783
0.000154738
0.000150848
0.00014711
0.000143526
0.000140089
0.000136785
0.000133621
0.000130579
0.000127664
0.000124865
0.000122173
0.000119592
0.000117114
0.00011473
0.000112441
0.000110242
0.000108131
0.000106102
0.00010415
0.000102276
0.000100474
9.87473e-05
9.70837e-05
9.54798e-05
9.40097e-05
9.27342e-05
9.14512e-05
9.01637e-05
8.88836e-05
8.76227e-05
8.63934e-05
8.51978e-05
8.40357e-05
8.29074e-05
8.18173e-05
8.07649e-05
7.97468e-05
7.87627e-05
7.78131e-05
7.68981e-05
7.60148e-05
7.51646e-05
7.43448e-05
7.35528e-05
7.2789e-05
7.20941e-05
7.14947e-05
7.08867e-05
7.02724e-05
6.96581e-05
6.90499e-05
6.84521e-05
6.78674e-05
6.7297e-05
6.67429e-05
6.6205e-05
6.56844e-05
6.51802e-05
6.4693e-05
6.42215e-05
6.37656e-05
6.33252e-05
6.28994e-05
6.24878e-05
6.20907e-05
6.17521e-05
6.14392e-05
6.11206e-05
6.07982e-05
6.04758e-05
6.01564e-05
5.9842e-05
5.9534e-05
5.92336e-05
5.89413e-05
5.86576e-05
5.83825e-05
5.81161e-05
5.78581e-05
5.76088e-05
5.73676e-05
5.71342e-05
5.69085e-05
5.66902e-05
5.6479e-05
5.62748e-05
5.60772e-05
5.58862e-05
5.57015e-05
5.55229e-05
5.53499e-05
5.51826e-05
5.50206e-05
5.48638e-05
5.4712e-05
5.45651e-05
5.4423e-05
5.42855e-05

