5e-05
5e-05
5e-05
5e-05
5e-05
5e-05
5e-05
5e-05
5e-05
5e-05
5e-05
5e-05
5e-05
5e-05
5e-05
5e-05
5e-05
5e-05
5e-05
5e-05
5e-05
5e-05
5e-05
5e-05
5e-05
5e-05
5e-05
5e-05
5e-05
5e-05
5e-05
5e-05
5e-05
5e-05
5e-05
5e-05
5e-05
5e-05
5e-05
5e-05
5e-05
5e-05
5e-05
5e-05
5e-05
5e-05
5e-05
5e-05
5e-05
5e-05
5e-05
5e-05
5e-05
5e-05
5e-05
5e-05
5e-05
5e-05
5e-05
5e-05
5e-05
5e-05
5e-05
5e-05
5e-05
5e-05
5e-05
5e-05
5e-05
5e-05
5e-05
5e-05
5e-05
5e-05
5e-05
5e-05
5e-05
5e-05
5e-05
5e-05
5e-05
5e-05
5e-05
5e-05
5e-05
5e-05
5e-05
5e-05
5e-05
5e-05
5e-05
5e-05
5e-05
5e-05
5e-05
5e-05
5e-05
5e-05
5e-05
5e-05
5e-05
5e-05
5e-05
5e-05
5e-05
5e-05
5e-05
5e-05
5e-05
5e-05
5e-05
5e-05
5e-05
5e-05
5e-05
5e-05
5e-05
5e-05
5e-05
5e-05
5e-05
5e-05
5e-05
5e-05
5e-05
5e-05
5e-05
5e-05
5e-05
5e-05
5e-05
5e-05
5e-05
5e-05
5.28233e-05
6.0259e-05
6.81349e-05
7.55945e-05
8.27562e-05
8.93951e-05
9.48031e-05
9.89876e-05
0.000102247
0.000104767
0.000107064
0.000109936
0.000112649
0.000114733
0.000116002
0.000116603
0.000116763
0.00011658
0.00011614
0.000115508
0.000114731
0.000113841
0.000112867
0.000111827
0.000110737
0.000109609
0.000108451
0.000107272
0.000106077
0.000104872
0.000103662
0.00010245
0.000101241
0.000100037
9.88402e-05
9.7653e-05
9.64777e-05
9.53155e-05
9.41681e-05
9.30363e-05
9.19216e-05
9.08517e-05
9.0026e-05
8.91794e-05
8.82897e-05
8.73661e-05
8.64156e-05
8.54551e-05
8.44952e-05
8.35409e-05
8.25972e-05
8.16685e-05
8.07567e-05
7.98647e-05
7.89935e-05
7.81436e-05
7.73153e-05
7.65087e-05
7.57232e-05
7.49576e-05
7.42127e-05
7.3488e-05
7.27842e-05
7.21106e-05
7.15758e-05
7.10454e-05
7.05015e-05
6.99455e-05
6.93859e-05
6.88256e-05
6.82705e-05
6.77241e-05
6.71882e-05
6.66627e-05
6.61502e-05
6.56516e-05
6.51671e-05
6.46967e-05
6.42402e-05
6.37965e-05
6.33653e-05
6.29471e-05
6.25425e-05
6.21511e-05
6.17717e-05
6.1404e-05
6.10478e-05
6.0702e-05
6.03674e-05
6.00435e-05
5.97297e-05
5.94257e-05
5.9132e-05
5.88478e-05
5.85724e-05
5.83058e-05
5.80478e-05
5.7798e-05
5.75564e-05
5.73228e-05
5.70969e-05
5.68782e-05
5.66662e-05
5.64604e-05
5.62613e-05
5.60685e-05
5.58814e-05
5.56993e-05
5.5522e-05
5.535e-05
5.51835e-05
5.50225e-05
5.48666e-05
5.47161e-05
5.45706e-05
5.44299e-05

