5e-05
5e-05
5e-05
5e-05
5e-05
5e-05
5e-05
5e-05
5e-05
5e-05
7.07082e-05
8.17441e-05
9.06274e-05
9.85219e-05
0.000105451
0.000111274
0.000116146
0.000120194
0.000123527
0.000126233
0.000128392
0.00013007
0.000131326
0.00013221
0.000132767
0.000133036
0.000133052
0.000132845
0.000132443
0.000131869
0.000131146
0.000130292
0.000129325
0.000128261
0.000127113
0.000125894
0.000124614
0.000123285
0.000121915
0.000120512
0.000119083
0.000117635
0.000116173
0.000114704
0.000113231
0.000111759
0.000110811
0.000110859
0.000110778
0.000110379
0.000109703
0.000108811
0.000108179
0.000108074
0.000108125
0.00010787
0.000107301
0.00010794
0.000114907
0.000119276
0.00011772
0.000117139
0.000116925
0.000116721
0.000116349
0.00011574
0.000114882
0.000113792
0.000112499
0.00011104
0.000109449
0.000107758
0.000105996
0.000104188
0.000102592
0.000101173
9.9715e-05
9.82004e-05
9.66452e-05
9.50672e-05
9.34815e-05
9.1901e-05
9.03361e-05
8.87952e-05
8.72849e-05
8.58103e-05
8.43754e-05
8.2983e-05
8.1635e-05
8.03328e-05
7.9077e-05
7.78677e-05
7.67048e-05
7.55877e-05
7.45156e-05
7.34876e-05
7.25025e-05
7.15591e-05
7.06561e-05
6.97921e-05
6.89657e-05
6.81754e-05
6.742e-05
6.66979e-05
6.60078e-05
6.53483e-05
6.47181e-05
6.4116e-05
6.35406e-05
6.29907e-05
6.24653e-05
6.24684e-05
6.42234e-05
6.385e-05
6.35373e-05
6.33692e-05
6.32462e-05
6.3116e-05
6.29554e-05
6.27573e-05
6.25226e-05
6.22555e-05
6.19613e-05
6.16448e-05
6.13731e-05
6.11215e-05
6.08514e-05
6.05609e-05
6.02541e-05
5.99355e-05
5.96091e-05
5.92783e-05
5.89462e-05
5.86152e-05
5.82875e-05
5.79647e-05
5.76483e-05
5.73393e-05
5.70391e-05
5.67832e-05
5.6549e-05
5.63482e-05
5.62166e-05
5.60845e-05
5.59386e-05
5.57799e-05
5.5744e-05
5.59157e-05
5.62754e-05
5.59378e-05
5.56291e-05
5.53497e-05
5.51292e-05
5.49714e-05
5.49788e-05
5.51495e-05
5.49505e-05
5.48569e-05
5.48308e-05
5.48526e-05
5.50159e-05
5.48922e-05
5.46309e-05
5.44007e-05
5.41967e-05
5.40161e-05
5.38753e-05
5.37617e-05
5.36642e-05
5.35789e-05
5.35031e-05
5.34344e-05
5.33709e-05
5.33109e-05
5.32528e-05
5.31953e-05
5.31372e-05
5.30774e-05
5.30151e-05
5.29495e-05
5.28801e-05
5.28067e-05
5.27293e-05
5.26483e-05
5.25641e-05
5.24774e-05
5.23889e-05
5.22993e-05
5.22093e-05
5.21195e-05
5.20305e-05
5.19428e-05
5.18568e-05
5.17729e-05
5.16914e-05
5.16505e-05
5.17025e-05
5.16135e-05
5.15461e-05
5.14924e-05
5.14449e-05
5.13999e-05
5.13555e-05
5.13109e-05
5.12658e-05
5.12205e-05
5.11751e-05
5.113e-05
5.10853e-05
5.10413e-05
5.09982e-05
5.09561e-05
5.09206e-05
5.09361e-05
5.09204e-05
5.08785e-05
5.08459e-05
5.08177e-05
5.07911e-05
5.07646e-05
5.07379e-05
5.07109e-05
5.06837e-05
5.06566e-05
5.06296e-05
5.06031e-05
5.05771e-05
5.05518e-05
5.05273e-05
5.05036e-05
5.04808e-05
5.04589e-05
5.04379e-05
5.04178e-05
5.03986e-05
5.03803e-05
5.03628e-05
5.03461e-05
5.03303e-05
5.03169e-05
5.03066e-05
5.02967e-05
5.02867e-05
5.02766e-05
5.02666e-05
5.02566e-05
5.02467e-05
5.02369e-05
5.02274e-05
5.0218e-05

