5e-05
5e-05
5e-05
5e-05
5e-05
5e-05
5e-05
5e-05
5e-05
5e-05
5e-05
5e-05
5e-05
5e-05
5e-05
5e-05
5e-05
5e-05
5e-05
5e-05
5e-05
5e-05
5e-05
5e-05
5e-05
5e-05
5e-05
5e-05
5e-05
5e-05
5e-05
5e-05
5e-05
5e-05
5e-05
5e-05
5e-05
5e-05
5e-05
5e-05
5e-05
5e-05
5e-05
5e-05
5e-05
5e-05
5e-05
5e-05
5e-05
5e-05
5e-05
5.1594e-05
7.30326e-05
8.675e-05
9.85151e-05
0.000108919
0.000117846
0.000130569
0.00016528
0.000196781
0.000199124
0.000204492
0.000210687
0.00021641
0.000221039
0.000224348
0.000226327
0.000227073
0.000226728
0.000225448
0.000223386
0.000220682
0.000217461
0.000213832
0.000209889
0.000205713
0.000201371
0.000196921
0.000192408
0.000187874
0.00018335
0.000178862
0.000174432
0.000170076
0.000165809
0.00016164
0.000157577
0.000153626
0.000149792
0.000146076
0.000142479
0.000139002
0.000135645
0.000132406
0.000129283
0.000126274
0.000123377
0.000120589
0.000117906
0.000115327
0.000112847
0.000110463
0.000108172
0.000105972
0.000103858
0.000101885
0.000100339
9.88885e-05
9.74251e-05
9.59469e-05
9.44662e-05
9.29946e-05
9.15411e-05
9.01128e-05
8.8715e-05
8.73513e-05
8.60246e-05
8.47366e-05
8.34883e-05
8.22802e-05
8.11124e-05
7.99848e-05
7.88967e-05
7.78474e-05
7.68362e-05
7.5862e-05
7.49239e-05
7.40207e-05
7.31513e-05
7.23146e-05
7.15094e-05
7.07348e-05
6.99894e-05
6.92723e-05
6.85823e-05
6.80009e-05
6.75274e-05
6.70559e-05
6.65788e-05
6.63921e-05
6.64323e-05
6.64041e-05
6.64145e-05
6.63809e-05
6.625e-05
6.60325e-05
6.57468e-05
6.54092e-05
6.5033e-05
6.51424e-05
6.70333e-05
6.66139e-05
6.6191e-05
6.61439e-05
6.63418e-05
6.65732e-05
6.69164e-05
6.73962e-05
6.84887e-05
6.75333e-05
6.66796e-05
6.59096e-05
6.52038e-05
6.45516e-05
6.39449e-05
6.33769e-05
6.2842e-05
6.23355e-05
6.18533e-05
6.13925e-05
6.09504e-05
6.0525e-05
6.01148e-05
5.97186e-05
5.93356e-05
5.89651e-05
5.86065e-05
5.82597e-05
5.79242e-05
5.76e-05
5.72868e-05
5.69845e-05
5.6693e-05
5.64121e-05
5.61417e-05
5.58815e-05
5.56315e-05
5.53913e-05
5.51608e-05
5.49397e-05
5.47278e-05
5.45248e-05
5.43304e-05
5.41444e-05
5.39835e-05
5.38421e-05
5.37044e-05
5.35684e-05
5.34343e-05
5.33028e-05
5.31744e-05
5.30495e-05
5.29283e-05
5.28109e-05
5.26976e-05
5.25883e-05
5.2483e-05
5.23819e-05
5.22846e-05
5.21913e-05
5.21018e-05
5.20161e-05
5.19339e-05
5.18551e-05
5.17798e-05
5.17076e-05
5.16386e-05
5.15725e-05
5.15093e-05
5.14488e-05
5.1391e-05
5.13357e-05
5.12827e-05
5.1232e-05
5.11836e-05
5.11372e-05
5.10928e-05
5.10503e-05
5.10096e-05
5.09707e-05
5.09334e-05
5.08991e-05
5.08722e-05
5.08466e-05
5.08208e-05
5.07948e-05
5.07691e-05
5.0749e-05
5.07305e-05
5.07112e-05
5.06911e-05
5.06704e-05
5.06564e-05
5.06484e-05
5.06388e-05
5.06267e-05
5.06128e-05
5.05974e-05
5.0581e-05
5.05639e-05

