5e-05
5e-05
5e-05
5e-05
5e-05
5e-05
5e-05
5e-05
5e-05
5e-05
5e-05
5e-05
5e-05
5e-05
5e-05
5e-05
5e-05
5e-05
5e-05
5e-05
5e-05
5e-05
5e-05
5e-05
5e-05
5e-05
5e-05
5e-05
5e-05
5e-05
5e-05
5e-05
5e-05
5e-05
5e-05
5e-05
5e-05
5e-05
5e-05
5e-05
5e-05
5e-05
5e-05
5e-05
5e-05
5e-05
5e-05
5e-05
5e-05
5e-05
5e-05
5e-05
5e-05
5e-05
5e-05
5e-05
5e-05
5e-05
5e-05
5e-05
5e-05
5e-05
5e-05
5e-05
5e-05
5e-05
5e-05
5e-05
5e-05
5e-05
5e-05
5e-05
5e-05
5e-05
5e-05
5e-05
5e-05
5e-05
5e-05
5e-05
5e-05
5e-05
5e-05
5e-05
5e-05
5e-05
5e-05
5e-05
5e-05
5e-05
5e-05
5e-05
5e-05
5e-05
5e-05
5e-05
5e-05
5e-05
5e-05
5e-05
5e-05
5e-05
5e-05
5e-05
5e-05
5e-05
5e-05
5e-05
5e-05
5e-05
5e-05
5e-05
5e-05
5e-05
5e-05
5e-05
5e-05
5e-05
5e-05
5e-05
5e-05
5e-05
5e-05
5e-05
5e-05
5e-05
5e-05
5e-05
5e-05
5e-05
5e-05
5e-05
5e-05
5.13065e-05
5.84845e-05
6.74091e-05
7.61144e-05
8.42368e-05
9.13912e-05
9.8295e-05
0.000104615
0.000109947
0.000114403
0.000117983
0.000120848
0.000123681
0.000125787
0.000127234
0.000127953
0.000128144
0.000128056
0.000127907
0.000128006
0.000127859
0.000127472
0.000126759
0.000125879
0.000124866
0.000123745
0.00012257
0.000121311
0.000119946
0.00011855
0.000117093
0.00011562
0.000114149
0.000112697
0.000111271
0.00010987
0.000108491
0.000107108
0.000105742
0.000104399
0.000103078
0.000101776
0.000100455
9.91432e-05
9.78599e-05
9.66055e-05
9.53789e-05
9.4167e-05
9.29326e-05
9.16873e-05
9.04632e-05
8.92694e-05
8.81184e-05
8.70103e-05
8.5992e-05
8.51918e-05
8.43935e-05
8.35447e-05
8.26576e-05
8.1753e-05
8.08523e-05
7.99427e-05
7.90399e-05
7.81631e-05
7.73311e-05
7.66376e-05
7.59498e-05
7.53288e-05
7.47758e-05
7.41758e-05
7.35247e-05
7.2865e-05
7.21999e-05
7.15333e-05
7.08775e-05
7.02193e-05
6.95599e-05
6.89141e-05
6.82868e-05
6.76799e-05
6.70878e-05
6.6516e-05
6.59659e-05
6.54385e-05
6.49284e-05
6.4431e-05
6.39527e-05
6.34867e-05
6.30401e-05
6.26237e-05
6.27245e-05
6.28656e-05
6.28963e-05
6.28486e-05
6.2731e-05
6.25289e-05
6.22592e-05
6.19541e-05
6.16242e-05
6.12778e-05
6.09218e-05
6.055e-05
6.01764e-05
5.98345e-05
5.95216e-05
5.92081e-05
5.88908e-05
5.85765e-05
5.82622e-05
5.79519e-05
5.76508e-05
5.73622e-05
5.7086e-05
5.6844e-05
5.66272e-05
5.64117e-05
5.61951e-05

