5e-05
5e-05
5e-05
5e-05
5e-05
5e-05
5e-05
5e-05
6.46714e-05
7.79797e-05
8.75118e-05
9.58282e-05
0.000103222
0.000109488
0.00011473
0.000119091
0.000122688
0.000128846
0.000152228
0.000195644
0.000194888
0.000195706
0.000197557
0.000199321
0.000200466
0.000200802
0.000200322
0.000199102
0.000197249
0.000194875
0.000192085
0.000188973
0.000185619
0.000182089
0.000178441
0.000178994
0.000191708
0.000198238
0.00019368
0.000191062
0.000191136
0.000191468
0.000191192
0.00019018
0.000188483
0.000186195
0.000183423
0.000180271
0.000176833
0.000173189
0.000169407
0.000165543
0.000161643
0.000161006
0.00016881
0.000163355
0.000159439
0.000156439
0.000153744
0.000151052
0.000148244
0.000145293
0.000142219
0.000139055
0.000135841
0.000132613
0.000129401
0.000126231
0.000123123
0.000120091
0.000117147
0.0001143
0.000111553
0.000108909
0.000106371
0.000103937
0.000101608
9.938e-05
9.72513e-05
9.5217e-05
9.32716e-05
9.14105e-05
8.96295e-05
8.7925e-05
8.62937e-05
8.47324e-05
8.32383e-05
8.18087e-05
8.04412e-05
7.91332e-05
7.78823e-05
7.66865e-05
7.55433e-05
7.44508e-05
7.34069e-05
7.24095e-05
7.14567e-05
7.05467e-05
6.96775e-05
6.88474e-05
6.82588e-05
6.90048e-05
7.08883e-05
7.00116e-05
6.93673e-05
6.88418e-05
6.83515e-05
6.7875e-05
6.74962e-05
6.71105e-05
6.66869e-05
6.62294e-05
6.57468e-05
6.52479e-05
6.47398e-05
6.42287e-05
6.37195e-05
6.32154e-05
6.27188e-05
6.22313e-05
6.17543e-05
6.12891e-05
6.08365e-05
6.03972e-05
5.99718e-05
5.95605e-05
5.91636e-05
5.87811e-05
5.84129e-05
5.81092e-05
5.78927e-05
5.76803e-05
5.7458e-05
5.72272e-05
5.70018e-05
5.68387e-05
5.677e-05
5.66994e-05
5.66031e-05
5.64822e-05
5.63409e-05
5.61832e-05
5.60131e-05
5.58398e-05
5.56961e-05
5.55521e-05
5.53993e-05
5.52385e-05
5.5072e-05
5.49019e-05
5.47302e-05
5.45581e-05
5.44079e-05
5.43052e-05
5.42038e-05
5.40946e-05
5.39783e-05
5.38567e-05
5.37313e-05
5.36038e-05
5.34753e-05
5.33471e-05
5.32199e-05
5.30945e-05
5.29715e-05
5.28512e-05
5.27342e-05
5.26206e-05
5.25106e-05
5.24043e-05
5.23019e-05
5.22033e-05
5.21086e-05
5.20177e-05
5.19305e-05
5.1847e-05
5.1767e-05
5.16905e-05
5.16174e-05
5.15475e-05
5.14808e-05
5.14171e-05
5.13563e-05
5.12982e-05
5.12428e-05
5.119e-05
5.11395e-05
5.10914e-05
5.10455e-05
5.10017e-05
5.096e-05
5.09201e-05
5.08821e-05
5.08458e-05
5.08111e-05
5.0778e-05
5.07465e-05
5.07163e-05
5.06875e-05
5.066e-05
5.06337e-05
5.06086e-05
5.05846e-05
5.05617e-05
5.05397e-05
5.05187e-05
5.04987e-05
5.04795e-05
5.04611e-05
5.04435e-05
5.04266e-05
5.04105e-05
5.0395e-05
5.03802e-05
5.0366e-05
5.03524e-05
5.03394e-05
5.03269e-05
5.03149e-05
5.03034e-05
5.02923e-05
5.02817e-05
5.02753e-05
5.02939e-05
5.03447e-05
5.03354e-05
5.0326e-05
5.0319e-05
5.03128e-05
5.03064e-05
5.02995e-05
5.02921e-05
5.02841e-05
5.02758e-05
5.02672e-05
5.02585e-05
5.02496e-05
5.02408e-05
5.0232e-05
5.02234e-05
5.02149e-05
5.02067e-05
5.01986e-05
5.0191e-05
5.01848e-05
5.01789e-05
5.0173e-05
5.0167e-05
5.01611e-05
5.01553e-05

