5e-05
5e-05
5e-05
5e-05
5e-05
5e-05
5e-05
5e-05
5e-05
5e-05
5e-05
5.12187e-05
5.81063e-05
6.66776e-05
7.50185e-05
8.2845e-05
8.97874e-05
9.57676e-05
0.000100831
0.00010509
0.000108571
0.000111448
0.000113854
0.00011575
0.000117275
0.000118517
0.000119503
0.000120257
0.000120793
0.000121077
0.000121138
0.000121045
0.00012081
0.000120403
0.000119825
0.000119145
0.000118368
0.000117536
0.000116659
0.000115738
0.000114779
0.000113784
0.000112757
0.000114374
0.000117417
0.000119995
0.000122154
0.000124125
0.000127446
0.000152574
0.000156942
0.000154183
0.000149706
0.000144851
0.000140054
0.000135438
0.00013105
0.000126903
0.000123001
0.000119342
0.0001159
0.000112649
0.000109607
0.000106756
0.000104082
0.000101578
9.92324e-05
9.70254e-05
9.49542e-05
9.30087e-05
9.11722e-05
8.94266e-05
8.77809e-05
8.62288e-05
8.47627e-05
8.3376e-05
8.20623e-05
8.08158e-05
7.96317e-05
7.8498e-05
7.74102e-05
7.63683e-05
7.53766e-05
7.44321e-05
7.35317e-05
7.26725e-05
7.18449e-05
7.10513e-05
7.02921e-05
6.95596e-05
6.88589e-05
6.81877e-05
6.754e-05
6.692e-05
6.63268e-05
6.57587e-05
6.52087e-05
6.46758e-05
6.41644e-05
6.36749e-05
6.3206e-05
6.27494e-05
6.23076e-05
6.18812e-05
6.14704e-05
6.10758e-05
6.06985e-05
6.03375e-05
5.99918e-05
5.96601e-05
5.93386e-05
5.90251e-05
5.87242e-05
5.84357e-05
5.81556e-05
5.78863e-05
5.76279e-05
5.73782e-05
5.71336e-05
5.68986e-05
5.66731e-05
5.64566e-05
5.6247e-05
5.60443e-05
5.58476e-05
5.56545e-05
5.54678e-05
5.52874e-05
5.51138e-05
5.49476e-05
5.47881e-05
5.46351e-05
5.44879e-05
5.43442e-05
5.42042e-05
5.40696e-05
5.39552e-05
5.38542e-05
5.37528e-05
5.36491e-05
5.35605e-05
5.34784e-05
5.33939e-05
5.33074e-05
5.32195e-05
5.31289e-05
5.30362e-05
5.29441e-05
5.28508e-05
5.27581e-05
5.26681e-05
5.25809e-05
5.24962e-05
5.24127e-05
5.23322e-05
5.22548e-05
5.21803e-05
5.21085e-05
5.20378e-05
5.19689e-05
5.19028e-05
5.18393e-05
5.17776e-05
5.17179e-05
5.16607e-05
5.16053e-05
5.15522e-05
5.15008e-05
5.14505e-05
5.14014e-05
5.13539e-05
5.1308e-05
5.12641e-05
5.12216e-05
5.11809e-05
5.1142e-05
5.11048e-05
5.10692e-05
5.10349e-05
5.10018e-05
5.097e-05
5.09395e-05
5.09101e-05
5.08817e-05
5.08544e-05
5.08279e-05
5.08021e-05
5.07771e-05
5.07529e-05
5.07292e-05
5.07064e-05
5.06844e-05
5.06631e-05
5.06425e-05
5.06222e-05
5.06021e-05
5.05826e-05
5.05639e-05
5.05459e-05
5.05284e-05
5.05115e-05
5.04951e-05
5.04792e-05
5.04637e-05
5.04488e-05
5.04345e-05
5.04208e-05
5.04076e-05
5.03949e-05
5.03826e-05
5.03706e-05
5.0359e-05
5.03477e-05
5.03365e-05
5.03256e-05
5.0315e-05
5.03049e-05
5.02951e-05
5.02857e-05
5.02765e-05
5.02677e-05
5.02592e-05
5.02509e-05
5.02429e-05
5.02353e-05
5.02279e-05
5.02207e-05
5.02148e-05
5.02092e-05
5.02034e-05
5.01978e-05
5.01922e-05
5.01867e-05
5.01812e-05
5.01758e-05
5.01704e-05
5.01652e-05
5.01601e-05
5.0155e-05
5.015e-05
5.01452e-05
5.01406e-05
5.01361e-05
5.01316e-05
5.01274e-05
5.01232e-05
5.01192e-05
5.01153e-05
5.01116e-05
5.01081e-05

