5e-05
5e-05
5e-05
5e-05
5e-05
5e-05
5e-05
5e-05
5e-05
5e-05
5e-05
5e-05
5e-05
5e-05
5e-05
6.27812e-05
7.89273e-05
9.10879e-05
0.00010168
0.000110958
0.000118692
0.000125017
0.000130153
0.000134277
0.000137536
0.000140054
0.000141936
0.000143269
0.000144129
0.000144582
0.000144683
0.00014448
0.000144016
0.000143327
0.000142444
0.000141397
0.000140208
0.0001389
0.000137492
0.000135999
0.000134438
0.000132822
0.00013116
0.000129465
0.000127744
0.000126323
0.000125476
0.000124542
0.000123418
0.000122129
0.000120956
0.000120263
0.000120069
0.000119901
0.000119396
0.000118569
0.000117486
0.000117888
0.000125418
0.0001322
0.000130128
0.000129214
0.000128757
0.000128336
0.000127744
0.000126897
0.00012578
0.000124411
0.000122826
0.000121063
0.000119161
0.000117156
0.000115079
0.000112957
0.000110814
0.000108668
0.000106536
0.000104429
0.000102359
0.000100333
9.83567e-05
9.64356e-05
9.45726e-05
9.27699e-05
9.1029e-05
8.93503e-05
8.77339e-05
8.61794e-05
8.46858e-05
8.32521e-05
8.18769e-05
8.05586e-05
7.92955e-05
7.80859e-05
7.69279e-05
7.58197e-05
7.47593e-05
7.37451e-05
7.27749e-05
7.18472e-05
7.09599e-05
7.01116e-05
6.93003e-05
6.85246e-05
6.77827e-05
6.70911e-05
6.65387e-05
6.60213e-05
6.55049e-05
6.49886e-05
6.44758e-05
6.39697e-05
6.34729e-05
6.29874e-05
6.25144e-05
6.2055e-05
6.16097e-05
6.11789e-05
6.07628e-05
6.03613e-05
5.99742e-05
5.96014e-05
5.92426e-05
5.88975e-05
5.85655e-05
5.82464e-05
5.79398e-05
5.76451e-05
5.73619e-05
5.70899e-05
5.68286e-05
5.65776e-05
5.63364e-05
5.61048e-05
5.58822e-05
5.5694e-05
5.554e-05
5.53871e-05
5.5233e-05
5.51697e-05
5.51776e-05
5.51645e-05
5.51638e-05
5.51497e-05
5.51055e-05
5.50346e-05
5.49427e-05
5.48348e-05
5.47151e-05
5.47469e-05
5.53342e-05
5.52015e-05
5.50679e-05
5.50516e-05
5.51117e-05
5.51825e-05
5.52881e-05
5.54365e-05
5.57759e-05
5.54771e-05
5.52101e-05
5.49692e-05
5.47484e-05
5.45444e-05
5.43546e-05
5.4177e-05
5.40097e-05
5.38512e-05
5.37005e-05
5.35564e-05
5.34181e-05
5.32852e-05
5.3157e-05
5.30331e-05
5.29135e-05
5.27977e-05
5.26857e-05
5.25773e-05
5.24725e-05
5.23713e-05
5.22735e-05
5.21791e-05
5.20881e-05
5.20004e-05
5.19159e-05
5.18347e-05
5.17567e-05
5.16817e-05
5.16097e-05
5.15407e-05
5.14746e-05
5.14113e-05
5.13506e-05
5.12926e-05
5.12423e-05
5.11982e-05
5.11553e-05
5.11128e-05
5.1071e-05
5.10299e-05
5.09899e-05
5.09509e-05
5.09131e-05
5.08765e-05
5.08411e-05
5.0807e-05
5.07742e-05
5.07427e-05
5.07123e-05
5.06832e-05
5.06553e-05
5.06286e-05
5.06029e-05
5.05784e-05
5.05549e-05
5.05324e-05
5.05109e-05
5.04903e-05
5.04705e-05
5.04517e-05
5.04336e-05
5.04164e-05
5.03999e-05
5.03841e-05
5.0369e-05
5.03545e-05
5.03407e-05
5.03274e-05
5.03147e-05
5.03026e-05
5.0291e-05
5.02803e-05
5.02719e-05
5.02639e-05
5.02559e-05
5.02478e-05
5.02397e-05
5.02335e-05
5.02277e-05
5.02217e-05
5.02154e-05
5.0209e-05
5.02046e-05
5.02021e-05
5.01991e-05
5.01954e-05
5.0191e-05
5.01862e-05
5.01811e-05
5.01758e-05

