5e-05
5e-05
5e-05
5e-05
5e-05
5e-05
5e-05
5e-05
5e-05
5e-05
5e-05
5e-05
5e-05
5.00492e-05
5.53537e-05
6.44257e-05
7.39247e-05
8.28645e-05
9.08186e-05
9.7383e-05
0.000103264
0.000108147
0.000112127
0.000115205
0.000117623
0.000119538
0.000121062
0.000122257
0.000123145
0.000123655
0.000123891
0.000123944
0.000123826
0.000123505
0.000122942
0.00012226
0.000121511
0.000120684
0.000119747
0.000118766
0.000117754
0.000116713
0.000115646
0.00011456
0.000113889
0.000113228
0.000112406
0.000111591
0.000111022
0.000110284
0.00010936
0.000108278
0.000106991
0.000105619
0.000104243
0.000102869
0.000101815
0.00010083
0.00010005
9.91461e-05
9.8054e-05
9.6891e-05
9.57053e-05
9.45086e-05
9.33086e-05
9.20961e-05
9.08965e-05
8.99131e-05
8.88863e-05
8.78472e-05
8.68065e-05
8.57657e-05
8.47144e-05
8.36765e-05
8.26571e-05
8.16584e-05
8.0682e-05
7.97206e-05
7.87756e-05
7.7858e-05
7.69585e-05
7.60729e-05
7.52101e-05
7.43737e-05
7.35562e-05
7.27629e-05
7.19945e-05
7.12578e-05
7.05499e-05
6.98653e-05
6.92093e-05
6.85797e-05
6.79666e-05
6.73667e-05
6.68569e-05
6.63919e-05
6.5927e-05
6.54641e-05
6.50093e-05
6.45613e-05
6.41166e-05
6.36822e-05
6.32556e-05
6.28302e-05
6.24141e-05
6.20084e-05
6.16124e-05
6.12304e-05
6.08603e-05
6.05021e-05
6.01577e-05
5.98267e-05
5.9507e-05
5.92157e-05
5.9023e-05
5.88341e-05
5.86351e-05
5.84272e-05
5.82123e-05
5.79921e-05
5.77685e-05
5.75497e-05
5.73864e-05
5.72495e-05
5.70903e-05
5.69051e-05
5.67095e-05
5.64996e-05
5.62892e-05
5.6144e-05
5.6219e-05
5.62812e-05
5.63045e-05
5.62633e-05
5.61619e-05
5.60195e-05
5.58745e-05
5.57294e-05
5.55587e-05
5.53657e-05
5.51654e-05
5.49676e-05
5.47742e-05
5.45978e-05
5.44831e-05
5.51186e-05
5.60517e-05
5.60879e-05
5.58406e-05
5.55391e-05
5.52345e-05
5.49387e-05
5.46625e-05
5.44062e-05
5.41625e-05
5.39331e-05
5.37244e-05
5.35257e-05
5.33364e-05
5.31565e-05
5.29863e-05
5.28256e-05
5.26742e-05
5.25318e-05
5.2398e-05
5.22723e-05
5.21541e-05
5.20429e-05
5.19385e-05
5.18404e-05
5.1748e-05
5.16612e-05
5.15795e-05
5.15107e-05
5.1476e-05
5.14326e-05
5.13825e-05
5.13288e-05
5.12735e-05
5.12182e-05
5.11639e-05
5.11113e-05
5.10607e-05
5.10124e-05
5.09665e-05
5.09229e-05
5.08816e-05
5.08424e-05
5.08053e-05
5.07702e-05
5.07369e-05
5.07054e-05
5.06756e-05
5.06472e-05
5.06203e-05
5.05948e-05
5.05706e-05
5.0548e-05
5.05284e-05
5.05092e-05
5.04905e-05
5.04721e-05
5.04544e-05
5.04372e-05
5.04206e-05
5.04047e-05
5.03895e-05
5.03749e-05
5.03609e-05
5.03476e-05
5.03351e-05
5.03244e-05
5.03138e-05
5.03033e-05
5.02929e-05
5.02828e-05
5.02729e-05
5.02633e-05
5.02541e-05
5.02451e-05
5.02365e-05
5.02283e-05
5.02203e-05
5.02135e-05
5.02071e-05
5.02007e-05
5.01942e-05
5.01879e-05
5.01817e-05
5.01756e-05
5.01697e-05
5.0164e-05
5.01584e-05
5.01538e-05
5.01493e-05
5.01448e-05
5.01405e-05
5.01367e-05
5.01329e-05
5.01289e-05
5.0125e-05
5.0121e-05
5.01171e-05
5.01132e-05
5.01094e-05
5.01058e-05
5.01022e-05
5.00989e-05
5.0096e-05
5.00933e-05

