5e-05
5e-05
5e-05
5e-05
5e-05
5e-05
5e-05
5e-05
5e-05
5e-05
5e-05
5e-05
5e-05
5e-05
5e-05
5e-05
5e-05
5e-05
5e-05
5e-05
5e-05
5e-05
5e-05
5e-05
5e-05
5e-05
5e-05
5e-05
5e-05
5e-05
5e-05
5e-05
5e-05
5e-05
5e-05
5e-05
5e-05
5e-05
5e-05
5e-05
5e-05
5e-05
5e-05
5e-05
5e-05
5e-05
5e-05
5e-05
5e-05
5e-05
5e-05
5e-05
5e-05
5e-05
5e-05
5e-05
5e-05
5e-05
5e-05
5e-05
5e-05
5e-05
5e-05
5e-05
5e-05
5e-05
5e-05
5e-05
5e-05
5e-05
5e-05
5e-05
5e-05
5e-05
5e-05
5e-05
5e-05
5e-05
5e-05
5e-05
5e-05
5e-05
5e-05
5e-05
5e-05
5e-05
5e-05
5e-05
5e-05
5e-05
5e-05
5e-05
5e-05
5e-05
5e-05
5e-05
5e-05
5e-05
5e-05
5e-05
5e-05
5.38801e-05
6.26155e-05
7.20904e-05
8.11898e-05
8.95018e-05
9.66497e-05
0.000102695
0.000107829
0.000112099
0.000115692
0.00011869
0.000121158
0.000123063
0.00012439
0.00012534
0.000125956
0.000126329
0.000126491
0.000126463
0.000126265
0.000125915
0.000125429
0.00012482
0.000124102
0.000123274
0.000122322
0.00012127
0.000120092
0.000118841
0.000117568
0.000116285
0.000115133
0.00011743
0.000120121
0.000122327
0.000124136
0.000125737
0.000127428
0.000128393
0.000129635
0.000149734
0.000156972
0.000154415
0.000150012
0.000147137
0.000144174
0.000140596
0.000136753
0.000132795
0.000128823
0.000124936
0.000121203
0.000117637
0.000114249
0.000111141
0.000109751
0.000108984
0.000108005
0.000106806
0.000105314
0.000103571
0.000101707
9.97395e-05
9.76914e-05
9.5639e-05
9.3632e-05
9.1679e-05
8.97888e-05
8.79793e-05
8.6253e-05
8.46096e-05
8.30451e-05
8.15517e-05
8.01655e-05
7.89404e-05
7.77544e-05
7.66078e-05
7.55109e-05
7.4463e-05
7.34616e-05
7.24967e-05
7.15624e-05
7.06669e-05
6.98112e-05
6.89967e-05
6.82233e-05
6.74812e-05
6.67686e-05
6.60882e-05
6.54433e-05
6.48281e-05
6.42375e-05
6.3673e-05
6.31345e-05
6.26206e-05
6.21332e-05
6.16669e-05
6.12229e-05
6.08009e-05
6.0399e-05
6.00128e-05
5.96446e-05
5.92935e-05
5.89565e-05
5.86324e-05
5.83229e-05
5.80261e-05
5.77396e-05
5.74649e-05
5.7199e-05
5.69425e-05
5.66974e-05
5.64632e-05
5.62391e-05
5.60244e-05
5.58181e-05
5.5618e-05
5.5426e-05
5.52417e-05
5.50628e-05
5.48906e-05
5.4722e-05
5.45578e-05
5.44007e-05
5.42505e-05
5.41069e-05
5.39693e-05
5.38364e-05
5.37066e-05
5.35806e-05
5.34584e-05
5.33415e-05
5.32296e-05
5.31213e-05
5.30175e-05
5.29176e-05
5.2821e-05
5.27284e-05
5.26395e-05
5.25624e-05
5.24954e-05
5.24285e-05
5.23592e-05
5.22903e-05
5.22224e-05
5.21557e-05
5.20903e-05
5.20263e-05
5.19633e-05

