5e-05
5e-05
5e-05
5e-05
5e-05
5e-05
5e-05
5e-05
5e-05
5e-05
5e-05
5e-05
5e-05
5e-05
5e-05
5e-05
5e-05
5e-05
5e-05
5e-05
5e-05
5e-05
5e-05
5e-05
5e-05
5e-05
5e-05
5e-05
5e-05
5e-05
5e-05
5e-05
5e-05
5e-05
5e-05
5e-05
5e-05
5e-05
5e-05
5e-05
5e-05
5e-05
5e-05
5e-05
5e-05
5e-05
5e-05
5e-05
5e-05
5e-05
5e-05
5e-05
5e-05
5e-05
5e-05
5e-05
5e-05
5e-05
5e-05
5e-05
5e-05
5e-05
5e-05
5e-05
5e-05
5e-05
5e-05
5e-05
5e-05
5e-05
5e-05
5e-05
5e-05
5e-05
5e-05
5e-05
5e-05
5e-05
5e-05
5e-05
5e-05
5e-05
5e-05
5e-05
5e-05
5e-05
5e-05
5e-05
5e-05
5e-05
5e-05
5e-05
5e-05
5e-05
5e-05
5e-05
5e-05
5e-05
5e-05
5e-05
5e-05
5e-05
5e-05
5e-05
5e-05
5e-05
5e-05
5e-05
5e-05
5e-05
5e-05
5e-05
5e-05
5e-05
5.156e-05
5.87752e-05
6.75753e-05
7.6244e-05
8.41999e-05
9.1166e-05
9.71948e-05
0.000102386
0.000106759
0.000110385
0.000113387
0.00011589
0.000117951
0.000119605
0.000120845
0.000121774
0.000122432
0.000122804
0.000122942
0.000122897
0.000122685
0.00012288
0.00012299
0.000123456
0.000123661
0.000123862
0.00012396
0.000123792
0.000123893
0.0001236
0.000122894
0.000121947
0.000120751
0.000119355
0.000119096
0.000121018
0.000122087
0.000122177
0.000121587
0.000120545
0.000119185
0.000117502
0.000115491
0.000113315
0.000111128
0.000109156
0.0001073
0.000105436
0.000103581
0.000101752
9.99666e-05
9.82252e-05
9.65463e-05
9.49316e-05
9.33789e-05
9.1878e-05
9.04076e-05
8.89915e-05
8.76185e-05
8.63018e-05
8.50351e-05
8.38119e-05
8.26409e-05
8.15117e-05
8.04319e-05
7.9533e-05
7.86614e-05
7.78244e-05
7.71143e-05
7.64009e-05
7.56628e-05
7.49159e-05
7.41563e-05
7.34024e-05
7.26585e-05
7.19188e-05
7.1195e-05
7.0466e-05
6.97554e-05
6.90649e-05
6.83903e-05
6.77415e-05
6.71132e-05
6.65011e-05
6.5961e-05
6.54823e-05
6.50103e-05
6.4544e-05
6.40786e-05
6.3618e-05
6.31649e-05
6.2726e-05
6.22962e-05
6.18731e-05
6.14638e-05
6.10712e-05
6.06945e-05
6.0329e-05
5.99776e-05
5.96392e-05
5.93098e-05
5.89919e-05
5.86858e-05
5.83893e-05
5.81029e-05
5.78289e-05
5.75644e-05
5.73097e-05
5.70636e-05
5.68263e-05
5.65967e-05
5.63767e-05
5.61659e-05
5.59636e-05
5.57692e-05
5.55784e-05
5.5393e-05
5.52138e-05
5.50409e-05
5.48741e-05
5.47141e-05
5.45606e-05
5.4414e-05
5.42957e-05
5.41807e-05
5.40712e-05
5.3978e-05
5.38808e-05
5.37793e-05
5.36706e-05
5.35613e-05
5.34515e-05
5.33494e-05
5.32596e-05
5.31695e-05
5.30766e-05

