5e-05
5e-05
5e-05
5e-05
5e-05
5e-05
5e-05
5e-05
5e-05
5e-05
5e-05
5e-05
5e-05
5e-05
5e-05
5e-05
5e-05
5e-05
5e-05
5e-05
5e-05
5e-05
5e-05
5e-05
5e-05
5e-05
5e-05
5e-05
5e-05
5e-05
5e-05
5e-05
5e-05
5e-05
5e-05
5e-05
5e-05
5e-05
5e-05
5e-05
5e-05
5e-05
5e-05
5e-05
5e-05
5e-05
5e-05
5e-05
5e-05
5e-05
5e-05
5e-05
5e-05
5e-05
5e-05
5e-05
5e-05
5e-05
5e-05
5e-05
5e-05
5e-05
5e-05
5e-05
5e-05
5e-05
5e-05
5e-05
5e-05
5e-05
5e-05
5e-05
5e-05
5e-05
5e-05
5e-05
5e-05
5e-05
5e-05
5e-05
5e-05
5e-05
5e-05
5e-05
5e-05
5e-05
5e-05
5e-05
5e-05
5e-05
5e-05
5e-05
5e-05
5e-05
5e-05
5e-05
5e-05
5e-05
5e-05
5e-05
5e-05
5e-05
5e-05
5e-05
5e-05
5e-05
5e-05
5e-05
5e-05
5e-05
5e-05
5e-05
5e-05
5e-05
5e-05
5e-05
5e-05
5e-05
5e-05
5e-05
5e-05
5e-05
5e-05
5.34353e-05
6.14059e-05
7.00244e-05
7.83244e-05
8.57836e-05
9.22233e-05
9.99819e-05
0.000114362
0.000127935
0.000140387
0.000160603
0.000221848
0.00023411
0.000231414
0.000225254
0.000218118
0.000210821
0.000203698
0.000196863
0.000190376
0.00018424
0.000178445
0.000172976
0.000167826
0.000163448
0.000159281
0.000155248
0.000151362
0.00014753
0.000143826
0.000140289
0.00013692
0.00013363
0.000130482
0.000127477
0.000124622
0.000122087
0.000119865
0.000117669
0.000115499
0.000113368
0.00011149
0.000109716
0.000107922
0.000106148
0.000104348
0.000102578
0.000100825
9.91222e-05
9.74648e-05
9.5868e-05
9.43182e-05
9.28274e-05
9.13953e-05
9.00187e-05
8.86946e-05
8.74198e-05
8.61827e-05
8.49774e-05
8.3808e-05
8.2684e-05
8.16028e-05
8.05473e-05
7.95059e-05
7.85253e-05
7.77125e-05
7.69118e-05
7.71405e-05
7.77131e-05
7.80349e-05
7.81106e-05
7.79169e-05
7.75325e-05
7.69916e-05
7.6354e-05
7.5618e-05
7.48351e-05
7.40172e-05
7.31579e-05
7.2299e-05
7.14519e-05
7.06056e-05
6.97855e-05
6.89941e-05
6.82321e-05
6.75039e-05
6.68107e-05
6.61456e-05
6.55061e-05
6.48983e-05
6.43332e-05
6.38475e-05
6.3376e-05
6.29174e-05
6.24627e-05
6.20206e-05
6.15944e-05
6.11834e-05
6.0783e-05
6.03928e-05
6.00136e-05
5.96505e-05
5.9303e-05
5.89705e-05
5.8652e-05
5.8343e-05
5.804e-05
5.77499e-05
5.74716e-05
5.72316e-05
5.7012e-05
5.67956e-05
5.65815e-05
5.63672e-05
5.61525e-05
5.59392e-05
5.57325e-05
5.55323e-05
5.53437e-05
5.51888e-05
5.50374e-05
5.48903e-05
5.47673e-05
5.46433e-05
5.45144e-05
5.43893e-05
5.44468e-05

