5e-05
5e-05
5e-05
5e-05
5e-05
5e-05
5e-05
5e-05
5e-05
5e-05
5e-05
5.03102e-05
5.61618e-05
6.53203e-05
7.47136e-05
8.35194e-05
9.13035e-05
9.79577e-05
0.000103611
0.000108964
0.000113719
0.000117509
0.00012053
0.00012286
0.000124667
0.000126021
0.000126983
0.000127603
0.000127898
0.000127742
0.000127294
0.000126706
0.000126007
0.000125212
0.000124335
0.000123385
0.000122371
0.000121282
0.00012012
0.000118922
0.000118362
0.000121374
0.00012418
0.000126293
0.000127736
0.000129055
0.000130125
0.000130564
0.000130348
0.000129516
0.000128141
0.000126261
0.000123927
0.000121436
0.000118887
0.000116331
0.000113823
0.000111366
0.000108996
0.000106707
0.000104506
0.000102396
0.000100374
9.84347e-05
9.65784e-05
9.47852e-05
9.30443e-05
9.1387e-05
8.9992e-05
8.86944e-05
8.74371e-05
8.62164e-05
8.50239e-05
8.38541e-05
8.27199e-05
8.16172e-05
8.05412e-05
7.95006e-05
7.84838e-05
7.76315e-05
7.6829e-05
7.602e-05
7.52202e-05
7.44227e-05
7.36348e-05
7.2856e-05
7.20813e-05
7.133e-05
7.06038e-05
6.99026e-05
6.92257e-05
6.85725e-05
6.79424e-05
6.73315e-05
6.67378e-05
6.6166e-05
6.56115e-05
6.50747e-05
6.45589e-05
6.40634e-05
6.3589e-05
6.32005e-05
6.28236e-05
6.24411e-05
6.20625e-05
6.16894e-05
6.13174e-05
6.09534e-05
6.05989e-05
6.02541e-05
5.99192e-05
5.9594e-05
5.92786e-05
5.89674e-05
5.86633e-05
5.83701e-05
5.80879e-05
5.78162e-05
5.75545e-05
5.73023e-05
5.70564e-05
5.68192e-05
5.67449e-05
5.69065e-05
5.70481e-05
5.71398e-05
5.72093e-05
5.73048e-05
5.89792e-05
5.95213e-05
5.92051e-05
5.87397e-05
5.82589e-05
5.77918e-05
5.73475e-05
5.69285e-05
5.65351e-05
5.61662e-05
5.58211e-05
5.54979e-05
5.51952e-05
5.49117e-05
5.46462e-05
5.43973e-05
5.41638e-05
5.39512e-05
5.37569e-05
5.35716e-05
5.3395e-05
5.32271e-05
5.30687e-05
5.29278e-05
5.2859e-05
5.27925e-05
5.2707e-05
5.26181e-05
5.25206e-05
5.24172e-05
5.23119e-05
5.22079e-05
5.21067e-05
5.20093e-05
5.19161e-05
5.18274e-05
5.17433e-05
5.16635e-05
5.15879e-05
5.15164e-05
5.14489e-05
5.1385e-05
5.13245e-05
5.12672e-05
5.12129e-05
5.11614e-05
5.11125e-05
5.10662e-05
5.10223e-05
5.09805e-05
5.09408e-05
5.09029e-05
5.08669e-05
5.08326e-05
5.08e-05
5.07689e-05
5.07392e-05
5.07109e-05
5.06839e-05
5.06582e-05
5.06336e-05
5.06102e-05
5.05877e-05
5.05663e-05
5.05457e-05
5.0526e-05
5.05071e-05
5.0489e-05
5.04717e-05
5.0455e-05
5.04391e-05
5.04238e-05
5.04091e-05
5.03949e-05
5.03813e-05
5.03683e-05
5.03557e-05
5.03437e-05
5.03321e-05
5.0321e-05
5.03103e-05
5.03103e-05
5.0312e-05
5.03102e-05
5.03055e-05
5.02989e-05
5.02909e-05
5.02822e-05
5.0273e-05
5.02638e-05
5.02546e-05
5.02455e-05
5.02367e-05
5.02282e-05
5.02199e-05
5.0212e-05
5.02043e-05
5.0197e-05
5.019e-05
5.01832e-05
5.01767e-05
5.01705e-05
5.01645e-05
5.01588e-05
5.0154e-05
5.01495e-05
5.01449e-05
5.01403e-05
5.01357e-05
5.01313e-05
5.01269e-05
5.01227e-05
5.01186e-05
5.01146e-05
5.01107e-05
5.0107e-05
5.01034e-05
5.00999e-05
5.00966e-05
5.00934e-05
5.00903e-05
5.00873e-05

