5e-05
5e-05
5e-05
5e-05
5e-05
5e-05
5e-05
5e-05
5e-05
5e-05
5e-05
5e-05
5e-05
5e-05
5e-05
5e-05
5e-05
5e-05
5e-05
5e-05
5e-05
5e-05
5e-05
5e-05
5e-05
5e-05
5e-05
5e-05
5e-05
5e-05
5e-05
5e-05
5e-05
5e-05
5e-05
5e-05
5e-05
5e-05
5e-05
5e-05
5e-05
5e-05
5e-05
5e-05
5e-05
5e-05
5e-05
5e-05
5e-05
5e-05
5e-05
5e-05
5e-05
5e-05
5e-05
5e-05
5e-05
5e-05
5e-05
5e-05
5e-05
5e-05
5e-05
5e-05
5e-05
5e-05
5e-05
5e-05
5e-05
5e-05
5e-05
5e-05
5e-05
5e-05
5e-05
5e-05
5e-05
5e-05
5e-05
5e-05
5e-05
5e-05
5e-05
5e-05
5e-05
5e-05
5e-05
5e-05
5e-05
5e-05
5e-05
5e-05
5e-05
5e-05
5e-05
5e-05
5e-05
5e-05
5e-05
5e-05
5e-05
5e-05
5e-05
5e-05
5e-05
5e-05
5e-05
5e-05
5e-05
5e-05
5e-05
5e-05
5e-05
5e-05
5e-05
5e-05
5e-05
5e-05
5e-05
5e-05
5e-05
5e-05
5e-05
5e-05
5e-05
5e-05
5e-05
5e-05
5e-05
5e-05
5e-05
5e-05
5e-05
5e-05
5e-05
5e-05
5e-05
5e-05
5e-05
5e-05
5e-05
5e-05
5.18072e-05
5.84711e-05
6.60452e-05
7.32619e-05
7.98246e-05
8.55647e-05
9.05627e-05
9.49249e-05
9.87299e-05
0.000101997
0.000104784
0.000107149
0.000109172
0.00011089
0.000112328
0.000113509
0.000114452
0.00011516
0.000115638
0.000115934
0.000116068
0.000116051
0.00011587
0.000115549
0.000115121
0.000114597
0.000113987
0.00011329
0.000112494
0.000111639
0.000110736
0.00010979
0.000108807
0.000107793
0.000106751
0.000105686
0.000104603
0.000103505
0.000102395
0.000101278
0.000100157
9.91927e-05
0.000100711
0.000102315
0.000103432
0.000104083
0.000104309
0.000104147
0.00010355
0.000102647
0.000101534
0.000100268
9.88725e-05
9.73776e-05
9.58258e-05
9.42736e-05
9.27395e-05
9.12344e-05
8.97656e-05
8.83381e-05
8.6949e-05
8.5596e-05
8.42929e-05
8.30402e-05
8.18371e-05
8.06823e-05
7.95742e-05
7.85109e-05
7.74907e-05
7.65117e-05
7.55722e-05
7.46703e-05
7.38042e-05
7.29724e-05
7.21732e-05
7.14051e-05
7.06667e-05
6.99566e-05
6.92734e-05
6.86157e-05
6.79751e-05
6.7358e-05
6.6765e-05
6.61951e-05
6.56471e-05
6.512e-05
6.46127e-05
6.41242e-05
6.36537e-05
6.32003e-05
6.27632e-05
6.23417e-05
6.19347e-05
6.15371e-05
6.11535e-05
6.07841e-05
6.04253e-05
6.00778e-05
5.97437e-05
5.94222e-05
5.91127e-05
5.88147e-05
5.85276e-05
5.82507e-05
5.79836e-05
5.77259e-05
5.7477e-05
5.72367e-05

