5e-05
5e-05
5e-05
5e-05
5e-05
5e-05
5e-05
5e-05
5e-05
5e-05
5e-05
5e-05
5.31969e-05
6.22345e-05
7.2248e-05
8.23876e-05
9.12659e-05
9.86147e-05
0.000104665
0.000109614
0.000113412
0.000116376
0.000118672
0.000120277
0.000121506
0.000122457
0.000123167
0.000123663
0.000123964
0.000124047
0.000123956
0.000123727
0.000123371
0.000122858
0.00012224
0.000121534
0.000120751
0.000119896
0.000118977
0.000118001
0.000116972
0.000115899
0.000114785
0.000113632
0.000112419
0.000111185
0.000109938
0.000108682
0.000107421
0.000106146
0.000104779
0.000103387
0.000102025
0.000100695
9.93802e-05
9.80918e-05
9.68354e-05
9.5609e-05
9.43936e-05
9.31848e-05
9.19333e-05
9.06695e-05
8.94534e-05
8.82888e-05
8.71604e-05
8.60747e-05
8.50313e-05
8.40101e-05
8.30163e-05
8.20592e-05
8.11277e-05
8.02245e-05
7.93528e-05
7.85105e-05
7.76902e-05
7.68888e-05
7.67026e-05
7.72979e-05
7.76953e-05
7.7822e-05
7.77561e-05
7.75059e-05
7.70095e-05
7.6375e-05
7.5654e-05
7.4886e-05
7.40891e-05
7.32922e-05
7.2505e-05
7.17325e-05
7.09699e-05
7.02076e-05
7.00603e-05
7.01537e-05
7.00564e-05
6.98094e-05
6.94554e-05
6.90236e-05
6.84979e-05
6.79329e-05
6.73541e-05
6.68348e-05
6.63091e-05
6.57743e-05
6.52367e-05
6.46994e-05
6.41604e-05
6.36325e-05
6.3115e-05
6.26101e-05
6.21147e-05
6.1636e-05
6.11759e-05
6.07347e-05
6.03124e-05
5.99039e-05
5.95119e-05
5.9135e-05
5.87734e-05
5.84306e-05
5.81057e-05
5.77973e-05
5.75007e-05
5.7213e-05
5.69371e-05
5.6671e-05
5.64418e-05
5.62329e-05
5.60267e-05
5.58243e-05
5.56286e-05
5.54396e-05
5.52548e-05
5.50754e-05
5.49003e-05
5.4728e-05
5.45612e-05
5.44018e-05
5.42698e-05
5.41544e-05
5.40446e-05
5.39336e-05
5.38202e-05
5.37066e-05
5.35953e-05
5.35039e-05
5.34093e-05
5.33112e-05
5.32108e-05
5.31065e-05
5.30011e-05
5.28941e-05
5.27902e-05
5.26871e-05
5.25879e-05
5.24929e-05
5.24004e-05
5.23117e-05
5.22273e-05
5.21462e-05
5.20684e-05
5.19944e-05
5.19239e-05
5.18559e-05
5.17899e-05
5.17267e-05
5.16666e-05
5.16089e-05
5.15533e-05
5.14999e-05
5.14484e-05
5.13993e-05
5.13516e-05
5.1305e-05
5.12603e-05
5.12176e-05
5.11769e-05
5.11381e-05
5.11009e-05
5.10653e-05
5.10304e-05
5.09966e-05
5.09642e-05
5.0933e-05
5.09027e-05
5.08736e-05
5.08456e-05
5.08184e-05
5.07921e-05
5.07668e-05
5.07422e-05
5.07181e-05
5.06948e-05
5.06721e-05
5.06498e-05
5.06284e-05
5.06077e-05
5.05878e-05
5.05684e-05
5.05493e-05
5.05311e-05
5.05137e-05
5.04969e-05
5.04808e-05
5.04653e-05
5.04505e-05
5.04362e-05
5.0422e-05
5.04082e-05
5.0395e-05
5.03824e-05
5.03702e-05
5.03586e-05
5.03472e-05
5.03361e-05
5.03253e-05
5.03149e-05
5.03048e-05
5.02952e-05
5.02859e-05
5.0277e-05
5.02682e-05
5.02596e-05
5.02512e-05
5.0243e-05
5.02351e-05
5.02276e-05
5.02204e-05
5.02134e-05
5.02067e-05
5.02011e-05
5.02039e-05
5.02068e-05
5.02093e-05
5.02106e-05
5.02108e-05
5.02097e-05
5.02069e-05
5.0203e-05
5.01979e-05
5.01921e-05
5.01861e-05
5.01799e-05
5.01737e-05
5.01674e-05
5.01612e-05
5.01561e-05
5.01518e-05
5.01474e-05
5.01429e-05

