5e-05
5e-05
5e-05
5e-05
5e-05
5e-05
5e-05
5e-05
5e-05
5e-05
5e-05
5e-05
5e-05
5e-05
5e-05
5e-05
5e-05
5e-05
5e-05
5e-05
5e-05
5e-05
5e-05
5e-05
5e-05
5e-05
5e-05
5e-05
5e-05
5e-05
5e-05
5e-05
5e-05
5e-05
5e-05
5e-05
5e-05
5e-05
5e-05
5e-05
5e-05
5e-05
5e-05
5e-05
5e-05
5e-05
5e-05
5e-05
5e-05
5e-05
5e-05
5e-05
5e-05
5e-05
5e-05
5e-05
5e-05
5e-05
5e-05
5e-05
5e-05
5e-05
5e-05
5e-05
5e-05
5e-05
5e-05
5e-05
5e-05
5e-05
5e-05
5e-05
5e-05
5e-05
5e-05
5e-05
5e-05
5e-05
5e-05
5e-05
5e-05
5e-05
5e-05
5e-05
5e-05
5e-05
5e-05
5e-05
5e-05
5e-05
5e-05
5e-05
5e-05
5e-05
5e-05
5e-05
5e-05
5e-05
5e-05
5e-05
5e-05
5e-05
5e-05
5e-05
5.09735e-05
5.76907e-05
6.71109e-05
7.659e-05
8.52893e-05
9.2869e-05
9.92464e-05
0.000104671
0.000109271
0.000113122
0.0001162
0.000118659
0.000120645
0.000122219
0.000123428
0.000124312
0.000124907
0.0001252
0.000125247
0.000125103
0.00012474
0.000124181
0.000123507
0.000122696
0.000121826
0.000121427
0.00012097
0.00012035
0.000119584
0.000118689
0.000117838
0.000117275
0.000116555
0.000115634
0.000114456
0.000113057
0.000111586
0.000110102
0.000108612
0.0001071
0.000105602
0.000104128
0.000103316
0.000102965
0.000102398
0.000101593
0.00010061
9.95405e-05
9.91039e-05
9.86316e-05
9.79679e-05
9.74169e-05
9.67229e-05
9.58233e-05
9.47117e-05
9.35093e-05
9.23027e-05
9.12717e-05
9.0199e-05
8.90783e-05
8.78851e-05
8.66444e-05
8.53907e-05
8.4148e-05
8.2902e-05
8.1692e-05
8.05291e-05
7.94082e-05
7.83117e-05
7.7255e-05
7.62452e-05
7.5274e-05
7.43418e-05
7.34507e-05
7.26011e-05
7.17834e-05
7.10031e-05
7.02589e-05
6.95483e-05
6.88663e-05
6.8208e-05
6.75779e-05
6.69746e-05
6.64003e-05
6.59317e-05
6.54755e-05
6.50218e-05
6.45734e-05
6.41311e-05
6.36957e-05
6.32679e-05
6.28485e-05
6.24381e-05
6.20318e-05
6.16347e-05
6.12492e-05
6.08756e-05
6.05134e-05
6.01585e-05
5.98153e-05
5.94822e-05
5.91589e-05
5.88439e-05
5.85372e-05
5.82407e-05
5.79557e-05
5.7683e-05
5.74219e-05
5.71715e-05
5.69313e-05
5.67007e-05
5.64789e-05
5.62655e-05
5.606e-05
5.58605e-05
5.56665e-05
5.54776e-05
5.52954e-05
5.51185e-05
5.49482e-05
5.47829e-05
5.46395e-05
5.45139e-05
5.43869e-05
5.42606e-05
5.41346e-05
5.4008e-05
5.38827e-05
5.37604e-05
5.36413e-05
5.35256e-05
5.34131e-05
5.33025e-05
5.31951e-05
5.3091e-05
5.29893e-05
5.28897e-05
5.27926e-05
5.26979e-05
5.2606e-05
5.25181e-05
5.24339e-05
5.23532e-05
5.22757e-05
5.22014e-05
5.21299e-05

