5e-05
5e-05
5e-05
5e-05
5e-05
5e-05
5e-05
5e-05
5e-05
5e-05
5e-05
5e-05
5e-05
5e-05
5e-05
5e-05
5e-05
5e-05
5e-05
5e-05
5e-05
5e-05
5e-05
5e-05
5e-05
5e-05
5e-05
5e-05
5e-05
5e-05
5e-05
5e-05
5e-05
5e-05
5e-05
5e-05
5e-05
5e-05
5e-05
5e-05
5e-05
5e-05
5e-05
5e-05
5e-05
5e-05
5e-05
5e-05
5e-05
5e-05
5e-05
5e-05
5e-05
5e-05
5e-05
5e-05
5e-05
5e-05
5e-05
5e-05
5e-05
5e-05
5e-05
5e-05
5e-05
5e-05
5e-05
5e-05
5e-05
5e-05
5e-05
5e-05
5e-05
5e-05
5e-05
5e-05
5e-05
5e-05
5e-05
5e-05
5e-05
5e-05
5e-05
5e-05
5e-05
5e-05
5e-05
5e-05
5e-05
5e-05
5e-05
5e-05
5e-05
5e-05
5e-05
5e-05
5e-05
5e-05
5e-05
5e-05
5e-05
5e-05
5e-05
5e-05
5e-05
5e-05
5e-05
5e-05
5e-05
5e-05
5e-05
5e-05
5e-05
5e-05
5e-05
5e-05
5e-05
5e-05
5e-05
5e-05
5e-05
5e-05
5e-05
5e-05
5e-05
5e-05
5e-05
5e-05
5e-05
5e-05
5e-05
5e-05
5e-05
5e-05
5e-05
5e-05
5e-05
5e-05
5e-05
5e-05
5e-05
5e-05
5e-05
5e-05
5e-05
5e-05
5e-05
5e-05
5e-05
5e-05
5e-05
5.0479e-05
5.54182e-05
6.19435e-05
6.83286e-05
7.41551e-05
7.9777e-05
8.47621e-05
8.88573e-05
9.22082e-05
9.49373e-05
9.71459e-05
9.89171e-05
0.000100324
0.000101421
0.000102245
0.000102834
0.000103214
0.000103415
0.000103457
0.000103356
0.000103129
0.0001028
0.000102444
0.000102339
0.00010206
0.000101606
0.000101011
0.000100306
9.95202e-05
9.86762e-05
9.77861e-05
9.68624e-05
9.59151e-05
9.4952e-05
9.39791e-05
9.30013e-05
9.20225e-05
9.10464e-05
9.00817e-05
8.91262e-05
8.81778e-05
8.72359e-05
8.63029e-05
8.53839e-05
8.44768e-05
8.35822e-05
8.27012e-05
8.18348e-05
8.09857e-05
8.01536e-05
7.93369e-05
7.85362e-05
7.77519e-05
7.69858e-05
7.62373e-05
7.55077e-05
7.47956e-05
7.40986e-05
7.3417e-05
7.27512e-05
7.21013e-05
7.14687e-05
7.08521e-05
7.02507e-05
6.96645e-05
6.90937e-05
6.85388e-05
6.79982e-05
6.74724e-05
6.69612e-05
6.64635e-05
6.59798e-05
6.55167e-05
6.51451e-05
6.47708e-05
6.43857e-05
6.39941e-05
6.36003e-05
6.3208e-05
6.28199e-05
6.24382e-05
6.20643e-05
6.16993e-05
6.13955e-05
6.11075e-05
6.08118e-05
6.05581e-05
6.03107e-05
6.00463e-05
5.977e-05
5.94885e-05
5.92062e-05
5.89255e-05
5.86491e-05
5.83782e-05
5.81139e-05
5.78566e-05
5.76067e-05
5.73643e-05

