5e-05
5e-05
5e-05
5e-05
5e-05
5e-05
5e-05
5e-05
5e-05
5e-05
5e-05
5e-05
5.2662e-05
6.17263e-05
7.20956e-05
8.21007e-05
9.12046e-05
9.90179e-05
0.000105546
0.000110783
0.000115012
0.000118436
0.000120947
0.000122625
0.000123874
0.000124815
0.000125507
0.000125977
0.000126247
0.000126297
0.000126165
0.000125892
0.00012547
0.00012486
0.000124151
0.000123365
0.000122512
0.000121596
0.000120571
0.000119467
0.000118331
0.000119511
0.000122839
0.000125666
0.000127656
0.000129103
0.000130114
0.000130702
0.000130848
0.000130524
0.000129939
0.000129537
0.000143533
0.000160031
0.00016112
0.000157403
0.000152425
0.000147214
0.000142094
0.000137168
0.000132441
0.000127974
0.000123782
0.000119862
0.000116205
0.00011279
0.0001096
0.000106617
0.000103832
0.000101224
9.8781e-05
9.6491e-05
9.4345e-05
9.23257e-05
9.04309e-05
8.86334e-05
8.69356e-05
8.53248e-05
8.38025e-05
8.23611e-05
8.10023e-05
7.97099e-05
7.84639e-05
7.72785e-05
7.61606e-05
7.51044e-05
7.41002e-05
7.31458e-05
7.22308e-05
7.13639e-05
7.05417e-05
6.97557e-05
6.9009e-05
6.82994e-05
6.76378e-05
6.76537e-05
6.77771e-05
6.7795e-05
6.77116e-05
6.75364e-05
6.72769e-05
6.69418e-05
6.65428e-05
6.60938e-05
6.56088e-05
6.51005e-05
6.45797e-05
6.40551e-05
6.35334e-05
6.30196e-05
6.25173e-05
6.20291e-05
6.15564e-05
6.10954e-05
6.06463e-05
6.02127e-05
5.9798e-05
5.94028e-05
5.90264e-05
5.8668e-05
5.83267e-05
5.80014e-05
5.76914e-05
5.73958e-05
5.7422e-05
6.25192e-05
7.02349e-05
7.82618e-05
8.58085e-05
9.25842e-05
9.84777e-05
0.000103498
0.000107774
0.000111424
0.000114488
0.000116984
0.000119038
0.000121749
0.000125639
0.000128544
0.000130474
0.000131804
0.000132639
0.000132955
0.00013289
0.000132466
0.000131795
0.00013088
0.000129805
0.000128531
0.000127066
0.000125498
0.000123911
0.000122322
0.000120737
0.000119098
0.000117374
0.000115653
0.000113961
0.000112297
0.000110681
0.000109099
0.000107535
0.000106004
0.000104502
0.000103012
0.000101568
0.000100169
9.88116e-05
9.74932e-05
9.62108e-05
9.49617e-05
9.37439e-05
9.25557e-05
9.13956e-05
9.02623e-05
8.9155e-05
8.80729e-05
8.70152e-05
8.59815e-05
8.49706e-05
8.39667e-05
8.29854e-05
8.203e-05
8.10878e-05
8.01667e-05
7.92599e-05
7.838e-05
7.75197e-05
7.66821e-05
7.58728e-05
7.50818e-05
7.43121e-05
7.35532e-05
7.28087e-05
7.20888e-05
7.13913e-05
7.0714e-05
7.00623e-05
6.94349e-05
6.88253e-05
6.8239e-05
6.76752e-05
6.71297e-05
6.65907e-05
6.60604e-05
6.55455e-05
6.50507e-05
6.45767e-05
6.41219e-05
6.36848e-05
6.32587e-05
6.28478e-05
6.24502e-05
6.2061e-05
6.16834e-05
6.13148e-05
6.09541e-05
6.06053e-05
6.02708e-05
5.99471e-05
5.96344e-05
5.93341e-05
5.90453e-05
5.87674e-05
5.84995e-05
5.82382e-05
5.79838e-05
5.77353e-05
5.74957e-05
5.72632e-05
5.70372e-05
5.68194e-05
5.66095e-05
5.64069e-05
5.62112e-05
5.6022e-05
5.58363e-05
5.56538e-05
5.54775e-05
5.53062e-05
5.51398e-05
5.49795e-05
5.48233e-05
5.46722e-05
5.45267e-05
5.43858e-05
5.42457e-05
5.41082e-05
5.39762e-05

