5e-05
5e-05
5e-05
5e-05
5e-05
5e-05
5e-05
5e-05
5e-05
5e-05
5e-05
5e-05
5e-05
5e-05
5e-05
5e-05
5e-05
5e-05
5e-05
5e-05
5e-05
5e-05
5e-05
5e-05
5e-05
5e-05
5e-05
5e-05
5e-05
5e-05
5e-05
5e-05
5e-05
5e-05
5e-05
5e-05
5e-05
5e-05
5e-05
5e-05
5e-05
5e-05
5e-05
5e-05
5e-05
5e-05
5e-05
5e-05
5e-05
5e-05
5e-05
5e-05
5e-05
5e-05
5e-05
5e-05
5e-05
5e-05
5e-05
5e-05
5e-05
5e-05
5e-05
5e-05
5e-05
5e-05
5e-05
5e-05
5e-05
5e-05
5e-05
5e-05
5e-05
5e-05
5e-05
5e-05
5e-05
5e-05
5e-05
5e-05
5e-05
5e-05
5e-05
5e-05
5e-05
5e-05
5e-05
5e-05
5e-05
5e-05
5e-05
5e-05
5e-05
5e-05
5e-05
5e-05
5e-05
5e-05
5e-05
5e-05
5e-05
5e-05
5e-05
5e-05
5e-05
5e-05
5e-05
5e-05
5e-05
5e-05
5e-05
5e-05
5e-05
5e-05
5e-05
5e-05
5e-05
5e-05
5e-05
5e-05
5e-05
5e-05
5e-05
5e-05
5e-05
5e-05
5e-05
5e-05
5e-05
5e-05
5e-05
5e-05
5e-05
5e-05
5e-05
5e-05
5e-05
5e-05
5.12337e-05
5.72853e-05
6.43928e-05
7.10948e-05
7.73508e-05
8.35569e-05
8.91561e-05
9.35897e-05
9.73133e-05
0.000100679
0.000103216
0.000105067
0.000106417
0.000107372
0.000108113
0.000110046
0.000112243
0.000114272
0.000116054
0.000117463
0.000118485
0.000119182
0.000119603
0.000119787
0.000119768
0.000119577
0.000119237
0.000118768
0.000118178
0.000117481
0.000116692
0.000115829
0.000114902
0.000113916
0.00011288
0.000111803
0.000110692
0.000109555
0.000108398
0.000107225
0.00010604
0.000104848
0.000103651
0.000102453
0.000101259
0.000100069
9.88869e-05
9.77128e-05
9.65489e-05
9.53979e-05
9.43396e-05
9.35026e-05
9.26163e-05
9.16742e-05
9.06921e-05
8.96865e-05
8.8669e-05
8.76481e-05
8.66288e-05
8.58232e-05
8.65331e-05
8.6962e-05
8.69343e-05
8.67581e-05
8.63341e-05
8.56723e-05
8.48151e-05
8.38537e-05
8.28307e-05
8.17798e-05
8.07241e-05
7.96804e-05
7.86586e-05
7.76624e-05
7.66938e-05
7.57578e-05
7.48534e-05
7.39821e-05
7.31442e-05
7.23388e-05
7.15637e-05
7.08186e-05
7.01025e-05
6.94136e-05
6.87509e-05
6.81137e-05
6.7501e-05
6.69115e-05
6.63442e-05
6.5798e-05
6.5272e-05
6.47651e-05
6.42759e-05
6.38045e-05
6.335e-05
6.29113e-05
6.24877e-05
6.20786e-05
6.16841e-05
6.13038e-05
6.09373e-05
6.05837e-05
6.02425e-05
5.99131e-05
5.95944e-05
5.9286e-05
5.89881e-05
5.87006e-05
5.8423e-05
5.81542e-05
5.78944e-05
5.76425e-05

