5e-05
5e-05
5e-05
5e-05
5e-05
5e-05
5e-05
5e-05
5e-05
5e-05
5e-05
5e-05
5e-05
5e-05
5e-05
5e-05
5e-05
5e-05
5e-05
5e-05
5e-05
5e-05
5e-05
5e-05
5e-05
5e-05
5e-05
5e-05
5e-05
5e-05
5e-05
5e-05
5e-05
5e-05
5e-05
5e-05
5e-05
5e-05
5e-05
5e-05
5e-05
5e-05
5e-05
5e-05
5e-05
5e-05
5e-05
5e-05
5e-05
5e-05
5e-05
5e-05
5e-05
5e-05
5e-05
5e-05
5e-05
5e-05
5e-05
5e-05
5e-05
5e-05
5e-05
5e-05
5e-05
5e-05
5e-05
5e-05
5e-05
5e-05
5e-05
5e-05
5e-05
5e-05
5e-05
5e-05
5e-05
5e-05
5e-05
5e-05
5e-05
5e-05
5e-05
5e-05
5e-05
5e-05
5e-05
5e-05
5e-05
5e-05
5e-05
5e-05
5e-05
5e-05
5e-05
5e-05
5e-05
5e-05
5e-05
5e-05
5e-05
5e-05
5e-05
5e-05
5e-05
5e-05
5e-05
5e-05
5e-05
5e-05
5e-05
5e-05
5e-05
5e-05
5e-05
5e-05
5e-05
5e-05
5e-05
5e-05
5e-05
5e-05
5e-05
5e-05
5e-05
5e-05
5e-05
5e-05
5e-05
5e-05
5e-05
5e-05
5e-05
5e-05
5.00922e-05
5.49426e-05
6.30155e-05
7.26031e-05
8.18181e-05
9.06481e-05
9.86309e-05
0.000105504
0.000112339
0.000117908
0.000122211
0.000125614
0.000128138
0.000129906
0.000133518
0.000141007
0.000146566
0.000149972
0.000151823
0.000152572
0.000152502
0.000151612
0.000149912
0.00014773
0.00014537
0.000143284
0.000141289
0.000139156
0.00013693
0.000134651
0.000132361
0.000130067
0.000127812
0.000125606
0.000123451
0.000121331
0.00011921
0.00011714
0.000115102
0.000113127
0.000111204
0.000109326
0.000107512
0.000105745
0.000104041
0.000102657
0.000101299
9.99823e-05
9.88876e-05
9.77657e-05
9.65771e-05
9.53538e-05
9.40899e-05
9.28217e-05
9.15588e-05
9.0291e-05
8.9042e-05
8.77719e-05
8.65272e-05
8.53117e-05
8.41181e-05
8.29664e-05
8.18465e-05
8.07511e-05
7.97877e-05
7.89368e-05
7.80933e-05
7.72558e-05
7.64155e-05
7.55804e-05
7.47556e-05
7.39547e-05
7.31679e-05
7.2391e-05
7.16377e-05
7.0914e-05
7.02185e-05
6.95422e-05
6.88911e-05
6.8263e-05
6.76506e-05
6.70585e-05
6.6488e-05
6.59341e-05
6.53987e-05
6.48857e-05
6.43903e-05
6.39124e-05
6.34501e-05
6.3004e-05
6.2572e-05
6.21576e-05
6.17602e-05
6.13787e-05
6.10117e-05
6.06511e-05
6.03003e-05
5.99612e-05
5.96336e-05
5.93174e-05
5.90141e-05
5.87229e-05
5.85904e-05
6.32154e-05
7.06695e-05
7.8792e-05
8.73505e-05
9.49596e-05
0.000101391
0.000106579
0.000110912
0.000114468
0.000117715
0.000120934
0.000123545
0.000125462

