5e-05
5e-05
5e-05
5e-05
5e-05
5e-05
5e-05
5e-05
5e-05
5e-05
5e-05
5e-05
5e-05
5e-05
5e-05
5e-05
5e-05
5e-05
5e-05
5e-05
5e-05
5e-05
5e-05
5e-05
5e-05
5e-05
5e-05
5e-05
5e-05
5e-05
5e-05
5e-05
5e-05
5e-05
5e-05
5e-05
5e-05
5e-05
5e-05
5e-05
5e-05
5e-05
5e-05
5e-05
5e-05
5e-05
5e-05
5e-05
5.47027e-05
6.38935e-05
7.32359e-05
8.18974e-05
9.08084e-05
9.96708e-05
0.000107269
0.000113482
0.000118515
0.000122602
0.000125837
0.000128359
0.000129919
0.000130936
0.000131622
0.000131999
0.000132079
0.000131896
0.00013146
0.000130859
0.000130058
0.000129118
0.000128107
0.000127001
0.000125844
0.000124619
0.000123366
0.000122043
0.000120647
0.000119251
0.000117863
0.000116446
0.000115033
0.0001136
0.000112092
0.000110564
0.000109048
0.00010757
0.000106126
0.00010467
0.000103208
0.000101794
0.000100406
9.90377e-05
9.7684e-05
9.63617e-05
9.50712e-05
9.38133e-05
9.25955e-05
9.14222e-05
9.02735e-05
8.91586e-05
8.8081e-05
8.70379e-05
8.60263e-05
8.51789e-05
8.44529e-05
8.37123e-05
8.29551e-05
8.2162e-05
8.13318e-05
8.04826e-05
7.96238e-05
7.87787e-05
7.79412e-05
7.7174e-05
7.65419e-05
7.58929e-05
7.5228e-05
7.45609e-05
7.38946e-05
7.32316e-05
7.25709e-05
7.19036e-05
7.1236e-05
7.06539e-05
7.01125e-05
6.95412e-05
6.8966e-05
6.83809e-05
6.77986e-05
6.74251e-05
6.77329e-05
6.80439e-05
6.83242e-05
6.93712e-05
7.41876e-05
7.4631e-05
7.37733e-05
7.26496e-05
7.14811e-05
7.03385e-05
6.92487e-05
6.82191e-05
6.72528e-05
6.63473e-05
6.54995e-05
6.47062e-05
6.39648e-05
6.33143e-05
6.27025e-05
6.21209e-05
6.15692e-05
6.10378e-05
6.05322e-05
6.00549e-05
5.96049e-05
5.91731e-05
5.87645e-05
5.83784e-05
5.80147e-05
5.7688e-05
5.73971e-05
5.71154e-05
5.68425e-05
5.65791e-05
5.63439e-05
5.61232e-05
5.59054e-05
5.56935e-05
5.54833e-05
5.52795e-05
5.50806e-05
5.48893e-05
5.4705e-05
5.45288e-05
5.43593e-05
5.41974e-05
5.40429e-05
5.38954e-05
5.37543e-05
5.36194e-05
5.34894e-05
5.33636e-05
5.32424e-05
5.31265e-05
5.30156e-05
5.29079e-05
5.28026e-05
5.27035e-05
5.26204e-05
5.25392e-05
5.25517e-05
5.2596e-05
5.26181e-05
5.26185e-05
5.25951e-05
5.25548e-05
5.25009e-05
5.24386e-05
5.23677e-05
5.2293e-05
5.22154e-05
5.21343e-05
5.20535e-05
5.1974e-05
5.18949e-05
5.18183e-05
5.17444e-05
5.16735e-05
5.16057e-05
5.15412e-05
5.14795e-05
5.14201e-05
5.13638e-05
5.13114e-05
5.12663e-05
5.12225e-05
5.11801e-05
5.1138e-05
5.10972e-05
5.10578e-05
5.10199e-05
5.09831e-05
5.09472e-05
5.09123e-05
5.08789e-05
5.0847e-05
5.08165e-05
5.07873e-05
5.0759e-05
5.07312e-05
5.07046e-05
5.06792e-05
5.06572e-05
5.06371e-05
5.06173e-05
5.05977e-05
5.05781e-05
5.05585e-05
5.0539e-05
5.05202e-05
5.0502e-05
5.04848e-05
5.04706e-05
5.04568e-05
5.04434e-05
5.04322e-05
5.04209e-05
5.04092e-05
5.03978e-05
5.04029e-05

