5e-05
5e-05
5e-05
5e-05
5e-05
5e-05
5e-05
5e-05
5e-05
5e-05
5e-05
5.03102e-05
5.57573e-05
6.43511e-05
7.36561e-05
8.242e-05
9.01968e-05
9.68719e-05
0.000102525
0.000107419
0.000111776
0.000115171
0.000117796
0.000119682
0.000121113
0.000122221
0.000123047
0.000123623
0.000123956
0.000124032
0.000123874
0.000123532
0.000123067
0.000122449
0.000121694
0.000120842
0.000119935
0.00011897
0.000117917
0.000116812
0.000115685
0.00011454
0.000113378
0.000112202
0.000111014
0.00011013
0.000109579
0.000109224
0.000109086
0.000108657
0.000107925
0.000106981
0.00010582
0.000104532
0.000103209
0.00010186
0.000100478
9.90876e-05
9.76732e-05
9.62721e-05
9.48796e-05
9.35123e-05
9.21875e-05
9.09054e-05
8.96487e-05
8.84295e-05
8.7252e-05
8.61139e-05
8.49998e-05
8.39079e-05
8.28495e-05
8.18054e-05
8.07978e-05
7.98297e-05
7.88888e-05
7.79663e-05
7.70712e-05
7.63014e-05
7.56358e-05
7.49743e-05
7.43124e-05
7.3639e-05
7.29538e-05
7.22663e-05
7.15841e-05
7.09172e-05
7.02608e-05
6.96041e-05
6.89567e-05
6.83243e-05
6.77172e-05
6.71327e-05
6.65692e-05
6.60293e-05
6.55118e-05
6.5015e-05
6.45374e-05
6.4081e-05
6.37522e-05
6.34905e-05
6.32129e-05
6.29182e-05
6.26091e-05
6.22887e-05
6.19574e-05
6.16072e-05
6.12519e-05
6.09306e-05
6.0626e-05
6.03188e-05
6.00127e-05
5.97091e-05
5.94057e-05
5.91055e-05
5.881e-05
5.85144e-05
5.82275e-05
5.7948e-05
5.76769e-05
5.74158e-05
5.71646e-05
5.69228e-05
5.669e-05
5.64633e-05
5.62399e-05
5.60234e-05
5.58137e-05
5.56103e-05
5.54159e-05
5.52301e-05
5.50509e-05
5.48803e-05
5.4741e-05
5.46072e-05
5.4482e-05
5.43766e-05
5.42655e-05
5.41517e-05
5.40619e-05
5.39905e-05
5.3909e-05
5.38175e-05
5.37202e-05
5.36167e-05
5.35092e-05
5.34015e-05
5.33104e-05
5.32201e-05
5.31441e-05
5.31987e-05
5.35573e-05
5.44416e-05
5.45306e-05
5.43675e-05
5.4152e-05
5.3929e-05
5.37116e-05
5.35038e-05
5.33071e-05
5.31217e-05
5.29475e-05
5.27841e-05
5.26307e-05
5.24868e-05
5.2352e-05
5.22258e-05
5.21073e-05
5.1996e-05
5.18915e-05
5.17934e-05
5.17013e-05
5.16147e-05
5.15333e-05
5.14567e-05
5.13846e-05
5.13168e-05
5.12529e-05
5.11928e-05
5.1136e-05
5.10826e-05
5.10322e-05
5.09847e-05
5.09399e-05
5.08975e-05
5.08574e-05
5.08195e-05
5.07837e-05
5.07498e-05
5.07178e-05
5.06873e-05
5.06584e-05
5.0631e-05
5.06049e-05
5.05801e-05
5.05566e-05
5.0536e-05
5.05167e-05
5.04978e-05
5.04793e-05
5.04613e-05
5.04439e-05
5.04271e-05
5.04109e-05
5.03955e-05
5.03806e-05
5.03664e-05
5.03528e-05
5.03398e-05
5.03274e-05
5.03155e-05
5.0304e-05
5.02931e-05
5.02826e-05
5.02725e-05
5.02628e-05
5.02536e-05
5.02447e-05
5.02362e-05
5.0228e-05
5.02201e-05
5.02126e-05
5.02053e-05
5.01984e-05
5.01917e-05
5.01852e-05
5.01791e-05
5.01731e-05
5.01673e-05
5.01618e-05
5.01564e-05
5.01513e-05
5.01501e-05
5.01511e-05
5.01505e-05
5.01485e-05
5.01454e-05
5.01417e-05
5.01375e-05
5.01331e-05
5.0131e-05
5.01315e-05
5.01306e-05
5.01282e-05
5.01249e-05
5.01212e-05
5.01177e-05
5.01141e-05
5.01103e-05
5.01067e-05
5.01066e-05

