5e-05
5e-05
5e-05
5e-05
5e-05
5e-05
5e-05
5e-05
5e-05
5e-05
5e-05
5.27282e-05
7.22073e-05
8.27379e-05
9.14677e-05
0.000101004
0.00011
0.000121496
0.0001532
0.000192699
0.000194171
0.000198573
0.000203819
0.000208611
0.000212351
0.000214843
0.000216103
0.000216244
0.000215419
0.000213784
0.000211486
0.000208658
0.000205413
0.000201848
0.000198045
0.000194073
0.000189988
0.000185837
0.000181658
0.000177482
0.000173335
0.000169237
0.000165203
0.000161246
0.000157377
0.000153602
0.000149927
0.000146355
0.000143312
0.00014096
0.000139263
0.000137497
0.000135525
0.000133378
0.000131105
0.000128747
0.000126338
0.000123908
0.000121477
0.000119063
0.000116681
0.000114339
0.000112047
0.00010981
0.000107633
0.000105519
0.000103469
0.000101485
9.95672e-05
9.77153e-05
9.59288e-05
9.42065e-05
9.25474e-05
9.09499e-05
8.94125e-05
8.79335e-05
8.65112e-05
8.51436e-05
8.3829e-05
8.25656e-05
8.13514e-05
8.15228e-05
8.44178e-05
8.71848e-05
8.59233e-05
8.50546e-05
8.43436e-05
8.36579e-05
8.29383e-05
8.21656e-05
8.13659e-05
8.21913e-05
8.45151e-05
8.31236e-05
8.22089e-05
8.15018e-05
8.08329e-05
8.01263e-05
7.93573e-05
7.85267e-05
7.7646e-05
7.67298e-05
7.57926e-05
7.48472e-05
7.39039e-05
7.30288e-05
7.22739e-05
7.15329e-05
7.07898e-05
7.00481e-05
6.93131e-05
6.85895e-05
6.78806e-05
6.71891e-05
6.65171e-05
6.59174e-05
6.5403e-05
6.49005e-05
6.43984e-05
6.38973e-05
6.33994e-05
6.2907e-05
6.24221e-05
6.19463e-05
6.1481e-05
6.10273e-05
6.0586e-05
6.01578e-05
5.97431e-05
5.93423e-05
5.89555e-05
5.85827e-05
5.82239e-05
5.78789e-05
5.75476e-05
5.73068e-05
5.75717e-05
5.8105e-05
5.77633e-05
5.75163e-05
5.73427e-05
5.7216e-05
5.70846e-05
5.6937e-05
5.67725e-05
5.6628e-05
5.65587e-05
5.65784e-05
5.66128e-05
5.66428e-05
5.67901e-05
5.68651e-05
5.64799e-05
5.61312e-05
5.58236e-05
5.56059e-05
5.57202e-05
5.56589e-05
5.54434e-05
5.53152e-05
5.52363e-05
5.51848e-05
5.51522e-05
5.51406e-05
5.51935e-05
5.51468e-05
5.48421e-05
5.45644e-05
5.4311e-05
5.4079e-05
5.38662e-05
5.36704e-05
5.34897e-05
5.33225e-05
5.31671e-05
5.30224e-05
5.28872e-05
5.27604e-05
5.26412e-05
5.25288e-05
5.24222e-05
5.23209e-05
5.22242e-05
5.21318e-05
5.20431e-05
5.1958e-05
5.18762e-05
5.17978e-05
5.17313e-05
5.16702e-05
5.16103e-05
5.15511e-05
5.14927e-05
5.14353e-05
5.1379e-05
5.13239e-05
5.12702e-05
5.1218e-05
5.11673e-05
5.11182e-05
5.10708e-05
5.1025e-05
5.09809e-05
5.09384e-05
5.08976e-05
5.08585e-05
5.0821e-05
5.0785e-05
5.07506e-05
5.07177e-05
5.06862e-05
5.06561e-05
5.06274e-05
5.05999e-05
5.05738e-05
5.05488e-05
5.05254e-05
5.05302e-05
5.05856e-05
5.05693e-05
5.05493e-05
5.0534e-05
5.05205e-05
5.05073e-05
5.04938e-05
5.04798e-05
5.04653e-05
5.04504e-05
5.04353e-05
5.04201e-05
5.0405e-05
5.03899e-05
5.03767e-05
5.03677e-05
5.03589e-05
5.03496e-05
5.03396e-05
5.03293e-05
5.03186e-05
5.03088e-05
5.03025e-05
5.02963e-05
5.02895e-05
5.0282e-05
5.0274e-05
5.02656e-05
5.02569e-05
5.02481e-05
5.02392e-05
5.02304e-05

