5e-05
5e-05
5e-05
5e-05
5e-05
5e-05
5e-05
5e-05
7.02986e-05
8.35314e-05
9.47046e-05
0.000104504
0.000116112
0.000130771
0.000144406
0.000157183
0.000167388
0.000175973
0.000184128
0.000190385
0.000194734
0.000197459
0.000198846
0.000199136
0.000198536
0.000197217
0.000195322
0.000192971
0.000190261
0.000187275
0.000184082
0.000180737
0.000177287
0.000173771
0.000170221
0.000166663
0.000163117
0.000159601
0.000156129
0.000152712
0.000149359
0.000146076
0.00014287
0.000139743
0.000136698
0.000133738
0.000130863
0.000128073
0.00012537
0.000122751
0.000120274
0.000118387
0.000116629
0.000114829
0.000112983
0.000111108
0.000109225
0.000108593
0.000113326
0.000119995
0.000117672
0.00011627
0.000115281
0.000114379
0.000113401
0.000112281
0.000111005
0.000109584
0.000108041
0.000106403
0.000104694
0.00010294
0.00010116
9.93709e-05
9.75884e-05
9.58238e-05
9.40865e-05
9.2384e-05
9.0722e-05
8.91048e-05
8.77617e-05
8.88873e-05
9.18836e-05
9.01036e-05
8.88374e-05
8.78214e-05
8.77216e-05
9.03952e-05
8.86208e-05
8.74676e-05
8.68598e-05
8.63864e-05
8.58513e-05
8.52002e-05
8.44279e-05
8.35482e-05
8.25823e-05
8.15527e-05
8.04804e-05
7.93835e-05
7.82771e-05
7.71733e-05
7.60817e-05
7.50098e-05
7.39632e-05
7.29461e-05
7.19614e-05
7.10109e-05
7.0096e-05
6.92172e-05
6.83746e-05
6.75679e-05
6.67965e-05
6.60595e-05
6.53561e-05
6.46852e-05
6.40455e-05
6.34356e-05
6.28536e-05
6.22977e-05
6.17664e-05
6.12585e-05
6.07728e-05
6.03083e-05
5.9864e-05
5.9439e-05
5.90325e-05
5.86438e-05
5.82721e-05
5.79167e-05
5.75771e-05
5.72524e-05
5.69422e-05
6.45734e-05
8.17738e-05
9.33185e-05
0.000103446
0.000112574
0.000120446
0.000128157
0.000137815
0.000146948
0.000154374
0.000160145
0.000164489
0.000167622
0.000169734
0.000170987
0.000171518
0.000171444
0.000170866
0.000169867
0.00016852
0.000166887
0.000165021
0.000162965
0.000160759
0.000158435
0.000156021
0.000153541
0.000151015
0.00014846
0.000145892
0.000143322
0.000140761
0.000138218
0.000135701
0.000133215
0.000135038
0.000145468
0.00015308
0.00015023
0.00014851
0.000147193
0.000145878
0.000144388
0.00014267
0.00014073
0.0001386
0.000136314
0.000133905
0.000131409
0.000128854
0.000126269
0.000123676
0.000121095
0.000118539
0.000116023
0.000113556
0.000111146
0.000108798
0.000106518
0.000104307
0.000102168
0.000100102
9.81088e-05
9.61886e-05
9.43405e-05
9.25633e-05
9.08557e-05
8.92159e-05
8.7642e-05
8.61323e-05
8.46845e-05
8.32966e-05
8.19665e-05
8.06921e-05
7.94711e-05
7.83016e-05
7.71815e-05
7.61087e-05
7.50813e-05
7.40974e-05
7.31551e-05
7.22527e-05
7.13883e-05
7.05604e-05
6.97673e-05
6.90075e-05
6.82796e-05
6.7582e-05
6.69136e-05
6.62729e-05
6.56587e-05
6.50699e-05
6.45053e-05
6.39638e-05
6.34444e-05
6.29462e-05
6.24682e-05
6.20094e-05
6.15691e-05
6.11464e-05
6.07406e-05
6.03508e-05
5.99765e-05
5.9617e-05
5.92715e-05
5.89395e-05
5.86204e-05
5.8314e-05
5.80733e-05
5.78645e-05
5.76532e-05
5.74365e-05
5.72166e-05
5.70288e-05
5.68776e-05
5.67196e-05
5.65507e-05

