5e-05
5e-05
5e-05
5e-05
5e-05
5e-05
5e-05
5e-05
5e-05
5e-05
5e-05
5e-05
5e-05
5e-05
5e-05
5e-05
5e-05
5e-05
5e-05
5e-05
5e-05
5.13138e-05
5.78486e-05
6.58462e-05
7.38093e-05
8.1356e-05
8.81143e-05
9.40659e-05
9.92816e-05
0.000103826
0.000107696
0.00011099
0.000113792
0.000116151
0.000118065
0.000119589
0.000120793
0.000121708
0.000122333
0.000122683
0.00012283
0.000122797
0.000122604
0.000122265
0.000121795
0.000121209
0.000120519
0.000119737
0.000119039
0.000118682
0.000118099
0.000117315
0.000116669
0.000116203
0.000115568
0.000114772
0.000113782
0.000112653
0.000111408
0.000110044
0.000108494
0.000106921
0.000105375
0.000103858
0.000102351
0.000100882
9.94533e-05
9.8064e-05
9.67126e-05
9.53927e-05
9.40891e-05
9.28215e-05
9.15909e-05
9.03958e-05
8.92347e-05
8.81059e-05
8.70083e-05
8.59405e-05
8.49013e-05
8.38899e-05
8.29053e-05
8.19467e-05
8.09994e-05
8.0045e-05
7.90914e-05
7.81642e-05
7.72554e-05
7.63817e-05
7.5541e-05
7.47286e-05
7.39949e-05
7.33877e-05
7.27813e-05
7.21787e-05
7.15807e-05
7.09755e-05
7.03763e-05
6.97876e-05
6.92004e-05
6.86234e-05
6.80607e-05
6.75127e-05
6.69794e-05
6.64601e-05
6.59469e-05
6.54476e-05
6.49588e-05
6.44842e-05
6.41004e-05
6.37339e-05
6.33516e-05
6.29643e-05
6.25716e-05
6.21742e-05
6.17856e-05
6.14095e-05
6.10458e-05
6.07748e-05
6.0954e-05
6.11465e-05
6.13061e-05
6.14951e-05
6.39833e-05
6.56084e-05
6.54435e-05
6.48045e-05
6.40733e-05
6.33367e-05
6.26247e-05
6.19473e-05
6.13081e-05
6.07077e-05
6.01452e-05
5.96182e-05
5.9124e-05
5.866e-05
5.82259e-05
5.78292e-05
5.74809e-05
5.71511e-05
5.68356e-05
5.65365e-05
5.6253e-05
5.59841e-05
5.5727e-05
5.54916e-05
5.52828e-05
5.50855e-05
5.49109e-05
5.47571e-05
5.45981e-05
5.4435e-05
5.42722e-05
5.41115e-05
5.39536e-05
5.37998e-05
5.36565e-05
5.35274e-05
5.33993e-05
5.32742e-05
5.31533e-05
5.30358e-05
5.29212e-05
5.281e-05
5.27016e-05
5.25975e-05
5.24981e-05
5.24031e-05
5.23116e-05
5.2224e-05
5.21401e-05
5.20582e-05
5.19792e-05
5.1904e-05
5.18324e-05
5.17638e-05
5.17166e-05
5.1725e-05
5.17257e-05
5.17148e-05
5.16938e-05
5.16658e-05
5.16319e-05
5.15915e-05
5.15436e-05
5.1493e-05
5.14419e-05
5.13911e-05
5.1341e-05
5.12918e-05
5.12436e-05
5.11958e-05
5.1149e-05
5.1104e-05
5.10604e-05
5.10183e-05
5.09779e-05
5.09392e-05
5.0902e-05
5.08667e-05
5.08328e-05
5.08003e-05
5.07693e-05
5.07398e-05
5.07119e-05
5.06853e-05
5.06601e-05
5.0636e-05
5.0613e-05
5.0591e-05
5.05698e-05
5.05495e-05
5.05301e-05
5.05116e-05
5.04937e-05
5.04764e-05
5.04598e-05
5.0458e-05
5.04631e-05
5.04647e-05
5.04628e-05
5.04583e-05
5.04508e-05
5.04411e-05
5.04297e-05
5.0417e-05
5.04035e-05
5.03897e-05
5.03759e-05
5.03621e-05
5.03486e-05
5.03354e-05
5.03225e-05
5.03101e-05
5.02981e-05
5.02867e-05
5.02757e-05
5.02652e-05
5.0255e-05
5.02451e-05
5.02355e-05
5.02263e-05
5.02176e-05
5.02092e-05
5.02013e-05
5.01936e-05
5.01864e-05
5.01795e-05
5.01729e-05
5.01667e-05

