5e-05
5e-05
5e-05
5e-05
5e-05
5e-05
5e-05
5e-05
5e-05
5e-05
5e-05
5e-05
5e-05
5.00887e-05
5.55829e-05
6.47164e-05
7.42943e-05
8.33575e-05
9.14643e-05
9.8389e-05
0.000103856
0.000108383
0.000112141
0.000114908
0.000117018
0.000118761
0.000120189
0.000121337
0.000122229
0.000122888
0.000123333
0.000123583
0.000123655
0.000123507
0.00012314
0.000122624
0.000122013
0.00012132
0.000120552
0.000119717
0.00011882
0.000117868
0.000116866
0.000115821
0.000114712
0.000113553
0.000112372
0.000111247
0.000110493
0.000109684
0.000108786
0.000107763
0.000106616
0.00010543
0.000104218
0.000102975
0.000101701
0.000100428
9.91609e-05
9.78931e-05
9.65531e-05
9.52013e-05
9.38738e-05
9.25843e-05
9.13394e-05
9.01324e-05
8.89428e-05
8.77826e-05
8.66551e-05
8.55597e-05
8.45041e-05
8.34863e-05
8.25036e-05
8.154e-05
8.0594e-05
7.96621e-05
7.87638e-05
7.78966e-05
7.7044e-05
7.62142e-05
7.54129e-05
7.46223e-05
7.38608e-05
7.31295e-05
7.24264e-05
7.17491e-05
7.10847e-05
7.04347e-05
6.98086e-05
6.92058e-05
6.86248e-05
6.80589e-05
6.75084e-05
6.69758e-05
6.64551e-05
6.59457e-05
6.54537e-05
6.49796e-05
6.45225e-05
6.40813e-05
6.36551e-05
6.33512e-05
6.30955e-05
6.28142e-05
6.25185e-05
6.22145e-05
6.19005e-05
6.15768e-05
6.12504e-05
6.09204e-05
6.05944e-05
6.02739e-05
5.99596e-05
5.96466e-05
5.93311e-05
5.90231e-05
5.87227e-05
5.84334e-05
5.81551e-05
5.78873e-05
5.76296e-05
5.73814e-05
5.71423e-05
5.69117e-05
5.66893e-05
5.64739e-05
5.62635e-05
5.60587e-05
5.58568e-05
5.56605e-05
5.54721e-05
5.52914e-05
5.51267e-05
5.51809e-05
5.52659e-05
5.53273e-05
5.53701e-05
5.54053e-05
5.54509e-05
5.54565e-05
5.54831e-05
5.66709e-05
5.70729e-05
5.6877e-05
5.65707e-05
5.6361e-05
5.61485e-05
5.59006e-05
5.56385e-05
5.53715e-05
5.51054e-05
5.48463e-05
5.45982e-05
5.43618e-05
5.41376e-05
5.3932e-05
5.38329e-05
5.3773e-05
5.37012e-05
5.36168e-05
5.35152e-05
5.3399e-05
5.3276e-05
5.31474e-05
5.30144e-05
5.28818e-05
5.27524e-05
5.26268e-05
5.25055e-05
5.23896e-05
5.22791e-05
5.21741e-05
5.20742e-05
5.1979e-05
5.18907e-05
5.18125e-05
5.17369e-05
5.1664e-05
5.15943e-05
5.15278e-05
5.14643e-05
5.14032e-05
5.13441e-05
5.12876e-05
5.12336e-05
5.11822e-05
5.11335e-05
5.10868e-05
5.1042e-05
5.09993e-05
5.09588e-05
5.09202e-05
5.08831e-05
5.08478e-05
5.08141e-05
5.07819e-05
5.07514e-05
5.07223e-05
5.06946e-05
5.06682e-05
5.06432e-05
5.06191e-05
5.05961e-05
5.05743e-05
5.05533e-05
5.05331e-05
5.05139e-05
5.04954e-05
5.04776e-05
5.04606e-05
5.04441e-05
5.04281e-05
5.04129e-05
5.03984e-05
5.03845e-05
5.03712e-05
5.03585e-05
5.03461e-05
5.03342e-05
5.03228e-05
5.03117e-05
5.03011e-05
5.02907e-05
5.02805e-05
5.02708e-05
5.02615e-05
5.02527e-05
5.02442e-05
5.0236e-05
5.0228e-05
5.02202e-05
5.02127e-05
5.02055e-05
5.01986e-05
5.01919e-05
5.01855e-05
5.01794e-05
5.01734e-05
5.01677e-05
5.01622e-05
5.01575e-05
5.01533e-05
5.01492e-05
5.0145e-05
5.01407e-05
5.01365e-05
5.01324e-05
5.01284e-05
5.01245e-05
5.01206e-05

