5e-05
5e-05
5e-05
5e-05
5e-05
5e-05
5e-05
5e-05
5e-05
5e-05
5e-05
5e-05
5e-05
5e-05
5e-05
5e-05
5e-05
5e-05
5e-05
5e-05
5e-05
5e-05
5e-05
5e-05
5e-05
5e-05
5e-05
5e-05
5e-05
5e-05
5e-05
5e-05
5e-05
5e-05
5e-05
5e-05
5e-05
5e-05
5e-05
5e-05
5e-05
5e-05
5e-05
5.00705e-05
5.48596e-05
6.29782e-05
7.15068e-05
7.99665e-05
8.85321e-05
9.58862e-05
0.000102044
0.000107126
0.000111069
0.000114227
0.000116855
0.000119012
0.000121562
0.000123887
0.000126368
0.000128179
0.000129178
0.000129696
0.000129882
0.000129787
0.000129451
0.000128867
0.000128119
0.000127751
0.000127101
0.000126264
0.000125278
0.000124158
0.000122889
0.000121541
0.000120137
0.00011869
0.000117212
0.000115692
0.000114138
0.000112585
0.000111015
0.000109422
0.000107832
0.000106261
0.000104692
0.000103143
0.000101619
0.00010014
9.8703e-05
9.72949e-05
9.59322e-05
9.46118e-05
9.33094e-05
9.20188e-05
9.09421e-05
8.99627e-05
8.89656e-05
8.79573e-05
8.69547e-05
8.59555e-05
8.49521e-05
8.39633e-05
8.29839e-05
8.19972e-05
8.10254e-05
8.00721e-05
7.91357e-05
7.82286e-05
7.73457e-05
7.64872e-05
7.56592e-05
7.48605e-05
7.40863e-05
7.33816e-05
7.29299e-05
7.24842e-05
7.20087e-05
7.15065e-05
7.09827e-05
7.04425e-05
6.98909e-05
6.93492e-05
6.895e-05
6.86175e-05
6.82253e-05
6.77632e-05
6.72723e-05
6.67428e-05
6.62104e-05
6.58471e-05
6.6057e-05
6.62325e-05
6.63053e-05
6.62089e-05
6.59547e-05
6.55926e-05
6.52232e-05
6.48528e-05
6.44147e-05
6.39181e-05
6.34019e-05
6.28916e-05
6.23924e-05
6.19371e-05
6.16425e-05
6.33051e-05
6.57437e-05
6.58419e-05
6.52e-05
6.44164e-05
6.36243e-05
6.28553e-05
6.2137e-05
6.14705e-05
6.08365e-05
6.02398e-05
5.96971e-05
5.91803e-05
5.86877e-05
5.82198e-05
5.77769e-05
5.73589e-05
5.69649e-05
5.65943e-05
5.62461e-05
5.5919e-05
5.56112e-05
5.53218e-05
5.50501e-05
5.47947e-05
5.45544e-05
5.43283e-05
5.41156e-05
5.39365e-05
5.38464e-05
5.37335e-05
5.36033e-05
5.34633e-05
5.33193e-05
5.31753e-05
5.30339e-05
5.28968e-05
5.27652e-05
5.26394e-05
5.25198e-05
5.24062e-05
5.22985e-05
5.21965e-05
5.20998e-05
5.20081e-05
5.19214e-05
5.18394e-05
5.17616e-05
5.16877e-05
5.16177e-05
5.15511e-05
5.14879e-05
5.14291e-05
5.1378e-05
5.13281e-05
5.12792e-05
5.12314e-05
5.11851e-05
5.11403e-05
5.10971e-05
5.10557e-05
5.10159e-05
5.09778e-05
5.09415e-05
5.09066e-05
5.08742e-05
5.08463e-05
5.08187e-05
5.07912e-05
5.07642e-05
5.07377e-05
5.07119e-05
5.06869e-05
5.06628e-05
5.06395e-05
5.06171e-05
5.05955e-05
5.05748e-05
5.05571e-05
5.05404e-05
5.05235e-05
5.05068e-05
5.04902e-05
5.0474e-05
5.04581e-05
5.04427e-05
5.04278e-05
5.04133e-05
5.04012e-05
5.03896e-05
5.03778e-05
5.03665e-05
5.03568e-05
5.03467e-05
5.03364e-05
5.0326e-05
5.03157e-05
5.03054e-05
5.02954e-05
5.02856e-05
5.0276e-05
5.02668e-05
5.02579e-05
5.02506e-05
5.02433e-05

