5e-05
5e-05
5e-05
5e-05
5e-05
5e-05
5e-05
5e-05
5e-05
5e-05
5e-05
5e-05
5.39249e-05
6.36594e-05
7.39609e-05
8.47889e-05
9.45818e-05
0.000102903
0.00010989
0.000115481
0.00011946
0.000122456
0.000124868
0.00012664
0.000127917
0.00012882
0.000129441
0.000129791
0.000129867
0.0001297
0.000129374
0.000128876
0.00012824
0.000127501
0.00012663
0.000125687
0.000124684
0.000123628
0.000122519
0.000121328
0.0001201
0.000118808
0.000117472
0.000116424
0.000115555
0.000114603
0.000113572
0.000112464
0.000111249
0.000109987
0.000108696
0.00010738
0.00010595
0.000104509
0.000103087
0.000101689
0.000100316
9.89473e-05
9.75978e-05
9.62778e-05
9.49494e-05
9.36201e-05
9.37495e-05
9.46119e-05
9.51461e-05
9.53773e-05
9.52657e-05
9.4931e-05
9.43973e-05
9.36842e-05
9.28161e-05
9.18214e-05
9.07296e-05
8.95684e-05
8.83455e-05
8.70799e-05
8.58136e-05
8.47201e-05
8.49803e-05
8.55938e-05
9.31729e-05
9.72286e-05
9.63641e-05
9.42964e-05
9.20293e-05
8.97782e-05
8.76066e-05
8.55454e-05
8.35993e-05
8.17747e-05
8.00693e-05
7.84774e-05
7.69895e-05
7.56003e-05
7.43044e-05
7.3095e-05
7.19656e-05
7.09098e-05
6.99218e-05
6.89958e-05
6.81268e-05
6.73087e-05
6.65366e-05
6.58728e-05
6.52527e-05
6.46573e-05
6.40789e-05
6.35232e-05
6.29904e-05
6.24796e-05
6.19899e-05
6.15206e-05
6.10695e-05
6.06265e-05
6.01953e-05
5.97792e-05
5.93842e-05
5.90095e-05
5.86539e-05
5.83161e-05
5.79948e-05
5.76914e-05
5.74375e-05
5.71957e-05
5.69589e-05
5.67236e-05
5.64934e-05
5.62663e-05
5.60458e-05
5.58326e-05
5.56266e-05
5.54288e-05
5.5264e-05
5.51047e-05
5.49444e-05
5.47853e-05
5.46266e-05
5.44714e-05
5.43181e-05
5.41669e-05
5.40339e-05
5.39143e-05
5.37955e-05
5.36747e-05
5.3554e-05
5.34353e-05
5.3329e-05
5.32296e-05
5.31286e-05
5.30273e-05
5.2925e-05
5.28236e-05
5.27241e-05
5.26279e-05
5.25346e-05
5.24451e-05
5.23577e-05
5.22709e-05
5.21869e-05
5.21793e-05
5.21924e-05
5.21936e-05
5.21807e-05
5.21531e-05
5.21105e-05
5.20568e-05
5.19989e-05
5.19387e-05
5.18771e-05
5.1815e-05
5.1753e-05
5.16909e-05
5.16295e-05
5.15697e-05
5.15109e-05
5.14535e-05
5.13975e-05
5.13433e-05
5.12911e-05
5.12413e-05
5.11951e-05
5.11559e-05
5.1118e-05
5.1081e-05
5.10448e-05
5.10095e-05
5.09751e-05
5.09426e-05
5.0914e-05
5.08852e-05
5.08564e-05
5.08277e-05
5.07997e-05
5.07723e-05
5.07458e-05
5.07196e-05
5.06942e-05
5.06698e-05
5.06458e-05
5.06228e-05
5.28827e-05
6.02931e-05
6.89925e-05
7.75197e-05
8.5284e-05
9.19794e-05
9.84954e-05
0.000104424
0.000109481
0.000113749
0.00011726
0.000119907
0.000121973
0.000123604
0.000124854
0.000125781
0.000127051
0.000127989
0.000128568
0.000128831
0.000128814
0.000128489
0.000127931
0.000127151
0.000126232
0.000125156
0.000123992
0.000122766
0.000121457
0.00012009
0.000118699
0.000117293
0.00011586
0.000114395
0.000112933
0.00011148
0.000110037
0.000108606
0.000107374
0.000106283
0.000105109
0.000103892
0.000102625
0.000101349
0.000100071
9.87976e-05
9.75312e-05
9.62548e-05
9.49666e-05
9.36965e-05

