5e-05
5e-05
5e-05
5e-05
5e-05
5e-05
5e-05
5e-05
5e-05
5e-05
5e-05
5e-05
5e-05
5e-05
5e-05
5e-05
5e-05
5e-05
5e-05
5e-05
5e-05
5e-05
5e-05
5e-05
5e-05
5e-05
5e-05
5e-05
5e-05
5e-05
5e-05
5e-05
5e-05
5e-05
5e-05
5e-05
5e-05
5e-05
5e-05
5e-05
5e-05
5e-05
5e-05
5e-05
5e-05
5e-05
5e-05
5e-05
5e-05
5e-05
5e-05
5e-05
5e-05
5e-05
5e-05
5e-05
5e-05
5e-05
5e-05
5e-05
5e-05
5e-05
5e-05
5e-05
5e-05
5e-05
5e-05
5e-05
5e-05
5e-05
5e-05
5e-05
5e-05
5e-05
5e-05
5e-05
5e-05
5e-05
5e-05
5e-05
5e-05
5e-05
5e-05
5e-05
5e-05
5e-05
5e-05
5e-05
5e-05
5e-05
5e-05
5e-05
5e-05
5e-05
5e-05
5e-05
5e-05
5e-05
5e-05
5e-05
5e-05
5.07626e-05
5.69978e-05
6.54493e-05
7.39441e-05
8.18014e-05
8.86759e-05
9.53956e-05
0.000101658
0.000107051
0.000111603
0.000115344
0.000118456
0.000120993
0.000122907
0.000124334
0.000125383
0.000125992
0.000126336
0.000126461
0.000126395
0.000126158
0.000125745
0.000126109
0.000126656
0.000126724
0.000126888
0.000126954
0.000126671
0.000125986
0.000125082
0.000124017
0.000122811
0.00012144
0.00012008
0.000119211
0.000118992
0.000118505
0.000117631
0.000116435
0.000115012
0.000113506
0.000111927
0.000110402
0.000109259
0.000108226
0.000107206
0.000106359
0.000105292
0.000103992
0.000102558
0.000101185
9.98266e-05
9.83626e-05
9.68299e-05
9.54683e-05
9.41169e-05
9.27462e-05
9.1373e-05
9.00114e-05
8.86656e-05
8.73279e-05
8.60373e-05
8.47871e-05
8.35757e-05
8.23875e-05
8.12312e-05
8.01015e-05
7.89965e-05
7.79177e-05
7.68904e-05
7.5904e-05
7.49617e-05
7.40562e-05
7.31972e-05
7.2383e-05
7.16092e-05
7.08575e-05
7.0131e-05
6.94391e-05
6.87805e-05
6.81523e-05
6.75424e-05
6.69482e-05
6.63688e-05
6.58155e-05
6.52877e-05
6.47785e-05
6.42893e-05
6.38213e-05
6.33725e-05
6.29281e-05
6.24983e-05
6.20871e-05
6.16886e-05
6.12989e-05
6.09225e-05
6.05629e-05
6.0219e-05
5.98885e-05
5.95668e-05
5.92553e-05
5.89566e-05
5.867e-05
5.83891e-05
5.81165e-05
5.78517e-05
5.75926e-05
5.73413e-05
5.70974e-05
5.68627e-05
5.66386e-05
5.64243e-05
5.62191e-05
5.60223e-05
5.58332e-05
5.56504e-05
5.54722e-05
5.52989e-05
5.51308e-05
5.49673e-05
5.4809e-05
5.47692e-05
5.48614e-05
5.49237e-05
5.49433e-05
5.4918e-05
5.48493e-05
5.47518e-05
5.46387e-05
5.45983e-05
5.54292e-05
5.63051e-05
5.63375e-05
5.61169e-05
5.58321e-05
5.5535e-05
5.52441e-05
5.49772e-05
5.4721e-05
5.44765e-05
5.4437e-05
5.92351e-05
6.72679e-05
7.64036e-05
8.49313e-05
9.24776e-05
9.88627e-05
0.000104282
0.000108806

