5e-05
5e-05
5e-05
5e-05
5e-05
5e-05
5e-05
5e-05
5e-05
5e-05
5e-05
5e-05
5e-05
5e-05
5e-05
5e-05
5e-05
5e-05
5e-05
5e-05
5e-05
5e-05
5e-05
5e-05
5e-05
5e-05
5e-05
5e-05
5e-05
5e-05
5e-05
5e-05
5e-05
5e-05
5e-05
5e-05
5e-05
5e-05
5e-05
5e-05
5e-05
5e-05
5e-05
5e-05
5e-05
5e-05
5e-05
5e-05
5e-05
5e-05
5e-05
5e-05
5e-05
5e-05
5e-05
5e-05
5e-05
5e-05
5e-05
5e-05
5e-05
5e-05
5e-05
5e-05
5e-05
5e-05
5e-05
5e-05
5e-05
5e-05
5e-05
5e-05
5e-05
5e-05
5e-05
5e-05
5e-05
5e-05
5e-05
5e-05
5e-05
5e-05
5e-05
5e-05
5e-05
5e-05
5e-05
5e-05
5e-05
5e-05
5e-05
5e-05
5e-05
5e-05
5e-05
5e-05
5e-05
5e-05
5e-05
5e-05
5e-05
5e-05
5e-05
5e-05
5e-05
5e-05
5e-05
5e-05
5e-05
5e-05
5e-05
5e-05
5e-05
5e-05
5e-05
5e-05
5e-05
5e-05
5e-05
5e-05
5e-05
5e-05
5e-05
5e-05
5e-05
5e-05
5e-05
5e-05
5e-05
5e-05
5e-05
5e-05
5e-05
5e-05
5e-05
5e-05
5e-05
5e-05
5e-05
5e-05
5e-05
5e-05
5e-05
5e-05
5.03355e-05
5.65852e-05
6.5654e-05
7.48693e-05
8.34337e-05
9.07588e-05
9.68914e-05
0.000101874
0.000106119
0.000109541
0.000112421
0.000114837
0.000116738
0.000118263
0.000119493
0.000120409
0.00012105
0.000121486
0.000121742
0.000121776
0.00012158
0.000121244
0.000120811
0.000120259
0.000119584
0.000118815
0.000117958
0.000117053
0.000116057
0.000114957
0.000113822
0.000112681
0.000111537
0.000110391
0.000109241
0.000108087
0.000106886
0.000105668
0.000104459
0.000103252
0.000102034
0.00010083
9.96413e-05
9.84531e-05
9.7268e-05
9.61027e-05
9.49469e-05
9.37783e-05
9.26285e-05
9.14812e-05
9.03327e-05
8.92137e-05
8.8115e-05
8.705e-05
8.59888e-05
8.49347e-05
8.39156e-05
8.29339e-05
8.19752e-05
8.10499e-05
8.01577e-05
7.92961e-05
7.84497e-05
7.7606e-05
7.67813e-05
7.59842e-05
7.5217e-05
7.44775e-05
7.37613e-05
7.3059e-05
7.23704e-05
7.16965e-05
7.10392e-05
7.04031e-05
6.97907e-05
6.92007e-05
6.86313e-05
6.80664e-05
6.75105e-05
6.69682e-05
6.64387e-05
6.59246e-05
6.54309e-05
6.49571e-05
6.45006e-05
6.4056e-05
6.3694e-05
6.39091e-05
6.41264e-05
6.43166e-05
6.44235e-05
6.44546e-05
6.4393e-05
6.42137e-05
6.39521e-05
6.36076e-05
6.32179e-05
6.28071e-05
6.23876e-05
6.19647e-05
6.1536e-05
6.1109e-05
6.07613e-05
6.04698e-05
6.01715e-05
5.98592e-05

