5e-05
5e-05
5e-05
5e-05
5e-05
5e-05
5e-05
5e-05
5e-05
5e-05
5e-05
5e-05
5e-05
5e-05
5e-05
5e-05
5e-05
5e-05
5e-05
5e-05
5e-05
5e-05
5e-05
5e-05
5e-05
5e-05
5e-05
5e-05
5e-05
5e-05
5e-05
5e-05
5e-05
5e-05
5e-05
5e-05
5e-05
5e-05
5e-05
5e-05
5e-05
5e-05
5e-05
5e-05
5e-05
5e-05
5e-05
5e-05
5e-05
5e-05
5e-05
5e-05
5e-05
5e-05
5e-05
5e-05
5e-05
5e-05
5e-05
5e-05
5e-05
5e-05
5e-05
5e-05
5e-05
5e-05
5e-05
5e-05
5e-05
5e-05
5e-05
5e-05
5e-05
5e-05
5e-05
5e-05
5e-05
5e-05
5e-05
5e-05
5e-05
5e-05
5e-05
5e-05
5e-05
5e-05
5e-05
5e-05
5e-05
5e-05
5e-05
5e-05
5e-05
5e-05
5e-05
5e-05
5e-05
5e-05
5e-05
5e-05
5e-05
5e-05
5e-05
5e-05
5e-05
5e-05
5e-05
5e-05
5e-05
5e-05
5e-05
5e-05
5e-05
5e-05
5e-05
5e-05
5e-05
5e-05
5e-05
5e-05
5e-05
5e-05
5e-05
5e-05
5e-05
5e-05
5e-05
5e-05
5e-05
5e-05
5e-05
5e-05
5e-05
5e-05
5e-05
5e-05
5e-05
5e-05
5e-05
5e-05
5e-05
5e-05
5e-05
5e-05
5e-05
5e-05
5e-05
5e-05
5e-05
5e-05
5e-05
5e-05
5e-05
5e-05
5e-05
5e-05
5e-05
5e-05
5e-05
5e-05
5e-05
5e-05
5e-05
5e-05
5e-05
5e-05
5e-05
5e-05
5e-05
5e-05
5e-05
5e-05
5e-05
5e-05
5e-05
5e-05
5e-05
5e-05
5e-05
5e-05
5.09466e-05
5.74902e-05
6.61133e-05
7.48454e-05
8.30769e-05
9.03861e-05
9.67332e-05
0.000102429
0.000108014
0.000112622
0.000116401
0.000119428
0.000121881
0.000123833
0.000125335
0.000126367
0.000127056
0.000127456
0.000127539
0.000127396
0.000127387
0.000127541
0.000127443
0.000127087
0.000126441
0.000125568
0.000124939
0.000124313
0.000123515
0.000122565
0.000121459
0.000120123
0.000118689
0.000117218
0.000115724
0.000114224
0.000113061
0.000111861
0.000110602
0.000109295
0.000107951
0.000106545
0.00010511
0.000103644
0.000102186
0.000100718
9.92731e-05
9.7858e-05
9.64572e-05
9.50804e-05
9.37408e-05
9.24386e-05
9.11654e-05
8.99142e-05
8.8701e-05
8.75257e-05
8.6387e-05
8.52835e-05
8.43115e-05
8.34395e-05
8.25454e-05
8.16492e-05
8.07456e-05
7.98547e-05
7.89796e-05
7.81214e-05
7.72811e-05
7.64482e-05
7.5621e-05
7.48143e-05

