5e-05
5e-05
5e-05
5e-05
5e-05
5e-05
5e-05
5e-05
5e-05
5e-05
5e-05
5e-05
5e-05
5e-05
5.26147e-05
6.12303e-05
7.19241e-05
8.28646e-05
9.25761e-05
0.000100619
0.000106914
0.000112003
0.000115931
0.000118587
0.000120552
0.00012208
0.000123259
0.000124162
0.000124799
0.000125145
0.000125284
0.000125261
0.000125087
0.000124667
0.000124118
0.000123483
0.000122771
0.000121988
0.000121124
0.000120172
0.000119138
0.000120503
0.000123685
0.000125983
0.000127548
0.000128449
0.000128599
0.000128247
0.000127967
0.000127255
0.000126028
0.000124313
0.0001223
0.000120167
0.000117969
0.000115776
0.000113611
0.000111488
0.000109416
0.000107376
0.000105263
0.000103164
0.000101144
9.9309e-05
9.77514e-05
9.62402e-05
9.4758e-05
9.33023e-05
9.18923e-05
9.05286e-05
8.92011e-05
8.78802e-05
8.65763e-05
8.53071e-05
8.41537e-05
8.31555e-05
8.21797e-05
8.12211e-05
8.02658e-05
7.93227e-05
7.84012e-05
7.74802e-05
7.65606e-05
7.56538e-05
7.47752e-05
7.39318e-05
7.31224e-05
7.23414e-05
7.15846e-05
7.08503e-05
7.01359e-05
6.94418e-05
6.87705e-05
6.81228e-05
6.75004e-05
6.68971e-05
6.63185e-05
6.57662e-05
6.52385e-05
6.47332e-05
6.42401e-05
6.37587e-05
6.32875e-05
6.28371e-05
6.24074e-05
6.19967e-05
6.16038e-05
6.1242e-05
6.09474e-05
6.06578e-05
6.03627e-05
6.00686e-05
5.97774e-05
5.94856e-05
5.92145e-05
5.8987e-05
5.87527e-05
5.85124e-05
5.82661e-05
5.80198e-05
5.77761e-05
5.7536e-05
5.72974e-05
5.70604e-05
5.68277e-05
5.6602e-05
5.63835e-05
5.61717e-05
5.59646e-05
5.57646e-05
5.5572e-05
5.53845e-05
5.52032e-05
5.50288e-05
5.4861e-05
5.47218e-05
5.45905e-05
5.44841e-05
5.43768e-05
5.42781e-05
5.41835e-05
5.40858e-05
5.40058e-05
5.39164e-05
5.38162e-05
5.37117e-05
5.36022e-05
5.34893e-05
5.34268e-05
5.34568e-05
5.34559e-05
5.34187e-05
5.3357e-05
5.32799e-05
5.31926e-05
5.30946e-05
5.29856e-05
5.28721e-05
5.276e-05
5.26584e-05
5.25633e-05
5.24693e-05
5.23771e-05
5.22872e-05
5.22003e-05
5.21164e-05
5.20359e-05
5.19591e-05
5.18856e-05
5.1815e-05
5.17464e-05
5.16808e-05
5.16174e-05
5.1557e-05
5.14991e-05
5.14435e-05
5.13905e-05
5.13396e-05
5.1291e-05
5.12502e-05
5.12109e-05
5.11732e-05
5.1141e-05
5.11089e-05
5.1076e-05
5.1043e-05
5.10097e-05
5.09768e-05
5.09446e-05
5.09126e-05
5.08814e-05
5.08502e-05
5.08198e-05
5.07904e-05
5.07617e-05
5.07342e-05
5.07076e-05
5.06817e-05
5.06589e-05
5.06386e-05
5.06186e-05
5.0599e-05
5.05794e-05
5.05601e-05
5.05411e-05
5.05227e-05
5.05048e-05
5.04872e-05
5.04701e-05
5.04538e-05
5.04382e-05
5.0423e-05
5.04085e-05
5.03944e-05
5.03808e-05
5.03677e-05
5.0355e-05
5.03428e-05
5.0331e-05
5.03197e-05
5.03088e-05
5.02983e-05
5.02882e-05
5.02784e-05
5.0269e-05
5.026e-05
5.02513e-05
5.0243e-05
5.02351e-05
5.02272e-05
5.02196e-05
5.02123e-05
5.02052e-05
5.01984e-05
5.01919e-05
5.01856e-05
5.01796e-05
5.01748e-05
5.017e-05
5.01656e-05
5.01618e-05
5.01578e-05
5.01536e-05
5.01492e-05
5.01447e-05
5.01403e-05
5.01361e-05
5.01324e-05
5.01288e-05
5.0125e-05

