5e-05
5e-05
5e-05
5e-05
5e-05
5e-05
5e-05
5e-05
5e-05
5e-05
5e-05
5e-05
5e-05
5e-05
5e-05
5e-05
5e-05
5e-05
5e-05
5e-05
5e-05
5e-05
5e-05
5e-05
5e-05
5e-05
5e-05
5e-05
5e-05
5e-05
5e-05
5e-05
5e-05
5e-05
5e-05
5e-05
5e-05
5e-05
5e-05
5e-05
5e-05
5e-05
5e-05
5e-05
5e-05
5e-05
5e-05
5e-05
5e-05
5e-05
5e-05
5e-05
5e-05
5e-05
5e-05
5e-05
5e-05
5e-05
5e-05
5e-05
5e-05
5e-05
5e-05
5e-05
5e-05
5e-05
5e-05
5e-05
5e-05
5e-05
5e-05
5e-05
5e-05
5e-05
5e-05
5e-05
5e-05
5e-05
5e-05
5e-05
5e-05
5e-05
5e-05
5e-05
5e-05
5e-05
5e-05
5e-05
5e-05
5e-05
5e-05
5e-05
5e-05
5e-05
5e-05
5e-05
5e-05
5e-05
5e-05
5e-05
5e-05
5e-05
5e-05
5e-05
5e-05
5e-05
5e-05
5e-05
5e-05
5e-05
5e-05
5e-05
5e-05
5e-05
5e-05
5e-05
5e-05
5e-05
5e-05
5e-05
5e-05
5e-05
5e-05
5e-05
5e-05
5e-05
5e-05
5e-05
5e-05
5e-05
5e-05
5e-05
5e-05
5e-05
5e-05
5e-05
5e-05
5e-05
5e-05
5e-05
5e-05
5e-05
5e-05
5.15629e-05
5.75284e-05
6.43467e-05
7.1061e-05
7.75814e-05
8.29932e-05
8.74141e-05
9.1074e-05
9.41136e-05
9.67233e-05
9.94089e-05
0.000101563
0.000103215
0.000104445
0.000105329
0.000105927
0.000106287
0.000106445
0.000106431
0.000106271
0.000105987
0.000105598
0.000105116
0.000104549
0.000103907
0.000103201
0.000102443
0.000101642
0.000100801
9.99258e-05
9.90232e-05
9.80991e-05
9.71594e-05
9.6208e-05
9.52472e-05
9.4281e-05
9.33115e-05
9.2342e-05
9.13739e-05
9.04111e-05
8.94545e-05
8.85054e-05
8.75647e-05
8.66339e-05
8.57147e-05
8.48694e-05
8.41985e-05
8.34904e-05
8.27399e-05
8.19591e-05
8.1161e-05
8.03547e-05
7.95464e-05
7.87402e-05
7.81018e-05
7.86485e-05
7.89761e-05
7.89475e-05
7.88034e-05
7.84661e-05
7.79434e-05
7.72685e-05
7.65125e-05
7.57086e-05
7.48834e-05
7.40547e-05
7.32357e-05
7.2434e-05
7.16526e-05
7.0893e-05
7.01591e-05
6.945e-05
6.8767e-05
6.81103e-05
6.7479e-05
6.68717e-05
6.62878e-05
6.57268e-05
6.51872e-05
6.46681e-05
6.4169e-05
6.36892e-05
6.32275e-05
6.27833e-05
6.23557e-05
6.19439e-05
6.1547e-05
6.11641e-05
6.07951e-05
6.04394e-05
6.00961e-05
5.97646e-05
5.94444e-05
5.91357e-05
5.88382e-05
5.85514e-05
5.82747e-05
5.80078e-05
5.77501e-05
5.75009e-05
5.72596e-05
5.70266e-05
5.68017e-05
5.65846e-05
5.63744e-05
5.61712e-05
5.59742e-05

