5e-05
5e-05
5e-05
5e-05
5e-05
5e-05
5e-05
5e-05
5e-05
5e-05
5e-05
5e-05
5e-05
5e-05
5e-05
5e-05
5e-05
5e-05
5e-05
5e-05
5e-05
5e-05
5e-05
5e-05
5e-05
5e-05
5e-05
5e-05
5e-05
5e-05
5e-05
5e-05
5e-05
5e-05
5e-05
5e-05
5e-05
5e-05
5e-05
5e-05
5e-05
5e-05
5e-05
5e-05
5e-05
5e-05
5e-05
5e-05
5e-05
5e-05
5e-05
5e-05
5e-05
5e-05
5e-05
5e-05
5e-05
5e-05
5e-05
5e-05
5e-05
5e-05
5e-05
5e-05
5e-05
5e-05
5e-05
5e-05
5e-05
5e-05
5e-05
5e-05
5e-05
5e-05
5e-05
5e-05
5e-05
5e-05
5e-05
5e-05
5e-05
5e-05
5e-05
5e-05
5e-05
5e-05
5e-05
5e-05
5e-05
5e-05
5e-05
5e-05
5e-05
5e-05
5e-05
5e-05
5e-05
5e-05
5e-05
5e-05
5e-05
5e-05
5e-05
5e-05
5e-05
5e-05
5e-05
5e-05
5e-05
5e-05
5e-05
5e-05
5e-05
5e-05
5e-05
5e-05
5e-05
5e-05
5e-05
5e-05
5e-05
5e-05
5e-05
5e-05
5e-05
5e-05
5e-05
5e-05
5e-05
5e-05
5e-05
5e-05
5e-05
5e-05
5e-05
5.04727e-05
5.49811e-05
6.16131e-05
6.85953e-05
7.62086e-05
8.25475e-05
8.76524e-05
9.20225e-05
9.63849e-05
0.000100293
0.000103229
0.000105602
0.000107728
0.000109169
0.00011005
0.000110535
0.000110719
0.000110735
0.000110965
0.000110925
0.000110624
0.000110116
0.000109452
0.000108669
0.000107795
0.000106853
0.000105858
0.000104825
0.000103765
0.000102687
0.000101597
0.000100496
9.93855e-05
9.82722e-05
9.71619e-05
9.6058e-05
9.49594e-05
9.38684e-05
9.27873e-05
9.17183e-05
9.06638e-05
8.9625e-05
8.86015e-05
8.75948e-05
8.6605e-05
8.56331e-05
8.46789e-05
8.3744e-05
8.28281e-05
8.19311e-05
8.10526e-05
8.01929e-05
7.93525e-05
7.85793e-05
7.79509e-05
7.73015e-05
7.66265e-05
7.59347e-05
7.52357e-05
7.45361e-05
7.38404e-05
7.31513e-05
7.25978e-05
7.29735e-05
7.31822e-05
7.31164e-05
7.29638e-05
7.26635e-05
7.22214e-05
7.1663e-05
7.10438e-05
7.03895e-05
6.97206e-05
6.90509e-05
6.83904e-05
6.77452e-05
6.71172e-05
6.65077e-05
6.59194e-05
6.53518e-05
6.48056e-05
6.42809e-05
6.37771e-05
6.32927e-05
6.28275e-05
6.23808e-05
6.19515e-05
6.15388e-05
6.11424e-05
6.07615e-05
6.03953e-05
6.00431e-05
5.97043e-05
5.93783e-05
5.90643e-05
5.87614e-05
5.84698e-05
5.81888e-05
5.79177e-05
5.76561e-05
5.74035e-05
5.71601e-05
5.69257e-05
5.66997e-05
5.64819e-05
5.62717e-05
5.6069e-05
5.58729e-05
5.56832e-05
5.55e-05
5.53233e-05
5.51528e-05
5.49877e-05
5.48281e-05
5.46735e-05

