5e-05
5e-05
5e-05
5e-05
5e-05
5e-05
5e-05
5e-05
5e-05
5e-05
5e-05
5e-05
5e-05
5e-05
5.16739e-05
5.96689e-05
6.91887e-05
7.8299e-05
8.65269e-05
9.35417e-05
9.91893e-05
0.000103821
0.000107624
0.000110584
0.000113043
0.000115118
0.000116853
0.000118283
0.000119435
0.000120289
0.000120897
0.000121303
0.000121522
0.000121528
0.000121377
0.000121093
0.000120689
0.000120175
0.000119561
0.000118857
0.00011807
0.000117211
0.000116286
0.000115298
0.000114227
0.000113115
0.000111973
0.000110806
0.00010962
0.000108406
0.000107081
0.000105719
0.000104379
0.000103064
0.000101756
0.000100469
9.92083e-05
9.79734e-05
9.67442e-05
9.55162e-05
9.42371e-05
9.29398e-05
9.16891e-05
9.04895e-05
8.9325e-05
8.82027e-05
8.71225e-05
8.6063e-05
8.50302e-05
8.40341e-05
8.30632e-05
8.21204e-05
8.12093e-05
8.03279e-05
7.94684e-05
7.86276e-05
7.84455e-05
7.91009e-05
7.95426e-05
7.96925e-05
7.96348e-05
7.93782e-05
7.88564e-05
7.81856e-05
7.74211e-05
7.66055e-05
7.57582e-05
7.49103e-05
7.40724e-05
7.32495e-05
7.24368e-05
7.16241e-05
7.14709e-05
7.15757e-05
7.14755e-05
7.12143e-05
7.08379e-05
7.03778e-05
6.98166e-05
6.92131e-05
6.85944e-05
6.80395e-05
6.74775e-05
6.69056e-05
6.63304e-05
6.57556e-05
6.51787e-05
6.46136e-05
6.40596e-05
6.35189e-05
6.29884e-05
6.24757e-05
6.19828e-05
6.15103e-05
6.10579e-05
6.06202e-05
6.02003e-05
5.97964e-05
5.94089e-05
5.90415e-05
5.86933e-05
5.83629e-05
5.80449e-05
5.77366e-05
5.74408e-05
5.71556e-05
5.691e-05
5.6686e-05
5.6465e-05
5.6248e-05
5.60383e-05
5.58356e-05
5.56375e-05
5.54451e-05
5.52573e-05
5.50726e-05
5.48937e-05
5.47227e-05
5.45812e-05
5.44575e-05
5.43397e-05
5.42207e-05
5.40991e-05
5.39773e-05
5.38579e-05
5.37598e-05
5.36583e-05
5.35531e-05
5.34454e-05
5.33335e-05
5.32205e-05
5.31057e-05
5.29942e-05
5.28836e-05
5.27772e-05
5.26752e-05
5.2576e-05
5.24808e-05
5.23902e-05
5.23032e-05
5.22197e-05
5.21403e-05
5.20646e-05
5.19917e-05
5.19209e-05
5.18531e-05
5.17886e-05
5.17267e-05
5.1667e-05
5.16097e-05
5.15545e-05
5.15017e-05
5.14506e-05
5.14006e-05
5.13525e-05
5.13068e-05
5.12631e-05
5.12214e-05
5.11815e-05
5.11433e-05
5.11058e-05
5.10696e-05
5.10348e-05
5.10013e-05
5.09688e-05
5.09376e-05
5.09075e-05
5.08784e-05
5.08501e-05
5.08229e-05
5.07966e-05
5.07707e-05
5.07457e-05
5.07213e-05
5.06974e-05
5.06744e-05
5.06522e-05
5.06309e-05
5.061e-05
5.05896e-05
5.057e-05
5.05513e-05
5.05333e-05
5.0516e-05
5.04994e-05
5.04835e-05
5.04681e-05
5.04529e-05
5.04381e-05
5.0424e-05
5.04104e-05
5.03974e-05
5.03848e-05
5.03726e-05
5.03608e-05
5.03492e-05
5.0338e-05
5.03272e-05
5.03168e-05
5.03068e-05
5.02973e-05
5.02878e-05
5.02786e-05
5.02696e-05
5.02608e-05
5.02524e-05
5.02443e-05
5.02365e-05
5.0229e-05
5.02218e-05
5.02159e-05
5.02189e-05
5.02219e-05
5.02246e-05
5.0226e-05
5.02262e-05
5.02251e-05
5.02221e-05
5.02179e-05
5.02124e-05
5.02062e-05
5.01997e-05
5.01931e-05
5.01864e-05
5.01797e-05
5.0173e-05
5.01675e-05
5.01629e-05
5.01582e-05
5.01533e-05

