5e-05
5e-05
5e-05
5e-05
5e-05
5e-05
5e-05
5e-05
5e-05
5e-05
5e-05
5e-05
5e-05
5e-05
5e-05
5e-05
5e-05
5e-05
5e-05
5e-05
5e-05
5e-05
5e-05
5e-05
5e-05
5e-05
5e-05
5e-05
5e-05
5e-05
5e-05
5e-05
5e-05
5e-05
5e-05
5e-05
5e-05
5e-05
5e-05
5e-05
5e-05
5e-05
5e-05
5e-05
5e-05
5e-05
5e-05
5e-05
5e-05
5e-05
5e-05
5e-05
5e-05
5e-05
5e-05
5e-05
5e-05
5e-05
5e-05
5e-05
5e-05
5e-05
5e-05
5e-05
5e-05
5e-05
5e-05
5e-05
5e-05
5e-05
5e-05
5e-05
5e-05
5e-05
5e-05
5e-05
5e-05
5e-05
5e-05
5e-05
5e-05
5e-05
5e-05
5e-05
5e-05
5e-05
5e-05
5e-05
5e-05
5e-05
5e-05
5e-05
5e-05
5e-05
5e-05
5e-05
5e-05
5e-05
5e-05
5e-05
5e-05
5e-05
5e-05
5e-05
5e-05
5e-05
5e-05
5e-05
5e-05
5e-05
5e-05
5e-05
5e-05
5.15275e-05
5.9186e-05
6.87608e-05
7.8223e-05
8.69741e-05
9.45882e-05
0.000101091
0.000106605
0.000111395
0.000116749
0.000122025
0.000126106
0.000128948
0.000130976
0.00013214
0.000132812
0.000134618
0.000141333
0.000147362
0.000152102
0.000154963
0.000156075
0.000155922
0.000155456
0.000154753
0.000153214
0.00015094
0.000148306
0.000145561
0.000142769
0.000140241
0.000139071
0.000155897
0.000179795
0.000181929
0.000177118
0.000170909
0.00016454
0.000158312
0.000152485
0.000147073
0.000141904
0.000137027
0.000132599
0.000128367
0.000124315
0.000120453
0.000116787
0.000113316
0.000110039
0.000106949
0.00010404
0.000101303
9.8722e-05
9.62901e-05
9.40034e-05
9.18502e-05
8.98204e-05
8.7907e-05
8.61042e-05
8.45998e-05
8.39071e-05
8.29924e-05
8.19072e-05
8.0723e-05
7.94926e-05
7.82538e-05
7.70324e-05
7.58447e-05
7.47003e-05
7.36048e-05
7.25614e-05
7.15685e-05
7.06257e-05
6.97312e-05
6.88822e-05
6.80767e-05
6.73133e-05
6.65903e-05
6.59036e-05
6.5251e-05
6.46307e-05
6.4041e-05
6.34807e-05
6.29587e-05
6.25064e-05
6.20635e-05
6.16281e-05
6.12023e-05
6.07884e-05
6.03879e-05
6.00014e-05
5.96295e-05
5.92721e-05
5.89299e-05
5.86027e-05
5.82888e-05
5.79964e-05
5.77454e-05
5.74968e-05
5.7249e-05
5.70043e-05
5.67645e-05
5.65308e-05
5.63039e-05
5.60847e-05
5.58732e-05
5.56693e-05
5.54727e-05
5.52836e-05
5.5123e-05
5.49705e-05
5.48173e-05
5.46644e-05
5.45132e-05
5.43647e-05
5.42197e-05
5.40786e-05
5.39418e-05
5.38094e-05
5.36985e-05
5.35919e-05
5.34842e-05
5.33807e-05
5.32912e-05
5.3199e-05
5.31045e-05
5.30092e-05
5.2914e-05
5.28196e-05
5.27271e-05
5.26368e-05
5.25491e-05
5.24641e-05
5.23825e-05
5.23148e-05
5.22482e-05

