5e-05
5e-05
5e-05
5e-05
5e-05
5e-05
5e-05
5e-05
5e-05
5e-05
5e-05
5.18165e-05
5.94911e-05
6.8381e-05
7.67977e-05
8.5661e-05
9.34872e-05
0.000100161
0.000105808
0.000110547
0.000114322
0.000117347
0.000119797
0.000122258
0.000130756
0.00013901
0.000145772
0.000151093
0.000154711
0.00015578
0.000155722
0.000154831
0.000153432
0.000151673
0.000149652
0.000147449
0.000145123
0.00014272
0.000140277
0.00013782
0.000135369
0.000132941
0.000130545
0.000128191
0.000125885
0.00012363
0.000121428
0.000119252
0.000117126
0.00011506
0.00011302
0.000110986
0.000108921
0.000106902
0.000104978
0.000103141
0.000101381
9.97033e-05
9.81026e-05
9.65682e-05
9.5059e-05
9.35634e-05
9.21074e-05
9.07163e-05
8.93917e-05
8.81284e-05
8.69211e-05
8.57647e-05
8.4647e-05
8.35648e-05
8.25078e-05
8.14779e-05
8.04886e-05
7.95379e-05
7.86599e-05
7.79408e-05
7.72313e-05
7.65078e-05
7.57806e-05
7.50427e-05
7.4299e-05
7.35698e-05
7.28524e-05
7.21458e-05
7.14497e-05
7.07686e-05
7.01715e-05
6.9645e-05
6.90915e-05
6.85309e-05
6.79788e-05
6.74371e-05
6.69066e-05
6.63828e-05
6.58672e-05
6.5354e-05
6.48527e-05
6.43631e-05
6.38894e-05
6.34334e-05
6.29939e-05
6.2564e-05
6.21425e-05
6.17355e-05
6.13562e-05
6.10726e-05
6.08364e-05
6.05914e-05
6.03294e-05
6.00578e-05
5.97757e-05
5.94917e-05
5.9209e-05
5.89278e-05
5.86441e-05
5.83628e-05
5.80887e-05
5.78225e-05
5.75643e-05
5.73143e-05
5.70722e-05
5.68358e-05
5.66061e-05
5.63847e-05
5.61685e-05
5.59576e-05
5.57549e-05
5.55582e-05
5.53705e-05
5.52177e-05
5.50722e-05
5.49278e-05
5.47846e-05
5.4643e-05
5.45109e-05
5.44003e-05
5.42881e-05
5.41714e-05
5.40471e-05
5.39165e-05
5.37869e-05
5.36608e-05
5.35383e-05
5.34183e-05
5.33023e-05
5.31906e-05
5.31154e-05
5.30662e-05
5.30084e-05
5.29408e-05
5.28662e-05
5.27891e-05
5.27458e-05
5.27024e-05
5.26508e-05
5.26063e-05
5.25557e-05
5.2496e-05
5.24265e-05
5.23534e-05
5.22811e-05
5.22185e-05
5.21546e-05
5.20889e-05
5.20203e-05
5.19499e-05
5.18793e-05
5.18099e-05
5.17408e-05
5.16739e-05
5.16099e-05
5.15484e-05
5.14885e-05
5.14309e-05
5.1376e-05
5.13234e-05
5.12729e-05
5.12248e-05
5.11791e-05
5.11351e-05
5.10933e-05
5.10534e-05
5.10154e-05
5.09791e-05
5.0944e-05
5.09105e-05
5.08785e-05
5.08481e-05
5.08231e-05
5.07988e-05
5.07748e-05
5.07511e-05
5.07278e-05
5.07049e-05
5.06824e-05
5.06605e-05
5.0639e-05
5.06178e-05
5.05971e-05
5.0577e-05
5.05576e-05
5.05388e-05
5.05204e-05
5.05026e-05
5.04854e-05
5.04687e-05
5.04524e-05
5.04366e-05
5.04213e-05
5.04066e-05
5.03925e-05
5.03791e-05
5.03662e-05
5.03538e-05
5.0342e-05
5.03306e-05
5.03196e-05
5.03091e-05
5.02988e-05
5.02889e-05
5.02792e-05
5.02699e-05
5.02608e-05
5.02521e-05
5.02436e-05
5.02363e-05
5.02299e-05
5.02234e-05
5.02169e-05
5.02105e-05
5.0204e-05
5.01976e-05
5.01913e-05
5.01853e-05
5.01794e-05
5.01736e-05
5.0168e-05
5.01625e-05
5.01572e-05
5.0152e-05
5.01469e-05
5.0142e-05
5.01372e-05
5.01325e-05
5.0128e-05
5.01237e-05
5.01196e-05
5.01157e-05
5.01119e-05
5.01082e-05

