5e-05
5e-05
5e-05
5e-05
5e-05
5e-05
5e-05
5e-05
5e-05
5e-05
5e-05
5e-05
5e-05
5e-05
5e-05
5e-05
5e-05
5e-05
5e-05
5e-05
5e-05
5e-05
5e-05
5e-05
5e-05
5e-05
5e-05
5e-05
5e-05
5e-05
5e-05
5e-05
5e-05
5e-05
5e-05
5e-05
5e-05
5e-05
5e-05
5e-05
5e-05
5e-05
5e-05
5e-05
5e-05
5e-05
5e-05
5e-05
5e-05
5e-05
5e-05
5e-05
5e-05
5e-05
5e-05
5e-05
5e-05
5e-05
5e-05
5e-05
5e-05
5e-05
5e-05
5e-05
5e-05
5e-05
5e-05
5e-05
5e-05
5e-05
5e-05
5e-05
5e-05
5e-05
5e-05
5e-05
5e-05
5e-05
5e-05
5e-05
5e-05
5e-05
5e-05
5e-05
5e-05
5e-05
5e-05
5e-05
5e-05
5e-05
5e-05
5e-05
5e-05
5e-05
5e-05
5e-05
5e-05
5e-05
5e-05
5e-05
5e-05
5e-05
5e-05
5e-05
5e-05
5e-05
5e-05
5e-05
5e-05
5e-05
5e-05
5e-05
5e-05
5e-05
5e-05
5e-05
5e-05
5.14941e-05
5.90822e-05
6.83819e-05
7.73526e-05
8.54844e-05
9.24459e-05
9.83769e-05
0.000103467
0.000107823
0.000111525
0.000114442
0.000116814
0.000118775
0.000120373
0.000121645
0.000122622
0.000123287
0.000123671
0.000123989
0.000124697
0.00012515
0.000125937
0.000127142
0.000127794
0.000127924
0.00012769
0.000127094
0.000126246
0.000125528
0.000124846
0.000123885
0.000122603
0.000121149
0.00011962
0.000118003
0.00011654
0.000115124
0.000113631
0.000112089
0.000110458
0.000108805
0.000107154
0.000105523
0.000103928
0.00010237
0.000100824
9.92514e-05
9.76817e-05
9.6155e-05
9.46806e-05
9.32604e-05
9.18747e-05
9.05372e-05
8.92439e-05
8.79936e-05
8.67889e-05
8.56299e-05
8.44961e-05
8.3392e-05
8.23334e-05
8.13189e-05
8.03451e-05
7.9408e-05
7.84934e-05
7.76107e-05
7.676e-05
7.59394e-05
7.51294e-05
7.43405e-05
7.35713e-05
7.28275e-05
7.21041e-05
7.1408e-05
7.07362e-05
7.00763e-05
6.94392e-05
6.88216e-05
6.82244e-05
6.76475e-05
6.70878e-05
6.65494e-05
6.60312e-05
6.55319e-05
6.50503e-05
6.45852e-05
6.41357e-05
6.36992e-05
6.3269e-05
6.28451e-05
6.24352e-05
6.20366e-05
6.16531e-05
6.16321e-05
6.18428e-05
6.19629e-05
6.19518e-05
6.18468e-05
6.16643e-05
6.14331e-05
6.1162e-05
6.08486e-05
6.05115e-05
6.01615e-05
5.98011e-05
5.9444e-05
5.9096e-05
5.87587e-05
5.84294e-05
5.81062e-05
5.77952e-05
5.74981e-05
5.72145e-05
5.69424e-05
5.66812e-05
5.64306e-05
5.61905e-05
5.59617e-05
5.57424e-05
5.55321e-05
5.53322e-05
5.51648e-05
5.50058e-05
5.485e-05
5.46956e-05
5.45431e-05
5.43914e-05
5.42402e-05
5.40937e-05
5.39525e-05
5.38165e-05
5.36841e-05
5.35565e-05
5.34339e-05

