5e-05
5e-05
5e-05
5e-05
5e-05
5e-05
5e-05
5e-05
5e-05
5e-05
5e-05
5e-05
5e-05
5e-05
5e-05
5e-05
5e-05
5e-05
5e-05
5e-05
5e-05
5e-05
5e-05
5e-05
5e-05
5e-05
5e-05
5e-05
5e-05
5e-05
5e-05
5e-05
5e-05
5e-05
5e-05
5e-05
5e-05
5e-05
5e-05
5e-05
5e-05
5e-05
5e-05
5e-05
5e-05
5e-05
5e-05
5e-05
5e-05
5e-05
5e-05
5e-05
5e-05
5e-05
5e-05
5e-05
5e-05
5e-05
5e-05
5e-05
5e-05
5e-05
5e-05
5e-05
5e-05
5e-05
5e-05
5e-05
5e-05
5e-05
5e-05
5e-05
5e-05
5e-05
5e-05
5e-05
5e-05
5e-05
5e-05
5e-05
5e-05
5e-05
5e-05
5e-05
5e-05
5e-05
5e-05
5e-05
5e-05
5e-05
5e-05
5e-05
5e-05
5e-05
5e-05
5e-05
5e-05
5e-05
5e-05
5e-05
5e-05
5e-05
5e-05
5e-05
5e-05
5e-05
5e-05
5e-05
5e-05
5e-05
5e-05
5e-05
5e-05
5e-05
5e-05
5e-05
5e-05
5e-05
5e-05
5e-05
5e-05
5e-05
5e-05
5e-05
5e-05
5e-05
5e-05
5e-05
5e-05
5e-05
5e-05
5e-05
5e-05
5e-05
5e-05
5e-05
5e-05
5e-05
5e-05
5.06866e-05
5.85632e-05
6.9218e-05
7.9611e-05
8.9137e-05
9.74019e-05
0.000104305
0.000109911
0.000114494
0.00011827
0.000121236
0.000123517
0.000125155
0.000126334
0.000127061
0.000127483
0.000127669
0.000127763
0.000128193
0.000128394
0.00012827
0.000127881
0.000127303
0.000126592
0.000125757
0.000124746
0.000123612
0.000122439
0.000121198
0.00011993
0.000118644
0.000117297
0.00011592
0.000114528
0.000113188
0.000112218
0.000111225
0.000110173
0.000109069
0.000107895
0.00010661
0.000105247
0.000103833
0.000102419
0.00010103
9.96617e-05
9.82811e-05
9.6933e-05
9.56214e-05
9.43131e-05
9.30221e-05
9.19983e-05
9.0992e-05
8.9951e-05
8.8899e-05
8.78411e-05
8.67757e-05
8.57097e-05
8.4661e-05
8.36293e-05
8.26042e-05
8.16002e-05
8.06233e-05
7.96681e-05
7.87391e-05
7.78392e-05
7.6969e-05
7.61179e-05
7.52863e-05
7.44818e-05
7.371e-05
7.29692e-05
7.22509e-05
7.15544e-05
7.08843e-05
7.02366e-05
6.96044e-05
6.89939e-05
6.83975e-05
6.78228e-05
6.72685e-05
6.67265e-05
6.61966e-05
6.56719e-05
6.51611e-05
6.46715e-05
6.42001e-05
6.37441e-05
6.33071e-05
6.28863e-05
6.24693e-05
6.20654e-05
6.16789e-05
6.13087e-05
6.09536e-05
6.0612e-05
6.02786e-05
5.99563e-05
5.96422e-05
5.93449e-05
5.91043e-05
5.88699e-05
5.86311e-05
5.83938e-05
5.8156e-05
5.7919e-05
5.76865e-05
5.74589e-05
5.72362e-05
5.70148e-05
5.6797e-05

