5e-05
5e-05
5e-05
5e-05
5e-05
5e-05
5e-05
5e-05
5e-05
5e-05
5e-05
5.08104e-05
5.89739e-05
7.12345e-05
8.40329e-05
9.68351e-05
0.000107846
0.00011695
0.000124344
0.00012958
0.00013282
0.000135054
0.000136589
0.000137294
0.000137518
0.000137487
0.000137249
0.000136837
0.000136258
0.000135495
0.000134621
0.000133657
0.000132613
0.000131453
0.00013023
0.000128963
0.000127658
0.00012632
0.000124902
0.000123424
0.00012194
0.000120433
0.000118872
0.00011732
0.000115789
0.000114278
0.000112788
0.000111317
0.000109865
0.000108432
0.000106988
0.000105557
0.000104129
0.000103033
0.000101992
0.000100905
9.97247e-05
9.85263e-05
9.73241e-05
9.61078e-05
9.48242e-05
9.35297e-05
9.22669e-05
9.1038e-05
8.98248e-05
8.86449e-05
8.75014e-05
8.63931e-05
8.53184e-05
8.42758e-05
8.32627e-05
8.22477e-05
8.12474e-05
8.02821e-05
7.93497e-05
7.84221e-05
7.7518e-05
7.66491e-05
7.58041e-05
7.49909e-05
7.42103e-05
7.34538e-05
7.27197e-05
7.20047e-05
7.13131e-05
7.06399e-05
6.99844e-05
6.9345e-05
6.8731e-05
6.81423e-05
6.7577e-05
6.70335e-05
6.65087e-05
6.59961e-05
6.55016e-05
6.5025e-05
6.4565e-05
6.41209e-05
6.36915e-05
6.32759e-05
6.28674e-05
6.2471e-05
6.20879e-05
6.1716e-05
6.13514e-05
6.09987e-05
6.0653e-05
6.03106e-05
5.99793e-05
5.96611e-05
5.93555e-05
5.90604e-05
5.87717e-05
5.84894e-05
5.82159e-05
5.79534e-05
5.77015e-05
5.74594e-05
5.72265e-05
5.70021e-05
5.67858e-05
5.65768e-05
5.6375e-05
5.61797e-05
5.59908e-05
5.58078e-05
5.56305e-05
5.54587e-05
5.52921e-05
5.51305e-05
5.49733e-05
5.48185e-05
5.46701e-05
5.45496e-05
5.44314e-05
5.43107e-05
5.41905e-05
5.40715e-05
5.39542e-05
5.38593e-05
5.3768e-05
5.36744e-05
5.35771e-05
5.34766e-05
5.33744e-05
5.32806e-05
5.31919e-05
5.30987e-05
5.30057e-05
5.30294e-05
5.30668e-05
5.30763e-05
5.30735e-05
5.30538e-05
5.30172e-05
5.29752e-05
5.29258e-05
5.28603e-05
5.27834e-05
5.27005e-05
5.26171e-05
5.25403e-05
5.24573e-05
5.23702e-05
5.2282e-05
5.21956e-05
5.21115e-05
5.20302e-05
5.19517e-05
5.18761e-05
5.18022e-05
5.17302e-05
5.1661e-05
5.15948e-05
5.15305e-05
5.1469e-05
5.14105e-05
5.13545e-05
5.13008e-05
5.12497e-05
5.12006e-05
5.11533e-05
5.11082e-05
5.1065e-05
5.10239e-05
5.0985e-05
5.09482e-05
5.09133e-05
5.08801e-05
5.08483e-05
5.08173e-05
5.07873e-05
5.07586e-05
5.07314e-05
5.0716e-05
5.07326e-05
5.0816e-05
5.10171e-05
5.10457e-05
5.10163e-05
5.09728e-05
5.09275e-05
5.08817e-05
5.08377e-05
5.08142e-05
5.07918e-05
5.07655e-05
5.07365e-05
5.07062e-05
5.06758e-05
5.06458e-05
5.06165e-05
5.05882e-05
5.05609e-05
5.05347e-05
5.05095e-05
5.04856e-05
5.04629e-05
5.04413e-05
5.04208e-05
5.04014e-05
5.03832e-05
5.03658e-05
5.03493e-05
5.03336e-05
5.03188e-05
5.03047e-05
5.02914e-05
5.02789e-05
5.02671e-05
5.02559e-05
5.02453e-05
5.02353e-05
5.02257e-05
5.02166e-05
5.0208e-05
5.01997e-05
5.01919e-05
5.01845e-05
5.01773e-05
5.01709e-05
5.01652e-05
5.01596e-05
5.01594e-05
5.01614e-05
5.01627e-05
5.01665e-05
5.02095e-05
5.02177e-05
5.02111e-05

