5e-05
5e-05
5e-05
5e-05
5e-05
5e-05
5e-05
5e-05
5e-05
5e-05
5e-05
5e-05
5e-05
5e-05
5e-05
5e-05
5e-05
5e-05
5e-05
5e-05
5e-05
5e-05
5e-05
5e-05
5e-05
5e-05
5e-05
5e-05
5e-05
5e-05
5e-05
5e-05
5e-05
5e-05
5e-05
5e-05
5e-05
5e-05
5e-05
5e-05
5e-05
5e-05
5e-05
5e-05
5e-05
5e-05
5e-05
5e-05
5e-05
5e-05
5e-05
5e-05
5e-05
5e-05
5e-05
5e-05
5e-05
5e-05
5e-05
5e-05
5e-05
5e-05
5e-05
5e-05
5e-05
5e-05
5e-05
5e-05
5e-05
5e-05
5e-05
5e-05
5e-05
5e-05
5e-05
5e-05
5e-05
5e-05
5e-05
5e-05
5e-05
5e-05
5e-05
5e-05
5e-05
5e-05
5e-05
5e-05
5e-05
5e-05
5e-05
5e-05
5e-05
5e-05
5e-05
5e-05
5e-05
5e-05
5e-05
5e-05
5e-05
5e-05
5e-05
5e-05
5e-05
5e-05
5e-05
5e-05
5e-05
5e-05
5e-05
5e-05
5e-05
5e-05
5e-05
5e-05
5e-05
5e-05
5e-05
5e-05
5e-05
5e-05
5e-05
5e-05
5e-05
5e-05
5e-05
5e-05
5e-05
5e-05
5e-05
5e-05
5e-05
5e-05
5e-05
5e-05
5e-05
5e-05
5e-05
6.97455e-05
8.71772e-05
0.000102726
0.000118668
0.000133393
0.000145387
0.00015488
0.000162258
0.000167863
0.000171985
0.000183235
0.000222808
0.000224037
0.000224589
0.000230696
0.000240268
0.000249901
0.000260904
0.000273719
0.000296143
0.000284818
0.000274825
0.000265894
0.000257732
0.000250186
0.000243145
0.000236516
0.000230224
0.000224207
0.000218416
0.000212813
0.000207368
0.000202061
0.000196876
0.000191804
0.00018684
0.000181981
0.000177227
0.000172579
0.00016804
0.000163612
0.000159298
0.000155101
0.000151023
0.000147067
0.000143233
0.000139522
0.000135935
0.000132472
0.000129131
0.000125912
0.000122813
0.000119832
0.000116966
0.000114213
0.000111847
0.000109782
0.000107757
0.000105742
0.000103744
0.000101773
9.98399e-05
9.79502e-05
9.61097e-05
9.43222e-05
9.25903e-05
9.09155e-05
8.92988e-05
8.77403e-05
8.62396e-05
8.47961e-05
8.34087e-05
8.20763e-05
8.07973e-05
7.95703e-05
7.83935e-05
7.72654e-05
7.61841e-05
7.5148e-05
7.41553e-05
7.32043e-05
7.22933e-05
7.14207e-05
7.05848e-05
6.97842e-05
6.90172e-05
6.82825e-05
6.75787e-05
6.69043e-05
6.62581e-05
6.56389e-05
6.50454e-05
6.44998e-05
6.40726e-05
6.36668e-05
6.3257e-05
6.28434e-05
6.24331e-05
6.21139e-05
6.18196e-05
6.15118e-05
6.11901e-05
6.08592e-05
6.0637e-05
6.05113e-05
6.03587e-05
6.01669e-05
5.99431e-05
5.96959e-05
5.9432e-05
5.91573e-05

