5e-05
5e-05
5e-05
5e-05
5e-05
5e-05
5e-05
5e-05
5e-05
5e-05
5e-05
5e-05
5e-05
5e-05
5e-05
5e-05
5e-05
5e-05
5e-05
5e-05
5e-05
5e-05
5e-05
5e-05
5e-05
5e-05
5e-05
5e-05
5e-05
5e-05
5e-05
5e-05
5e-05
5e-05
5e-05
5e-05
5e-05
5e-05
5e-05
5e-05
5e-05
5e-05
5e-05
5e-05
5e-05
5e-05
5e-05
5e-05
5e-05
5e-05
5e-05
5e-05
5e-05
5e-05
5e-05
5e-05
5e-05
5e-05
5e-05
5e-05
5e-05
5e-05
5e-05
5e-05
5e-05
5e-05
5e-05
5e-05
5e-05
5e-05
5e-05
5e-05
5e-05
5e-05
5e-05
5e-05
5e-05
5e-05
5e-05
5e-05
5e-05
5e-05
5e-05
5e-05
5e-05
5e-05
5e-05
5e-05
5e-05
5e-05
5e-05
5e-05
5e-05
5e-05
5e-05
5e-05
5e-05
5e-05
5e-05
5e-05
5e-05
5e-05
5e-05
5e-05
5e-05
5e-05
5e-05
5e-05
5e-05
5e-05
5e-05
5e-05
5e-05
5e-05
5e-05
5e-05
5e-05
5e-05
5e-05
5e-05
5e-05
5e-05
5e-05
5e-05
5e-05
5e-05
5e-05
5e-05
5e-05
5e-05
5e-05
5e-05
5e-05
5e-05
5e-05
5e-05
5e-05
5e-05
5e-05
5e-05
5e-05
5e-05
5e-05
5e-05
5e-05
5e-05
5.35834e-05
6.31598e-05
7.36207e-05
8.32592e-05
9.1785e-05
9.9385e-05
0.000107639
0.000115057
0.000121774
0.000128195
0.000133066
0.000136505
0.000138933
0.000140259
0.000140928
0.00014134
0.000141973
0.000142037
0.000141658
0.000140839
0.000139823
0.000138616
0.00013725
0.000135754
0.000134171
0.000132494
0.000130816
0.000129649
0.000128873
0.000128141
0.000127142
0.000125936
0.000124549
0.000123064
0.000121456
0.000119746
0.000118021
0.00011629
0.000114491
0.000112689
0.0001109
0.000109152
0.000107426
0.000105731
0.000104068
0.000102416
0.000100818
9.92695e-05
9.77531e-05
9.62703e-05
9.48174e-05
9.34151e-05
9.20666e-05
9.07631e-05
8.94957e-05
8.82746e-05
8.70978e-05
8.59607e-05
8.48368e-05
8.3741e-05
8.26685e-05
8.16199e-05
8.06125e-05
7.96454e-05
7.87123e-05
7.77902e-05
7.69018e-05
7.60491e-05
7.52298e-05
7.44418e-05
7.37999e-05
7.33674e-05
7.29153e-05
7.24343e-05
7.19283e-05
7.14016e-05
7.08587e-05
7.02895e-05
6.97099e-05
6.91187e-05
6.85244e-05
6.79359e-05
6.73537e-05
6.6783e-05
6.62425e-05
6.57985e-05
6.53637e-05
6.49261e-05
6.44816e-05
6.40417e-05
6.36038e-05
6.31687e-05
6.27438e-05
6.23476e-05
6.20076e-05
6.16685e-05
6.13602e-05
6.10631e-05
6.07609e-05
6.04564e-05
6.01455e-05
5.98333e-05
5.95194e-05
5.92099e-05

