5e-05
5e-05
5e-05
5e-05
5e-05
5e-05
5e-05
5e-05
5e-05
5e-05
5e-05
5e-05
5e-05
5e-05
5.13479e-05
5.95736e-05
6.99969e-05
8.02767e-05
8.97301e-05
9.76729e-05
0.000103729
0.00010859
0.000112696
0.000115995
0.000118654
0.000120812
0.000122573
0.000123959
0.000124972
0.000125651
0.000126092
0.000126287
0.000126277
0.000126103
0.00012574
0.000125254
0.000124663
0.000123978
0.0001232
0.000122301
0.000121333
0.000120268
0.00011913
0.000118281
0.000117602
0.000116814
0.000115922
0.000114931
0.000113808
0.000112621
0.000111388
0.000110117
0.00010871
0.000107282
0.000105865
0.000104464
0.000103083
0.000101697
0.000100326
9.89803e-05
9.76194e-05
9.62521e-05
9.64529e-05
9.74397e-05
9.80681e-05
9.83658e-05
9.82899e-05
9.79699e-05
9.74323e-05
9.66981e-05
9.5794e-05
9.4751e-05
9.36009e-05
9.23738e-05
9.10782e-05
8.97348e-05
8.8389e-05
8.7228e-05
8.75257e-05
8.82032e-05
9.63926e-05
0.000100781
9.98605e-05
9.76417e-05
9.52069e-05
9.27886e-05
9.04553e-05
8.82402e-05
8.61489e-05
8.41879e-05
8.23549e-05
8.06439e-05
7.90445e-05
7.75512e-05
7.61582e-05
7.48581e-05
7.36439e-05
7.25089e-05
7.14467e-05
7.04511e-05
6.95166e-05
6.86369e-05
6.78067e-05
6.70929e-05
6.64263e-05
6.5786e-05
6.51639e-05
6.45663e-05
6.39931e-05
6.34435e-05
6.29167e-05
6.24117e-05
6.19263e-05
6.14495e-05
6.09854e-05
6.05374e-05
6.01122e-05
5.97088e-05
5.93259e-05
5.89622e-05
5.86162e-05
5.82895e-05
5.80161e-05
5.77558e-05
5.75009e-05
5.72474e-05
5.69995e-05
5.67549e-05
5.65174e-05
5.62877e-05
5.60658e-05
5.58527e-05
5.56751e-05
5.55035e-05
5.53308e-05
5.51593e-05
5.49884e-05
5.48211e-05
5.46559e-05
5.44929e-05
5.43496e-05
5.42208e-05
5.40927e-05
5.39624e-05
5.38324e-05
5.37044e-05
5.35898e-05
5.34827e-05
5.33738e-05
5.32647e-05
5.31543e-05
5.3045e-05
5.29377e-05
5.28339e-05
5.27334e-05
5.26369e-05
5.25427e-05
5.24491e-05
5.23585e-05
5.23503e-05
5.23645e-05
5.23658e-05
5.23518e-05
5.23221e-05
5.22762e-05
5.22183e-05
5.21559e-05
5.20909e-05
5.20245e-05
5.19576e-05
5.18907e-05
5.18237e-05
5.17575e-05
5.1693e-05
5.16296e-05
5.15677e-05
5.15073e-05
5.14488e-05
5.13926e-05
5.13388e-05
5.12889e-05
5.12467e-05
5.12059e-05
5.1166e-05
5.11269e-05
5.10889e-05
5.10517e-05
5.10166e-05
5.09859e-05
5.09547e-05
5.09237e-05
5.08927e-05
5.08625e-05
5.0833e-05
5.08044e-05
5.07761e-05
5.07488e-05
5.07224e-05
5.06966e-05
5.06717e-05
5.06494e-05
5.06295e-05
5.061e-05
5.05907e-05
5.05713e-05
5.0552e-05
5.05351e-05
5.05193e-05
5.05036e-05
5.0488e-05
5.04726e-05
5.04567e-05
5.04411e-05
5.0426e-05
5.04113e-05
5.03972e-05
5.03853e-05
5.03736e-05
5.03621e-05
5.03508e-05
5.03397e-05
5.03286e-05
5.03177e-05
5.03069e-05
5.02964e-05
5.02862e-05
5.02763e-05
5.02667e-05
5.02575e-05
5.02485e-05
5.02399e-05
5.02316e-05
5.02236e-05
5.02158e-05
5.02084e-05
5.02012e-05
5.01943e-05
5.01878e-05
5.01819e-05
5.01766e-05
5.01713e-05
5.0166e-05
5.01608e-05
5.01557e-05
5.01507e-05
5.01459e-05
5.01412e-05
5.01366e-05
5.0132e-05
5.01276e-05

