5e-05
5e-05
5e-05
5e-05
5e-05
5e-05
5e-05
5e-05
5e-05
5e-05
5e-05
5e-05
5e-05
5e-05
5e-05
5e-05
5e-05
5e-05
5e-05
5e-05
5e-05
5e-05
5e-05
5e-05
5e-05
5e-05
5e-05
5e-05
5e-05
5e-05
5e-05
5e-05
5e-05
5e-05
5e-05
5e-05
5e-05
5e-05
5e-05
5e-05
5e-05
5e-05
5e-05
5e-05
5e-05
5e-05
5e-05
5e-05
5e-05
5e-05
5e-05
5e-05
5e-05
5e-05
5e-05
5e-05
5e-05
5e-05
5e-05
5e-05
5e-05
5e-05
5e-05
5e-05
5e-05
5e-05
5e-05
5e-05
5e-05
5e-05
5e-05
5e-05
5e-05
5e-05
5e-05
5e-05
5e-05
5e-05
5e-05
5e-05
5e-05
5e-05
5e-05
5e-05
5e-05
5e-05
5e-05
5e-05
5e-05
5e-05
5e-05
5e-05
5e-05
5e-05
5e-05
5e-05
5e-05
5e-05
5e-05
5e-05
5e-05
5e-05
5e-05
5e-05
5e-05
5e-05
5e-05
5e-05
5e-05
5e-05
5e-05
5e-05
5e-05
5e-05
5e-05
5e-05
5e-05
5e-05
5e-05
5e-05
5e-05
5e-05
5e-05
5e-05
5e-05
5e-05
5e-05
5e-05
5e-05
5e-05
5e-05
5e-05
5e-05
5e-05
5e-05
5e-05
5e-05
5e-05
5e-05
5e-05
5e-05
5e-05
5e-05
5e-05
5e-05
5e-05
5e-05
5e-05
5e-05
5e-05
5e-05
5e-05
5e-05
5e-05
5e-05
5e-05
5e-05
5e-05
5e-05
5.26811e-05
6.11333e-05
7.06813e-05
7.97344e-05
9.45736e-05
0.000111904
0.000124793
0.000134712
0.000142127
0.00014707
0.000150357
0.000152186
0.000152959
0.000152959
0.000152447
0.000151418
0.000150115
0.00014864
0.000147037
0.000145548
0.000148907
0.00015169
0.00015274
0.000152734
0.000151942
0.000150627
0.000148831
0.000146598
0.00014418
0.000141647
0.000138962
0.00013623
0.000133524
0.000130818
0.000128128
0.000125422
0.000122774
0.000120228
0.000117795
0.00011542
0.000113135
0.000110957
0.000109056
0.000109523
0.000109949
0.000109934
0.000109365
0.000108291
0.000106891
0.000105313
0.000103617
0.000101866
0.000100111
9.83701e-05
9.66523e-05
9.49439e-05
9.32448e-05
9.15719e-05
8.99594e-05
8.8418e-05
8.69399e-05
8.5534e-05
8.41926e-05
8.29056e-05
8.16623e-05
8.04725e-05
7.93343e-05
7.82476e-05
7.72166e-05
7.62299e-05
7.52793e-05
7.43758e-05
7.35154e-05
7.26846e-05
7.18846e-05
7.11215e-05
7.03933e-05
6.97153e-05
6.91387e-05
6.85677e-05
6.7992e-05
6.74149e-05
6.68465e-05
6.62915e-05
6.5755e-05
6.52367e-05
6.47355e-05
6.42428e-05
6.37561e-05
6.32799e-05
6.28151e-05

