5e-05
5e-05
5e-05
5e-05
5e-05
5e-05
5e-05
5e-05
5e-05
5e-05
5e-05
5e-05
5e-05
5e-05
5e-05
5e-05
5e-05
5e-05
5e-05
5e-05
5e-05
5e-05
5e-05
5e-05
5e-05
5e-05
5e-05
5e-05
5e-05
5e-05
5e-05
5e-05
5e-05
5e-05
5e-05
5e-05
5e-05
5e-05
5e-05
5e-05
5e-05
5e-05
5e-05
5e-05
5e-05
5e-05
5e-05
5e-05
5e-05
5e-05
5e-05
5e-05
5e-05
5e-05
5e-05
5e-05
5e-05
5e-05
5e-05
5e-05
5e-05
5e-05
5e-05
5e-05
5e-05
5e-05
5e-05
5e-05
5e-05
5e-05
5e-05
5e-05
5e-05
5e-05
5e-05
5e-05
5e-05
5e-05
5e-05
5e-05
5e-05
5e-05
5e-05
5e-05
5e-05
5e-05
5e-05
5e-05
5e-05
5e-05
5e-05
5e-05
5e-05
5e-05
5e-05
5e-05
5e-05
5e-05
5e-05
5e-05
5e-05
5.00385e-05
5.47385e-05
6.29927e-05
7.18231e-05
8.03096e-05
8.80258e-05
9.47478e-05
0.00010057
0.000105582
0.000109865
0.000113494
0.000116537
0.000119055
0.000121064
0.000122599
0.000123775
0.000124634
0.000125212
0.00012554
0.000125644
0.00012555
0.00012528
0.000124853
0.000124289
0.000123603
0.00012281
0.000121924
0.000120957
0.000119921
0.000118824
0.000117677
0.000116631
0.000119149
0.000122094
0.000124568
0.000126746
0.000129393
0.000154072
0.000162405
0.000160337
0.000155744
0.000150776
0.000145964
0.000141241
0.00013668
0.000132321
0.000128192
0.000124299
0.000120636
0.000117194
0.000113949
0.000110891
0.000108011
0.000105309
0.000102774
0.000100393
9.81547e-05
9.60484e-05
9.40596e-05
9.21753e-05
9.03965e-05
8.87159e-05
8.71264e-05
8.56134e-05
8.41747e-05
8.28107e-05
8.15162e-05
8.02865e-05
7.91149e-05
7.79914e-05
7.69213e-05
7.59023e-05
7.4931e-05
7.40043e-05
7.31194e-05
7.22738e-05
7.14649e-05
7.06907e-05
6.99492e-05
6.92385e-05
6.85569e-05
6.7903e-05
6.73188e-05
6.74393e-05
6.76061e-05
6.76602e-05
6.76062e-05
6.74538e-05
6.72114e-05
6.6865e-05
6.64489e-05
6.59883e-05
6.54974e-05
6.49825e-05
6.44504e-05
6.39122e-05
6.33826e-05
6.28659e-05
6.23646e-05
6.18801e-05
6.14132e-05
6.09626e-05
6.05274e-05
6.01107e-05
5.97125e-05
5.93321e-05
5.89688e-05
5.86219e-05
5.82907e-05
5.79743e-05
5.7672e-05
5.73832e-05
5.71071e-05
5.6843e-05
5.65904e-05
5.63486e-05
5.61171e-05
5.58954e-05
5.56829e-05
5.54791e-05
5.52836e-05
5.5094e-05
5.49119e-05
5.47374e-05
5.45702e-05
5.44098e-05
5.42559e-05
5.41082e-05
5.39663e-05
5.38299e-05
5.36988e-05
5.35727e-05
5.34514e-05
5.33345e-05
5.32206e-05
5.31109e-05
5.30054e-05
5.29032e-05
5.28044e-05
5.27095e-05
5.26183e-05
5.25307e-05
5.24464e-05
5.23653e-05
5.22872e-05
5.2212e-05
5.21395e-05
5.20695e-05
5.20021e-05

