5e-05
5e-05
5e-05
5e-05
5e-05
5e-05
5e-05
5e-05
5e-05
5e-05
5e-05
5e-05
5e-05
5e-05
5e-05
5e-05
5e-05
5e-05
5e-05
5e-05
5e-05
5e-05
5e-05
5e-05
5e-05
5e-05
5e-05
5e-05
5e-05
5e-05
5e-05
5e-05
5e-05
5e-05
5e-05
5e-05
5e-05
5e-05
5e-05
5e-05
5e-05
5e-05
5e-05
5e-05
5e-05
5e-05
5e-05
5e-05
5e-05
5e-05
5e-05
5e-05
5e-05
5e-05
5e-05
5e-05
5e-05
5e-05
5e-05
5e-05
5e-05
5e-05
5e-05
5e-05
5e-05
5e-05
5e-05
5e-05
5e-05
5e-05
5e-05
5e-05
5e-05
5e-05
5e-05
5e-05
5e-05
5e-05
5e-05
5e-05
5e-05
5e-05
5e-05
5e-05
5e-05
5e-05
5e-05
5e-05
5e-05
5e-05
5e-05
5e-05
5e-05
5e-05
5e-05
5e-05
5e-05
5e-05
5e-05
5e-05
5e-05
5e-05
5e-05
5e-05
5e-05
5e-05
5e-05
5e-05
5e-05
5e-05
5e-05
5e-05
5e-05
5e-05
5e-05
5e-05
5e-05
5e-05
5e-05
5e-05
5e-05
5e-05
5e-05
5e-05
5e-05
5e-05
5e-05
5e-05
5e-05
5e-05
5e-05
5e-05
5e-05
5e-05
5e-05
5e-05
5e-05
5e-05
5e-05
5e-05
5e-05
5e-05
5e-05
5e-05
5e-05
5e-05
5e-05
5e-05
5e-05
5e-05
5e-05
5e-05
5e-05
5e-05
5e-05
5e-05
5e-05
5e-05
5e-05
7.04193e-05
8.34879e-05
9.55982e-05
0.00010758
0.000119078
0.00012955
0.00013897
0.000147338
0.000154668
0.000160988
0.000166335
0.000170756
0.000174306
0.000177043
0.00017903
0.000180331
0.000181009
0.000181128
0.000180748
0.000179926
0.000178719
0.000177177
0.000175347
0.000173274
0.000170997
0.000168551
0.00016597
0.000163282
0.000160513
0.000157686
0.00015482
0.000151934
0.000149042
0.000146157
0.000143291
0.000140977
0.000139065
0.000137077
0.000134965
0.000132755
0.000130478
0.000128158
0.000125819
0.000123479
0.00012115
0.000118847
0.000116577
0.000114347
0.000112164
0.000110032
0.000107954
0.000105932
0.000103968
0.000102062
0.000100215
9.84265e-05
9.66966e-05
9.50244e-05
9.3409e-05
9.18493e-05
9.0344e-05
8.8892e-05
8.74917e-05
8.61418e-05
8.48408e-05
8.35872e-05
8.23795e-05
8.12161e-05
8.00957e-05
7.90167e-05
7.79777e-05
7.69772e-05
7.60579e-05
7.53538e-05
7.46822e-05
7.39958e-05
7.32954e-05
7.2595e-05
7.2061e-05
7.15686e-05
7.1046e-05
7.04924e-05
6.99173e-05
6.95439e-05
6.93491e-05
6.91002e-05
6.87742e-05
6.83851e-05
6.79489e-05
6.7479e-05
6.69863e-05

