5e-05
5e-05
5e-05
5e-05
5e-05
5e-05
5e-05
5e-05
5e-05
5e-05
5e-05
5e-05
5e-05
5e-05
5e-05
5e-05
5e-05
5e-05
5e-05
5e-05
5e-05
5e-05
5e-05
5e-05
5e-05
5e-05
5e-05
5e-05
5e-05
5e-05
5e-05
5e-05
5e-05
5e-05
5e-05
5e-05
5e-05
5e-05
5e-05
5e-05
5e-05
5e-05
5e-05
5e-05
5e-05
5e-05
5e-05
5e-05
5e-05
5e-05
5e-05
5e-05
5e-05
5e-05
5e-05
5e-05
5e-05
5e-05
5e-05
5e-05
5e-05
5e-05
5e-05
5e-05
5e-05
5e-05
5e-05
5e-05
5e-05
5e-05
5e-05
5e-05
5e-05
5e-05
5e-05
5e-05
5e-05
5e-05
5e-05
5e-05
5e-05
5e-05
5e-05
5e-05
5e-05
5e-05
5e-05
5e-05
5e-05
5e-05
5e-05
5e-05
5e-05
5e-05
5e-05
5e-05
5e-05
5e-05
5e-05
5e-05
5e-05
5e-05
5e-05
5e-05
5e-05
5e-05
5e-05
5e-05
5e-05
5e-05
5e-05
5e-05
5e-05
5e-05
5e-05
5e-05
5e-05
5e-05
5e-05
5e-05
5e-05
5e-05
5e-05
5e-05
5e-05
5e-05
5e-05
5e-05
5e-05
5e-05
5e-05
5e-05
5e-05
5e-05
5.00002e-05
5.43776e-05
6.27745e-05
7.18506e-05
8.17363e-05
9.40142e-05
0.000105386
0.000114859
0.000122182
0.000127996
0.000133959
0.000139504
0.00014281
0.000144945
0.000146196
0.000146615
0.000146268
0.000145465
0.000144392
0.000142997
0.000141428
0.000139737
0.00013797
0.000136172
0.00013614
0.000139096
0.000141283
0.000142721
0.000143082
0.000142338
0.000141022
0.000139837
0.000138528
0.00013696
0.000135124
0.000132975
0.000130667
0.000128264
0.000125829
0.000123405
0.000121028
0.000118704
0.000116415
0.00011419
0.000112286
0.000110406
0.000108517
0.000106646
0.000104781
0.000102945
0.000101105
9.931e-05
9.75743e-05
9.59123e-05
9.43049e-05
9.27403e-05
9.12188e-05
8.97368e-05
8.83124e-05
8.70182e-05
8.74851e-05
8.82638e-05
8.87168e-05
8.88068e-05
8.84248e-05
8.77629e-05
8.69198e-05
8.597e-05
8.49112e-05
8.3801e-05
8.26634e-05
8.14767e-05
8.02704e-05
7.90862e-05
7.79335e-05
7.6818e-05
7.57493e-05
7.50613e-05
7.50703e-05
7.49244e-05
7.46544e-05
7.42444e-05
7.37981e-05
7.33179e-05
7.27526e-05
7.21187e-05
7.14182e-05
7.06887e-05
6.99453e-05
6.91859e-05
6.84238e-05
6.76783e-05
6.69557e-05
6.62515e-05
6.55657e-05
6.49027e-05
6.42661e-05
6.36598e-05
6.30853e-05
6.2541e-05
6.2021e-05
6.15271e-05
6.10592e-05
6.06155e-05
6.01918e-05
5.97866e-05
5.93945e-05
5.90217e-05
5.87005e-05
5.84032e-05
5.81156e-05
5.7852e-05
5.76516e-05
5.74642e-05
5.72618e-05
5.70507e-05

