5e-05
5e-05
5e-05
5e-05
5e-05
5e-05
5e-05
5e-05
5e-05
5e-05
5e-05
5e-05
5e-05
5e-05
5e-05
5e-05
5e-05
5e-05
5e-05
5e-05
5e-05
5e-05
5e-05
5e-05
5e-05
5e-05
5e-05
5e-05
5e-05
5e-05
5e-05
5e-05
5e-05
5e-05
5e-05
5e-05
5e-05
5e-05
5e-05
5e-05
5e-05
5e-05
5e-05
5e-05
5e-05
5e-05
5e-05
5e-05
5e-05
5e-05
5e-05
5e-05
5e-05
5e-05
5e-05
5e-05
5e-05
5e-05
5e-05
5e-05
5e-05
5e-05
5e-05
5e-05
5e-05
5e-05
5e-05
5e-05
5e-05
5e-05
5e-05
5e-05
5e-05
5e-05
5e-05
5e-05
5e-05
5e-05
5e-05
5e-05
5e-05
5e-05
5e-05
5e-05
5e-05
5e-05
5e-05
5e-05
5e-05
5e-05
5e-05
5e-05
5e-05
5e-05
5e-05
5e-05
5e-05
5e-05
5e-05
5e-05
5e-05
5e-05
5e-05
5e-05
5e-05
5e-05
5e-05
5e-05
5e-05
5e-05
5e-05
5e-05
5e-05
5e-05
5e-05
5e-05
5e-05
5e-05
5e-05
5e-05
5e-05
5e-05
5e-05
5e-05
5e-05
5e-05
5e-05
5e-05
5e-05
5e-05
5e-05
5e-05
5e-05
5e-05
5e-05
5e-05
5e-05
5e-05
5e-05
5e-05
5e-05
5e-05
5e-05
5e-05
5e-05
5e-05
5e-05
5e-05
5e-05
5.09062e-05
5.83941e-05
6.82404e-05
8.10058e-05
9.33305e-05
0.000103868
0.000114545
0.000122833
0.000129058
0.000133625
0.000137772
0.000140866
0.000143039
0.000144474
0.000145183
0.00014523
0.000144845
0.000144883
0.000144535
0.000143822
0.000142864
0.000141704
0.000140303
0.00013854
0.000136633
0.000134671
0.000132714
0.000130738
0.000128778
0.000126794
0.000124832
0.000122857
0.00012089
0.000118982
0.000117133
0.000115473
0.000114135
0.000112752
0.000111681
0.000110547
0.000109314
0.000108022
0.000106684
0.000105286
0.000103847
0.000102402
0.000100953
9.94709e-05
9.79941e-05
9.6548e-05
9.51359e-05
9.37588e-05
9.2398e-05
9.10554e-05
8.97534e-05
8.84705e-05
8.7211e-05
8.59809e-05
8.47922e-05
8.36311e-05
8.25162e-05
8.14494e-05
8.04275e-05
7.94473e-05
7.85058e-05
7.7599e-05
7.67146e-05
7.58588e-05
7.50262e-05
7.42167e-05
7.34358e-05
7.26784e-05
7.19464e-05
7.17224e-05
7.19923e-05
7.21113e-05
7.20621e-05
7.18289e-05
7.14652e-05
7.10249e-05
7.05248e-05
6.99692e-05
6.94686e-05
6.89398e-05
6.83862e-05
6.78052e-05
6.72154e-05
6.66279e-05
6.60446e-05
6.57148e-05
6.58705e-05
6.59794e-05
6.6122e-05
6.72095e-05
7.07828e-05
7.08549e-05
6.99484e-05
6.89291e-05
6.78928e-05
6.68849e-05
6.59238e-05

