5e-05
5e-05
5e-05
5e-05
5e-05
5e-05
5e-05
5e-05
5e-05
5e-05
5e-05
5e-05
5e-05
5e-05
5e-05
5e-05
5e-05
5e-05
5e-05
5e-05
5e-05
5e-05
5e-05
5e-05
5e-05
5e-05
5e-05
5e-05
5e-05
5e-05
5e-05
5e-05
5e-05
5e-05
5e-05
5e-05
5e-05
5e-05
5e-05
5e-05
5e-05
5e-05
5e-05
5e-05
5e-05
5e-05
5e-05
5e-05
5e-05
5e-05
5e-05
5e-05
5e-05
5e-05
5e-05
5e-05
5e-05
5e-05
5e-05
5e-05
5e-05
5e-05
5e-05
5e-05
5e-05
5e-05
5e-05
5e-05
5e-05
5e-05
5e-05
5e-05
5e-05
5e-05
5e-05
5e-05
5e-05
5e-05
5e-05
5e-05
5e-05
5e-05
5e-05
5e-05
5e-05
5e-05
5e-05
5e-05
5e-05
5e-05
5e-05
5e-05
5e-05
5e-05
5e-05
5e-05
5e-05
5e-05
5e-05
5e-05
5e-05
5e-05
5e-05
5e-05
5e-05
5.47826e-05
6.43724e-05
7.44688e-05
8.38603e-05
9.20147e-05
9.88046e-05
0.0001044
0.000109084
0.000112987
0.000116051
0.000118535
0.000120552
0.000122162
0.000124113
0.00012587
0.000127101
0.000127919
0.000128319
0.000128361
0.000128508
0.000128847
0.0001288
0.0001284
0.000127749
0.000126876
0.000125867
0.000124747
0.000123537
0.000122253
0.000120899
0.000119419
0.000117909
0.000116466
0.000115418
0.000114324
0.000113148
0.000111903
0.0001106
0.000109252
0.000107871
0.000106453
0.000104983
0.000103497
0.000101983
0.000100478
9.89686e-05
9.74766e-05
9.6006e-05
9.45775e-05
9.31913e-05
9.18454e-05
9.05308e-05
8.92455e-05
8.79899e-05
8.67768e-05
8.56103e-05
8.44857e-05
8.33993e-05
8.23444e-05
8.13321e-05
8.06862e-05
8.1298e-05
8.18264e-05
8.21241e-05
8.20378e-05
8.16736e-05
8.11549e-05
8.04713e-05
7.96649e-05
7.87952e-05
7.7881e-05
7.6946e-05
7.59978e-05
7.50481e-05
7.41242e-05
7.32307e-05
7.23687e-05
7.15303e-05
7.0717e-05
6.99122e-05
6.91409e-05
6.8408e-05
6.77121e-05
6.70506e-05
6.64214e-05
6.58221e-05
6.52489e-05
6.46977e-05
6.41713e-05
6.36685e-05
6.3184e-05
6.27182e-05
6.22703e-05
6.18338e-05
6.14163e-05
6.10174e-05
6.0636e-05
6.02696e-05
5.99153e-05
5.95754e-05
5.92459e-05
5.89262e-05
5.86198e-05
5.83245e-05
5.804e-05
5.77676e-05
5.75052e-05
5.72516e-05
5.70085e-05
5.67753e-05
5.65493e-05
5.63313e-05
5.6122e-05
5.59208e-05
5.57271e-05
5.55384e-05
5.53546e-05
5.51775e-05
5.50065e-05
5.48407e-05
5.46816e-05
5.45286e-05
5.43811e-05
5.42376e-05
5.40996e-05
5.39668e-05
5.38492e-05
5.37466e-05
5.36426e-05
5.35372e-05
5.34329e-05
5.33303e-05
5.32296e-05
5.31309e-05
5.30342e-05
5.29384e-05
5.28451e-05
5.27544e-05
5.26662e-05
5.25797e-05
5.24959e-05
5.24146e-05
5.23347e-05
5.22572e-05
5.21827e-05

