5e-05
5e-05
5e-05
5e-05
5e-05
5e-05
5e-05
5e-05
5e-05
5e-05
5e-05
5e-05
5e-05
5e-05
5e-05
5e-05
5e-05
5e-05
5e-05
5e-05
5e-05
5e-05
5e-05
5e-05
5e-05
5e-05
5e-05
5e-05
5e-05
5e-05
5e-05
5e-05
5e-05
5e-05
5e-05
5e-05
5e-05
5e-05
5e-05
5e-05
5e-05
5e-05
5e-05
5e-05
5e-05
5e-05
5e-05
5e-05
5e-05
5e-05
5e-05
5e-05
5.00785e-05
5.50159e-05
6.33476e-05
7.21753e-05
8.04244e-05
8.79118e-05
9.44654e-05
0.000100116
0.00010473
0.000108579
0.000111878
0.000114687
0.000116985
0.000118882
0.000120429
0.00012166
0.000122603
0.000123285
0.000123724
0.000123831
0.000123693
0.000123408
0.00012299
0.000122355
0.000121588
0.000120753
0.000119821
0.000118836
0.000117815
0.000116738
0.00011561
0.000114429
0.000113221
0.000111975
0.000110697
0.00010939
0.000108094
0.000106815
0.000105553
0.000104307
0.00010307
0.000101823
0.000100592
9.93802e-05
9.8187e-05
9.7012e-05
9.58549e-05
9.47147e-05
9.35693e-05
9.24396e-05
9.13322e-05
9.02419e-05
8.91553e-05
8.80922e-05
8.70353e-05
8.59727e-05
8.49347e-05
8.39303e-05
8.29582e-05
8.20126e-05
8.10788e-05
8.01576e-05
7.92587e-05
7.83916e-05
7.7555e-05
7.67472e-05
7.59661e-05
7.52099e-05
7.44772e-05
7.37665e-05
7.30767e-05
7.24066e-05
7.17554e-05
7.11223e-05
7.05065e-05
6.99074e-05
6.93245e-05
6.87572e-05
6.82032e-05
6.76558e-05
6.71301e-05
6.6706e-05
6.6289e-05
6.58602e-05
6.54318e-05
6.50062e-05
6.45854e-05
6.42468e-05
6.39206e-05
6.35846e-05
6.32337e-05
6.28697e-05
6.24985e-05
6.21578e-05
6.18351e-05
6.14953e-05
6.1155e-05
6.12516e-05
6.13987e-05
6.14407e-05
6.1436e-05
6.13679e-05
6.12361e-05
6.10835e-05
6.09028e-05
6.06617e-05
6.03775e-05
6.00706e-05
5.97613e-05
5.94768e-05
5.91686e-05
5.88449e-05
5.85171e-05
5.81955e-05
5.78828e-05
5.75801e-05
5.72879e-05
5.70062e-05
5.67308e-05
5.64625e-05
5.62047e-05
5.59579e-05
5.57185e-05
5.54888e-05
5.52709e-05
5.50618e-05
5.48617e-05
5.46711e-05
5.44878e-05
5.43114e-05
5.41429e-05
5.39817e-05
5.38282e-05
5.3683e-05
5.35455e-05
5.34151e-05
5.32912e-05
5.31726e-05
5.30569e-05
5.29446e-05
5.28376e-05
5.2736e-05
5.26784e-05
5.27407e-05
5.30533e-05
5.38064e-05
5.39136e-05
5.38036e-05
5.36408e-05
5.34714e-05
5.33001e-05
5.31353e-05
5.30473e-05
5.29639e-05
5.28652e-05
5.27567e-05
5.26434e-05
5.25296e-05
5.24174e-05
5.23078e-05
5.22016e-05
5.20995e-05
5.20015e-05
5.19074e-05
5.18179e-05
5.17329e-05
5.16519e-05
5.15752e-05
5.15028e-05
5.14344e-05
5.13694e-05
5.13077e-05
5.12489e-05
5.11934e-05
5.11408e-05
5.1091e-05
5.10442e-05
5.09999e-05
5.09581e-05
5.09185e-05
5.08809e-05
5.08451e-05
5.0811e-05
5.07786e-05
5.07478e-05
5.07185e-05
5.06906e-05
5.06637e-05
5.06398e-05
5.06184e-05
5.05975e-05
5.0597e-05
5.06043e-05
5.06093e-05
5.06233e-05
5.07844e-05
5.08151e-05
5.07902e-05

