5e-05
5e-05
5e-05
5e-05
5e-05
5e-05
5e-05
5e-05
5.18947e-05
5.99384e-05
6.95867e-05
8.01011e-05
8.97318e-05
9.73332e-05
0.000103514
0.000109563
0.000114753
0.000119929
0.00012437
0.000127755
0.000130072
0.000131641
0.000132649
0.000132925
0.000132729
0.000132276
0.00013166
0.000130913
0.000130054
0.000129053
0.000127926
0.000126741
0.000125515
0.000124221
0.000122892
0.000121546
0.000120186
0.000118816
0.000117438
0.000116023
0.000114572
0.000113119
0.000111654
0.000110208
0.000108784
0.00010738
0.000105996
0.000104632
0.00010338
0.000102367
0.000101309
0.000100217
9.9083e-05
9.79082e-05
9.67251e-05
9.55408e-05
9.43523e-05
9.31394e-05
9.19139e-05
9.07043e-05
8.94633e-05
8.82071e-05
8.69859e-05
8.58105e-05
8.4677e-05
8.35883e-05
8.25361e-05
8.15231e-05
8.05443e-05
7.96047e-05
7.86919e-05
7.78116e-05
7.69555e-05
7.61258e-05
7.5311e-05
7.45275e-05
7.37749e-05
7.30488e-05
7.23412e-05
7.16591e-05
7.10018e-05
7.03589e-05
6.97294e-05
6.91222e-05
6.8535e-05
6.79623e-05
6.74101e-05
6.68753e-05
6.63545e-05
6.58498e-05
6.53583e-05
6.48843e-05
6.44272e-05
6.3986e-05
6.35597e-05
6.34423e-05
6.36935e-05
6.38597e-05
6.39298e-05
6.39099e-05
6.38055e-05
6.36237e-05
6.3361e-05
6.30378e-05
6.26788e-05
6.2347e-05
6.20165e-05
6.16647e-05
6.12987e-05
6.09187e-05
6.05339e-05
6.01481e-05
5.97702e-05
5.94023e-05
5.90382e-05
5.86864e-05
5.83492e-05
5.80264e-05
5.77496e-05
5.7492e-05
5.72366e-05
5.69863e-05
5.67391e-05
5.64961e-05
5.62767e-05
5.60834e-05
5.58886e-05
5.56926e-05
5.54989e-05
5.53078e-05
5.51221e-05
5.49421e-05
5.4768e-05
5.45997e-05
5.44367e-05
5.42758e-05
5.41207e-05
5.39753e-05
5.3854e-05
5.37362e-05
5.36201e-05
5.35055e-05
5.33928e-05
5.32822e-05
5.31739e-05
5.30674e-05
5.29619e-05
5.28585e-05
5.27567e-05
5.26578e-05
5.25611e-05
5.24673e-05
5.23765e-05
5.22895e-05
5.2206e-05
5.2126e-05
5.20489e-05
5.19745e-05
5.19026e-05
5.18338e-05
5.17682e-05
5.17054e-05
5.16453e-05
5.15875e-05
5.15323e-05
5.14945e-05
5.15144e-05
5.15312e-05
5.1538e-05
5.15279e-05
5.15056e-05
5.14768e-05
5.1441e-05
5.13999e-05
5.13563e-05
5.1311e-05
5.1265e-05
5.12188e-05
5.11727e-05
5.1128e-05
5.10848e-05
5.10434e-05
5.10031e-05
5.09642e-05
5.09259e-05
5.08891e-05
5.08543e-05
5.08213e-05
5.07899e-05
5.07601e-05
5.07317e-05
5.07047e-05
5.06787e-05
5.06539e-05
5.06302e-05
5.06075e-05
5.05856e-05
5.05647e-05
5.05442e-05
5.05247e-05
5.05061e-05
5.04883e-05
5.04713e-05
5.04548e-05
5.0439e-05
5.04237e-05
5.04089e-05
5.03947e-05
5.0381e-05
5.03678e-05
5.03552e-05
5.03431e-05
5.03314e-05
5.03202e-05
5.03095e-05
5.0299e-05
5.0289e-05
5.02794e-05
5.02701e-05
5.02612e-05
5.02526e-05
5.02441e-05
5.0236e-05
5.02282e-05
5.02206e-05
5.02133e-05
5.02063e-05
5.01995e-05
5.01929e-05
5.01866e-05
5.01806e-05
5.01752e-05
5.01705e-05
5.01657e-05
5.01609e-05
5.01561e-05
5.01515e-05
5.01469e-05
5.01424e-05
5.01379e-05
5.01336e-05
5.01293e-05
5.01252e-05
5.01212e-05
5.01172e-05
5.01134e-05
5.01097e-05
5.01061e-05
5.01026e-05
5.00992e-05

