5e-05
5e-05
5e-05
5e-05
5e-05
5e-05
5e-05
5e-05
5e-05
5e-05
5e-05
5e-05
5e-05
5e-05
5e-05
5e-05
5e-05
5e-05
5e-05
5e-05
5e-05
5e-05
5e-05
5e-05
5e-05
5e-05
5e-05
5e-05
5e-05
5e-05
5e-05
5e-05
5e-05
5e-05
5e-05
5e-05
5e-05
5e-05
5e-05
5e-05
5e-05
5e-05
5e-05
5e-05
5e-05
5e-05
5e-05
5e-05
5e-05
5e-05
5e-05
5e-05
5e-05
5e-05
5e-05
5e-05
5e-05
5e-05
5e-05
5e-05
5e-05
5e-05
5e-05
5e-05
5e-05
5e-05
5e-05
5e-05
5e-05
5e-05
5e-05
5e-05
5e-05
5e-05
5e-05
5e-05
5e-05
5e-05
5e-05
5e-05
5e-05
5e-05
5e-05
5e-05
5e-05
5e-05
5e-05
5e-05
5e-05
5e-05
5e-05
5e-05
5e-05
5e-05
5e-05
5e-05
5e-05
5e-05
5e-05
5e-05
5e-05
5e-05
5e-05
5e-05
5e-05
5e-05
5e-05
5e-05
5e-05
5e-05
5e-05
5e-05
5e-05
5e-05
5e-05
5e-05
5e-05
5e-05
5e-05
5e-05
5e-05
5e-05
5e-05
5e-05
5e-05
5e-05
5e-05
5e-05
5e-05
5e-05
5e-05
5e-05
5e-05
5e-05
5e-05
5e-05
5e-05
5e-05
5e-05
5e-05
5e-05
5e-05
5e-05
5e-05
5e-05
5e-05
5e-05
5e-05
5e-05
5e-05
5e-05
5e-05
5e-05
5e-05
5e-05
5e-05
5e-05
5e-05
5e-05
5e-05
5e-05
5e-05
5e-05
5e-05
5e-05
5e-05
5e-05
5e-05
5e-05
5e-05
5e-05
5e-05
5e-05
5e-05
5e-05
5e-05
5e-05
5e-05
5e-05
5e-05
5e-05
5e-05
5e-05
5e-05
5e-05
5e-05
5e-05
5.1054e-05
5.7905e-05
6.66535e-05
7.53813e-05
8.34732e-05
9.06435e-05
9.68719e-05
0.000102246
0.000106764
0.000110605
0.000113854
0.000116497
0.000118662
0.000120814
0.000123003
0.000124724
0.000125979
0.000126743
0.000127101
0.000127653
0.000128106
0.000128248
0.000128112
0.000127702
0.000126928
0.000125962
0.000124887
0.000123725
0.000122501
0.000121647
0.000120702
0.00011964
0.000118478
0.000117233
0.000115878
0.000114456
0.000112966
0.00011146
0.000109917
0.00010838
0.000106859
0.000105338
0.000103828
0.000102349
0.000100902
9.94766e-05
9.80662e-05
9.66913e-05
9.53529e-05
9.40502e-05
9.27821e-05
9.167e-05
9.0675e-05
8.96449e-05
8.86055e-05
8.75505e-05
8.65056e-05
8.54751e-05
8.44609e-05
8.34645e-05
8.24733e-05
8.14851e-05
8.05191e-05

