5e-05
5e-05
5e-05
5e-05
5e-05
5e-05
5e-05
5e-05
5e-05
5e-05
5e-05
5e-05
5e-05
5e-05
5e-05
5e-05
5e-05
5e-05
5e-05
5e-05
5e-05
5e-05
5e-05
5e-05
5e-05
5e-05
5e-05
5e-05
5e-05
5e-05
5e-05
5e-05
5e-05
5e-05
5e-05
5e-05
5e-05
5e-05
5e-05
5e-05
5e-05
5e-05
5e-05
5e-05
5e-05
5e-05
5e-05
5e-05
5e-05
5e-05
5e-05
5e-05
5e-05
5e-05
5e-05
5e-05
5e-05
5e-05
5e-05
5e-05
5e-05
5e-05
5e-05
5e-05
5e-05
5e-05
5e-05
5e-05
5e-05
5e-05
5e-05
5e-05
5e-05
5e-05
5e-05
5e-05
5e-05
5e-05
5e-05
5e-05
5e-05
5e-05
5e-05
5e-05
5e-05
5e-05
5e-05
5e-05
5e-05
5e-05
5e-05
5e-05
5e-05
5e-05
5e-05
5e-05
5e-05
5e-05
5e-05
5e-05
5e-05
5e-05
5e-05
5e-05
5e-05
5e-05
5e-05
5e-05
5e-05
5e-05
5e-05
5e-05
5e-05
5e-05
5e-05
5e-05
5e-05
5e-05
5e-05
5e-05
5e-05
5e-05
5e-05
5e-05
5e-05
5e-05
5e-05
5e-05
5e-05
5e-05
5e-05
5e-05
5e-05
5e-05
5e-05
5e-05
5e-05
5e-05
5e-05
5e-05
5e-05
5e-05
5e-05
5e-05
5e-05
5e-05
5e-05
5e-05
5e-05
5e-05
5e-05
5e-05
5e-05
5e-05
5e-05
5e-05
5e-05
5e-05
5e-05
5.38198e-05
6.17127e-05
7.02188e-05
7.83323e-05
8.56918e-05
9.20915e-05
9.76102e-05
0.000102407
0.000106565
0.000110144
0.000113167
0.000115602
0.000117606
0.000119182
0.000120431
0.00012137
0.000122013
0.000122431
0.000122617
0.000122632
0.000123054
0.00012327
0.000123333
0.000123653
0.000123706
0.000123424
0.00012289
0.000122106
0.000121161
0.00012009
0.000118879
0.000117591
0.000116149
0.00011466
0.000113142
0.000111585
0.00011004
0.000108491
0.000106927
0.000105588
0.000104434
0.000103243
0.000102017
0.000100739
9.94301e-05
9.81053e-05
9.67967e-05
9.54858e-05
9.41659e-05
9.28693e-05
9.16109e-05
9.03899e-05
8.91883e-05
8.80212e-05
8.6885e-05
8.57655e-05
8.46741e-05
8.36145e-05
8.25776e-05
8.15681e-05
8.05955e-05
7.96501e-05
7.87331e-05
7.78407e-05
7.69747e-05
7.61318e-05
7.53199e-05
7.45381e-05
7.37845e-05
7.30568e-05
7.23378e-05
7.16352e-05
7.09535e-05
7.02926e-05
6.96526e-05
6.9037e-05
6.84445e-05
6.78768e-05
6.7424e-05
6.69815e-05
6.65598e-05
6.62027e-05
6.58267e-05
6.54304e-05
6.50025e-05
6.45696e-05
6.41332e-05
6.37273e-05
6.3371e-05
6.30123e-05
6.26401e-05

