5e-05
5e-05
5e-05
5e-05
5e-05
5e-05
5e-05
5e-05
5e-05
5e-05
5e-05
5e-05
5e-05
5e-05
5e-05
5e-05
5e-05
5e-05
5e-05
5e-05
5e-05
5e-05
5e-05
5e-05
5e-05
5e-05
5e-05
5e-05
5e-05
5e-05
5e-05
5e-05
5e-05
5e-05
5e-05
5e-05
5e-05
5e-05
5e-05
5e-05
5e-05
5e-05
5e-05
5e-05
5e-05
5e-05
5e-05
5e-05
5e-05
5e-05
5e-05
5e-05
5e-05
5e-05
5e-05
5e-05
5e-05
5e-05
5e-05
5e-05
5e-05
5e-05
5e-05
5e-05
5e-05
5e-05
5e-05
5e-05
5e-05
5e-05
5e-05
5e-05
5e-05
5e-05
5e-05
5e-05
5e-05
5e-05
5e-05
5e-05
5e-05
5e-05
5e-05
5e-05
5e-05
5e-05
5e-05
5e-05
5e-05
5e-05
5e-05
5e-05
5e-05
5e-05
5e-05
5e-05
5e-05
5e-05
5e-05
5e-05
5e-05
5e-05
5e-05
5e-05
5e-05
5e-05
5e-05
5e-05
5e-05
5e-05
5e-05
5e-05
5e-05
5e-05
5e-05
5e-05
5e-05
5e-05
5e-05
5e-05
5e-05
5e-05
5e-05
5e-05
5e-05
5e-05
5e-05
5e-05
5e-05
5e-05
5e-05
5e-05
5e-05
5e-05
5e-05
5e-05
6.88098e-05
9.07437e-05
0.000111242
0.000130033
0.000157285
0.000203131
0.000206578
0.000215431
0.000226123
0.000238329
0.000253612
0.000267869
0.000280145
0.000290256
0.000298173
0.000303925
0.0003076
0.000309346
0.000309352
0.00030783
0.000305003
0.000301084
0.000296618
0.000294692
0.000293101
0.000290903
0.000287999
0.000284434
0.000280268
0.000275573
0.000270423
0.000264893
0.000259038
0.000252908
0.000246554
0.000240033
0.0002334
0.000226706
0.00022
0.000213326
0.000206721
0.000200218
0.000193846
0.000187625
0.000181576
0.00017571
0.000170039
0.00016457
0.000159307
0.000154277
0.000153231
0.000159219
0.000153865
0.00014974
0.000146416
0.000143425
0.000140529
0.000137624
0.00013468
0.000131699
0.000128699
0.000125704
0.000122734
0.000119809
0.000116945
0.000114153
0.000111443
0.000108821
0.000106289
0.000103846
0.000101492
9.92264e-05
9.70485e-05
9.49569e-05
9.29503e-05
9.1027e-05
8.9185e-05
8.74224e-05
8.57369e-05
8.41263e-05
8.2588e-05
8.11195e-05
7.97185e-05
7.83822e-05
7.71081e-05
7.58937e-05
7.47366e-05
7.36341e-05
7.25839e-05
7.15837e-05
7.06311e-05
6.9724e-05
6.88602e-05
6.80376e-05
6.72542e-05
6.65082e-05
6.57977e-05
6.51209e-05
6.44762e-05
6.3862e-05
6.32905e-05
6.28251e-05
6.23891e-05
6.19584e-05
6.15318e-05
6.11114e-05
6.06995e-05
6.02976e-05
5.99068e-05
5.95279e-05
5.91614e-05
5.88075e-05
5.84663e-05
5.81379e-05

