5e-05
5e-05
5e-05
5e-05
5e-05
5e-05
5e-05
5e-05
5e-05
5e-05
5e-05
5e-05
5e-05
5e-05
5e-05
5e-05
5e-05
5e-05
5e-05
5e-05
5e-05
5e-05
5e-05
5e-05
5e-05
5e-05
5e-05
5e-05
5e-05
5e-05
5e-05
5e-05
5e-05
5e-05
5e-05
5e-05
5e-05
5e-05
5e-05
5e-05
5e-05
5e-05
5e-05
5e-05
5e-05
6.61809e-05
7.9027e-05
8.86823e-05
9.72409e-05
0.00010489
0.000112028
0.000119626
0.000127793
0.000135361
0.000141438
0.000146112
0.000149598
0.000156454
0.000181368
0.000203929
0.000203121
0.000204969
0.000207679
0.000210184
0.000211966
0.000212831
0.00021276
0.000211819
0.000210115
0.000207764
0.00020488
0.000201571
0.00019793
0.000194038
0.000189966
0.000185772
0.000181507
0.000177212
0.000172921
0.000168661
0.000164454
0.000160319
0.000156269
0.000152315
0.000148466
0.000144727
0.000141102
0.000137593
0.000134203
0.00013093
0.000127775
0.000124735
0.000121809
0.000118995
0.00011629
0.000113691
0.000111195
0.000108799
0.000106499
0.000104293
0.000102176
0.000100145
9.81982e-05
9.63309e-05
9.45404e-05
9.28698e-05
9.15511e-05
9.03142e-05
8.9072e-05
8.78223e-05
8.65747e-05
8.53382e-05
8.41199e-05
8.29252e-05
8.17582e-05
8.06217e-05
7.95175e-05
7.8447e-05
7.74108e-05
7.64091e-05
7.5442e-05
7.4509e-05
7.36096e-05
7.27431e-05
7.19087e-05
7.11055e-05
7.03327e-05
6.95891e-05
6.88739e-05
6.81861e-05
6.75246e-05
6.68885e-05
6.62769e-05
6.56887e-05
6.51232e-05
6.4646e-05
6.42567e-05
6.38695e-05
6.34782e-05
6.33222e-05
6.33503e-05
6.33233e-05
6.33279e-05
6.32972e-05
6.3188e-05
6.3009e-05
6.27751e-05
6.24993e-05
6.21925e-05
6.22789e-05
6.38069e-05
6.34657e-05
6.31218e-05
6.30821e-05
6.32407e-05
6.34266e-05
6.37031e-05
6.40901e-05
6.49731e-05
6.4199e-05
6.35074e-05
6.28835e-05
6.23116e-05
6.17831e-05
6.12915e-05
6.08314e-05
6.0398e-05
5.99876e-05
5.9597e-05
5.92236e-05
5.88655e-05
5.85209e-05
5.81886e-05
5.78678e-05
5.75575e-05
5.72574e-05
5.69671e-05
5.66862e-05
5.64145e-05
5.6152e-05
5.58984e-05
5.56536e-05
5.54176e-05
5.51902e-05
5.49712e-05
5.47606e-05
5.45581e-05
5.43637e-05
5.41771e-05
5.39981e-05
5.38265e-05
5.36622e-05
5.35048e-05
5.33542e-05
7.40264e-05
8.70398e-05
9.80862e-05
0.000108053
0.000116844
0.000124226
0.000130374
0.000135441
0.000139562
0.000142853
0.000145418
0.000147346
0.000148715
0.000149597
0.000150052
0.000150134
0.000149893
0.000149371
0.000148606
0.00014763
0.000146475
0.000145166
0.000143727
0.000142178
0.000140539
0.000138825
0.000137051
0.00013523
0.000133374
0.000131492
0.000129594
0.000127686
0.000125777
0.000123872
0.000121977
0.000120095
0.000118232
0.000116525
0.000115392
0.000114279
0.000113049
0.000111709
0.000110306
0.000109357
0.000108482
0.000107466
0.000106309
0.000105046
0.000104362
0.00010419
0.00010382
0.000103183
0.000102325
0.000101297
0.000100142
9.8895e-05

