5e-05
5e-05
5e-05
5e-05
5e-05
5e-05
5e-05
5.19594e-05
6.13304e-05
7.27063e-05
8.3686e-05
9.36102e-05
0.000101869
0.000108451
0.000113896
0.00011929
0.000124042
0.000127916
0.000131803
0.000134583
0.000135938
0.00013653
0.000136656
0.000136343
0.000136465
0.000141827
0.00014704
0.000151582
0.000156954
0.00017815
0.000212011
0.000215839
0.000210909
0.000203879
0.000196481
0.000189193
0.000182189
0.00017554
0.000169262
0.000163356
0.000157821
0.000152638
0.000147788
0.000143249
0.000139009
0.000135378
0.000131999
0.000128776
0.000125692
0.000123005
0.000120644
0.000118416
0.000116113
0.000113737
0.00011139
0.00010911
0.000106885
0.000104742
0.000102664
0.000100657
9.86193e-05
9.66293e-05
9.47443e-05
9.29506e-05
9.1246e-05
8.96135e-05
8.80579e-05
8.65859e-05
8.5193e-05
8.38624e-05
8.25901e-05
8.13573e-05
8.01861e-05
7.90752e-05
7.80171e-05
7.69946e-05
7.601e-05
7.50736e-05
7.41826e-05
7.33255e-05
7.25039e-05
7.17065e-05
7.09369e-05
7.01966e-05
6.94894e-05
6.88144e-05
6.81648e-05
6.7542e-05
6.69334e-05
6.6349e-05
6.57915e-05
6.52541e-05
6.4734e-05
6.4232e-05
6.40216e-05
6.42139e-05
6.43406e-05
6.43616e-05
6.42768e-05
6.41092e-05
6.38437e-05
6.35264e-05
6.31711e-05
6.27832e-05
6.23828e-05
6.19768e-05
6.15686e-05
6.11573e-05
6.07533e-05
6.03593e-05
5.99767e-05
5.96064e-05
5.9258e-05
5.89608e-05
5.86653e-05
5.83735e-05
5.8079e-05
5.77848e-05
5.74974e-05
5.7219e-05
5.69497e-05
5.66915e-05
5.64421e-05
5.61998e-05
5.59643e-05
5.57391e-05
5.55248e-05
5.53205e-05
5.51236e-05
5.49345e-05
5.47543e-05
5.45826e-05
5.44328e-05
5.43008e-05
5.41708e-05
5.4053e-05
5.39399e-05
5.38268e-05
5.37339e-05
5.3695e-05
5.36596e-05
5.36096e-05
5.35395e-05
5.34589e-05
5.33945e-05
5.33357e-05
5.32509e-05
5.31572e-05
5.30585e-05
5.29551e-05
5.28472e-05
5.27395e-05
5.26344e-05
5.25307e-05
5.24302e-05
5.23333e-05
5.22404e-05
5.21518e-05
5.20975e-05
5.20976e-05
5.20886e-05
5.20705e-05
5.20375e-05
5.19889e-05
5.19335e-05
5.18828e-05
5.18324e-05
5.17797e-05
5.17246e-05
5.16661e-05
5.16066e-05
5.15471e-05
5.14885e-05
5.14315e-05
5.13765e-05
5.13235e-05
5.12722e-05
5.12229e-05
5.118e-05
5.11383e-05
5.10972e-05
5.10571e-05
5.10178e-05
5.09796e-05
5.09419e-05
5.09054e-05
5.08704e-05
5.08371e-05
5.08052e-05
5.07743e-05
5.07445e-05
5.07157e-05
5.06881e-05
5.06631e-05
5.06679e-05
5.06782e-05
5.06833e-05
5.06824e-05
5.06738e-05
5.06606e-05
5.06446e-05
5.06268e-05
5.06074e-05
5.05872e-05
5.05667e-05
5.05454e-05
5.0524e-05
5.05029e-05
5.04825e-05
5.04628e-05
5.0444e-05
5.04316e-05
5.0431e-05
5.04279e-05
5.04228e-05
5.04153e-05
5.04073e-05
5.03987e-05
5.03887e-05
5.03776e-05
5.03654e-05
5.03528e-05
5.034e-05
5.03269e-05
5.03137e-05
5.03009e-05
5.02885e-05
5.02764e-05
5.02647e-05
5.02533e-05
5.02424e-05
5.02321e-05
5.02222e-05
5.02129e-05
5.0204e-05
5.01956e-05
5.01876e-05
5.018e-05
5.01728e-05
5.01659e-05
5.01592e-05
5.01529e-05
5.01474e-05
5.01423e-05
5.01374e-05
5.01329e-05
5.01295e-05
5.01263e-05
5.01228e-05
5.01193e-05

