5e-05
5e-05
5e-05
5e-05
5e-05
5e-05
5e-05
5e-05
5e-05
5e-05
5e-05
5e-05
5e-05
5e-05
5.11768e-05
5.85525e-05
6.79929e-05
7.73669e-05
8.60422e-05
9.34269e-05
9.92463e-05
0.000104131
0.000108282
0.000111644
0.000114431
0.000116691
0.000118532
0.000120018
0.000121183
0.000121956
0.000122405
0.000122651
0.000122721
0.000122614
0.000122334
0.000121931
0.00012142
0.00012081
0.000120111
0.000119331
0.000118493
0.000118053
0.000117539
0.000116835
0.000116007
0.000115075
0.000114036
0.000113471
0.000113237
0.0001128
0.00011215
0.000111317
0.000110293
0.000109117
0.000107854
0.000106529
0.00010516
0.00010376
0.000102314
0.000100865
9.94261e-05
9.79801e-05
9.6558e-05
9.51677e-05
9.37923e-05
9.24149e-05
9.10756e-05
8.97832e-05
8.85366e-05
8.73338e-05
8.61728e-05
8.50514e-05
8.39677e-05
8.29197e-05
8.19023e-05
8.08955e-05
7.99143e-05
7.89588e-05
7.80388e-05
7.71533e-05
7.63003e-05
7.54601e-05
7.46434e-05
7.38482e-05
7.3075e-05
7.23321e-05
7.16137e-05
7.09209e-05
7.02557e-05
6.96165e-05
6.89975e-05
6.8395e-05
6.78088e-05
6.72389e-05
6.66841e-05
6.61504e-05
6.56379e-05
6.51646e-05
6.48207e-05
6.45275e-05
6.42176e-05
6.38922e-05
6.35542e-05
6.32034e-05
6.28386e-05
6.24716e-05
6.21054e-05
6.17422e-05
6.13833e-05
6.10301e-05
6.06837e-05
6.03447e-05
6.00123e-05
5.96847e-05
5.93666e-05
5.90585e-05
5.87605e-05
5.84723e-05
5.81937e-05
5.79245e-05
5.76644e-05
5.74131e-05
5.71704e-05
5.69359e-05
5.67094e-05
5.64906e-05
5.62793e-05
5.6075e-05
5.58777e-05
5.56849e-05
5.54981e-05
5.53179e-05
5.51442e-05
5.49766e-05
5.48134e-05
5.46553e-05
5.45029e-05
5.43561e-05
5.42116e-05
5.40742e-05
5.39597e-05
5.38494e-05
5.37785e-05
5.39128e-05
5.48032e-05
5.57006e-05
5.56785e-05
5.54613e-05
5.52282e-05
5.49824e-05
5.47313e-05
5.44854e-05
5.42577e-05
5.40374e-05
5.38254e-05
5.36227e-05
5.34371e-05
5.32632e-05
5.30964e-05
5.2937e-05
5.27854e-05
5.26416e-05
5.25056e-05
5.23771e-05
5.2256e-05
5.21419e-05
5.20345e-05
5.19332e-05
5.18379e-05
5.17481e-05
5.16635e-05
5.15838e-05
5.15087e-05
5.14387e-05
5.13768e-05
5.13175e-05
5.12603e-05
5.12053e-05
5.11526e-05
5.11022e-05
5.10543e-05
5.10087e-05
5.09653e-05
5.09241e-05
5.08849e-05
5.08477e-05
5.08124e-05
5.07788e-05
5.0747e-05
5.07168e-05
5.06881e-05
5.06607e-05
5.06347e-05
5.06099e-05
5.05862e-05
5.05637e-05
5.05422e-05
5.05216e-05
5.0502e-05
5.04832e-05
5.04653e-05
5.04482e-05
5.04318e-05
5.04161e-05
5.04011e-05
5.03868e-05
5.0373e-05
5.03599e-05
5.03472e-05
5.03351e-05
5.03234e-05
5.03122e-05
5.03014e-05
5.02911e-05
5.02812e-05
5.02716e-05
5.02624e-05
5.02536e-05
5.02451e-05
5.02369e-05
5.0229e-05
5.02214e-05
5.02141e-05
5.02072e-05
5.02014e-05
5.01958e-05
5.019e-05
5.01843e-05
5.01786e-05
5.0173e-05
5.01675e-05
5.01621e-05
5.01569e-05
5.01518e-05
5.01475e-05
5.01435e-05
5.01394e-05
5.01359e-05
5.01324e-05
5.01288e-05
5.01251e-05
5.01213e-05
5.01175e-05
5.01138e-05
5.01101e-05
5.01066e-05
5.01031e-05
5.00997e-05
5.00964e-05
5.00933e-05

