5e-05
5e-05
5e-05
5e-05
5e-05
5e-05
5e-05
5e-05
5e-05
5e-05
5e-05
5e-05
5e-05
5e-05
5e-05
5e-05
5e-05
5e-05
5e-05
5e-05
5e-05
5e-05
5e-05
5e-05
5e-05
5e-05
5e-05
5e-05
5e-05
5e-05
5e-05
5e-05
5e-05
5e-05
5e-05
5e-05
5e-05
5e-05
5e-05
5e-05
5e-05
5e-05
5e-05
5e-05
5e-05
5e-05
5e-05
5e-05
5e-05
5e-05
5e-05
5e-05
5e-05
5e-05
5e-05
5e-05
5e-05
5e-05
5e-05
5e-05
5e-05
5e-05
5e-05
5e-05
5e-05
5e-05
5e-05
5e-05
5e-05
5e-05
5e-05
5e-05
5e-05
5e-05
5e-05
5e-05
5e-05
5e-05
5e-05
5e-05
5e-05
5e-05
5e-05
5e-05
5e-05
5e-05
5e-05
5e-05
5e-05
5e-05
5e-05
5e-05
5e-05
5e-05
5e-05
5e-05
5e-05
5e-05
5e-05
5e-05
5e-05
5e-05
5e-05
5e-05
5e-05
5e-05
5e-05
5e-05
5e-05
5e-05
5e-05
5e-05
5e-05
5e-05
5e-05
5e-05
5e-05
5e-05
5e-05
5e-05
5e-05
5e-05
5e-05
5e-05
5e-05
5e-05
5e-05
5e-05
5e-05
5e-05
5e-05
5e-05
5e-05
5e-05
5e-05
5e-05
5e-05
5e-05
5e-05
5e-05
5e-05
5e-05
5e-05
5e-05
5e-05
5e-05
5e-05
5e-05
5e-05
5e-05
5e-05
5e-05
5e-05
5e-05
5e-05
5e-05
5.18627e-05
5.90063e-05
6.74361e-05
7.57409e-05
8.34998e-05
9.02903e-05
9.60978e-05
0.000101054
0.000105199
0.000108722
0.000111724
0.000114258
0.000116308
0.00011797
0.000119272
0.000120136
0.000120683
0.000121023
0.000121168
0.000121113
0.000122275
0.000127244
0.000131302
0.000134174
0.000136013
0.000137065
0.000137432
0.00013709
0.000135973
0.000134464
0.000132749
0.000130889
0.000128929
0.000126903
0.000124826
0.00012265
0.000120453
0.000118284
0.000116132
0.000114001
0.000111924
0.000109895
0.000107917
0.000106012
0.000104162
0.000102363
0.000100623
9.8957e-05
9.7362e-05
9.58329e-05
9.43651e-05
9.2954e-05
9.15958e-05
9.02775e-05
8.89981e-05
8.77649e-05
8.65759e-05
8.54286e-05
8.43127e-05
8.32257e-05
8.21689e-05
8.22131e-05
8.27547e-05
8.30312e-05
8.30281e-05
8.28131e-05
8.23724e-05
8.17544e-05
8.09983e-05
8.01402e-05
7.92163e-05
7.82627e-05
7.7299e-05
7.63313e-05
7.53815e-05
7.44493e-05
7.35366e-05
7.26549e-05
7.18056e-05
7.09889e-05
7.02045e-05
6.94516e-05
6.87245e-05
6.80112e-05
6.73202e-05
6.66571e-05
6.60225e-05
6.5419e-05
6.48423e-05
6.42901e-05
6.37643e-05
6.32634e-05
6.27856e-05
6.23294e-05

