5e-05
5e-05
5e-05
5e-05
5e-05
5e-05
5e-05
5e-05
5e-05
5e-05
5e-05
5e-05
5e-05
5e-05
5e-05
5e-05
5e-05
5e-05
5e-05
5e-05
5e-05
5e-05
5e-05
5e-05
5e-05
5e-05
5e-05
5e-05
5e-05
5e-05
5e-05
5e-05
5e-05
5e-05
5e-05
5e-05
5e-05
5e-05
5e-05
5e-05
5e-05
5e-05
5e-05
5e-05
5e-05
5e-05
5e-05
5e-05
5e-05
5e-05
5.90852e-05
7.55379e-05
8.6465e-05
9.59964e-05
0.000104583
0.000111998
0.000118235
0.000128316
0.000158395
0.000195151
0.000195945
0.00019958
0.000204126
0.000208365
0.000211711
0.000213951
0.000215072
0.000215157
0.000214332
0.000212734
0.000210493
0.000207731
0.000204553
0.000201052
0.000197307
0.000193384
0.000189339
0.000185219
0.000181063
0.000176902
0.000173646
0.000179884
0.000193293
0.000187904
0.000184403
0.000181768
0.000182611
0.000194198
0.000188314
0.000184778
0.000183298
0.000182275
0.000180947
0.000179107
0.000176739
0.000173901
0.00017068
0.000167168
0.00016345
0.000159599
0.000155677
0.000151735
0.000147812
0.000143939
0.000140142
0.000136436
0.000132837
0.000129352
0.000125989
0.00012275
0.000119638
0.000116652
0.000113792
0.000111054
0.000108436
0.000105935
0.000103547
0.000101267
9.90879e-05
9.70034e-05
9.50085e-05
9.30986e-05
9.12697e-05
8.95181e-05
8.78407e-05
8.62342e-05
8.46959e-05
8.32232e-05
8.18135e-05
8.04643e-05
7.91733e-05
7.79383e-05
7.67571e-05
7.56403e-05
7.4721e-05
7.38705e-05
7.30324e-05
7.22022e-05
7.13836e-05
7.06599e-05
7.017e-05
6.9733e-05
6.92592e-05
6.87458e-05
6.82029e-05
6.76403e-05
6.70662e-05
6.64874e-05
6.59093e-05
6.53361e-05
6.47711e-05
6.4217e-05
6.36757e-05
6.31487e-05
6.26371e-05
6.21414e-05
6.16622e-05
6.11997e-05
6.0754e-05
6.03248e-05
5.99121e-05
5.95154e-05
5.91345e-05
5.8769e-05
5.84183e-05
5.80821e-05
5.77598e-05
5.74509e-05
5.74545e-05
5.80711e-05
5.8499e-05
5.82014e-05
5.79906e-05
5.7815e-05
5.76459e-05
5.74704e-05
5.72844e-05
5.70879e-05
5.68828e-05
5.66709e-05
5.64545e-05
5.62355e-05
5.60159e-05
5.57972e-05
5.55808e-05
5.53679e-05
5.51593e-05
5.49557e-05
5.47576e-05
5.45655e-05
5.43795e-05
5.41998e-05
5.40266e-05
5.38598e-05
5.36994e-05
5.35453e-05
5.33975e-05
5.32557e-05
5.31198e-05
5.29897e-05
5.28651e-05
5.27458e-05
5.26318e-05
5.25227e-05
5.24184e-05
5.23187e-05
5.22234e-05
5.21323e-05
5.20453e-05
5.19621e-05
5.18825e-05
5.18065e-05
5.17338e-05
5.16644e-05
5.15979e-05
5.15344e-05
5.14737e-05
5.14156e-05
5.13601e-05
5.1307e-05
5.12561e-05
5.12074e-05
5.11609e-05
5.11163e-05
5.10736e-05
5.10327e-05
5.09935e-05
5.0956e-05
5.092e-05
5.08856e-05
5.08525e-05
5.08209e-05
5.07905e-05
5.07613e-05
5.07334e-05
5.07065e-05
5.06808e-05
5.06561e-05
5.06323e-05
5.06095e-05
5.05877e-05
5.05704e-05
5.05554e-05
5.05403e-05
5.05248e-05
5.05092e-05
5.04958e-05
5.04849e-05
5.04736e-05
5.04616e-05

