5e-05
5e-05
5e-05
5e-05
5e-05
5e-05
5e-05
5e-05
5e-05
5e-05
5e-05
5e-05
5e-05
5e-05
5e-05
5e-05
5e-05
5e-05
5e-05
5e-05
5e-05
5e-05
5e-05
5e-05
5e-05
5e-05
5e-05
5e-05
5e-05
5e-05
5e-05
5e-05
5e-05
5e-05
5e-05
5e-05
5e-05
5e-05
5e-05
5e-05
5e-05
5e-05
5e-05
5e-05
5e-05
5e-05
5e-05
5e-05
5e-05
5e-05
5e-05
5e-05
5e-05
5e-05
5e-05
5e-05
5e-05
5e-05
5e-05
5e-05
5e-05
5e-05
5e-05
5e-05
5e-05
5e-05
5e-05
5e-05
5e-05
5e-05
5e-05
5e-05
5e-05
5e-05
5e-05
5e-05
5e-05
5e-05
5e-05
5e-05
5e-05
5e-05
5e-05
5e-05
5e-05
5e-05
5e-05
5e-05
5e-05
5e-05
5e-05
5e-05
5e-05
5e-05
5e-05
5e-05
5e-05
5e-05
5e-05
5e-05
5e-05
5e-05
5e-05
5e-05
5e-05
5e-05
5e-05
5e-05
5e-05
5e-05
5e-05
5e-05
5e-05
5e-05
5e-05
5e-05
5e-05
5e-05
5e-05
5e-05
5e-05
5e-05
5e-05
5e-05
5e-05
5e-05
5e-05
5e-05
5e-05
5e-05
5e-05
5e-05
5e-05
5e-05
5e-05
5e-05
5e-05
5e-05
5.21935e-05
6.00849e-05
6.92909e-05
7.87843e-05
8.82246e-05
9.63602e-05
0.000103229
0.000108935
0.000113637
0.000119073
0.000123395
0.000126273
0.000128202
0.000129503
0.000130924
0.000131946
0.000132466
0.000132518
0.000132128
0.00013154
0.000130695
0.000129624
0.000128428
0.000127153
0.000125828
0.000124562
0.000123587
0.000122477
0.000121265
0.000119997
0.000118613
0.000117165
0.000115685
0.00011418
0.000112681
0.000111462
0.000110378
0.00010918
0.000107916
0.000106624
0.000105257
0.000103878
0.000102468
0.000101047
9.96347e-05
9.82456e-05
9.68536e-05
9.54816e-05
9.41518e-05
9.28647e-05
9.16182e-05
9.041e-05
8.92379e-05
8.80998e-05
8.69892e-05
8.58786e-05
8.47843e-05
8.3727e-05
8.27065e-05
8.17165e-05
8.07489e-05
7.98111e-05
7.88948e-05
7.80096e-05
7.71447e-05
7.63075e-05
7.54842e-05
7.46836e-05
7.38979e-05
7.31372e-05
7.24005e-05
7.16863e-05
7.09977e-05
7.03304e-05
6.96898e-05
6.90734e-05
6.84742e-05
6.78978e-05
6.73859e-05
6.69378e-05
6.64855e-05
6.60346e-05
6.55771e-05
6.51164e-05
6.46496e-05
6.41926e-05
6.375e-05
6.33216e-05
6.29015e-05
6.24899e-05
6.20925e-05
6.17072e-05
6.13293e-05
6.096e-05
6.06041e-05
6.02564e-05
5.9918e-05
5.95939e-05
5.92815e-05
5.89733e-05
5.86729e-05
5.84014e-05
5.81777e-05
5.79548e-05
5.77542e-05
5.75759e-05
5.7391e-05
5.72025e-05
5.70089e-05
5.68083e-05
5.66085e-05
5.64098e-05

