5e-05
5e-05
5e-05
5e-05
5e-05
5e-05
5e-05
5e-05
5e-05
5e-05
5e-05
5e-05
5.14901e-05
6.00253e-05
7.03239e-05
8.03629e-05
9.03224e-05
9.95142e-05
0.00010718
0.000113325
0.000117919
0.000121321
0.000123855
0.00012541
0.000126453
0.000127152
0.000127604
0.000127844
0.000127897
0.000127734
0.000127387
0.000126894
0.000126297
0.000125551
0.000124654
0.000124836
0.000128972
0.000132664
0.000135501
0.000137145
0.000137628
0.000137375
0.000136456
0.000135116
0.000133473
0.000131605
0.000129578
0.000127446
0.000125254
0.000123419
0.000122028
0.000120986
0.000119598
0.00011785
0.000115999
0.000114269
0.00011272
0.000111096
0.000109407
0.000107615
0.00010564
0.000103625
0.000101652
9.97341e-05
9.789e-05
9.61097e-05
9.44075e-05
9.27691e-05
9.11978e-05
8.96744e-05
8.82101e-05
8.68068e-05
8.54681e-05
8.41946e-05
8.36293e-05
8.38193e-05
8.3838e-05
8.36676e-05
8.32636e-05
8.27036e-05
8.20223e-05
8.1206e-05
8.02901e-05
7.93253e-05
7.8344e-05
7.78067e-05
7.81149e-05
7.85591e-05
8.44656e-05
8.68755e-05
8.55571e-05
8.37222e-05
8.18417e-05
8.0021e-05
7.82908e-05
7.66603e-05
7.51295e-05
7.36952e-05
7.23526e-05
7.10961e-05
6.99203e-05
6.88199e-05
6.77903e-05
6.6826e-05
6.59223e-05
6.50757e-05
6.42825e-05
6.35381e-05
6.28395e-05
6.21835e-05
6.15669e-05
6.09871e-05
6.04417e-05
5.9929e-05
5.9447e-05
5.89934e-05
5.8566e-05
5.81633e-05
5.7783e-05
5.74237e-05
5.70841e-05
5.67632e-05
5.64603e-05
5.61742e-05
5.59215e-05
5.56855e-05
5.5456e-05
5.52337e-05
5.50305e-05
5.48442e-05
5.46602e-05
5.44795e-05
5.43034e-05
5.41328e-05
5.39685e-05
5.38137e-05
5.36828e-05
5.35679e-05
5.34591e-05
5.33719e-05
5.32752e-05
5.31714e-05
5.30689e-05
5.29807e-05
5.28969e-05
5.28065e-05
5.27165e-05
5.26322e-05
5.25442e-05
5.24542e-05
5.23648e-05
5.22771e-05
5.21932e-05
5.21199e-05
5.20473e-05
5.19752e-05
5.19041e-05
5.18347e-05
5.17673e-05
5.17022e-05
5.16395e-05
5.15791e-05
5.15211e-05
5.14656e-05
5.14123e-05
5.13614e-05
5.13124e-05
5.12655e-05
5.12204e-05
5.11771e-05
5.11357e-05
5.10959e-05
5.10577e-05
5.10209e-05
5.09856e-05
5.09518e-05
5.09192e-05
5.08879e-05
5.08578e-05
5.08288e-05
5.08009e-05
5.07741e-05
5.07482e-05
5.07234e-05
5.06994e-05
5.06763e-05
5.0654e-05
5.06326e-05
5.06128e-05
5.05962e-05
5.05795e-05
5.05627e-05
5.05458e-05
5.0529e-05
5.05125e-05
5.04962e-05
5.04803e-05
5.04673e-05
5.04725e-05
5.04746e-05
5.04715e-05
5.04668e-05
5.04594e-05
5.04494e-05
5.04372e-05
5.0424e-05
5.04101e-05
5.03961e-05
5.03821e-05
5.03684e-05
5.0355e-05
5.0342e-05
5.03295e-05
5.03174e-05
5.03058e-05
5.02946e-05
5.02839e-05
5.02736e-05
5.02638e-05
5.02543e-05
5.02453e-05
5.02366e-05
5.02282e-05
5.02202e-05
5.02125e-05
5.02052e-05
5.01981e-05
5.01913e-05
5.01848e-05
5.01785e-05
5.01724e-05
5.01666e-05
5.0161e-05
5.01556e-05
5.01504e-05
5.01454e-05
5.01405e-05
5.01359e-05
5.01314e-05
5.01271e-05
5.01229e-05
5.01189e-05
5.0115e-05
5.01113e-05
5.01076e-05
5.01042e-05
5.01008e-05
5.00975e-05
5.00944e-05
5.00914e-05

