5e-05
5e-05
5e-05
5e-05
5e-05
5e-05
5e-05
5e-05
5e-05
5e-05
5e-05
6.76099e-05
7.97242e-05
9.06792e-05
0.000100977
0.000110464
0.000120145
0.000128367
0.000134922
0.00014003
0.000143932
0.00014683
0.000148894
0.000150261
0.000151046
0.000151342
0.000151229
0.000150773
0.000150029
0.000149044
0.000147859
0.000146507
0.000145017
0.000143414
0.00014172
0.000139953
0.000138128
0.00013626
0.000134361
0.00013244
0.000130506
0.000128568
0.000126632
0.000124703
0.000122787
0.000121165
0.000120071
0.00011893
0.000117648
0.000116245
0.000114965
0.000114124
0.000113736
0.000113387
0.000112759
0.000111866
0.000110763
0.000110966
0.000117398
0.000123187
0.000121265
0.000120361
0.000119864
0.000119406
0.000118806
0.00011799
0.000116944
0.000115684
0.000114241
0.000112647
0.000110937
0.00010914
0.000107285
0.000105394
0.000103487
0.000101581
9.9689e-05
9.78224e-05
9.59895e-05
9.41972e-05
9.24507e-05
9.07538e-05
8.91092e-05
8.75189e-05
8.59837e-05
8.45041e-05
8.30801e-05
8.17111e-05
8.03963e-05
7.91346e-05
7.79248e-05
7.67655e-05
7.56551e-05
7.45919e-05
7.35745e-05
7.2601e-05
7.16699e-05
7.07793e-05
6.99278e-05
6.91136e-05
6.83352e-05
6.7591e-05
6.68795e-05
6.61993e-05
6.55489e-05
6.49426e-05
6.4458e-05
6.40041e-05
6.35513e-05
6.30987e-05
6.26494e-05
6.22061e-05
6.1771e-05
6.13459e-05
6.0932e-05
6.05299e-05
6.01403e-05
5.97634e-05
5.93993e-05
5.90482e-05
5.87097e-05
5.83837e-05
5.807e-05
5.77682e-05
5.74781e-05
5.71992e-05
5.69311e-05
5.66736e-05
5.64262e-05
5.61885e-05
5.59602e-05
5.57409e-05
5.55302e-05
5.53278e-05
5.51334e-05
5.49691e-05
5.48345e-05
5.47009e-05
5.45663e-05
5.45109e-05
5.45176e-05
5.4506e-05
5.45052e-05
5.44927e-05
5.4454e-05
5.43921e-05
5.43118e-05
5.42176e-05
5.41131e-05
5.41408e-05
5.46528e-05
5.45371e-05
5.44205e-05
5.44062e-05
5.44586e-05
5.45202e-05
5.46123e-05
5.47416e-05
5.50376e-05
5.4777e-05
5.45441e-05
5.4334e-05
5.41414e-05
5.39634e-05
5.37979e-05
5.36429e-05
5.3497e-05
5.33588e-05
5.32273e-05
5.31016e-05
5.29811e-05
5.28651e-05
5.27533e-05
5.26453e-05
5.25409e-05
5.24399e-05
5.23422e-05
5.22477e-05
5.21564e-05
5.2068e-05
5.19827e-05
5.19004e-05
5.1821e-05
5.17445e-05
5.16709e-05
5.16001e-05
5.1532e-05
5.14666e-05
5.14039e-05
5.13437e-05
5.1286e-05
5.12308e-05
5.11779e-05
5.11272e-05
5.10834e-05
5.1045e-05
5.10075e-05
5.09705e-05
5.0934e-05
5.08982e-05
5.08633e-05
5.08293e-05
5.07963e-05
5.07644e-05
5.07335e-05
5.07038e-05
5.06752e-05
5.06477e-05
5.06212e-05
5.05958e-05
5.05715e-05
5.05482e-05
5.05258e-05
5.05044e-05
5.04839e-05
5.04643e-05
5.04455e-05
5.04275e-05
5.04104e-05
5.03939e-05
5.03782e-05
5.03631e-05
5.03487e-05
5.0335e-05
5.03218e-05
5.03092e-05
5.02971e-05
5.02855e-05
5.02745e-05
5.02639e-05
5.02537e-05
5.02444e-05
5.02371e-05
5.02301e-05
5.02231e-05
5.02161e-05
5.02091e-05
5.02036e-05
5.01986e-05
5.01933e-05
5.01879e-05
5.01822e-05
5.01784e-05
5.01763e-05
5.01736e-05
5.01704e-05
5.01666e-05
5.01624e-05
5.01579e-05
5.01533e-05

