5e-05
5e-05
5e-05
5e-05
5e-05
5e-05
5e-05
5e-05
5e-05
5e-05
5e-05
5e-05
5e-05
5e-05
5e-05
5e-05
5e-05
5e-05
5e-05
5e-05
5e-05
5e-05
5e-05
5e-05
5e-05
5e-05
5e-05
5e-05
5e-05
5e-05
5e-05
5e-05
5e-05
5e-05
5e-05
5e-05
5e-05
5e-05
5e-05
5e-05
5e-05
5e-05
5e-05
5e-05
5e-05
5e-05
5e-05
5e-05
5e-05
5e-05
5e-05
5e-05
5e-05
5e-05
5e-05
5e-05
5e-05
5e-05
5e-05
5e-05
5e-05
5e-05
5e-05
5e-05
5e-05
5e-05
5e-05
5e-05
5e-05
5e-05
5e-05
5e-05
5e-05
5e-05
5e-05
5e-05
5e-05
5e-05
5e-05
5e-05
5e-05
5e-05
5e-05
5e-05
5e-05
5e-05
5e-05
5e-05
5e-05
5e-05
5e-05
5e-05
5e-05
5e-05
5e-05
5e-05
5e-05
5e-05
5e-05
5e-05
5e-05
5e-05
5e-05
5e-05
5e-05
5e-05
5e-05
5e-05
5e-05
5e-05
5e-05
5e-05
5e-05
5e-05
5e-05
5e-05
5e-05
5e-05
5e-05
5e-05
5e-05
5e-05
5e-05
5e-05
5e-05
5e-05
5e-05
5e-05
5e-05
5e-05
5e-05
5e-05
5e-05
5e-05
5e-05
5e-05
5e-05
5e-05
5e-05
5e-05
5e-05
5e-05
5e-05
5e-05
5e-05
5e-05
5e-05
5e-05
5e-05
5e-05
5e-05
5e-05
5e-05
5e-05
5e-05
5e-05
5e-05
5e-05
5e-05
5e-05
5e-05
5e-05
5e-05
5e-05
5e-05
5.51025e-05
7.8049e-05
9.91823e-05
0.000121384
0.000144041
0.00016598
0.000186419
0.000205271
0.000222465
0.000237945
0.000251666
0.000263597
0.000273714
0.000282005
0.000288476
0.000293159
0.000296117
0.000297443
0.000297264
0.000295726
0.00029299
0.000289224
0.00028459
0.000279244
0.00027333
0.000266978
0.000260305
0.00025341
0.000246382
0.000239294
0.000237775
0.000249507
0.000240298
0.000233963
0.000229341
0.000225398
0.000221582
0.000217635
0.000213461
0.000209049
0.000204428
0.000199645
0.000194751
0.000189795
0.000184821
0.000179862
0.000174942
0.00017089
0.000174225
0.000172907
0.000167669
0.000163744
0.000160389
0.000157198
0.000153985
0.000150684
0.000147291
0.000143829
0.000140331
0.000136829
0.000133353
0.000129928
0.000126573
0.000123305
0.000120134
0.000117068
0.000114114
0.000111273
0.000108547
0.000105936
0.000103438
0.000101052
9.87701e-05
9.65888e-05
9.47618e-05
9.33783e-05
9.20436e-05
9.06887e-05
8.93145e-05
8.79311e-05
8.65482e-05
8.51747e-05
8.38179e-05
8.24841e-05
8.11782e-05

