5e-05
5e-05
5e-05
5e-05
5e-05
5e-05
5e-05
5e-05
5e-05
5e-05
5e-05
5e-05
5e-05
5e-05
5e-05
5e-05
5e-05
5e-05
5e-05
5e-05
5e-05
5e-05
5e-05
5e-05
5e-05
5e-05
5e-05
5e-05
5e-05
5e-05
5e-05
5e-05
5e-05
5e-05
5e-05
5e-05
5e-05
5e-05
5e-05
5e-05
5e-05
5e-05
5e-05
5e-05
5e-05
5e-05
5e-05
5e-05
5e-05
5e-05
5e-05
5e-05
5e-05
5e-05
5e-05
5e-05
5e-05
5e-05
5e-05
5e-05
5e-05
5e-05
5e-05
5e-05
5e-05
5e-05
5e-05
5e-05
5e-05
5e-05
5e-05
5e-05
5e-05
5e-05
5e-05
5e-05
5e-05
5e-05
5e-05
5e-05
5e-05
5e-05
5e-05
5e-05
5e-05
5e-05
5e-05
5e-05
5e-05
5e-05
5e-05
5e-05
5e-05
5e-05
5e-05
5e-05
5e-05
5e-05
5e-05
5e-05
5e-05
5e-05
5e-05
5e-05
5e-05
5e-05
5e-05
5e-05
5e-05
5e-05
5e-05
5e-05
5e-05
5e-05
5e-05
5e-05
5e-05
5e-05
5e-05
5e-05
5e-05
5e-05
5e-05
5e-05
5e-05
5e-05
5e-05
5e-05
5e-05
5e-05
5e-05
5e-05
5e-05
5e-05
5e-05
5e-05
5e-05
5e-05
5e-05
5e-05
5e-05
5.05677e-05
5.7655e-05
6.7385e-05
7.69483e-05
8.58148e-05
9.34345e-05
9.97704e-05
0.000108083
0.000120925
0.000131095
0.000138336
0.000143411
0.000146903
0.000149178
0.000150252
0.000150149
0.000149292
0.000148071
0.000147059
0.000146038
0.000144734
0.00014321
0.000141524
0.000139736
0.000137861
0.000135961
0.000134051
0.000132139
0.000130213
0.000128231
0.000126261
0.000124286
0.000122344
0.000120429
0.000118533
0.000116681
0.000114857
0.000113084
0.000111681
0.000110286
0.000108921
0.000107811
0.000106647
0.000105382
0.000104058
0.000102668
0.000101258
9.98425e-05
9.84087e-05
9.69871e-05
9.55292e-05
9.40934e-05
9.26853e-05
9.12965e-05
8.99523e-05
8.86408e-05
8.73536e-05
8.62248e-05
8.52306e-05
8.42406e-05
8.32536e-05
8.22588e-05
8.12665e-05
8.02834e-05
7.93268e-05
7.83847e-05
7.74521e-05
7.65462e-05
7.56747e-05
7.48361e-05
7.40193e-05
7.3232e-05
7.24715e-05
7.1729e-05
7.10102e-05
7.03168e-05
6.96429e-05
6.89909e-05
6.83656e-05
6.77611e-05
6.71777e-05
6.66127e-05
6.6067e-05
6.55382e-05
6.50307e-05
6.45437e-05
6.40758e-05
6.36255e-05
6.31827e-05
6.27516e-05
6.23347e-05
6.19317e-05
6.15424e-05
6.11689e-05
6.08102e-05
6.04672e-05
6.01914e-05
5.99228e-05
5.96671e-05
5.94497e-05
5.92224e-05
5.89843e-05
5.87288e-05
5.84713e-05
5.82124e-05
5.79718e-05
5.77601e-05
5.75476e-05
5.73279e-05

