5e-05
5e-05
5e-05
5e-05
5e-05
5e-05
5e-05
5e-05
5e-05
5e-05
5e-05
5e-05
5e-05
5e-05
5e-05
5e-05
5e-05
5e-05
5e-05
5e-05
5e-05
5e-05
5e-05
5e-05
5e-05
5e-05
5e-05
5e-05
5e-05
5e-05
5e-05
5e-05
5e-05
5e-05
5e-05
5e-05
5e-05
5e-05
5e-05
5e-05
5e-05
5e-05
5e-05
5e-05
5e-05
5e-05
5e-05
5e-05
5e-05
5.91416e-05
7.5693e-05
8.68121e-05
9.65339e-05
0.000105289
0.000112842
0.000119187
0.000124485
0.000128866
0.000132445
0.000135319
0.000137575
0.000139287
0.000140522
0.000141338
0.000141785
0.000141909
0.000141751
0.000141563
0.000142238
0.000142748
0.000143218
0.000154057
0.000181218
0.000178623
0.000177656
0.00017779
0.000178053
0.000177971
0.000177366
0.000176218
0.000174572
0.000172505
0.000170093
0.000167402
0.00016449
0.000161412
0.000158217
0.000154944
0.000151629
0.0001483
0.000144981
0.000141692
0.000138448
0.000135262
0.000132144
0.000129102
0.000126141
0.000123265
0.000120477
0.000117779
0.000115171
0.000112654
0.000110227
0.000107888
0.000105636
0.00010347
0.000101387
9.93851e-05
9.74619e-05
9.5615e-05
9.38418e-05
9.21399e-05
9.05067e-05
8.89397e-05
8.74364e-05
8.59943e-05
8.4611e-05
8.32843e-05
8.20118e-05
8.07913e-05
7.96206e-05
7.84978e-05
7.74207e-05
7.63874e-05
7.53962e-05
7.44451e-05
7.35326e-05
7.26569e-05
7.18165e-05
7.10098e-05
7.02354e-05
6.9492e-05
6.87781e-05
6.80926e-05
6.74342e-05
6.68018e-05
6.61941e-05
6.56258e-05
6.5249e-05
6.5154e-05
6.50523e-05
6.48752e-05
6.46301e-05
6.4333e-05
6.39976e-05
6.37276e-05
6.36931e-05
6.37202e-05
6.36729e-05
6.35437e-05
6.33468e-05
6.30966e-05
6.29169e-05
6.37798e-05
6.43822e-05
6.39521e-05
6.37357e-05
6.3613e-05
6.35159e-05
6.35032e-05
6.34996e-05
6.34562e-05
6.33624e-05
6.32174e-05
6.30236e-05
6.27856e-05
6.25089e-05
6.21997e-05
6.1864e-05
6.15078e-05
6.11365e-05
6.07551e-05
6.03678e-05
5.99785e-05
5.95902e-05
5.92058e-05
5.88273e-05
5.84566e-05
5.8095e-05
5.77436e-05
5.74032e-05
5.70744e-05
5.67575e-05
5.64527e-05
5.61601e-05
5.58796e-05
5.56111e-05
5.53543e-05
5.51091e-05
5.48749e-05
5.46516e-05
5.44388e-05
5.4236e-05
5.40429e-05
5.3859e-05
5.3684e-05
5.35175e-05
5.33591e-05
5.32084e-05
5.30651e-05
5.29381e-05
5.28291e-05
5.27242e-05
5.26211e-05
5.25199e-05
5.24212e-05
5.23252e-05
5.22321e-05
5.21421e-05
5.20552e-05
5.19716e-05
5.18912e-05
5.1814e-05
5.17399e-05
5.16689e-05
5.16057e-05
5.15531e-05
5.1502e-05
5.14511e-05
5.14004e-05
5.13504e-05
5.13012e-05
5.12531e-05
5.12062e-05
5.11607e-05
5.11166e-05
5.1074e-05
5.10329e-05
5.09932e-05
5.0955e-05
5.09186e-05
5.08896e-05
5.0863e-05
5.08364e-05
5.08096e-05
5.07833e-05
5.07627e-05
5.07432e-05
5.07228e-05
5.07017e-05
5.06801e-05
5.06583e-05
5.06365e-05
5.06148e-05
5.05935e-05
5.05726e-05
5.05521e-05
5.05322e-05
5.05129e-05
5.04941e-05

