5e-05
5e-05
5e-05
5e-05
5e-05
5e-05
5e-05
5e-05
5e-05
5e-05
5e-05
5e-05
5e-05
5e-05
5e-05
5e-05
5e-05
5e-05
5e-05
5e-05
5e-05
5e-05
5e-05
5e-05
5e-05
5e-05
5e-05
5e-05
5e-05
5e-05
5e-05
5e-05
5e-05
5e-05
5e-05
5e-05
5e-05
5e-05
5e-05
5e-05
5e-05
5e-05
5e-05
5e-05
5e-05
5e-05
5e-05
5e-05
5e-05
5e-05
5e-05
5e-05
5e-05
5e-05
5e-05
5e-05
5e-05
5e-05
5e-05
5e-05
5e-05
5e-05
5e-05
5e-05
5e-05
5e-05
5e-05
6.14999e-05
7.67325e-05
8.73375e-05
9.73271e-05
0.000125352
0.00018191
0.000185057
0.000190493
0.000197332
0.000203891
0.000209369
0.000213491
0.000216246
0.000217753
0.000218172
0.000217667
0.000216374
0.000214425
0.000211934
0.000209006
0.00020573
0.000202185
0.000198436
0.000194539
0.000190542
0.000186485
0.0001824
0.000178315
0.000174254
0.000170234
0.00016627
0.000162375
0.000158559
0.000154829
0.00015119
0.000147647
0.000144203
0.00014086
0.000137617
0.000134477
0.000131437
0.000128498
0.000125659
0.000122916
0.000120269
0.000117715
0.000115252
0.000112878
0.00011059
0.000108386
0.000106263
0.000104218
0.00010225
0.000100354
9.853e-05
9.67739e-05
9.50837e-05
9.34571e-05
9.18917e-05
9.03853e-05
8.89356e-05
8.75406e-05
8.61981e-05
8.49061e-05
8.36627e-05
8.24661e-05
8.13143e-05
8.02058e-05
7.91387e-05
7.81115e-05
7.71501e-05
7.65248e-05
7.63957e-05
7.62519e-05
7.59714e-05
7.55679e-05
7.50696e-05
7.45015e-05
7.40472e-05
7.40086e-05
7.40773e-05
7.40126e-05
7.38013e-05
7.34685e-05
7.30401e-05
7.27354e-05
7.42783e-05
7.53582e-05
7.46065e-05
7.4233e-05
7.40248e-05
7.38613e-05
7.38467e-05
7.38477e-05
7.37775e-05
7.36175e-05
7.33662e-05
7.30279e-05
7.26108e-05
7.21247e-05
7.15806e-05
7.09893e-05
7.03613e-05
6.97063e-05
6.9033e-05
6.83492e-05
6.76615e-05
6.69755e-05
6.6296e-05
6.5627e-05
6.49715e-05
6.43321e-05
6.37107e-05
6.31087e-05
6.2527e-05
6.19664e-05
6.14272e-05
6.09094e-05
6.04131e-05
5.99379e-05
5.94835e-05
5.90494e-05
5.8635e-05
5.82397e-05
5.7863e-05
5.75039e-05
5.7162e-05
5.68365e-05
5.65267e-05
5.62319e-05
5.59514e-05
5.56846e-05
5.54308e-05
5.52059e-05
5.50129e-05
5.48271e-05
5.46445e-05
5.44655e-05
5.42906e-05
5.41205e-05
5.39556e-05
5.37961e-05
5.36423e-05
5.34942e-05
5.33518e-05
5.3215e-05
5.30837e-05
5.29579e-05
5.2846e-05
5.27528e-05
5.26623e-05
5.2572e-05
5.24823e-05
5.23936e-05
5.23064e-05
5.22212e-05
5.21382e-05
5.20575e-05
5.19794e-05
5.19038e-05
5.18309e-05
5.17606e-05
5.16929e-05
5.16284e-05
5.1577e-05
5.15299e-05
5.14828e-05
5.14352e-05
5.13886e-05
5.13521e-05
5.13175e-05
5.12814e-05
5.1244e-05
5.12057e-05
5.1167e-05
5.11284e-05
5.109e-05
5.10522e-05
5.10151e-05
5.09789e-05
5.09436e-05
5.09093e-05
5.0876e-05

