5e-05
5e-05
5e-05
5e-05
5e-05
5e-05
5e-05
5e-05
5e-05
5e-05
5e-05
5e-05
5e-05
5e-05
5e-05
5e-05
5e-05
5e-05
5e-05
5e-05
5e-05
5e-05
5e-05
5e-05
5e-05
5e-05
5e-05
5e-05
5e-05
5e-05
5e-05
5e-05
5e-05
5e-05
5e-05
5e-05
5e-05
5e-05
5e-05
5e-05
5e-05
5e-05
5e-05
5e-05
5e-05
5e-05
5e-05
5e-05
5e-05
5e-05
5e-05
5e-05
5e-05
5e-05
5e-05
5e-05
5e-05
5e-05
5e-05
5e-05
5e-05
5e-05
5e-05
5e-05
5e-05
5e-05
5e-05
5e-05
5e-05
5e-05
5e-05
5e-05
5e-05
5e-05
5e-05
5e-05
5e-05
5e-05
5e-05
5e-05
5e-05
5e-05
5e-05
5e-05
5e-05
5e-05
5e-05
5e-05
5e-05
5e-05
5e-05
5e-05
5e-05
5e-05
5e-05
5e-05
5e-05
5e-05
5e-05
5e-05
5e-05
5e-05
5e-05
5e-05
5e-05
5e-05
5e-05
5e-05
5e-05
5e-05
5e-05
5e-05
5e-05
5e-05
5e-05
5e-05
5e-05
5e-05
5e-05
5e-05
5e-05
5e-05
5e-05
5e-05
5e-05
5e-05
5e-05
5e-05
5e-05
5e-05
5e-05
5e-05
5e-05
5e-05
5e-05
5e-05
5e-05
5e-05
5e-05
5e-05
5e-05
5e-05
5.04798e-05
6.05463e-05
7.47512e-05
8.80805e-05
9.90426e-05
0.000107544
0.000113761
0.000118482
0.000121953
0.000124481
0.000126403
0.000132406
0.000140751
0.000146841
0.000150719
0.000152702
0.000153272
0.00015329
0.000153064
0.000152274
0.000151026
0.000153391
0.000157677
0.000159802
0.000160596
0.000160303
0.000158911
0.000156874
0.000154284
0.000151353
0.000148226
0.000145039
0.000141768
0.000138541
0.000135401
0.000132361
0.000129548
0.000129743
0.000129734
0.000128832
0.000127423
0.00012566
0.000123687
0.000121524
0.000119188
0.00011682
0.000114458
0.000112073
0.000109722
0.000107443
0.000105217
0.000103049
0.000100916
9.88584e-05
9.68991e-05
9.5042e-05
9.32512e-05
9.15442e-05
8.99276e-05
8.84999e-05
8.84915e-05
8.84808e-05
8.82299e-05
8.76715e-05
8.68326e-05
8.58172e-05
8.47116e-05
8.35497e-05
8.23683e-05
8.11956e-05
8.0042e-05
7.89118e-05
7.77962e-05
7.66944e-05
7.56158e-05
7.45798e-05
7.35924e-05
7.26483e-05
7.17524e-05
7.08997e-05
7.00838e-05
6.92981e-05
6.8548e-05
6.7832e-05
6.71499e-05
6.65038e-05
6.58867e-05
6.52937e-05
6.47309e-05
6.41958e-05
6.36804e-05
6.31851e-05
6.27134e-05
6.22639e-05
6.18456e-05
6.14884e-05
6.11359e-05
6.07819e-05
6.04282e-05
6.00806e-05
5.97419e-05
5.9415e-05
5.90996e-05
5.87951e-05
5.84962e-05
5.82016e-05
5.79138e-05
5.76332e-05

