5e-05
5e-05
5e-05
5e-05
5e-05
5e-05
5e-05
5e-05
5e-05
5e-05
5e-05
5e-05
5.51184e-05
6.79697e-05
8.09277e-05
9.29296e-05
0.000103467
0.000111911
0.000118662
0.000123596
0.000126848
0.000128919
0.000130386
0.000131126
0.000131478
0.000131622
0.000131598
0.000131425
0.00013106
0.000130471
0.000129711
0.000128832
0.000127879
0.00012686
0.000125732
0.000125671
0.0001295
0.000132694
0.00013496
0.000136164
0.000136503
0.000136258
0.000135471
0.000134194
0.000132615
0.000130814
0.000128852
0.0001267
0.00012444
0.000122108
0.000119634
0.0001172
0.00011481
0.000112496
0.000110273
0.000108145
0.000106105
0.000104139
0.000102251
0.000100429
9.86434e-05
9.69163e-05
9.5271e-05
9.39131e-05
9.26524e-05
9.14215e-05
9.02168e-05
8.90318e-05
8.78459e-05
8.66576e-05
8.54954e-05
8.43483e-05
8.32247e-05
8.21297e-05
8.10593e-05
8.00263e-05
7.90052e-05
7.80157e-05
7.70686e-05
7.61543e-05
7.52798e-05
7.44375e-05
7.36073e-05
7.28044e-05
7.20346e-05
7.12864e-05
7.0572e-05
6.98867e-05
6.92241e-05
6.85878e-05
6.79796e-05
6.73976e-05
6.68396e-05
6.62956e-05
6.57659e-05
6.53076e-05
6.49106e-05
6.45164e-05
6.41235e-05
6.37322e-05
6.33781e-05
6.31273e-05
6.29004e-05
6.26471e-05
6.23701e-05
6.21303e-05
6.18871e-05
6.16046e-05
6.12988e-05
6.0982e-05
6.06588e-05
6.03327e-05
6.00067e-05
5.9677e-05
5.93464e-05
5.90196e-05
5.8702e-05
5.83896e-05
5.80868e-05
5.77962e-05
5.75164e-05
5.7244e-05
5.6989e-05
5.67755e-05
5.65618e-05
5.63744e-05
5.61995e-05
5.60149e-05
5.58455e-05
5.5696e-05
5.5544e-05
5.53861e-05
5.52186e-05
5.50567e-05
5.49189e-05
5.47776e-05
5.46315e-05
5.44864e-05
5.4343e-05
5.42169e-05
5.40994e-05
5.39805e-05
5.38612e-05
5.37401e-05
5.36192e-05
5.35115e-05
5.34017e-05
5.329e-05
5.31741e-05
5.30575e-05
5.29444e-05
5.28385e-05
5.27457e-05
5.26552e-05
5.25664e-05
5.24771e-05
5.23901e-05
5.23056e-05
5.22238e-05
5.21454e-05
5.20695e-05
5.19952e-05
5.19238e-05
5.18545e-05
5.17878e-05
5.1724e-05
5.16631e-05
5.16052e-05
5.15499e-05
5.14972e-05
5.14462e-05
5.13973e-05
5.13505e-05
5.13056e-05
5.12625e-05
5.12202e-05
5.11793e-05
5.114e-05
5.11023e-05
5.10661e-05
5.10311e-05
5.09963e-05
5.09621e-05
5.09289e-05
5.0897e-05
5.08665e-05
5.08374e-05
5.08107e-05
5.07889e-05
5.07675e-05
5.07455e-05
5.0723e-05
5.07005e-05
5.06784e-05
5.06564e-05
5.06347e-05
5.06139e-05
5.05941e-05
5.05775e-05
5.05611e-05
5.29197e-05
6.05524e-05
6.92589e-05
7.74938e-05
8.50718e-05
9.16412e-05
9.72596e-05
0.000102103
0.000106125
0.000109399
0.000112108
0.000114343
0.000116172
0.000117589
0.000118683
0.000119505
0.000120097
0.000120446
0.000120545
0.000120472
0.000120198
0.000119807
0.000119409
0.000123157
0.000127023
0.000129748
0.000131619
0.000132722
0.000132948
0.000132451
0.000131516
0.000130244
0.000128716
0.000126996
0.000125044
0.000122984
0.000121107
0.000119399
0.000117611
0.000115726
0.000113803
0.000111823
0.000109825
0.000107856
0.000105948
0.000104105
0.000102512
0.000101098
9.96621e-05
9.81872e-05

