5e-05
5e-05
5e-05
5e-05
5e-05
5e-05
5e-05
5e-05
5e-05
5e-05
5.52571e-05
7.3277e-05
8.35871e-05
9.23504e-05
0.000102001
0.00011089
0.000118237
0.000124194
0.000128973
0.000132759
0.000135707
0.000137943
0.000139574
0.000140689
0.000141363
0.000141659
0.000141631
0.000141326
0.000140782
0.000140035
0.000139115
0.000138046
0.000136852
0.000135552
0.000134163
0.000132701
0.000131179
0.000129609
0.000128001
0.000126364
0.000124706
0.000123035
0.000121357
0.000119677
0.000118
0.00011633
0.000114671
0.000113027
0.0001114
0.000109792
0.000108207
0.000106644
0.000105107
0.000103597
0.000102114
0.000100659
9.92329e-05
9.90687e-05
0.000104251
0.000115597
0.000113713
0.000112307
0.000111312
0.000110404
0.000109422
0.000108309
0.000107054
0.000105673
0.000104191
0.000102634
0.000101025
9.93875e-05
9.77379e-05
9.60914e-05
9.44595e-05
9.28515e-05
9.27072e-05
9.61178e-05
9.75105e-05
9.58294e-05
9.46051e-05
9.35463e-05
9.25011e-05
9.14076e-05
9.02504e-05
8.90361e-05
8.77797e-05
8.64979e-05
8.52063e-05
8.39182e-05
8.26443e-05
8.13931e-05
8.01709e-05
7.89823e-05
7.78307e-05
7.67179e-05
7.56439e-05
7.46081e-05
7.36098e-05
7.26483e-05
7.17228e-05
7.08327e-05
6.9977e-05
6.91549e-05
6.83655e-05
6.7608e-05
6.68813e-05
6.61846e-05
6.55168e-05
6.48769e-05
6.4264e-05
6.36771e-05
6.31153e-05
6.25774e-05
6.20627e-05
6.15702e-05
6.1099e-05
6.06481e-05
6.02168e-05
5.98043e-05
5.94096e-05
5.9032e-05
5.86708e-05
5.83253e-05
5.79947e-05
5.76784e-05
5.73758e-05
5.70861e-05
5.68089e-05
5.65436e-05
5.62895e-05
5.60463e-05
5.58135e-05
5.55904e-05
5.53768e-05
5.51721e-05
5.51735e-05
5.56188e-05
5.61787e-05
5.5957e-05
5.57998e-05
5.56692e-05
5.55432e-05
5.54123e-05
5.52733e-05
5.51268e-05
5.49747e-05
5.5034e-05
5.5531e-05
5.52979e-05
5.51288e-05
5.49985e-05
5.48783e-05
5.47548e-05
5.46236e-05
5.44844e-05
5.43386e-05
5.41886e-05
5.40364e-05
5.38839e-05
5.37325e-05
5.35837e-05
5.34381e-05
5.32966e-05
5.31595e-05
5.30272e-05
5.28999e-05
5.27777e-05
5.26605e-05
5.25483e-05
5.2441e-05
5.23386e-05
5.22407e-05
5.21472e-05
5.20578e-05
5.19722e-05
5.18903e-05
5.18119e-05
5.17369e-05
5.1665e-05
5.15961e-05
5.15301e-05
5.1467e-05
5.14065e-05
5.13486e-05
5.12932e-05
5.12401e-05
5.11894e-05
5.11407e-05
5.10942e-05
5.10497e-05
5.10071e-05
5.09663e-05
5.09273e-05
5.089e-05
5.08543e-05
5.08201e-05
5.07874e-05
5.07561e-05
5.07261e-05
5.06975e-05
5.067e-05
5.06438e-05
5.06186e-05
5.05946e-05
5.05715e-05
5.05495e-05
5.05283e-05
5.05081e-05
5.04887e-05
5.04701e-05
5.04523e-05
5.04352e-05
5.04188e-05
5.04032e-05
5.03881e-05
5.03737e-05
5.03598e-05
5.03465e-05
5.03338e-05
5.03216e-05
5.03098e-05
5.02986e-05
5.02877e-05
5.02773e-05
5.02673e-05
5.02577e-05
5.02485e-05
5.02397e-05
5.02311e-05
5.02229e-05
5.02151e-05
5.02075e-05
5.02002e-05
5.01932e-05
5.01864e-05
5.018e-05
5.01737e-05
5.01677e-05
5.01619e-05
5.01563e-05
5.01509e-05
5.01458e-05
5.01408e-05
5.0136e-05
5.01313e-05
5.01269e-05
5.01226e-05
5.01184e-05
5.01144e-05

