5e-05
5e-05
5e-05
5e-05
5e-05
5e-05
5e-05
5e-05
5e-05
5e-05
5e-05
5e-05
5e-05
5e-05
5e-05
5e-05
5e-05
5e-05
5e-05
5e-05
5e-05
5e-05
5e-05
5e-05
5e-05
5e-05
5e-05
5e-05
5e-05
5e-05
5e-05
5e-05
5e-05
5e-05
5e-05
5e-05
5e-05
5e-05
5e-05
5e-05
5e-05
5e-05
5e-05
5e-05
5e-05
5e-05
5e-05
5e-05
5e-05
5e-05
5e-05
5e-05
5e-05
5e-05
5e-05
5e-05
5e-05
5e-05
5e-05
5e-05
5e-05
5e-05
5e-05
5e-05
5e-05
5e-05
5e-05
5e-05
5e-05
5e-05
5e-05
5e-05
5e-05
5e-05
5e-05
5e-05
5e-05
5e-05
5e-05
5e-05
5e-05
5e-05
5e-05
5e-05
5e-05
5e-05
5e-05
5e-05
5e-05
5e-05
5e-05
5e-05
5e-05
5e-05
5e-05
5e-05
5e-05
5e-05
5e-05
5e-05
5e-05
5e-05
5e-05
5e-05
5e-05
5e-05
5e-05
5e-05
5e-05
5e-05
5e-05
5e-05
5e-05
5e-05
5e-05
5e-05
5e-05
5e-05
5e-05
5e-05
5e-05
5.02852e-05
5.5754e-05
6.40017e-05
7.25773e-05
8.06215e-05
8.78297e-05
9.39992e-05
9.93297e-05
0.000103927
0.000107867
0.000111248
0.000114962
0.000118152
0.000120656
0.000122594
0.000123991
0.000124988
0.000125576
0.000125794
0.000126214
0.000126712
0.000126887
0.000126677
0.00012618
0.000125476
0.000124937
0.000124397
0.00012359
0.000122576
0.000121346
0.000119978
0.00011852
0.000117027
0.000115502
0.00011398
0.000112416
0.000110766
0.000109117
0.000109925
0.000111342
0.000112289
0.000112691
0.000112544
0.000111834
0.000110701
0.000109377
0.000107928
0.000106393
0.000104799
0.000103173
0.000101506
9.9836e-05
9.81876e-05
9.6547e-05
9.49273e-05
9.33319e-05
9.17769e-05
9.02688e-05
8.88216e-05
8.74773e-05
8.63535e-05
8.52603e-05
8.41818e-05
8.3119e-05
8.20738e-05
8.1048e-05
8.00761e-05
7.92288e-05
7.83633e-05
7.74919e-05
7.66172e-05
7.57578e-05
7.49168e-05
7.40949e-05
7.32821e-05
7.24916e-05
7.17258e-05
7.09755e-05
7.02494e-05
6.95978e-05
6.9021e-05
6.84519e-05
6.78861e-05
6.73156e-05
6.67466e-05
6.62486e-05
6.57818e-05
6.53172e-05
6.4856e-05
6.43954e-05
6.39221e-05
6.34546e-05
6.30007e-05
6.25609e-05
6.21366e-05
6.17785e-05
6.14289e-05
6.1083e-05
6.07416e-05
6.04055e-05
6.00701e-05
5.97397e-05
5.94131e-05
5.90955e-05
5.87839e-05
5.84825e-05
5.81919e-05
5.79093e-05
5.76356e-05
5.73725e-05
5.71197e-05
5.68754e-05
5.66384e-05
5.64107e-05
5.61921e-05
5.59821e-05
5.57803e-05
5.56011e-05
5.54395e-05
5.52768e-05
5.51158e-05
5.49555e-05
5.47989e-05
5.46464e-05
5.44978e-05
5.43534e-05
5.42114e-05
5.40714e-05
5.39356e-05

