5e-05
5e-05
5e-05
5e-05
5e-05
5e-05
5e-05
5e-05
5e-05
5e-05
5e-05
5e-05
5e-05
5e-05
6.72639e-05
8.71753e-05
0.000104609
0.000120989
0.000137235
0.000150776
0.000161527
0.000169876
0.000176202
0.000180834
0.000184049
0.000186082
0.000187132
0.000187365
0.000186921
0.00018592
0.000184462
0.000182631
0.000180499
0.000178126
0.000175563
0.000172853
0.000170033
0.000167134
0.00016418
0.000161195
0.000158197
0.0001552
0.000152218
0.000149262
0.00014634
0.000143459
0.000140627
0.000137846
0.000135122
0.000132457
0.000129925
0.000128074
0.000126348
0.000124537
0.000122639
0.00012068
0.000118685
0.000118195
0.000124236
0.000132623
0.000130007
0.0001285
0.00012748
0.000126552
0.000125518
0.000124299
0.000122877
0.000121268
0.0001195
0.000117606
0.000115619
0.000113567
0.000111478
0.000109371
0.000107266
0.000105177
0.000103116
0.000101093
9.91154e-05
9.71884e-05
9.55924e-05
9.70087e-05
0.000100707
9.85679e-05
9.70536e-05
9.58425e-05
9.57482e-05
9.90398e-05
9.68958e-05
9.55089e-05
9.47864e-05
9.42267e-05
9.35901e-05
9.28107e-05
9.18818e-05
9.08206e-05
8.96531e-05
8.84068e-05
8.71075e-05
8.57774e-05
8.44348e-05
8.30947e-05
8.1769e-05
8.04666e-05
7.91947e-05
7.79582e-05
7.67608e-05
7.5605e-05
7.44921e-05
7.3423e-05
7.23977e-05
7.14159e-05
7.0477e-05
6.95799e-05
6.87236e-05
6.79067e-05
6.71278e-05
6.63851e-05
6.56762e-05
6.49991e-05
6.4352e-05
6.37332e-05
6.31414e-05
6.25754e-05
6.20339e-05
6.15159e-05
6.10205e-05
6.05467e-05
6.00936e-05
5.96604e-05
5.92463e-05
5.88505e-05
5.84722e-05
5.81148e-05
5.78197e-05
5.75468e-05
5.72783e-05
5.70127e-05
5.67512e-05
5.65199e-05
5.6362e-05
5.6221e-05
5.60688e-05
5.59046e-05
5.57314e-05
5.55524e-05
5.537e-05
5.51864e-05
5.50031e-05
5.48216e-05
5.46429e-05
5.44677e-05
5.42967e-05
5.41303e-05
5.39688e-05
5.38124e-05
5.36613e-05
5.35155e-05
5.33751e-05
5.32399e-05
5.31099e-05
5.2985e-05
5.28651e-05
5.27501e-05
5.26398e-05
5.25341e-05
5.24327e-05
5.23356e-05
5.23362e-05
5.25285e-05
5.26618e-05
5.25684e-05
5.25022e-05
5.24469e-05
5.23937e-05
5.23386e-05
5.22802e-05
5.22185e-05
5.21542e-05
5.20877e-05
5.20199e-05
5.19513e-05
5.18824e-05
5.18139e-05
5.17462e-05
5.16795e-05
5.16142e-05
5.15504e-05
5.14884e-05
5.14282e-05
5.137e-05
5.13138e-05
5.12595e-05
5.12073e-05
5.11571e-05
5.11089e-05
5.10626e-05
5.10183e-05
5.09758e-05
5.0935e-05
5.0896e-05
5.08587e-05
5.08231e-05
5.07889e-05
5.07563e-05
5.07251e-05
5.06953e-05
5.06668e-05
5.06396e-05
5.06135e-05
5.05887e-05
5.05649e-05
5.05421e-05
5.05204e-05
5.04996e-05
5.04798e-05
5.04608e-05
5.04426e-05
5.04253e-05
5.04086e-05
5.03927e-05
5.03775e-05
5.03629e-05
5.0349e-05
5.03357e-05
5.03229e-05
5.03106e-05
5.02989e-05
5.02876e-05
5.02769e-05
5.02665e-05
5.02566e-05
5.02471e-05
5.0238e-05
5.02293e-05
5.02209e-05
5.02128e-05
5.02051e-05
5.01977e-05
5.01906e-05
5.01837e-05
5.01783e-05
5.01736e-05
5.01689e-05
5.01641e-05
5.01592e-05
5.0155e-05
5.01516e-05
5.01481e-05
5.01443e-05

