5e-05
5e-05
5e-05
5e-05
5e-05
5e-05
5e-05
5e-05
5e-05
5e-05
5e-05
5e-05
5.58643e-05
6.90078e-05
8.1989e-05
9.3942e-05
0.000104382
0.000112725
0.000119385
0.000124239
0.000127419
0.000129426
0.000130835
0.000131524
0.000131829
0.00013193
0.000131866
0.000131658
0.000131261
0.000130642
0.000129855
0.000128952
0.000127978
0.000126938
0.000125792
0.000125713
0.000129515
0.000132685
0.00013493
0.000136117
0.000136442
0.000136186
0.00013539
0.000134106
0.000132522
0.000130717
0.000128752
0.000126597
0.000124337
0.000122004
0.000119531
0.000117097
0.000114708
0.000112395
0.000110174
0.000108047
0.000106009
0.000104045
0.000102158
0.000100337
9.85539e-05
9.68287e-05
9.51853e-05
9.38288e-05
9.25693e-05
9.13397e-05
9.01364e-05
8.89529e-05
8.77685e-05
8.65819e-05
8.54215e-05
8.4276e-05
8.31543e-05
8.20611e-05
8.09925e-05
7.99613e-05
7.8942e-05
7.79543e-05
7.70089e-05
7.60963e-05
7.52235e-05
7.43827e-05
7.35542e-05
7.27529e-05
7.19846e-05
7.12379e-05
7.05249e-05
6.9841e-05
6.91798e-05
6.85448e-05
6.79379e-05
6.73571e-05
6.68003e-05
6.62574e-05
6.57289e-05
6.52716e-05
6.48754e-05
6.44821e-05
6.409e-05
6.36995e-05
6.33462e-05
6.3096e-05
6.28695e-05
6.26168e-05
6.23404e-05
6.21011e-05
6.18584e-05
6.15766e-05
6.12715e-05
6.09554e-05
6.06329e-05
6.03076e-05
5.99824e-05
5.96535e-05
5.93237e-05
5.89976e-05
5.86808e-05
5.83692e-05
5.8067e-05
5.77772e-05
5.74981e-05
5.72263e-05
5.69719e-05
5.67589e-05
5.65457e-05
5.63587e-05
5.61843e-05
5.60002e-05
5.58311e-05
5.5682e-05
5.55304e-05
5.53729e-05
5.52058e-05
5.50443e-05
5.49068e-05
5.47659e-05
5.46201e-05
5.44753e-05
5.43323e-05
5.42065e-05
5.40893e-05
5.39707e-05
5.38517e-05
5.37309e-05
5.36103e-05
5.35029e-05
5.33933e-05
5.32818e-05
5.31663e-05
5.30499e-05
5.29371e-05
5.28315e-05
5.2739e-05
5.26486e-05
5.256e-05
5.24709e-05
5.23842e-05
5.22999e-05
5.22183e-05
5.21401e-05
5.20644e-05
5.19903e-05
5.19191e-05
5.18499e-05
5.17834e-05
5.17197e-05
5.1659e-05
5.16012e-05
5.15461e-05
5.14935e-05
5.14427e-05
5.13939e-05
5.13472e-05
5.13024e-05
5.12594e-05
5.12172e-05
5.11764e-05
5.11372e-05
5.10996e-05
5.10635e-05
5.10285e-05
5.09939e-05
5.09597e-05
5.09266e-05
5.08948e-05
5.08644e-05
5.08353e-05
5.08087e-05
5.07869e-05
5.07656e-05
5.07436e-05
5.07212e-05
5.06988e-05
5.06767e-05
5.06547e-05
5.06332e-05
5.06123e-05
5.05927e-05
5.0576e-05
5.05597e-05
5.05449e-05
5.05316e-05
5.05176e-05
5.05026e-05
5.04876e-05
5.04725e-05
5.04576e-05
5.0443e-05
5.04284e-05
5.04138e-05
5.03996e-05
5.03859e-05
5.03726e-05
5.03598e-05
5.03473e-05
5.03354e-05
5.0324e-05
5.0313e-05
5.03023e-05
5.0292e-05
5.02821e-05
5.02725e-05
5.02636e-05
5.02653e-05
5.02679e-05
5.02683e-05
5.02671e-05
5.02644e-05
5.02601e-05
5.02543e-05
5.02479e-05
5.02409e-05
5.02336e-05
5.02262e-05
5.02184e-05
5.02106e-05
5.02035e-05
5.01969e-05
5.01904e-05
5.01838e-05
5.01772e-05
5.01707e-05
5.01642e-05
5.0158e-05
5.0152e-05
5.01463e-05
5.01413e-05
5.01367e-05
5.01323e-05
5.01278e-05

