5e-05
5e-05
5e-05
5e-05
5e-05
5e-05
5e-05
5e-05
5e-05
5e-05
5e-05
5e-05
5e-05
5e-05
5e-05
5e-05
5e-05
5e-05
5e-05
5e-05
5e-05
5e-05
5e-05
5e-05
5e-05
5e-05
5e-05
5e-05
5e-05
5e-05
5e-05
5e-05
5e-05
5e-05
5e-05
5e-05
5e-05
5e-05
5e-05
5e-05
5e-05
5e-05
5e-05
5e-05
5e-05
5e-05
5e-05
5e-05
5e-05
5e-05
5e-05
5e-05
5e-05
5e-05
5e-05
5e-05
5e-05
5e-05
5e-05
5e-05
5e-05
5e-05
5e-05
5e-05
5e-05
5e-05
5e-05
5e-05
5e-05
5e-05
5e-05
5e-05
5e-05
5e-05
5e-05
5e-05
5e-05
5e-05
5e-05
5e-05
5e-05
5e-05
5e-05
5e-05
5e-05
5e-05
5e-05
5e-05
5e-05
5e-05
5e-05
5e-05
5e-05
5e-05
5e-05
5e-05
5e-05
5e-05
5e-05
5e-05
5e-05
5e-05
5e-05
5e-05
5e-05
5e-05
5e-05
5.01065e-05
5.52038e-05
6.35809e-05
7.22261e-05
8.03973e-05
8.76497e-05
9.37895e-05
9.91127e-05
0.00010375
0.000107769
0.000112508
0.000123697
0.000134457
0.000144101
0.000153666
0.000199224
0.000230616
0.000233161
0.000227784
0.000220577
0.000212945
0.000205392
0.0001981
0.000191148
0.000184566
0.00017836
0.000172507
0.000166983
0.000161759
0.000156844
0.000152372
0.000148527
0.000144847
0.000141274
0.000137851
0.000134574
0.000131435
0.000128397
0.000125621
0.000123196
0.000120884
0.000118869
0.000117126
0.000115248
0.000113254
0.000111219
0.000109176
0.000107137
0.000105129
0.000103253
0.000101572
9.98782e-05
9.82073e-05
9.65774e-05
9.49797e-05
9.34072e-05
9.18699e-05
9.03596e-05
8.89014e-05
8.75024e-05
8.61605e-05
8.48606e-05
8.36117e-05
8.241e-05
8.12289e-05
8.00857e-05
7.89953e-05
7.7953e-05
7.69509e-05
7.62827e-05
7.64908e-05
7.65709e-05
7.64599e-05
7.61855e-05
7.57952e-05
7.53073e-05
7.47124e-05
7.3994e-05
7.32294e-05
7.24552e-05
7.16821e-05
7.0917e-05
7.01649e-05
6.94267e-05
6.86906e-05
6.79712e-05
6.72771e-05
6.66048e-05
6.59536e-05
6.53291e-05
6.47292e-05
6.41529e-05
6.36045e-05
6.30786e-05
6.25739e-05
6.20912e-05
6.1633e-05
6.11979e-05
6.07842e-05
6.03905e-05
6.00151e-05
5.96568e-05
5.93124e-05
5.89813e-05
5.86645e-05
5.83614e-05
5.80711e-05
5.7791e-05
5.75205e-05
5.72595e-05
5.72344e-05
5.73173e-05
5.73466e-05
5.73188e-05
5.72483e-05
5.7132e-05
5.69798e-05
5.68e-05
5.66002e-05
5.63878e-05
5.61704e-05
5.59521e-05
5.5734e-05
5.55207e-05
5.53121e-05
5.51084e-05
5.49122e-05
5.47235e-05
5.45424e-05
5.43688e-05
5.42024e-05
5.4042e-05
5.3885e-05
5.37333e-05
5.35878e-05
5.34488e-05
5.33167e-05
5.31906e-05
5.307e-05
5.29553e-05
5.28461e-05
5.2742e-05
5.26428e-05

