5e-05
5e-05
5e-05
5e-05
5e-05
5e-05
5e-05
5e-05
5e-05
5e-05
5e-05
5e-05
5e-05
5e-05
5e-05
5e-05
5e-05
5e-05
5e-05
5e-05
5e-05
5e-05
5e-05
5e-05
5e-05
5e-05
5e-05
5e-05
5e-05
5e-05
5e-05
5e-05
5e-05
5e-05
5e-05
5e-05
5e-05
5e-05
5e-05
5e-05
5e-05
5e-05
5e-05
5e-05
5e-05
5e-05
5e-05
5e-05
5e-05
5e-05
5e-05
5e-05
5e-05
5e-05
5e-05
5e-05
5e-05
5e-05
5e-05
5e-05
5e-05
5e-05
5e-05
5e-05
5e-05
5e-05
5e-05
5e-05
5e-05
5e-05
5e-05
5e-05
5e-05
5e-05
5e-05
5e-05
5e-05
5e-05
5e-05
5e-05
5e-05
5e-05
5e-05
5e-05
5e-05
5e-05
5e-05
5e-05
5e-05
5e-05
5e-05
5e-05
5e-05
5e-05
5e-05
5e-05
5e-05
5e-05
5e-05
5e-05
5e-05
5e-05
5e-05
5e-05
5e-05
5e-05
5e-05
5e-05
5e-05
5e-05
5e-05
5e-05
5e-05
5e-05
5e-05
5e-05
5e-05
5e-05
5e-05
5e-05
5e-05
5e-05
5e-05
5e-05
5e-05
5e-05
5e-05
5e-05
5e-05
5e-05
5e-05
5e-05
5e-05
5e-05
5e-05
5e-05
5e-05
5e-05
5e-05
5e-05
7.0839e-05
9.18255e-05
0.000111844
0.000130268
0.000146424
0.000161819
0.000179918
0.000201693
0.000222783
0.000242136
0.00026726
0.000286751
0.000277196
0.000268792
0.000261901
0.000259555
0.000276505
0.000282035
0.000277505
0.000277617
0.000280105
0.000283701
0.000287921
0.000292946
0.000301432
0.000303478
0.000289505
0.000276827
0.000265297
0.000254778
0.000245146
0.000236293
0.000228124
0.000220554
0.00021351
0.000206928
0.000200752
0.000194933
0.00018943
0.000184204
0.000179214
0.000174428
0.000169819
0.000165368
0.00016106
0.000156884
0.000152831
0.000148917
0.00014566
0.000142671
0.000139701
0.000136723
0.000133746
0.000130783
0.000127848
0.000124952
0.000122104
0.000119315
0.00011659
0.000113935
0.000111355
0.000108853
0.000106431
0.000104092
0.000101835
9.96606e-05
9.75688e-05
9.55584e-05
9.3628e-05
9.17761e-05
9.00009e-05
8.83002e-05
8.66718e-05
8.51135e-05
8.36229e-05
8.21976e-05
8.08657e-05
8.12287e-05
8.4659e-05
8.37372e-05
8.25828e-05
8.17105e-05
8.09443e-05
8.01929e-05
7.94176e-05
7.8607e-05
7.77636e-05
7.6895e-05
7.60106e-05
7.51194e-05
7.42278e-05
7.33411e-05
7.25598e-05
7.20355e-05
7.15252e-05
7.09768e-05
7.03915e-05
6.97785e-05
6.9146e-05
6.8563e-05
6.81924e-05
6.78304e-05
6.74267e-05
6.69823e-05
6.65058e-05
6.60052e-05
6.54879e-05
6.49604e-05
6.44281e-05
6.38957e-05

