5e-05
5e-05
5e-05
5e-05
5e-05
5e-05
5e-05
5e-05
5e-05
5e-05
5e-05
5e-05
5e-05
5e-05
5e-05
5e-05
5e-05
5e-05
5e-05
5e-05
5e-05
5e-05
5e-05
5e-05
5e-05
5e-05
5e-05
5e-05
5e-05
5e-05
5e-05
5e-05
5e-05
5e-05
5e-05
5e-05
5e-05
5e-05
5e-05
5e-05
5e-05
5e-05
5e-05
5e-05
5e-05
5e-05
5e-05
5e-05
5e-05
5e-05
5e-05
5e-05
5e-05
5e-05
5e-05
5e-05
5e-05
5e-05
5e-05
5e-05
5e-05
5e-05
5e-05
5e-05
5e-05
5e-05
5e-05
5e-05
5e-05
5e-05
5e-05
5e-05
5e-05
5e-05
5e-05
5e-05
5e-05
5e-05
5e-05
5e-05
5e-05
5e-05
5e-05
5e-05
5e-05
5e-05
5e-05
5e-05
5e-05
5e-05
5e-05
5e-05
5e-05
5e-05
5e-05
5e-05
5e-05
5e-05
5e-05
5e-05
5e-05
5e-05
5e-05
5e-05
5e-05
5e-05
5e-05
5e-05
5e-05
5e-05
5e-05
5e-05
5e-05
5e-05
5e-05
5e-05
5e-05
5e-05
5e-05
5e-05
5e-05
5e-05
5e-05
5e-05
5e-05
5e-05
5e-05
5e-05
5e-05
5e-05
5e-05
5e-05
5e-05
5e-05
5e-05
5e-05
5e-05
5e-05
5e-05
5.26175e-05
6.31226e-05
7.54952e-05
8.68801e-05
9.70251e-05
0.000107177
0.000116596
0.000123204
0.000128248
0.000132075
0.000134761
0.000136397
0.00013735
0.000137848
0.000137842
0.000137514
0.000136931
0.000136155
0.000135248
0.000136284
0.000140677
0.000144108
0.000146608
0.000147802
0.000147665
0.000146814
0.000146062
0.000145121
0.000143838
0.000142207
0.000140178
0.000137932
0.000135545
0.000133091
0.000130625
0.000128185
0.000125786
0.000123405
0.000121078
0.000119103
0.000117138
0.000115149
0.000113165
0.000111176
0.000109207
0.000107223
0.00010528
0.000103396
0.000101588
9.9835e-05
9.81238e-05
9.64551e-05
9.48256e-05
9.32566e-05
9.18319e-05
9.24296e-05
9.33816e-05
9.39545e-05
9.41054e-05
9.37094e-05
9.29878e-05
9.20545e-05
9.09955e-05
8.98083e-05
8.85596e-05
8.7277e-05
8.59359e-05
8.45703e-05
8.32283e-05
8.19209e-05
8.06549e-05
7.94414e-05
7.86649e-05
7.86894e-05
7.85347e-05
7.8236e-05
7.77752e-05
7.72718e-05
7.67286e-05
7.60866e-05
7.53651e-05
7.45661e-05
7.37333e-05
7.2884e-05
7.20157e-05
7.11437e-05
7.02906e-05
6.94634e-05
6.86571e-05
6.78715e-05
6.71119e-05
6.63825e-05
6.56876e-05
6.50291e-05
6.44052e-05
6.38091e-05
6.32428e-05
6.27061e-05
6.21973e-05
6.17113e-05
6.12465e-05
6.07966e-05
6.03688e-05
6.00004e-05
5.96594e-05
5.93294e-05
5.9027e-05
5.87972e-05
5.85823e-05
5.83501e-05
5.81078e-05

