5e-05
5e-05
5e-05
5e-05
5e-05
5e-05
5e-05
5e-05
5e-05
5e-05
5e-05
5e-05
5e-05
5e-05
5e-05
5e-05
5e-05
5e-05
5e-05
5e-05
5e-05
5e-05
5e-05
5e-05
5e-05
5e-05
5e-05
5e-05
5e-05
5e-05
5e-05
5e-05
5e-05
5e-05
5e-05
5e-05
5e-05
5e-05
5e-05
5e-05
5e-05
5e-05
5e-05
5e-05
5e-05
5e-05
5e-05
5e-05
5e-05
5e-05
5e-05
5e-05
5e-05
5e-05
5e-05
5e-05
5e-05
5e-05
5e-05
5e-05
5e-05
5e-05
5e-05
5e-05
5e-05
5e-05
5e-05
5e-05
5e-05
5e-05
5e-05
5e-05
5e-05
5e-05
5e-05
5e-05
5e-05
5e-05
5e-05
5e-05
5e-05
5e-05
5e-05
5e-05
5e-05
5e-05
5e-05
5e-05
5e-05
5e-05
5e-05
5e-05
5e-05
5e-05
5e-05
5e-05
5e-05
5e-05
5e-05
5e-05
5e-05
5e-05
5e-05
5e-05
5e-05
5e-05
5e-05
5e-05
5e-05
5e-05
5e-05
5e-05
5e-05
5e-05
5e-05
5e-05
5e-05
5e-05
5e-05
5e-05
5e-05
5e-05
5e-05
5e-05
5e-05
5e-05
5e-05
5e-05
5e-05
5e-05
5e-05
5e-05
5e-05
5e-05
5e-05
5e-05
5e-05
5e-05
5.3359e-05
6.25739e-05
7.27509e-05
8.23257e-05
9.09745e-05
9.82567e-05
0.000104401
0.000110198
0.000115512
0.000119775
0.000122944
0.000125344
0.000127197
0.000128509
0.000129778
0.000130823
0.000131425
0.000131666
0.000131483
0.000131031
0.000130368
0.00012955
0.000128622
0.000127599
0.000126443
0.000125096
0.000123624
0.000122114
0.000120593
0.000119075
0.000117529
0.000115988
0.000114452
0.000112925
0.000111417
0.000109934
0.00010844
0.000106951
0.000105499
0.000104087
0.000102711
0.000101366
0.000100029
9.87202e-05
9.74425e-05
9.61945e-05
9.49404e-05
9.37031e-05
9.24812e-05
9.12881e-05
9.01152e-05
8.89775e-05
8.78707e-05
8.67718e-05
8.57031e-05
8.46595e-05
8.36435e-05
8.2656e-05
8.16917e-05
8.07594e-05
7.98577e-05
7.89847e-05
7.81386e-05
7.73178e-05
7.65209e-05
7.57435e-05
7.49731e-05
7.42098e-05
7.34692e-05
7.27464e-05
7.20489e-05
7.20512e-05
7.24995e-05
7.2769e-05
7.27814e-05
7.26089e-05
7.22837e-05
7.18618e-05
7.13603e-05
7.0775e-05
7.01419e-05
6.94821e-05
6.88007e-05
6.81243e-05
6.74645e-05
6.6824e-05
6.61982e-05
6.55831e-05
6.49908e-05
6.44245e-05
6.38837e-05
6.33646e-05
6.28659e-05
6.2387e-05
6.1928e-05
6.14905e-05
6.10709e-05
6.06681e-05
6.02853e-05
5.9965e-05
5.96609e-05
5.93624e-05
5.90666e-05
5.8774e-05
5.84828e-05
5.81923e-05
5.79107e-05
5.76392e-05
5.73775e-05
5.71226e-05
5.6877e-05
5.66409e-05

