5e-05
5e-05
5e-05
5e-05
5e-05
5e-05
5e-05
5e-05
5e-05
5e-05
5e-05
5e-05
5e-05
5e-05
5e-05
5e-05
5e-05
5e-05
5e-05
5e-05
5e-05
5e-05
5e-05
5e-05
5e-05
5e-05
5e-05
5e-05
5e-05
5e-05
5e-05
5e-05
5e-05
5e-05
5e-05
5e-05
5e-05
5e-05
5e-05
5e-05
5e-05
5e-05
5e-05
5e-05
5e-05
5e-05
5e-05
5e-05
5e-05
5e-05
5e-05
5e-05
5e-05
5e-05
5e-05
5e-05
5e-05
5e-05
5e-05
5e-05
5e-05
5e-05
5e-05
5e-05
5e-05
5e-05
5e-05
5e-05
5e-05
5e-05
5e-05
5e-05
5e-05
5e-05
5e-05
5e-05
5e-05
5e-05
5e-05
5e-05
5e-05
5e-05
5e-05
5e-05
5e-05
5e-05
5e-05
5e-05
5e-05
5e-05
5e-05
5e-05
5e-05
5e-05
5e-05
5e-05
5e-05
5e-05
5e-05
5e-05
5e-05
5e-05
5e-05
5e-05
5e-05
5e-05
5e-05
5e-05
5e-05
5e-05
5e-05
5e-05
5e-05
5.15992e-05
5.88302e-05
6.7667e-05
7.64195e-05
8.4622e-05
9.1872e-05
9.81756e-05
0.000103599
0.000108142
0.000111915
0.000115676
0.000119115
0.000121709
0.000123717
0.00012513
0.000126093
0.000128313
0.000135654
0.00014265
0.000149051
0.000161355
0.000203938
0.000210782
0.000206824
0.000200477
0.000193555
0.000186646
0.000179983
0.000173643
0.00016766
0.000162028
0.000156733
0.000151758
0.000147092
0.000143059
0.000139245
0.000135587
0.000132091
0.000128683
0.000125417
0.000122314
0.000119375
0.000116528
0.000113819
0.000111247
0.000108812
0.000106639
0.000104719
0.00010284
0.000101001
9.92102e-05
9.7622e-05
9.61264e-05
9.46317e-05
9.31648e-05
9.16914e-05
9.02524e-05
8.88362e-05
8.7467e-05
8.61404e-05
8.48669e-05
8.36356e-05
8.24549e-05
8.1324e-05
8.024e-05
7.92002e-05
7.82019e-05
7.72362e-05
7.62981e-05
7.53907e-05
7.45203e-05
7.36849e-05
7.28716e-05
7.20717e-05
7.13191e-05
7.06922e-05
7.00765e-05
7.02179e-05
7.06134e-05
7.08269e-05
7.08617e-05
7.07005e-05
7.0401e-05
6.9988e-05
6.95054e-05
6.89518e-05
6.83649e-05
6.77533e-05
6.71123e-05
6.64724e-05
6.58419e-05
6.52127e-05
6.46035e-05
6.40158e-05
6.34503e-05
6.29101e-05
6.2396e-05
6.1903e-05
6.14292e-05
6.09789e-05
6.05604e-05
6.02004e-05
5.9851e-05
5.95115e-05
5.91751e-05
5.8848e-05
5.85329e-05
5.82292e-05
5.79334e-05
5.76452e-05
5.73653e-05
5.70973e-05
5.68409e-05
5.65955e-05
5.63606e-05
5.61328e-05
5.59094e-05
5.56957e-05
5.54906e-05
5.53137e-05
5.51518e-05
5.49924e-05
5.48347e-05
5.46769e-05
5.45188e-05
5.43618e-05
5.42097e-05
5.40625e-05
5.39237e-05
5.38097e-05
5.36983e-05
5.35902e-05
5.34996e-05
5.34084e-05
5.33136e-05
5.32216e-05
5.32636e-05

