5e-05
5e-05
5e-05
5e-05
5e-05
5e-05
5e-05
5e-05
5e-05
5e-05
5e-05
5e-05
5e-05
5e-05
6.80215e-05
8.28159e-05
9.48408e-05
0.000109774
0.000148004
0.000186284
0.000192788
0.000203426
0.000214992
0.000225831
0.000235157
0.000242645
0.000248234
0.000252004
0.00025411
0.000254741
0.000254094
0.00025236
0.000249719
0.000246333
0.000242348
0.00023789
0.00023307
0.000227981
0.000222706
0.000217311
0.000211854
0.000206381
0.000200933
0.000195541
0.000190231
0.000185022
0.000179931
0.00017497
0.000170149
0.000165473
0.00016098
0.000157306
0.000153924
0.00015055
0.000147164
0.000143788
0.000140444
0.00013715
0.000133921
0.000130767
0.000127704
0.000128288
0.000136921
0.000135645
0.000132882
0.000130915
0.000129241
0.000127596
0.000125865
0.000124012
0.00012204
0.000119972
0.000117834
0.000115653
0.000113447
0.000111233
0.000109026
0.000106838
0.00010468
0.000102562
0.000100489
9.84694e-05
9.65058e-05
9.4602e-05
9.276e-05
9.09813e-05
8.92665e-05
8.76158e-05
8.60288e-05
8.45046e-05
8.30422e-05
8.16402e-05
8.02971e-05
7.90112e-05
7.77807e-05
7.66036e-05
7.54783e-05
7.44026e-05
7.33746e-05
7.23925e-05
7.14543e-05
7.05581e-05
6.97022e-05
6.88848e-05
6.81041e-05
6.73586e-05
6.66465e-05
6.66303e-05
6.79292e-05
6.89367e-05
6.82434e-05
6.77351e-05
6.73006e-05
6.68796e-05
6.6446e-05
6.59921e-05
6.55189e-05
6.50312e-05
6.45345e-05
6.4181e-05
6.4779e-05
6.52918e-05
6.46822e-05
6.42406e-05
6.38651e-05
6.35644e-05
6.32969e-05
6.3e-05
6.26677e-05
6.23059e-05
6.19223e-05
6.15243e-05
6.11183e-05
6.07095e-05
6.03024e-05
5.9942e-05
5.96179e-05
5.92963e-05
5.89743e-05
5.86997e-05
5.84476e-05
5.81936e-05
5.7936e-05
5.76786e-05
5.75089e-05
5.73991e-05
5.76892e-05
5.76378e-05
5.72944e-05
5.70108e-05
5.67725e-05
5.65725e-05
5.64055e-05
5.62662e-05
5.61498e-05
5.60517e-05
5.59679e-05
5.5895e-05
5.58302e-05
5.57711e-05
5.57162e-05
5.56645e-05
5.56154e-05
5.55698e-05
5.55301e-05
5.55041e-05
5.55395e-05
5.5463e-05
5.51327e-05
5.48295e-05
5.45508e-05
5.42937e-05
5.40562e-05
5.3836e-05
5.36313e-05
5.34406e-05
5.32625e-05
5.30957e-05
5.29392e-05
5.2792e-05
5.26535e-05
5.25228e-05
5.23993e-05
5.22826e-05
5.21722e-05
5.20676e-05
5.19685e-05
5.18745e-05
5.17853e-05
5.17007e-05
5.16221e-05
5.16197e-05
5.17338e-05
5.16523e-05
5.15908e-05
5.15427e-05
5.15004e-05
5.14599e-05
5.14192e-05
5.13777e-05
5.13352e-05
5.1292e-05
5.12483e-05
5.12043e-05
5.11603e-05
5.11165e-05
5.10731e-05
5.10304e-05
5.09885e-05
5.09475e-05
5.09076e-05
5.08689e-05
5.08313e-05
5.07951e-05
5.07601e-05
5.07265e-05
5.06942e-05
5.06632e-05
5.06334e-05
5.0605e-05
5.05778e-05
5.05518e-05
5.05269e-05
5.05032e-05
5.04806e-05
5.04591e-05
5.04385e-05
5.04189e-05
5.04003e-05
5.03825e-05
5.03656e-05
5.03495e-05
5.03341e-05
5.03195e-05
5.03056e-05
5.02966e-05
5.03094e-05
5.03374e-05
5.03233e-05
5.03129e-05
5.03044e-05
5.02965e-05
5.02988e-05
5.03201e-05
5.03063e-05
5.02971e-05
5.02918e-05
5.02877e-05
5.02831e-05
5.02776e-05

