5e-05
5e-05
5e-05
5e-05
5e-05
5e-05
5e-05
5e-05
5e-05
5e-05
5e-05
5e-05
5e-05
5e-05
5e-05
5e-05
5e-05
5e-05
5e-05
5e-05
5e-05
5e-05
5e-05
5e-05
5e-05
5e-05
5e-05
5e-05
5e-05
5e-05
5e-05
5e-05
5e-05
5e-05
5e-05
5e-05
5e-05
5e-05
5e-05
5e-05
5e-05
5e-05
5e-05
5e-05
5e-05
5e-05
5e-05
5e-05
5e-05
5e-05
5e-05
5e-05
5e-05
5e-05
5e-05
5e-05
5e-05
5e-05
5e-05
5e-05
5e-05
5e-05
5e-05
5e-05
5e-05
5e-05
5e-05
5e-05
5e-05
5e-05
5e-05
5e-05
5e-05
5e-05
5e-05
5e-05
5e-05
5e-05
5e-05
5e-05
5e-05
5e-05
5e-05
5e-05
5e-05
5e-05
5e-05
5e-05
5e-05
5e-05
5e-05
5e-05
5e-05
5e-05
5e-05
5e-05
5e-05
5e-05
5e-05
5e-05
5e-05
5e-05
5e-05
5e-05
5e-05
5e-05
5e-05
5e-05
5e-05
5e-05
5e-05
5e-05
5e-05
5e-05
5e-05
5e-05
5e-05
5e-05
5e-05
5e-05
5e-05
5e-05
5e-05
5e-05
5e-05
5e-05
5e-05
5e-05
5e-05
5e-05
5e-05
5e-05
5e-05
5e-05
5e-05
5e-05
5e-05
5e-05
5e-05
5e-05
5e-05
5e-05
5e-05
5e-05
5e-05
5e-05
5e-05
5e-05
5e-05
5e-05
5e-05
5.15104e-05
5.81436e-05
6.62817e-05
7.43767e-05
8.17284e-05
8.82005e-05
9.38177e-05
9.86743e-05
0.000102907
0.000106506
0.000109469
0.000111963
0.000113966
0.000115587
0.000116887
0.000117919
0.000118721
0.000119311
0.000119703
0.000119869
0.000119865
0.000119715
0.000119433
0.000119025
0.000118439
0.000117732
0.000116952
0.000116108
0.000115207
0.000114235
0.000113131
0.000111925
0.000110679
0.000109416
0.000108163
0.000106925
0.000105791
0.000104992
0.000104149
0.000103172
0.000102086
0.000100932
9.97497e-05
9.85198e-05
9.72725e-05
9.60441e-05
9.487e-05
9.39184e-05
9.29554e-05
9.20913e-05
9.13294e-05
9.04673e-05
8.94989e-05
8.85009e-05
8.74801e-05
8.64444e-05
8.54165e-05
8.43739e-05
8.33194e-05
8.22804e-05
8.12658e-05
8.028e-05
7.93133e-05
7.83761e-05
7.74717e-05
7.6602e-05
7.57577e-05
7.49316e-05
7.41347e-05
7.33558e-05
7.26077e-05
7.19096e-05
7.21263e-05
7.24114e-05
7.24981e-05
7.24431e-05
7.22619e-05
7.19287e-05
7.14735e-05
7.09535e-05
7.03881e-05
6.97919e-05
6.9177e-05
6.85329e-05
6.78844e-05
6.7291e-05
6.67482e-05
6.62032e-05
6.56507e-05
6.51026e-05
6.45538e-05
6.40115e-05
6.34849e-05
6.29797e-05
6.24961e-05
6.20727e-05
6.16936e-05
6.13162e-05
6.09366e-05

