5e-05
5e-05
5e-05
5e-05
5e-05
5e-05
5e-05
5e-05
5e-05
5e-05
5e-05
5e-05
5.24964e-05
6.26484e-05
7.52346e-05
8.84197e-05
0.000100328
0.000110346
0.000118558
0.00012451
0.000128372
0.000131161
0.000133195
0.000134344
0.000134967
0.000135298
0.000135389
0.000135275
0.000134968
0.000134449
0.000133797
0.000133034
0.000132171
0.000131174
0.000130097
0.000128962
0.000127775
0.000126543
0.000125218
0.000123822
0.00012241
0.000120967
0.00011946
0.000117956
0.000116466
0.000114991
0.000113532
0.000112087
0.000110657
0.000109241
0.000107811
0.00010639
0.000104968
0.000103884
0.000102853
0.000101772
0.000100592
9.9392e-05
9.8186e-05
9.69634e-05
9.56701e-05
9.43638e-05
9.30886e-05
9.18465e-05
9.06193e-05
8.9425e-05
8.82668e-05
8.71436e-05
8.6054e-05
8.49963e-05
8.3968e-05
8.2937e-05
8.19203e-05
8.09389e-05
7.99906e-05
7.90467e-05
7.81262e-05
7.72415e-05
7.63807e-05
7.55523e-05
7.47567e-05
7.39856e-05
7.32371e-05
7.25079e-05
7.18025e-05
7.11155e-05
7.04465e-05
6.97938e-05
6.9167e-05
6.85658e-05
6.79885e-05
6.74334e-05
6.68974e-05
6.63737e-05
6.58683e-05
6.53812e-05
6.49111e-05
6.44571e-05
6.40181e-05
6.35932e-05
6.31755e-05
6.27701e-05
6.23783e-05
6.19979e-05
6.16248e-05
6.1264e-05
6.09103e-05
6.056e-05
6.02209e-05
5.98953e-05
5.95825e-05
5.92804e-05
5.8985e-05
5.8696e-05
5.8416e-05
5.81473e-05
5.78894e-05
5.76415e-05
5.7403e-05
5.71733e-05
5.69517e-05
5.67378e-05
5.65311e-05
5.63312e-05
5.61377e-05
5.59503e-05
5.57687e-05
5.55927e-05
5.54221e-05
5.52566e-05
5.50955e-05
5.4937e-05
5.4785e-05
5.46615e-05
5.45405e-05
5.44169e-05
5.42938e-05
5.41719e-05
5.40517e-05
5.39544e-05
5.38609e-05
5.3765e-05
5.36654e-05
5.35624e-05
5.34577e-05
5.33616e-05
5.32707e-05
5.31753e-05
5.30799e-05
5.31043e-05
5.31426e-05
5.31524e-05
5.31495e-05
5.31293e-05
5.30919e-05
5.30488e-05
5.29982e-05
5.29311e-05
5.28523e-05
5.27674e-05
5.26819e-05
5.26032e-05
5.25181e-05
5.24289e-05
5.23385e-05
5.22499e-05
5.21638e-05
5.20805e-05
5.2e-05
5.19225e-05
5.18468e-05
5.1773e-05
5.17021e-05
5.16343e-05
5.15684e-05
5.15053e-05
5.14455e-05
5.1388e-05
5.1333e-05
5.12807e-05
5.12303e-05
5.11819e-05
5.11357e-05
5.10914e-05
5.10493e-05
5.10094e-05
5.09717e-05
5.09359e-05
5.09019e-05
5.08693e-05
5.08376e-05
5.08068e-05
5.07774e-05
5.07495e-05
5.07337e-05
5.07507e-05
5.08362e-05
5.10423e-05
5.10716e-05
5.10415e-05
5.09969e-05
5.09505e-05
5.09036e-05
5.08584e-05
5.08343e-05
5.08115e-05
5.07844e-05
5.07547e-05
5.07237e-05
5.06925e-05
5.06618e-05
5.06318e-05
5.06027e-05
5.05748e-05
5.05479e-05
5.05222e-05
5.04977e-05
5.04744e-05
5.04522e-05
5.04312e-05
5.04114e-05
5.03927e-05
5.03749e-05
5.0358e-05
5.03419e-05
5.03267e-05
5.03123e-05
5.02987e-05
5.02858e-05
5.02737e-05
5.02622e-05
5.02514e-05
5.02411e-05
5.02313e-05
5.0222e-05
5.02131e-05
5.02047e-05
5.01967e-05
5.0189e-05
5.01817e-05
5.01751e-05
5.01693e-05
5.01635e-05
5.01634e-05
5.01654e-05
5.01668e-05
5.01706e-05
5.02147e-05
5.02231e-05
5.02163e-05

