5e-05
5e-05
5e-05
5e-05
5e-05
5e-05
5e-05
5e-05
5.33368e-05
6.14529e-05
7.0478e-05
7.91797e-05
8.71246e-05
9.41187e-05
0.000101188
0.000107324
0.000112477
0.000116754
0.000120259
0.000123083
0.000125313
0.000127024
0.000128281
0.000129145
0.000129666
0.000129891
0.000129858
0.000129602
0.000129154
0.00012854
0.000127784
0.000126906
0.000125923
0.000124853
0.000123708
0.000122501
0.000121242
0.000119941
0.000118607
0.000117246
0.000115866
0.000114471
0.000113068
0.000111661
0.000110254
0.000108849
0.000107451
0.000106063
0.000104685
0.000103322
0.000101974
0.000100643
9.93302e-05
9.80374e-05
9.67653e-05
9.55147e-05
9.42865e-05
9.30812e-05
9.18992e-05
9.07386e-05
8.95572e-05
8.83847e-05
8.72474e-05
8.61464e-05
8.50805e-05
8.4048e-05
8.30473e-05
8.20768e-05
8.11352e-05
8.0221e-05
7.93332e-05
7.84708e-05
7.76327e-05
7.6818e-05
7.60261e-05
7.52561e-05
7.45026e-05
7.37615e-05
7.30423e-05
7.23451e-05
7.16693e-05
7.1014e-05
7.03785e-05
6.97621e-05
6.91639e-05
6.85817e-05
6.80093e-05
6.74511e-05
6.69048e-05
6.6377e-05
6.58674e-05
6.53751e-05
6.48993e-05
6.44393e-05
6.39942e-05
6.35635e-05
6.31464e-05
6.27424e-05
6.23509e-05
6.19716e-05
6.16038e-05
6.12473e-05
6.09015e-05
6.05663e-05
6.02411e-05
5.99257e-05
5.96198e-05
5.93231e-05
5.90353e-05
5.87561e-05
5.84854e-05
5.82228e-05
5.79681e-05
5.77211e-05
5.74816e-05
5.72493e-05
5.7024e-05
5.68056e-05
5.65939e-05
5.63886e-05
5.61895e-05
5.59966e-05
5.58095e-05
5.56282e-05
5.54525e-05
5.52822e-05
5.51171e-05
5.49571e-05
5.4802e-05
5.46517e-05
5.45061e-05
5.4365e-05
5.42354e-05
5.42883e-05
5.43666e-05
5.44252e-05
5.44697e-05
5.45167e-05
5.51079e-05
5.60086e-05
5.60112e-05
5.57822e-05
5.55035e-05
5.5219e-05
5.49418e-05
5.46771e-05
5.44268e-05
5.41913e-05
5.39706e-05
5.37641e-05
5.35709e-05
5.33904e-05
5.32217e-05
5.3064e-05
5.29163e-05
5.27781e-05
5.2648e-05
5.25257e-05
5.2411e-05
5.23031e-05
5.22017e-05
5.21061e-05
5.20159e-05
5.19307e-05
5.18502e-05
5.1774e-05
5.17017e-05
5.16332e-05
5.15681e-05
5.15062e-05
5.14473e-05
5.13912e-05
5.13377e-05
5.12867e-05
5.1238e-05
5.11915e-05
5.1147e-05
5.11045e-05
5.10638e-05
5.10249e-05
5.09876e-05
5.09518e-05
5.09176e-05
5.08847e-05
5.08532e-05
5.08229e-05
5.07939e-05
5.0766e-05
5.07391e-05
5.07134e-05
5.06886e-05
5.06648e-05
5.06419e-05
5.06198e-05
5.05985e-05
5.05778e-05
5.0558e-05
5.05389e-05
5.05205e-05
5.05029e-05
5.04859e-05
5.04696e-05
5.04538e-05
5.04384e-05
5.04237e-05
5.04095e-05
5.03958e-05
5.03827e-05
5.03701e-05
5.03579e-05
5.03461e-05
5.03348e-05
5.03239e-05
5.03133e-05
5.03032e-05
5.02933e-05
5.02838e-05
5.02747e-05
5.02658e-05
5.02573e-05
5.0249e-05
5.0241e-05
5.02333e-05
5.02258e-05
5.02186e-05
5.02116e-05
5.02048e-05
5.01983e-05
5.0192e-05
5.01858e-05
5.01799e-05
5.01742e-05
5.01687e-05
5.01633e-05
5.01581e-05
5.01531e-05
5.01482e-05
5.01435e-05
5.0139e-05
5.01346e-05
5.01303e-05
5.01262e-05
5.01222e-05
5.01183e-05
5.01146e-05
5.0111e-05
5.01075e-05
5.01041e-05
5.01008e-05
5.00976e-05

