5e-05
5e-05
5e-05
5e-05
5e-05
5e-05
5e-05
5e-05
5.28142e-05
6.25031e-05
7.36889e-05
8.44099e-05
9.40713e-05
0.000102768
0.000110267
0.000117567
0.000123714
0.000128658
0.000132541
0.000135317
0.000136699
0.000137316
0.000137433
0.000137059
0.000136495
0.000135795
0.000134982
0.000134073
0.000133028
0.000131769
0.000131189
0.000131101
0.000130808
0.00013021
0.0001294
0.000128355
0.000127163
0.000125868
0.000124463
0.000122961
0.000121415
0.00011984
0.000118245
0.000116638
0.000115008
0.000113354
0.000111715
0.000110216
0.000109281
0.000108359
0.000107152
0.000105796
0.000104699
0.000103862
0.000102926
0.000101837
0.000100634
9.93674e-05
9.80471e-05
9.66978e-05
9.52366e-05
9.3769e-05
9.23432e-05
9.09551e-05
8.95985e-05
8.82742e-05
8.69768e-05
8.57234e-05
8.44969e-05
8.33087e-05
8.21716e-05
8.10736e-05
8.00216e-05
7.90063e-05
7.80349e-05
7.70915e-05
7.61718e-05
7.52925e-05
7.44527e-05
7.36398e-05
7.28596e-05
7.21033e-05
7.13532e-05
7.06228e-05
6.99188e-05
6.92468e-05
6.86043e-05
6.79765e-05
6.73641e-05
6.67802e-05
6.62184e-05
6.56753e-05
6.51485e-05
6.46418e-05
6.41544e-05
6.36858e-05
6.32374e-05
6.28096e-05
6.23963e-05
6.19994e-05
6.16195e-05
6.12552e-05
6.09053e-05
6.06065e-05
6.03465e-05
6.00867e-05
5.98263e-05
5.95594e-05
5.92855e-05
5.90095e-05
5.87336e-05
5.84643e-05
5.81995e-05
5.79568e-05
5.77541e-05
5.75486e-05
5.73404e-05
5.71333e-05
5.69279e-05
5.67248e-05
5.65237e-05
5.6322e-05
5.61213e-05
5.59456e-05
5.57822e-05
5.56114e-05
5.54402e-05
5.52671e-05
5.50954e-05
5.49829e-05
5.50623e-05
5.51431e-05
5.52158e-05
5.55042e-05
5.68512e-05
5.69709e-05
5.67258e-05
5.64063e-05
5.60746e-05
5.57505e-05
5.54414e-05
5.51494e-05
5.48755e-05
5.46188e-05
5.43785e-05
5.41537e-05
5.39436e-05
5.37592e-05
5.35858e-05
5.3421e-05
5.32647e-05
5.31142e-05
5.29711e-05
5.2836e-05
5.27086e-05
5.25865e-05
5.24709e-05
5.23617e-05
5.22588e-05
5.21664e-05
5.20841e-05
5.20045e-05
5.19273e-05
5.18529e-05
5.17864e-05
5.1724e-05
5.16625e-05
5.16027e-05
5.15433e-05
5.14858e-05
5.14296e-05
5.13757e-05
5.13237e-05
5.1274e-05
5.12262e-05
5.11806e-05
5.1137e-05
5.10955e-05
5.10557e-05
5.10177e-05
5.09811e-05
5.09457e-05
5.09115e-05
5.08789e-05
5.08476e-05
5.08174e-05
5.07877e-05
5.07598e-05
5.07364e-05
5.07136e-05
5.0717e-05
5.07294e-05
5.07355e-05
5.07356e-05
5.0729e-05
5.07177e-05
5.07025e-05
5.0685e-05
5.0665e-05
5.0644e-05
5.06222e-05
5.05994e-05
5.05767e-05
5.05544e-05
5.05322e-05
5.05106e-05
5.04899e-05
5.047e-05
5.04509e-05
5.04328e-05
5.04155e-05
5.03988e-05
5.0383e-05
5.03682e-05
5.03556e-05
5.03433e-05
5.03314e-05
5.03195e-05
5.03081e-05
5.0297e-05
5.02864e-05
5.0276e-05
5.02659e-05
5.02561e-05
5.02468e-05
5.02378e-05
5.02292e-05
5.0221e-05
5.02131e-05
5.02053e-05
5.01978e-05
5.01907e-05
5.01845e-05
5.01789e-05
5.01733e-05
5.01678e-05
5.01623e-05
5.01568e-05
5.01513e-05
5.0146e-05
5.01409e-05
5.01361e-05
5.01321e-05
5.01282e-05
5.01245e-05
5.01213e-05
5.01182e-05
5.01149e-05
5.01117e-05
5.01131e-05

