5e-05
5e-05
5e-05
5e-05
5e-05
5e-05
5e-05
5e-05
5e-05
5e-05
5e-05
5e-05
5e-05
5e-05
5e-05
5e-05
5e-05
5e-05
5e-05
5e-05
5e-05
5e-05
5e-05
5e-05
5e-05
5e-05
5e-05
5e-05
5e-05
5e-05
5e-05
5e-05
5e-05
5e-05
5e-05
5e-05
5e-05
5e-05
5e-05
5e-05
5e-05
5e-05
5e-05
5e-05
5e-05
5e-05
5e-05
5e-05
5e-05
5e-05
5e-05
5e-05
5e-05
5e-05
5e-05
5e-05
5e-05
5e-05
5e-05
5e-05
5e-05
5e-05
5e-05
5e-05
5e-05
5e-05
5e-05
5e-05
5e-05
5e-05
5e-05
5e-05
5e-05
5e-05
5e-05
5e-05
5e-05
5e-05
5e-05
5e-05
5e-05
5e-05
5e-05
5e-05
5e-05
5e-05
5e-05
5e-05
5e-05
5e-05
5e-05
5e-05
5e-05
5e-05
5e-05
5e-05
5e-05
5e-05
5e-05
5e-05
5e-05
5e-05
5e-05
5e-05
5e-05
5e-05
5e-05
5e-05
5e-05
5e-05
5e-05
5e-05
5e-05
5e-05
5e-05
5e-05
5e-05
5e-05
5e-05
5e-05
5e-05
5e-05
5e-05
5e-05
5e-05
5e-05
5e-05
5e-05
5e-05
5e-05
5e-05
5e-05
5e-05
5e-05
5e-05
5e-05
5e-05
5e-05
5.2179e-05
6.07839e-05
7.0872e-05
8.05187e-05
8.93278e-05
9.67985e-05
0.000103114
0.000109069
0.000114529
0.000118923
0.000122208
0.000124711
0.000126659
0.000128055
0.000129402
0.000130519
0.000131185
0.000131483
0.00013135
0.000130942
0.000130319
0.000129538
0.000128641
0.000127646
0.000126516
0.00012519
0.000123736
0.000122242
0.000120735
0.000119229
0.000117693
0.000116162
0.000114633
0.000113112
0.00011161
0.000110131
0.000108641
0.000107154
0.000105704
0.000104293
0.000102918
0.000101573
0.000100236
9.8926e-05
9.76472e-05
9.63976e-05
9.51416e-05
9.3902e-05
9.26775e-05
9.14816e-05
9.03057e-05
8.91649e-05
8.80549e-05
8.69527e-05
8.58805e-05
8.48334e-05
8.38137e-05
8.28226e-05
8.18548e-05
8.09188e-05
8.00135e-05
7.9137e-05
7.82874e-05
7.74632e-05
7.66628e-05
7.5882e-05
7.51081e-05
7.43413e-05
7.35973e-05
7.2871e-05
7.21702e-05
7.21732e-05
7.26248e-05
7.28967e-05
7.29097e-05
7.27367e-05
7.24101e-05
7.19861e-05
7.1482e-05
7.08937e-05
7.02572e-05
6.95938e-05
6.89086e-05
6.82286e-05
6.7565e-05
6.6921e-05
6.62917e-05
6.56732e-05
6.50775e-05
6.4508e-05
6.39642e-05
6.34421e-05
6.29406e-05
6.2459e-05
6.19974e-05
6.15574e-05
6.11354e-05
6.07303e-05
6.03453e-05
6.00232e-05
5.97174e-05
5.94172e-05
5.91197e-05
5.88254e-05
5.85326e-05
5.82404e-05
5.79571e-05
5.76841e-05
5.74208e-05
5.71645e-05
5.69175e-05
5.668e-05

