5e-05
5e-05
5e-05
5e-05
5e-05
5e-05
5e-05
5e-05
5e-05
5e-05
5e-05
5e-05
5e-05
5e-05
5e-05
5e-05
5e-05
5e-05
5e-05
5e-05
5e-05
5e-05
5e-05
5e-05
5e-05
5e-05
5e-05
5e-05
5e-05
5e-05
5e-05
5e-05
5e-05
5e-05
5e-05
5e-05
5e-05
5e-05
5e-05
5e-05
5e-05
5e-05
5e-05
5e-05
5e-05
5e-05
5e-05
5e-05
5e-05
5e-05
5e-05
5e-05
5e-05
5e-05
5e-05
5e-05
5e-05
5e-05
5e-05
5e-05
5e-05
5e-05
5e-05
5e-05
5e-05
5e-05
5e-05
5e-05
5e-05
5e-05
5e-05
5e-05
5e-05
5e-05
5e-05
5e-05
5e-05
5e-05
5e-05
5e-05
5e-05
5e-05
5e-05
5e-05
5e-05
5e-05
5e-05
5e-05
5e-05
5e-05
5e-05
5e-05
5e-05
5e-05
5e-05
5e-05
5e-05
5e-05
5e-05
5e-05
5e-05
5e-05
5e-05
5e-05
5e-05
5e-05
5e-05
5e-05
5e-05
5e-05
5e-05
5e-05
5e-05
5e-05
5e-05
5e-05
5e-05
5e-05
5e-05
5e-05
5e-05
5e-05
5.20955e-05
6.06946e-05
7.07227e-05
8.00416e-05
8.84382e-05
9.53307e-05
0.000101155
0.000108113
0.00012126
0.000133172
0.000143067
0.000150185
0.000154717
0.000157329
0.000159307
0.00016077
0.000160935
0.000159949
0.000158327
0.000156412
0.0001543
0.000152416
0.000152228
0.000175913
0.000208926
0.000212847
0.000207432
0.000200077
0.000192439
0.000184923
0.000177881
0.000171337
0.000165066
0.000159135
0.000153761
0.000148605
0.000143653
0.000138921
0.000134416
0.000130144
0.000126101
0.000122283
0.000118685
0.000115292
0.00011209
0.000109067
0.000106221
0.000103537
0.000101004
9.86123e-05
9.6356e-05
9.44862e-05
9.36875e-05
9.25835e-05
9.12434e-05
8.97634e-05
8.82141e-05
8.66468e-05
8.50963e-05
8.35847e-05
8.21253e-05
8.07262e-05
7.93918e-05
7.81203e-05
7.69116e-05
7.57637e-05
7.4673e-05
7.36371e-05
7.26544e-05
7.1723e-05
7.08374e-05
6.99951e-05
6.91937e-05
6.84311e-05
6.77058e-05
6.70301e-05
6.64456e-05
6.58723e-05
6.53076e-05
6.47547e-05
6.42164e-05
6.36949e-05
6.31913e-05
6.27061e-05
6.22395e-05
6.17923e-05
6.13645e-05
6.09539e-05
6.05712e-05
6.02433e-05
5.99179e-05
5.95932e-05
5.92722e-05
5.89574e-05
5.86502e-05
5.8352e-05
5.80635e-05
5.77851e-05
5.75166e-05
5.72576e-05
5.70081e-05
5.67966e-05
5.65958e-05
5.63937e-05
5.61919e-05
5.59922e-05
5.5796e-05
5.56043e-05
5.54178e-05
5.52367e-05
5.50615e-05
5.49148e-05
5.47739e-05
5.46313e-05
5.44942e-05
5.43758e-05
5.42536e-05
5.41285e-05
5.40021e-05
5.38758e-05
5.37506e-05
5.36278e-05
5.3508e-05
5.33916e-05
5.32787e-05
5.31703e-05
5.30804e-05
5.2992e-05

