5e-05
5e-05
5e-05
5e-05
5e-05
5e-05
5e-05
5e-05
5e-05
5e-05
5e-05
5e-05
5e-05
5e-05
5e-05
5e-05
5e-05
5e-05
5e-05
5e-05
5e-05
5e-05
5e-05
5e-05
5e-05
5e-05
5e-05
5e-05
5e-05
5e-05
5e-05
5e-05
5e-05
5e-05
5e-05
5e-05
5e-05
5e-05
5e-05
5e-05
5e-05
5e-05
5e-05
5e-05
5e-05
5e-05
5e-05
5e-05
5e-05
5e-05
5e-05
5e-05
5e-05
5e-05
5e-05
5e-05
5e-05
5e-05
5e-05
5e-05
5e-05
5e-05
5e-05
5e-05
5e-05
5e-05
5e-05
5e-05
5e-05
5e-05
5e-05
5e-05
5e-05
5e-05
5e-05
5e-05
5e-05
5e-05
5e-05
5e-05
5e-05
5e-05
5e-05
5e-05
5e-05
5e-05
5e-05
5e-05
5e-05
5e-05
5e-05
5e-05
5e-05
5e-05
5e-05
5e-05
5e-05
5e-05
5e-05
5e-05
5e-05
5e-05
5e-05
5e-05
5e-05
5e-05
5e-05
5e-05
5e-05
5e-05
5e-05
5e-05
5e-05
5e-05
5e-05
5e-05
5e-05
5e-05
5e-05
5e-05
5e-05
5e-05
5e-05
5e-05
5e-05
5e-05
5e-05
5e-05
5e-05
5e-05
5e-05
5e-05
5e-05
5e-05
5e-05
5.24734e-05
6.20302e-05
7.33438e-05
8.40955e-05
9.47045e-05
0.000104295
0.000112109
0.000119198
0.000134861
0.000199458
0.000237486
0.000242617
0.000238793
0.000232491
0.000225161
0.000217716
0.00021057
0.000204317
0.000198222
0.000192334
0.000186892
0.000181901
0.000176947
0.000172131
0.000167507
0.000163099
0.000158816
0.000154683
0.000150705
0.000146871
0.000143334
0.0001403
0.000137365
0.000134417
0.000131507
0.000128657
0.000125886
0.000123205
0.00012061
0.000118109
0.000115659
0.000113279
0.000111009
0.00010885
0.000106794
0.000104834
0.000102962
0.00010117
9.94519e-05
9.77928e-05
9.61864e-05
9.46924e-05
9.34674e-05
9.22529e-05
9.10227e-05
8.97798e-05
8.8542e-05
8.73135e-05
8.61036e-05
8.49084e-05
8.37321e-05
8.25983e-05
8.15072e-05
8.04561e-05
7.94252e-05
7.83994e-05
7.74072e-05
7.64557e-05
7.55476e-05
7.46802e-05
7.38508e-05
7.30527e-05
7.22825e-05
7.15394e-05
7.08227e-05
7.01808e-05
6.96119e-05
6.9039e-05
6.84665e-05
6.7884e-05
6.73164e-05
6.67651e-05
6.62257e-05
6.56982e-05
6.51872e-05
6.46911e-05
6.42101e-05
6.37425e-05
6.32853e-05
6.28507e-05
6.24888e-05
6.2139e-05
6.17873e-05
6.1433e-05
6.10765e-05
6.07269e-05
6.03877e-05
6.0059e-05
5.97405e-05
5.9432e-05
5.91331e-05
5.88434e-05
6.05423e-05
6.72691e-05
7.61752e-05
8.49044e-05
9.25927e-05
9.90526e-05
0.00010437
0.000108951
0.000113817
0.000118064
0.00012141
0.000124025
0.00012611

