5e-05
5e-05
5e-05
5e-05
5e-05
5e-05
5e-05
5e-05
5e-05
5e-05
5e-05
5e-05
5e-05
5e-05
5e-05
5e-05
5e-05
5e-05
5e-05
5e-05
5e-05
5e-05
5e-05
5e-05
5e-05
5e-05
5e-05
5e-05
5e-05
5e-05
5e-05
5e-05
5e-05
5e-05
5e-05
5e-05
5e-05
5e-05
5e-05
5e-05
5e-05
5e-05
5e-05
5e-05
5e-05
5e-05
5e-05
5e-05
5e-05
5e-05
5e-05
5e-05
5e-05
5e-05
5e-05
5e-05
5e-05
5e-05
5e-05
5e-05
5e-05
5e-05
5e-05
5e-05
5e-05
5e-05
5e-05
5e-05
5e-05
5e-05
5e-05
5e-05
5e-05
5e-05
5e-05
5e-05
5e-05
5e-05
5e-05
5e-05
5e-05
5e-05
5e-05
5e-05
5e-05
5e-05
5e-05
5e-05
5e-05
5e-05
5e-05
5e-05
5e-05
5e-05
5e-05
5e-05
5e-05
5e-05
5e-05
5e-05
5e-05
5e-05
5e-05
5e-05
5e-05
5e-05
5e-05
5e-05
5e-05
5e-05
5e-05
5e-05
5e-05
5e-05
5e-05
5e-05
5e-05
5e-05
5e-05
5e-05
5e-05
5e-05
5e-05
5e-05
5e-05
5e-05
5e-05
5e-05
5e-05
5e-05
5e-05
5e-05
5e-05
5e-05
5e-05
5e-05
5e-05
5e-05
5e-05
5e-05
5.39529e-05
6.22008e-05
7.11988e-05
7.9848e-05
8.77171e-05
9.44182e-05
0.000100041
0.00010484
0.000108759
0.000111975
0.000114675
0.00011692
0.000118729
0.000120076
0.00012111
0.000121872
0.000122392
0.000122691
0.000122692
0.000122469
0.00012211
0.000121633
0.000120999
0.00012025
0.000119424
0.000118508
0.000117542
0.000116504
0.000115372
0.000114163
0.000112912
0.000111637
0.000110363
0.000109069
0.000107778
0.000106508
0.000105261
0.000104032
0.000102808
0.000101588
0.000100388
9.92061e-05
9.80421e-05
9.68951e-05
9.57645e-05
9.46452e-05
9.35226e-05
9.2418e-05
9.13307e-05
9.02477e-05
8.91863e-05
8.81481e-05
8.71328e-05
8.61371e-05
8.51345e-05
8.41329e-05
8.31462e-05
8.21911e-05
8.12667e-05
8.03607e-05
7.9477e-05
7.86148e-05
7.77678e-05
7.69374e-05
7.61365e-05
7.53644e-05
7.46192e-05
7.38991e-05
7.32023e-05
7.25196e-05
7.1856e-05
7.1209e-05
7.05735e-05
6.99417e-05
6.93233e-05
6.87225e-05
6.81452e-05
6.75843e-05
6.7043e-05
6.65162e-05
6.60088e-05
6.55153e-05
6.50348e-05
6.45706e-05
6.41242e-05
6.36918e-05
6.32988e-05
6.70833e-05
7.39881e-05
8.13855e-05
8.85477e-05
9.5094e-05
0.000100708
0.000105545
0.000109662
0.000113128
0.000116055
0.000118431
0.000120333
0.000121768
0.000122887
0.000123728
0.000124244
0.00012449
0.000124506
0.000124304
0.00012397
0.000123522
0.00012297
0.000122324

