5e-05
5e-05
5e-05
5e-05
5e-05
5e-05
5e-05
5e-05
5e-05
5e-05
5e-05
5e-05
5e-05
5e-05
5e-05
5e-05
5.00382e-05
5.5443e-05
6.47887e-05
7.44139e-05
8.31098e-05
9.07127e-05
9.71548e-05
0.000102241
0.000106344
0.000109774
0.000112681
0.000115129
0.000117168
0.000118775
0.000119992
0.000120927
0.000121615
0.000122037
0.000122251
0.00012229
0.000122174
0.000121915
0.000121528
0.000120981
0.000120288
0.000119497
0.000118606
0.00011766
0.000116668
0.000115636
0.000114568
0.000113469
0.000112462
0.000111722
0.000110877
0.000109944
0.000108919
0.000107804
0.000106645
0.000105454
0.000104229
0.000102947
0.000101624
0.0001003
9.89138e-05
9.74891e-05
9.60932e-05
9.47413e-05
9.34297e-05
9.21633e-05
9.09323e-05
8.97411e-05
8.8584e-05
8.74685e-05
8.63792e-05
8.53241e-05
8.42929e-05
8.32892e-05
8.22985e-05
8.13428e-05
8.04219e-05
7.95307e-05
7.86589e-05
7.78163e-05
7.7002e-05
7.62029e-05
7.54178e-05
7.46588e-05
7.39232e-05
7.32039e-05
7.25088e-05
7.18344e-05
7.11762e-05
7.0537e-05
6.99134e-05
6.93111e-05
6.87295e-05
6.81673e-05
6.76232e-05
6.74838e-05
6.78276e-05
6.80587e-05
6.81625e-05
6.81471e-05
6.802e-05
6.77903e-05
6.74536e-05
6.70368e-05
6.65724e-05
6.61431e-05
6.5715e-05
6.52585e-05
6.47827e-05
6.42883e-05
6.37872e-05
6.32845e-05
6.27917e-05
6.23118e-05
6.18366e-05
6.13774e-05
6.09371e-05
6.05156e-05
6.01542e-05
5.9818e-05
5.94843e-05
5.91573e-05
5.88343e-05
5.85166e-05
5.82298e-05
5.79771e-05
5.77224e-05
5.7466e-05
5.72126e-05
5.69624e-05
5.67193e-05
5.64837e-05
5.62557e-05
5.60353e-05
5.58217e-05
5.56109e-05
5.54077e-05
5.52172e-05
5.50582e-05
5.4904e-05
5.47517e-05
5.46016e-05
5.44539e-05
5.43089e-05
5.41669e-05
5.40272e-05
5.38887e-05
5.37532e-05
5.36196e-05
5.34898e-05
5.33629e-05
5.32399e-05
5.31207e-05
5.30065e-05
5.2897e-05
5.2792e-05
5.26908e-05
5.25931e-05
5.24988e-05
5.24085e-05
5.23223e-05
5.224e-05
5.2161e-05
5.20851e-05
5.20127e-05
5.19631e-05
5.19893e-05
5.20113e-05
5.20203e-05
5.20071e-05
5.19779e-05
5.19401e-05
5.1893e-05
5.1839e-05
5.17818e-05
5.17223e-05
5.16619e-05
5.16011e-05
5.15406e-05
5.14819e-05
5.14252e-05
5.13708e-05
5.13179e-05
5.12668e-05
5.12164e-05
5.11681e-05
5.11224e-05
5.1079e-05
5.10378e-05
5.09986e-05
5.09614e-05
5.09258e-05
5.08917e-05
5.08591e-05
5.0828e-05
5.07981e-05
5.07694e-05
5.07419e-05
5.07151e-05
5.06894e-05
5.0665e-05
5.06416e-05
5.06192e-05
5.05975e-05
5.05768e-05
5.05567e-05
5.05372e-05
5.05186e-05
5.05006e-05
5.04833e-05
5.04668e-05
5.04508e-05
5.04355e-05
5.04207e-05
5.04066e-05
5.03929e-05
5.03797e-05
5.03671e-05
5.03549e-05
5.03432e-05
5.03318e-05
5.03208e-05
5.03101e-05
5.02998e-05
5.02898e-05
5.02802e-05
5.0271e-05
5.02621e-05
5.02535e-05
5.02452e-05
5.02372e-05
5.02302e-05
5.0224e-05
5.02178e-05
5.02114e-05
5.02052e-05
5.0199e-05
5.0193e-05
5.01871e-05
5.01813e-05
5.01755e-05
5.01699e-05
5.01645e-05
5.01592e-05
5.0154e-05
5.0149e-05
5.01442e-05
5.01394e-05
5.01348e-05
5.01303e-05

