5e-05
5e-05
5e-05
5e-05
5e-05
5e-05
5e-05
5e-05
5e-05
5e-05
5e-05
5e-05
5e-05
5e-05
5e-05
5e-05
5e-05
5e-05
5e-05
5e-05
5e-05
5e-05
5e-05
5e-05
5e-05
5e-05
5e-05
5e-05
5e-05
5e-05
5e-05
5e-05
5e-05
5e-05
5e-05
5e-05
5e-05
5e-05
5e-05
5e-05
5e-05
5e-05
5e-05
5e-05
5e-05
5e-05
5e-05
5e-05
5e-05
5e-05
5e-05
5e-05
5e-05
5e-05
5e-05
5e-05
5e-05
5e-05
5e-05
5e-05
5e-05
5e-05
5e-05
5e-05
5e-05
5e-05
5e-05
5e-05
5e-05
5e-05
5e-05
5e-05
5e-05
5e-05
5e-05
5e-05
5e-05
5e-05
5e-05
5e-05
5e-05
5e-05
5e-05
5e-05
5e-05
5e-05
5e-05
5e-05
5e-05
5e-05
5e-05
5e-05
5e-05
5e-05
5e-05
5e-05
5e-05
5e-05
5e-05
5e-05
5e-05
5e-05
5e-05
5e-05
5e-05
5e-05
5e-05
5e-05
5e-05
5e-05
5e-05
5e-05
5e-05
5e-05
5e-05
5e-05
5e-05
5e-05
5e-05
5e-05
5e-05
5e-05
5e-05
5e-05
5e-05
5e-05
5e-05
5e-05
5e-05
5e-05
5e-05
5e-05
5e-05
5e-05
6.28555e-05
8.18376e-05
0.000102268
0.000122288
0.000140214
0.000155164
0.000167274
0.000176916
0.000184423
0.000190434
0.000196908
0.000202241
0.000206034
0.000208422
0.000209607
0.000209775
0.000209091
0.0002077
0.000206902
0.000208199
0.000209021
0.000208902
0.000207913
0.000206191
0.000203863
0.000201047
0.000197842
0.000194334
0.000190599
0.000186698
0.000182686
0.000178607
0.000174498
0.00017039
0.000166309
0.000162276
0.000158306
0.000154414
0.00015061
0.000146901
0.000143293
0.000139791
0.000136397
0.000133113
0.000129939
0.000126875
0.00012392
0.000121072
0.00011833
0.000115691
0.000113153
0.000110712
0.000108367
0.000106114
0.00010395
0.000101872
9.98773e-05
9.79625e-05
9.61248e-05
9.43612e-05
9.26688e-05
9.10449e-05
8.94867e-05
8.79916e-05
8.6557e-05
8.51803e-05
8.38593e-05
8.25915e-05
8.13748e-05
8.02071e-05
7.90861e-05
7.801e-05
7.69769e-05
7.5985e-05
7.50324e-05
7.41176e-05
7.32389e-05
7.23947e-05
7.15838e-05
7.08045e-05
7.00556e-05
6.93358e-05
6.86439e-05
6.79787e-05
6.73391e-05
6.6724e-05
6.61324e-05
6.55633e-05
6.52294e-05
6.63073e-05
6.92072e-05
6.87023e-05
6.81938e-05
6.78173e-05
6.74794e-05
6.71333e-05
6.67595e-05
6.63537e-05
6.59187e-05
6.54603e-05
6.49852e-05
6.44995e-05
6.40087e-05
6.35176e-05
6.303e-05
6.25488e-05
6.20764e-05
6.16148e-05
6.11652e-05
6.07393e-05
6.03923e-05
6.00634e-05
5.97333e-05
5.9402e-05
5.90718e-05
5.8745e-05

