5e-05
5e-05
5e-05
5e-05
5e-05
5e-05
5e-05
5e-05
5e-05
5e-05
5e-05
5e-05
5e-05
5e-05
5e-05
5e-05
5e-05
5e-05
5e-05
5e-05
5e-05
5e-05
5e-05
5e-05
5e-05
5e-05
5e-05
5e-05
5e-05
5e-05
5e-05
5e-05
5e-05
5e-05
5e-05
5e-05
5e-05
5e-05
5e-05
5e-05
5e-05
5e-05
5e-05
5e-05
5e-05
5e-05
5e-05
5e-05
5e-05
5e-05
5e-05
5e-05
5e-05
5e-05
5e-05
5e-05
5e-05
5e-05
5e-05
5e-05
5e-05
5e-05
5e-05
5e-05
5e-05
5e-05
5e-05
5e-05
5e-05
5e-05
5e-05
5e-05
5e-05
5e-05
5e-05
5e-05
5e-05
5e-05
5e-05
5e-05
5e-05
5e-05
5e-05
5e-05
5e-05
5e-05
5e-05
5e-05
5e-05
5e-05
5e-05
5e-05
5e-05
5e-05
5e-05
5e-05
5e-05
5e-05
5e-05
5e-05
5e-05
5e-05
5e-05
5e-05
5e-05
5e-05
5e-05
5e-05
5e-05
5e-05
5e-05
5e-05
5e-05
5e-05
5e-05
5e-05
5e-05
5e-05
5e-05
5.0139e-05
5.56447e-05
6.44873e-05
7.37125e-05
8.24367e-05
9.02338e-05
9.69377e-05
0.00010267
0.000107541
0.000111645
0.000114981
0.000117719
0.00011995
0.000121653
0.00012289
0.000123799
0.000124701
0.000131712
0.00016412
0.000204426
0.000210233
0.000210123
0.000207467
0.000203695
0.000199435
0.000194843
0.00019012
0.0001854
0.000180749
0.000176201
0.000171777
0.000167489
0.000163367
0.000159393
0.000155554
0.000151848
0.00014828
0.000144845
0.000141531
0.000138346
0.000135273
0.000132318
0.000129473
0.000126727
0.000124087
0.000121545
0.000119093
0.000116732
0.000114458
0.00011227
0.000110162
0.000108129
0.000106174
0.000104289
0.000102481
0.000100734
9.90476e-05
9.75019e-05
9.61646e-05
9.48142e-05
9.34543e-05
9.20985e-05
9.07599e-05
8.94526e-05
8.81788e-05
8.6939e-05
8.57334e-05
8.45672e-05
8.344e-05
8.23484e-05
8.1292e-05
8.02717e-05
7.92876e-05
7.83368e-05
7.74207e-05
7.65368e-05
7.56822e-05
7.48573e-05
7.41071e-05
7.34607e-05
7.2804e-05
7.21394e-05
7.14743e-05
7.0815e-05
7.01665e-05
6.95317e-05
6.89122e-05
6.831e-05
6.7725e-05
6.71586e-05
6.661e-05
6.60795e-05
6.55659e-05
6.50691e-05
6.45892e-05
6.41248e-05
6.3676e-05
6.32427e-05
6.28735e-05
6.25322e-05
6.21846e-05
6.18326e-05
6.14805e-05
6.11315e-05
6.07879e-05
6.04511e-05
6.01226e-05
5.98029e-05
5.94926e-05
5.91916e-05
5.89001e-05
5.86177e-05
5.83447e-05
5.80806e-05
5.78251e-05
5.7578e-05
5.73388e-05
5.71075e-05
5.68838e-05
5.66673e-05
5.6458e-05
5.62556e-05
5.60599e-05
5.58703e-05
5.56869e-05
5.55093e-05
5.53374e-05
5.5171e-05
5.50099e-05
5.48541e-05
5.47033e-05

