5e-05
5e-05
5e-05
5e-05
5e-05
5e-05
5e-05
5.00648e-05
5.49549e-05
6.31928e-05
7.18498e-05
8.00587e-05
8.8037e-05
9.53641e-05
0.000102499
0.000108759
0.00011395
0.00011819
0.000121593
0.000124092
0.00012625
0.000127793
0.000128782
0.000129203
0.000129243
0.000129018
0.000128609
0.000128057
0.00012737
0.000126481
0.000125466
0.000124393
0.000123265
0.000122049
0.000120707
0.000119333
0.000117967
0.000116594
0.000115183
0.000113785
0.000112407
0.000111047
0.000109704
0.000108381
0.000107433
0.000106523
0.000105509
0.000104526
0.00010377
0.000102897
0.000101891
0.000100773
9.95036e-05
9.81799e-05
9.68672e-05
9.55704e-05
9.45499e-05
9.35986e-05
9.28262e-05
9.19618e-05
9.09513e-05
8.98908e-05
8.88194e-05
8.7746e-05
8.66766e-05
8.5603e-05
8.45457e-05
8.3672e-05
8.27672e-05
8.18568e-05
8.09492e-05
8.00452e-05
7.91361e-05
7.82413e-05
7.73647e-05
7.6508e-05
7.56722e-05
7.48511e-05
7.40457e-05
7.32648e-05
7.25008e-05
7.17499e-05
7.10194e-05
7.03122e-05
6.96218e-05
6.89526e-05
6.83052e-05
6.76849e-05
6.70894e-05
6.6514e-05
6.59629e-05
6.54345e-05
6.49203e-05
6.44177e-05
6.399e-05
6.35998e-05
6.32102e-05
6.28228e-05
6.24424e-05
6.2068e-05
6.16968e-05
6.13343e-05
6.09787e-05
6.06243e-05
6.02779e-05
5.99403e-05
5.96109e-05
5.92933e-05
5.89857e-05
5.8688e-05
5.8402e-05
5.81271e-05
5.78617e-05
5.77714e-05
6.31113e-05
7.17563e-05
8.07801e-05
8.93e-05
9.68748e-05
0.000103335
0.000108803
0.000113545
0.000118869
0.000124121
0.000128169
0.000130969
0.000132949
0.000134061
0.000134678
0.00013645
0.000143201
0.000149261
0.000154018
0.000156875
0.000157963
0.000157772
0.000157265
0.000156522
0.000154935
0.000152604
0.00014991
0.000147107
0.000144256
0.000141676
0.000140472
0.000157507
0.00018171
0.000183859
0.00017897
0.000172666
0.000166202
0.00015988
0.000153965
0.000148473
0.000143227
0.000138278
0.000133784
0.000129489
0.000125377
0.000121458
0.000117738
0.000114217
0.000110891
0.000107756
0.000104805
0.000102028
9.94095e-05
9.69423e-05
9.46224e-05
9.2438e-05
9.03789e-05
8.84379e-05
8.66091e-05
8.50829e-05
8.43794e-05
8.3451e-05
8.23499e-05
8.11487e-05
7.99006e-05
7.86442e-05
7.74055e-05
7.6201e-05
7.50404e-05
7.39296e-05
7.28716e-05
7.18647e-05
7.09087e-05
7.00016e-05
6.91408e-05
6.8324e-05
6.755e-05
6.68169e-05
6.61206e-05
6.5459e-05
6.48301e-05
6.42322e-05
6.36641e-05
6.3135e-05
6.26763e-05
6.22273e-05
6.17858e-05
6.13543e-05
6.09346e-05
6.05286e-05
6.01368e-05
5.97598e-05
5.93975e-05
5.90506e-05
5.87189e-05
5.84008e-05
5.81043e-05
5.78499e-05
5.75979e-05
5.73467e-05
5.70987e-05
5.68557e-05
5.66187e-05
5.63888e-05
5.61666e-05
5.59522e-05
5.57456e-05
5.55463e-05
5.53546e-05
5.51918e-05
5.50373e-05
5.4882e-05
5.4727e-05
5.45738e-05
5.44233e-05
5.42763e-05
5.41333e-05
5.39947e-05
5.38605e-05
5.37481e-05
5.36401e-05
5.35309e-05
5.3426e-05
5.33353e-05
5.32418e-05
5.31461e-05
5.30495e-05
5.2953e-05
5.28574e-05
5.27636e-05
5.26721e-05
5.25833e-05
5.24971e-05
5.24144e-05
5.23458e-05
5.22783e-05

