5e-05
5e-05
5e-05
5e-05
5e-05
5e-05
5e-05
5e-05
5e-05
5e-05
5e-05
5e-05
5e-05
5e-05
5e-05
5e-05
5e-05
5e-05
5e-05
5e-05
5e-05
5e-05
5e-05
5e-05
5e-05
5e-05
5e-05
5e-05
5e-05
5e-05
5e-05
5e-05
5e-05
5e-05
5e-05
5e-05
5e-05
5e-05
5e-05
5e-05
5e-05
5e-05
5e-05
5e-05
5e-05
5e-05
5e-05
5e-05
5e-05
5e-05
5e-05
5e-05
5e-05
5e-05
5e-05
5e-05
5e-05
5e-05
5e-05
5e-05
5e-05
5e-05
5e-05
5e-05
5e-05
5e-05
5e-05
5e-05
5e-05
5e-05
5e-05
5e-05
5e-05
5e-05
5e-05
5e-05
5e-05
5e-05
5e-05
5e-05
5e-05
5e-05
5e-05
5e-05
5e-05
5e-05
5e-05
5e-05
5e-05
5e-05
5e-05
5e-05
5e-05
5e-05
5e-05
5e-05
5e-05
5e-05
5e-05
5e-05
5e-05
5e-05
5e-05
5.02106e-05
5.59626e-05
6.49149e-05
7.41188e-05
8.28135e-05
9.04687e-05
9.70017e-05
0.000102643
0.000107493
0.000111574
0.000114975
0.000117907
0.000121104
0.000123706
0.000125582
0.000126927
0.000127891
0.000128527
0.000129072
0.000129962
0.000130427
0.00013054
0.00013037
0.00012993
0.000129223
0.000128348
0.000128513
0.000132747
0.000137218
0.000152159
0.000181388
0.000185256
0.000181306
0.000175656
0.000169659
0.000163659
0.00015788
0.000152378
0.00014719
0.000142314
0.000137911
0.00013395
0.000130505
0.000127454
0.000124519
0.000121551
0.000118625
0.000115773
0.000113025
0.000110339
0.000107736
0.000105256
0.000102885
0.000100607
9.84453e-05
9.63927e-05
9.44441e-05
9.25943e-05
9.08457e-05
8.91985e-05
8.7637e-05
8.61327e-05
8.47373e-05
8.35463e-05
8.23942e-05
8.12722e-05
8.01863e-05
7.914e-05
7.81205e-05
7.71165e-05
7.61421e-05
7.51998e-05
7.42903e-05
7.34144e-05
7.25576e-05
7.17324e-05
7.09464e-05
7.01843e-05
6.94427e-05
6.87264e-05
6.80455e-05
6.73936e-05
6.68022e-05
6.63024e-05
6.58171e-05
6.53417e-05
6.48729e-05
6.44065e-05
6.39368e-05
6.34757e-05
6.30298e-05
6.25944e-05
6.21739e-05
6.17675e-05
6.13729e-05
6.09933e-05
6.06281e-05
6.02735e-05
5.99309e-05
5.95977e-05
5.92754e-05
5.89562e-05
5.86447e-05
5.83437e-05
5.80541e-05
5.77761e-05
5.75104e-05
5.72571e-05
5.70153e-05
5.67841e-05
5.65626e-05
5.63501e-05
5.63712e-05
5.64686e-05
5.65034e-05
5.64894e-05
5.64398e-05
5.6359e-05
5.62487e-05
5.61071e-05
5.59408e-05
5.57611e-05
5.55768e-05
5.5391e-05
5.52033e-05
5.50167e-05
5.48341e-05
5.46565e-05
5.44842e-05
5.43177e-05
5.4156e-05
5.39993e-05
5.38488e-05
5.37046e-05
5.35663e-05
5.34338e-05
5.33056e-05
5.31825e-05
5.30636e-05
5.295e-05
5.28415e-05
5.27379e-05
5.26388e-05
5.25441e-05
5.24534e-05
5.23664e-05
5.22822e-05

