5e-05
5e-05
5e-05
5e-05
5e-05
5e-05
5e-05
5e-05
5e-05
5e-05
5e-05
5e-05
5e-05
5e-05
5e-05
5e-05
5e-05
5e-05
5e-05
5e-05
5e-05
5e-05
5e-05
5e-05
5e-05
5e-05
5e-05
5e-05
5e-05
5e-05
5e-05
5e-05
5e-05
5e-05
5e-05
5e-05
5e-05
5e-05
5e-05
5e-05
5e-05
5e-05
5e-05
5e-05
5e-05
5e-05
5e-05
5e-05
5e-05
5e-05
5.18402e-05
6.17805e-05
7.08795e-05
7.83671e-05
8.47777e-05
9.01723e-05
9.47112e-05
9.8564e-05
0.000101861
0.000104706
0.000107107
0.000109064
0.000110729
0.000112117
0.000113248
0.00011417
0.000114902
0.000115431
0.000115801
0.000116025
0.00011609
0.000115974
0.000115747
0.000115422
0.000115006
0.000114506
0.000113926
0.000113272
0.000112552
0.000111745
0.000110856
0.000109903
0.000108919
0.000107909
0.000106877
0.000105826
0.000104736
0.000103626
0.000102508
0.000101365
0.000100224
9.90866e-05
9.79374e-05
9.67996e-05
9.56764e-05
9.45676e-05
9.34546e-05
9.23392e-05
9.12413e-05
9.01671e-05
8.9116e-05
8.80624e-05
8.70191e-05
8.59907e-05
8.49816e-05
8.3996e-05
8.30408e-05
8.21147e-05
8.12158e-05
8.03425e-05
7.94824e-05
7.86302e-05
7.78035e-05
7.70024e-05
7.62152e-05
7.54507e-05
7.47104e-05
7.39883e-05
7.32725e-05
7.25792e-05
7.19095e-05
7.1262e-05
7.06305e-05
7.0015e-05
6.94133e-05
6.88179e-05
6.82385e-05
6.76753e-05
6.7131e-05
6.66075e-05
6.61034e-05
6.56174e-05
6.51482e-05
6.46877e-05
6.42368e-05
6.38018e-05
6.34349e-05
6.31121e-05
6.27856e-05
6.24491e-05
6.21631e-05
6.18981e-05
6.16231e-05
6.13395e-05
6.10495e-05
6.0749e-05
6.04394e-05
6.01312e-05
5.98174e-05
5.95048e-05
5.92009e-05
5.89062e-05
5.86191e-05
5.83357e-05
5.8062e-05
5.77983e-05
5.75445e-05
5.72998e-05
5.70582e-05
5.68223e-05
5.65959e-05
5.63785e-05
5.61668e-05
5.5962e-05
5.57652e-05
5.55748e-05
5.53921e-05
5.52151e-05
5.50419e-05
5.48725e-05
5.47084e-05
5.45501e-05
5.43984e-05
5.42516e-05
5.41106e-05
5.3976e-05
5.38474e-05
5.37243e-05
5.36055e-05
5.34907e-05
5.33805e-05
5.32745e-05
5.31725e-05
5.30742e-05
5.29794e-05
5.28875e-05
5.27976e-05
5.27107e-05
5.26266e-05
5.25444e-05
5.2465e-05
5.23884e-05
5.23145e-05
5.22428e-05
5.21719e-05
5.21021e-05
5.20342e-05
5.19689e-05
5.19062e-05
5.18453e-05
5.17863e-05
5.17293e-05
5.16737e-05
5.16196e-05
5.15677e-05
5.15179e-05
5.14701e-05
5.14242e-05
5.13799e-05
5.13368e-05
5.12951e-05
5.12546e-05
5.1215e-05
5.11759e-05
5.11378e-05
5.11009e-05
5.10656e-05
5.10314e-05
5.09984e-05
5.09665e-05
5.09358e-05
5.0906e-05
5.08771e-05
5.08492e-05
5.08224e-05
5.07966e-05
5.07715e-05
5.0751e-05
5.07312e-05
5.07112e-05
5.06915e-05
5.06721e-05
5.06526e-05
5.06334e-05
5.06145e-05
5.05958e-05
5.05776e-05
5.05596e-05
5.0542e-05
5.05246e-05
5.05078e-05
5.04916e-05
5.04758e-05
5.04603e-05
5.04453e-05
5.04307e-05
5.04166e-05
5.04032e-05
5.03903e-05
5.03779e-05

