5e-05
5e-05
5e-05
5e-05
5e-05
5e-05
5e-05
5e-05
5e-05
5e-05
5e-05
5e-05
5e-05
5e-05
5e-05
5e-05
5e-05
5e-05
5e-05
5e-05
5e-05
5e-05
5e-05
5e-05
5e-05
5e-05
5e-05
5e-05
5e-05
5e-05
5e-05
5e-05
5e-05
5e-05
5e-05
5e-05
5e-05
5e-05
5e-05
5e-05
5e-05
5e-05
5e-05
5e-05
5e-05
5e-05
5e-05
5e-05
5e-05
5e-05
5e-05
5e-05
5e-05
5e-05
5e-05
5e-05
5e-05
5e-05
5e-05
5e-05
5e-05
5e-05
5e-05
5e-05
5e-05
5e-05
5e-05
5e-05
5e-05
5e-05
5e-05
5e-05
5e-05
5e-05
5e-05
5e-05
5e-05
5e-05
5e-05
5e-05
5e-05
5e-05
5e-05
5e-05
5e-05
5e-05
5e-05
5e-05
5e-05
5e-05
5e-05
5e-05
5e-05
5e-05
5e-05
5e-05
5e-05
5e-05
5e-05
5e-05
5e-05
5e-05
5e-05
5e-05
5e-05
5e-05
5e-05
5e-05
5e-05
5e-05
5e-05
5e-05
5e-05
5e-05
5e-05
5e-05
5e-05
5e-05
5e-05
5e-05
5e-05
5e-05
5e-05
5e-05
5e-05
5e-05
5e-05
5e-05
5e-05
5e-05
5e-05
5e-05
5e-05
5e-05
5e-05
7.24309e-05
8.93959e-05
0.000104732
0.000118726
0.000133271
0.000146766
0.000158206
0.000167659
0.00017545
0.000185883
0.000197751
0.000227393
0.000239519
0.000236584
0.000235474
0.000235565
0.000236609
0.00023841
0.000240783
0.000243553
0.000246558
0.000249655
0.000252727
0.000255679
0.000258443
0.000260975
0.000263261
0.000265312
0.000267189
0.000269036
0.000271246
0.000276125
0.000275419
0.000262369
0.000250407
0.000239415
0.000229285
0.000219918
0.000211229
0.000203142
0.000195591
0.000188521
0.000181883
0.000175633
0.000169737
0.000164163
0.000158886
0.000153881
0.000149129
0.000144613
0.000140317
0.000136229
0.000132337
0.000128629
0.000125096
0.000121813
0.000122132
0.000127974
0.00012445
0.000121855
0.000119873
0.000118144
0.000116476
0.000114781
0.000113027
0.00011121
0.000109342
0.000107435
0.0001055
0.000103552
0.000101601
9.96612e-05
9.77416e-05
9.58514e-05
9.39982e-05
9.21881e-05
9.0426e-05
8.87155e-05
8.70594e-05
8.54596e-05
8.39173e-05
8.24329e-05
8.10065e-05
7.96376e-05
7.83254e-05
7.70689e-05
7.58667e-05
7.47174e-05
7.36194e-05
7.2571e-05
7.15704e-05
7.06158e-05
6.97055e-05
6.88375e-05
6.80102e-05
6.72217e-05
6.64703e-05
6.57543e-05
6.50722e-05
6.44222e-05
6.40057e-05
6.46286e-05
6.59748e-05
6.53101e-05
6.48252e-05
6.4429e-05
6.40595e-05
6.41753e-05
6.51968e-05
6.45455e-05
6.41138e-05
6.3865e-05
6.36754e-05
6.34608e-05
6.32016e-05

