5e-05
5e-05
5e-05
5e-05
5e-05
5e-05
5e-05
5e-05
5e-05
5e-05
5e-05
5e-05
5e-05
5e-05
5e-05
5e-05
5e-05
5e-05
5e-05
5e-05
5e-05
5e-05
5e-05
5e-05
5e-05
5e-05
5e-05
5e-05
5e-05
5e-05
5e-05
5e-05
5e-05
5e-05
5e-05
5e-05
5e-05
5e-05
5e-05
5e-05
5e-05
5e-05
5e-05
5e-05
5e-05
5e-05
5e-05
5.03426e-05
5.70623e-05
6.67723e-05
7.64108e-05
8.52527e-05
9.27369e-05
9.89626e-05
0.000104282
0.000108791
0.00011252
0.000115599
0.000118027
0.000119966
0.000121442
0.000122545
0.000123365
0.000123935
0.000124229
0.000124314
0.000124227
0.000123985
0.000123561
0.000122968
0.000122261
0.000121396
0.00012046
0.000119474
0.000118415
0.000117267
0.000116069
0.000115142
0.000114429
0.000113622
0.000112714
0.000111679
0.000110522
0.000109279
0.000107982
0.000106667
0.000105324
0.000103923
0.0001025
0.000101076
9.96876e-05
9.83298e-05
9.70004e-05
9.5711e-05
9.446e-05
9.32449e-05
9.20632e-05
9.10681e-05
9.46291e-05
0.000101327
0.00010832
0.000114871
0.000120585
0.000125311
0.000129118
0.000131937
0.000134039
0.000136085
0.000137847
0.000139067
0.000139841
0.000140227
0.000140221
0.0001399
0.000139317
0.000138422
0.000137376
0.000136181
0.000134873
0.000133496
0.000132066
0.00013059
0.00012908
0.000127498
0.00012582
0.000124108
0.000122374
0.000120619
0.000118897
0.000117207
0.000115526
0.000113895
0.000112672
0.000111463
0.00011032
0.000109424
0.000108381
0.000107242
0.000106429
0.00010586
0.000105089
0.000104123
0.000103032
0.00010181
0.000100494
9.91485e-05
9.80356e-05
9.69112e-05
9.59885e-05
9.70875e-05
0.000102924
0.000116967
0.000118551
0.000116179
0.000112972
0.000109636
0.000106375
0.000103255
0.000100297
9.75072e-05
9.48848e-05
9.24215e-05
9.01087e-05
8.79378e-05
8.59035e-05
8.39973e-05
8.22066e-05
8.05238e-05
7.89432e-05
7.74589e-05
7.60632e-05
7.47513e-05
7.35166e-05
7.23541e-05
7.12596e-05
7.02299e-05
6.92593e-05
6.83441e-05
6.74808e-05
6.66669e-05
6.58999e-05
6.51761e-05
6.44922e-05
6.38449e-05
6.32323e-05
6.26534e-05
6.21066e-05
6.15886e-05
6.10975e-05
6.06311e-05
6.01885e-05
5.9768e-05
5.93681e-05
5.89877e-05
5.86257e-05
5.83101e-05
5.80144e-05
5.77236e-05
5.7439e-05
5.7162e-05
5.68935e-05
5.66347e-05
5.63856e-05
5.61468e-05
5.59177e-05
5.56981e-05
5.54879e-05
5.52867e-05
5.50946e-05
5.49103e-05
5.47335e-05
5.45638e-05
5.4401e-05
5.4245e-05
5.40954e-05
5.39518e-05
5.38139e-05
5.36815e-05
5.35546e-05
5.34328e-05
5.33156e-05
5.32028e-05
5.30944e-05
5.29904e-05
5.28905e-05
5.27942e-05
5.27014e-05
5.26119e-05
5.25256e-05
5.24423e-05
5.23621e-05
5.23433e-05
5.236e-05
5.23509e-05
5.23198e-05
5.22717e-05
5.22133e-05
5.21481e-05
5.208e-05
5.20462e-05
5.20552e-05
5.20404e-05
5.20031e-05
5.19524e-05
5.18945e-05
5.18393e-05
5.17829e-05
5.17238e-05
5.1668e-05
5.1667e-05

