5e-05
5e-05
5e-05
5e-05
5e-05
5e-05
5e-05
5e-05
5e-05
5e-05
5e-05
5e-05
5e-05
5e-05
5e-05
5e-05
5e-05
5e-05
5e-05
5e-05
5e-05
5e-05
5e-05
5e-05
5e-05
5e-05
5e-05
5e-05
5e-05
5e-05
5e-05
5e-05
5e-05
5e-05
5e-05
5e-05
5e-05
5e-05
5e-05
5e-05
5e-05
5e-05
5e-05
5e-05
5e-05
5e-05
5e-05
5e-05
5e-05
5e-05
5e-05
5e-05
5e-05
5e-05
5e-05
5e-05
5e-05
5e-05
5e-05
5e-05
5e-05
5e-05
5e-05
5e-05
5e-05
5e-05
5e-05
5e-05
5e-05
5e-05
5e-05
5e-05
5e-05
5e-05
5e-05
5e-05
5e-05
5e-05
5e-05
5e-05
5e-05
5e-05
5e-05
5e-05
5e-05
5e-05
5e-05
5e-05
5e-05
5e-05
5e-05
5e-05
5e-05
5e-05
5e-05
5e-05
5e-05
5e-05
5e-05
5e-05
5e-05
5e-05
5e-05
5e-05
5e-05
5e-05
5e-05
5e-05
5e-05
5e-05
5e-05
5e-05
5e-05
5e-05
5e-05
5e-05
5e-05
5e-05
5e-05
5e-05
5e-05
5e-05
5e-05
5e-05
5e-05
5e-05
5e-05
5e-05
5e-05
5e-05
5e-05
5e-05
5e-05
5e-05
5e-05
5e-05
5e-05
5e-05
5e-05
5e-05
5e-05
5.355e-05
7.61236e-05
9.33783e-05
0.000108682
0.000122118
0.000133422
0.000142529
0.000149787
0.000164602
0.000210095
0.000213608
0.000216217
0.000224726
0.000236871
0.00024895
0.000262402
0.000277716
0.000303402
0.000292203
0.000282368
0.00027361
0.000265614
0.000258221
0.000251314
0.000244798
0.000238594
0.00023264
0.000226885
0.000221293
0.000215833
0.000210487
0.00020524
0.000200085
0.000195019
0.000190041
0.000185153
0.000180358
0.000175661
0.000171065
0.000166577
0.000162199
0.000157936
0.000153791
0.000149767
0.000145865
0.000142088
0.000138435
0.000134906
0.000131501
0.000128219
0.000125057
0.000122015
0.00011909
0.000116581
0.000114393
0.000112246
0.000110104
0.000107977
0.000105876
0.000103811
0.000101791
9.98214e-05
9.79068e-05
9.60502e-05
9.42535e-05
9.25179e-05
9.08436e-05
8.92305e-05
8.7678e-05
8.61851e-05
8.47505e-05
8.33729e-05
8.20505e-05
8.07819e-05
7.95651e-05
7.83985e-05
7.72801e-05
7.62082e-05
7.5181e-05
7.41966e-05
7.32535e-05
7.23497e-05
7.14838e-05
7.06541e-05
6.98591e-05
6.90972e-05
6.83671e-05
6.76673e-05
6.69965e-05
6.63535e-05
6.57624e-05
6.53e-05
6.48607e-05
6.44169e-05
6.39687e-05
6.35238e-05
6.31781e-05
6.28594e-05
6.25258e-05
6.21768e-05
6.18178e-05
6.15771e-05
6.14414e-05
6.12763e-05
6.10684e-05
6.08256e-05
6.05571e-05
6.02704e-05
5.99718e-05

