5e-05
5e-05
5e-05
5e-05
5e-05
5e-05
5e-05
5e-05
5e-05
5e-05
5e-05
5e-05
5e-05
5e-05
5e-05
5e-05
5e-05
5e-05
5e-05
5e-05
5e-05
5e-05
5e-05
5e-05
5e-05
5e-05
5e-05
5e-05
5e-05
5e-05
5e-05
5e-05
5e-05
5e-05
5e-05
5e-05
5e-05
5e-05
5e-05
5e-05
5e-05
5e-05
5e-05
5e-05
5e-05
5e-05
5e-05
5e-05
5e-05
5e-05
5e-05
5e-05
5e-05
5e-05
5e-05
5e-05
5e-05
5e-05
5e-05
5e-05
5e-05
5e-05
5e-05
5e-05
5e-05
5e-05
5e-05
5e-05
5e-05
5e-05
5e-05
5e-05
5e-05
5e-05
5e-05
5e-05
5e-05
5e-05
5e-05
5e-05
5e-05
5e-05
5e-05
5e-05
5e-05
5e-05
5e-05
5e-05
5e-05
5e-05
5e-05
5e-05
5e-05
5e-05
5e-05
5e-05
5e-05
5e-05
5e-05
5e-05
5e-05
5e-05
5e-05
5e-05
5e-05
5e-05
5e-05
5e-05
5e-05
5e-05
5e-05
5e-05
5e-05
5e-05
5e-05
5e-05
5e-05
5e-05
5e-05
5e-05
5e-05
5e-05
5e-05
5e-05
5e-05
5e-05
5e-05
5e-05
5e-05
5e-05
5e-05
5e-05
5e-05
5e-05
5e-05
5e-05
5e-05
5e-05
5e-05
5e-05
5e-05
5e-05
5e-05
5e-05
5e-05
5e-05
5e-05
5e-05
5e-05
5e-05
5e-05
5e-05
5.3099e-05
6.073e-05
6.9243e-05
7.74916e-05
8.4884e-05
9.12911e-05
9.68215e-05
0.000101606
0.00010575
0.000109315
0.000112278
0.000114573
0.000116334
0.000117724
0.000118809
0.000119632
0.000120164
0.000120479
0.000120592
0.000120525
0.000120309
0.000119968
0.000119459
0.000118815
0.000118102
0.000117329
0.000116504
0.000115625
0.000114664
0.00011366
0.000112625
0.000111562
0.000110422
0.000109244
0.000108033
0.000106813
0.000105574
0.000104345
0.000103122
0.000101873
0.000100634
9.94016e-05
9.81814e-05
9.69776e-05
9.5784e-05
9.46161e-05
9.34738e-05
9.23558e-05
9.12609e-05
9.0188e-05
8.91362e-05
8.81001e-05
8.70611e-05
8.60205e-05
8.50036e-05
8.40036e-05
8.30332e-05
8.31478e-05
8.39513e-05
8.44674e-05
8.45741e-05
8.4385e-05
8.39509e-05
8.33598e-05
8.26391e-05
8.17824e-05
8.08466e-05
7.98647e-05
7.88453e-05
7.78302e-05
7.68376e-05
7.58724e-05
7.49272e-05
7.39963e-05
7.30985e-05
7.22394e-05
7.1418e-05
7.06287e-05
6.98696e-05
6.91399e-05
6.84399e-05
6.77719e-05
6.71308e-05
6.65149e-05
6.59291e-05
6.54401e-05
6.49755e-05
6.45188e-05
6.40656e-05
6.36166e-05
6.31693e-05
6.27223e-05
6.22887e-05
6.18704e-05
6.14669e-05
6.10737e-05
6.06946e-05
6.03299e-05

