5e-05
5e-05
5e-05
5e-05
5e-05
5e-05
5e-05
5e-05
5e-05
5e-05
5e-05
5e-05
5e-05
5e-05
5e-05
5e-05
5e-05
5e-05
5e-05
5e-05
5e-05
5e-05
5e-05
5e-05
5e-05
5e-05
5e-05
5e-05
5e-05
5e-05
5e-05
5e-05
5e-05
5e-05
5e-05
5e-05
5e-05
5e-05
5e-05
5e-05
5e-05
5e-05
5e-05
5e-05
5e-05
5e-05
5e-05
5e-05
5e-05
5e-05
5e-05
5e-05
5e-05
5e-05
5e-05
5e-05
5e-05
5e-05
5e-05
5e-05
5e-05
5e-05
5e-05
5e-05
5e-05
5e-05
5e-05
5e-05
5e-05
5e-05
5e-05
5e-05
5e-05
5e-05
5e-05
5e-05
5e-05
5e-05
5e-05
5e-05
5e-05
5e-05
5e-05
5e-05
5e-05
5e-05
5e-05
5e-05
5e-05
5e-05
5e-05
5e-05
5e-05
5e-05
5e-05
5e-05
5e-05
5e-05
5e-05
5e-05
5e-05
5e-05
5e-05
5e-05
5e-05
5e-05
5e-05
5e-05
5e-05
5e-05
5e-05
5e-05
5e-05
5e-05
5e-05
5e-05
5e-05
5e-05
5e-05
5e-05
5e-05
5e-05
5e-05
5e-05
5.2684e-05
5.81639e-05
6.40832e-05
6.97409e-05
7.52799e-05
8.04453e-05
8.47877e-05
8.84116e-05
9.14263e-05
9.39255e-05
9.59912e-05
9.77855e-05
9.98686e-05
0.000102002
0.000103873
0.000106071
0.000107524
0.00010835
0.000108877
0.000109589
0.000110165
0.000110233
0.000110063
0.000109861
0.000109315
0.000108502
0.000107524
0.000106439
0.000105332
0.000104458
0.000103477
0.00010239
0.000101228
0.00010002
9.87876e-05
9.7546e-05
9.63063e-05
9.50758e-05
9.38604e-05
9.26651e-05
9.14934e-05
9.03461e-05
8.9221e-05
8.81182e-05
8.70392e-05
8.59861e-05
8.49595e-05
8.39569e-05
8.29784e-05
8.2024e-05
8.10941e-05
8.01889e-05
7.93082e-05
7.84507e-05
7.76164e-05
7.68045e-05
7.60149e-05
7.52466e-05
7.45002e-05
7.37746e-05
7.30692e-05
7.23833e-05
7.17164e-05
7.10686e-05
7.04723e-05
6.99808e-05
6.94793e-05
6.89641e-05
6.84412e-05
6.79169e-05
6.73953e-05
6.68795e-05
6.6371e-05
6.59585e-05
6.61895e-05
6.63075e-05
6.6238e-05
6.61106e-05
6.58829e-05
6.55589e-05
6.51562e-05
6.47129e-05
6.42466e-05
6.37713e-05
6.32965e-05
6.28291e-05
6.23731e-05
6.19299e-05
6.15002e-05
6.10858e-05
6.06863e-05
6.03022e-05
5.99335e-05
5.95797e-05
5.92398e-05
5.89136e-05
5.86006e-05
5.82999e-05
5.8011e-05
5.77337e-05
5.74673e-05
5.72114e-05
5.69654e-05
5.67289e-05
5.65014e-05
5.62823e-05
5.60712e-05
5.5868e-05
5.56723e-05
5.54835e-05
5.53014e-05
5.51257e-05
5.49564e-05
5.47934e-05
5.46363e-05
5.4485e-05
5.4339e-05
5.41982e-05
5.40621e-05
5.39304e-05
5.38034e-05
5.36808e-05
5.35625e-05
5.3448e-05
5.33374e-05
5.32303e-05

