5e-05
5e-05
5e-05
5e-05
5e-05
5e-05
5e-05
5e-05
5e-05
5e-05
5e-05
5e-05
5e-05
5e-05
5e-05
5e-05
5e-05
5e-05
5e-05
5e-05
5e-05
5e-05
5e-05
5e-05
5e-05
5e-05
5e-05
5e-05
5e-05
5e-05
5e-05
5e-05
5e-05
5e-05
5e-05
5e-05
5e-05
5e-05
5e-05
5e-05
5e-05
5e-05
5e-05
5e-05
5e-05
5e-05
5e-05
5e-05
5e-05
5e-05
5e-05
5e-05
5e-05
5e-05
5e-05
5e-05
5e-05
5e-05
5e-05
5e-05
5e-05
5e-05
5e-05
5e-05
5e-05
5e-05
5e-05
5e-05
5e-05
5e-05
5e-05
5e-05
5e-05
5e-05
5e-05
5e-05
5e-05
5e-05
5e-05
5e-05
5e-05
5e-05
5e-05
5e-05
5e-05
5e-05
5e-05
5e-05
5e-05
5e-05
5e-05
5e-05
5e-05
5e-05
5e-05
5e-05
5e-05
5e-05
5e-05
5e-05
5e-05
5e-05
5e-05
5e-05
5e-05
5e-05
5e-05
5e-05
5e-05
5e-05
5e-05
5e-05
5e-05
5e-05
5e-05
5e-05
5e-05
5e-05
5e-05
5e-05
5e-05
5e-05
5e-05
5e-05
5e-05
5e-05
5e-05
5e-05
5e-05
5e-05
5e-05
5e-05
5e-05
5.0387e-05
5.60186e-05
6.49991e-05
7.45548e-05
8.35447e-05
9.16672e-05
9.92021e-05
0.000105501
0.000110953
0.000116731
0.000122028
0.000126707
0.000130701
0.000133857
0.000137882
0.000140891
0.000142541
0.000143327
0.000143566
0.00014401
0.000144126
0.000143804
0.000143073
0.000141953
0.000140689
0.000139215
0.00013756
0.000135822
0.000134044
0.000132254
0.000130557
0.000129186
0.000127709
0.000126154
0.000124568
0.000122889
0.000121165
0.000119429
0.000117684
0.000115964
0.000114542
0.000113272
0.000111898
0.000110471
0.000109027
0.000107516
0.000106003
0.000104467
0.000102928
0.000101406
9.99146e-05
9.84263e-05
9.69642e-05
9.55504e-05
9.41849e-05
9.28652e-05
9.15887e-05
9.03526e-05
8.91547e-05
8.79882e-05
8.68248e-05
8.56808e-05
8.45769e-05
8.35128e-05
8.24818e-05
8.14757e-05
8.05017e-05
7.95513e-05
7.86342e-05
7.7739e-05
7.68734e-05
7.60231e-05
7.51971e-05
7.43874e-05
7.36039e-05
7.28457e-05
7.21112e-05
7.14035e-05
7.0718e-05
7.00604e-05
6.94279e-05
6.88135e-05
6.82226e-05
6.76977e-05
6.72379e-05
6.67743e-05
6.63124e-05
6.58443e-05
6.53733e-05
6.48963e-05
6.44295e-05
6.39778e-05
6.35405e-05
6.31119e-05
6.26922e-05
6.2287e-05
6.18943e-05
6.15092e-05
6.1133e-05
6.07706e-05
6.04165e-05
6.0072e-05
5.97421e-05
5.94242e-05
5.91106e-05
5.88051e-05
5.85289e-05
5.83012e-05
5.80744e-05
5.78703e-05
5.76889e-05
5.75008e-05
5.73091e-05
5.71122e-05
5.69084e-05
5.67054e-05
5.65035e-05

