5e-05
5e-05
5e-05
5e-05
5e-05
5e-05
5e-05
5e-05
5e-05
5e-05
5e-05
5e-05
5e-05
5e-05
5e-05
5e-05
5e-05
5e-05
5e-05
5e-05
5e-05
5e-05
5e-05
5e-05
5e-05
5e-05
5e-05
5e-05
5e-05
5e-05
5e-05
5e-05
5e-05
5e-05
5e-05
5e-05
5e-05
5e-05
5e-05
5e-05
5e-05
5e-05
5e-05
5e-05
5e-05
5e-05
5e-05
5.2393e-05
5.97796e-05
6.82954e-05
7.65067e-05
8.40973e-05
9.05515e-05
9.59614e-05
0.000100542
0.000104541
0.000108007
0.00011096
0.000113494
0.000115643
0.000117316
0.000118636
0.000119641
0.000120408
0.00012096
0.00012126
0.000121259
0.000121044
0.000120646
0.000120107
0.000119496
0.000118823
0.000118081
0.000117212
0.000116223
0.000115205
0.000114144
0.000113022
0.000111869
0.000110717
0.000109568
0.000108385
0.000107176
0.000105954
0.000104744
0.000103551
0.000102375
0.000101214
0.000100067
9.89227e-05
9.77704e-05
9.66273e-05
9.54772e-05
9.43053e-05
9.31559e-05
9.20362e-05
9.09323e-05
8.98366e-05
8.87588e-05
8.77119e-05
8.66914e-05
8.56832e-05
8.47031e-05
8.38816e-05
8.31773e-05
8.24404e-05
8.16652e-05
8.08768e-05
8.0089e-05
7.93049e-05
7.85267e-05
7.7756e-05
7.69896e-05
7.6221e-05
7.54666e-05
7.4728e-05
7.39941e-05
7.32766e-05
7.25788e-05
7.19007e-05
7.12382e-05
7.05866e-05
6.99474e-05
6.93224e-05
6.87128e-05
6.81278e-05
6.76596e-05
6.71973e-05
6.67097e-05
6.62216e-05
6.57374e-05
6.52649e-05
6.47996e-05
6.44217e-05
6.413e-05
6.38998e-05
6.37385e-05
6.35402e-05
6.3292e-05
6.30644e-05
6.2837e-05
6.25651e-05
6.23066e-05
6.2612e-05
6.58843e-05
6.76166e-05
6.74279e-05
6.67432e-05
6.59458e-05
6.51195e-05
6.43162e-05
6.35584e-05
6.28793e-05
6.22332e-05
6.16212e-05
6.10559e-05
6.05359e-05
6.00352e-05
5.95585e-05
5.9108e-05
5.86836e-05
5.82792e-05
5.78951e-05
5.75309e-05
5.7185e-05
5.68659e-05
5.6585e-05
5.63177e-05
5.60568e-05
5.58047e-05
5.55622e-05
5.533e-05
5.51083e-05
5.48964e-05
5.46946e-05
5.44999e-05
5.4313e-05
5.41362e-05
5.39692e-05
5.38113e-05
5.36618e-05
5.352e-05
5.33854e-05
5.32573e-05
5.31347e-05
5.3017e-05
5.29077e-05
5.28161e-05
5.27264e-05
5.26372e-05
5.25484e-05
5.24611e-05
5.23753e-05
5.22917e-05
5.22097e-05
5.21298e-05
5.20531e-05
5.19796e-05
5.19092e-05
5.18406e-05
5.17728e-05
5.17076e-05
5.16452e-05
5.15859e-05
5.15294e-05
5.14755e-05
5.14238e-05
5.13741e-05
5.13264e-05
5.12804e-05
5.12392e-05
5.12025e-05
5.11658e-05
5.11293e-05
5.10924e-05
5.10566e-05
5.10219e-05
5.0988e-05
5.0955e-05
5.09231e-05
5.08922e-05
5.08623e-05
5.08332e-05
5.08049e-05
5.0778e-05
5.07556e-05
5.07339e-05
5.07122e-05
5.06903e-05
5.06684e-05
5.0647e-05
5.06262e-05
5.06061e-05
5.05866e-05
5.05678e-05
5.05495e-05
5.05319e-05
5.05159e-05
5.05021e-05
5.04907e-05
5.04788e-05
5.04658e-05
5.04522e-05
5.04382e-05
5.04245e-05
5.04134e-05
5.04025e-05
5.03911e-05
5.03795e-05
5.03681e-05

