5e-05
5e-05
5e-05
5e-05
5e-05
5e-05
5e-05
5e-05
5e-05
5e-05
5e-05
5e-05
5e-05
5e-05
5e-05
5e-05
5e-05
5e-05
5e-05
5e-05
5e-05
5e-05
5e-05
5e-05
5e-05
5e-05
5e-05
5e-05
5e-05
5e-05
5e-05
5e-05
5e-05
5e-05
5e-05
5e-05
5e-05
5e-05
5e-05
5e-05
5e-05
5e-05
5e-05
5e-05
5e-05
5e-05
5e-05
5e-05
5.00591e-05
5.53425e-05
6.53394e-05
7.71549e-05
8.77272e-05
9.6364e-05
0.000103579
0.000110175
0.000116415
0.000121552
0.000125687
0.000128757
0.000130566
0.000131619
0.000132231
0.000132486
0.000132485
0.000132235
0.000131816
0.000131214
0.00013047
0.000129549
0.000128513
0.000127392
0.000126218
0.000125014
0.000125857
0.000128916
0.000131237
0.000132779
0.000133412
0.000133397
0.000132857
0.000131758
0.000130224
0.000128425
0.000126475
0.000125854
0.000127857
0.000130219
0.000150004
0.000158523
0.000155038
0.000149842
0.000144447
0.000139195
0.000134189
0.00012946
0.000125013
0.000120841
0.000116929
0.000113263
0.000109829
0.000106609
0.000103594
0.000100766
9.81121e-05
9.56225e-05
9.3287e-05
9.10918e-05
8.90287e-05
8.70888e-05
8.52627e-05
8.35431e-05
8.1923e-05
8.03978e-05
7.89619e-05
7.76089e-05
7.63319e-05
7.5127e-05
7.39875e-05
7.2909e-05
7.18883e-05
7.09221e-05
7.0009e-05
6.9145e-05
6.83842e-05
6.76731e-05
6.69796e-05
6.63057e-05
6.56901e-05
6.51259e-05
6.45665e-05
6.40155e-05
6.34769e-05
6.29542e-05
6.24498e-05
6.19741e-05
6.15734e-05
6.12226e-05
6.08898e-05
6.06252e-05
6.03289e-05
6.00089e-05
5.96921e-05
5.94201e-05
5.91616e-05
5.88812e-05
5.86013e-05
5.83388e-05
5.80641e-05
5.77825e-05
5.75021e-05
5.72268e-05
5.69631e-05
5.67331e-05
5.6505e-05
5.6278e-05
5.60542e-05
5.58353e-05
5.56227e-05
5.54171e-05
5.52188e-05
5.5028e-05
5.48446e-05
5.46688e-05
5.45003e-05
5.43388e-05
5.41837e-05
5.40348e-05
5.38919e-05
5.37547e-05
5.36232e-05
5.34969e-05
5.33754e-05
5.32587e-05
5.31466e-05
5.30388e-05
5.29353e-05
5.28357e-05
5.27399e-05
5.26477e-05
5.25589e-05
5.24734e-05
5.23912e-05
5.23119e-05
5.22355e-05
5.21619e-05
5.20909e-05
5.20224e-05
5.2812e-05
5.76732e-05
6.38615e-05
7.00225e-05
7.57618e-05
8.08134e-05
8.51814e-05
8.89428e-05
9.21603e-05
9.55789e-05
0.00010355
0.000110158
0.000114854
0.000118691
0.000121366
0.000122941
0.000123578
0.000123603
0.000123177
0.000122432
0.000121459
0.000120333
0.0001191
0.000117786
0.000116411
0.000115003
0.000113569
0.000112125
0.000110681
0.000109242
0.000107809
0.000106388
0.000104983
0.000103593
0.000102222
0.000100871
9.95438e-05
9.82391e-05
9.69581e-05
9.57011e-05
9.44685e-05
9.32598e-05
9.20737e-05
9.09132e-05
8.97779e-05
8.86663e-05
8.75786e-05
8.65144e-05
8.54764e-05
8.44651e-05
8.34798e-05
8.25199e-05
8.15848e-05
8.0674e-05
7.97847e-05
7.89165e-05
7.80715e-05
7.725e-05
7.64512e-05
7.56725e-05
7.49145e-05
7.41752e-05

