5e-05
5e-05
5e-05
5e-05
5e-05
5e-05
5e-05
5e-05
5e-05
5e-05
5e-05
5e-05
5e-05
5e-05
5e-05
5e-05
5e-05
5e-05
5e-05
5e-05
5e-05
5e-05
5e-05
5e-05
5e-05
5e-05
5e-05
5e-05
5e-05
5e-05
5e-05
5e-05
5e-05
5e-05
5e-05
5e-05
5e-05
5e-05
5e-05
5e-05
5e-05
5e-05
5e-05
5e-05
5e-05
5e-05
5e-05
5e-05
5e-05
6.33509e-05
7.99875e-05
9.31915e-05
0.000104951
0.00011537
0.000124124
0.000131334
0.000137219
0.00014196
0.000145714
0.000148614
0.000150776
0.000152299
0.00015327
0.000153764
0.000153847
0.000153575
0.000152998
0.00015216
0.000151098
0.000149847
0.000148435
0.000146889
0.00014523
0.00014348
0.000141656
0.000139773
0.000137845
0.000135883
0.000133898
0.0001319
0.000129896
0.000132348
0.000143722
0.000154536
0.000151816
0.000150291
0.000149185
0.000148067
0.000146746
0.000145165
0.000143419
0.000147012
0.000155528
0.000151616
0.000149236
0.000147496
0.000145836
0.000144007
0.00014193
0.000139611
0.00013709
0.00013442
0.000131651
0.000128827
0.000125986
0.000123349
0.00012109
0.000118859
0.000116602
0.000114333
0.000112072
0.000109833
0.000107631
0.000105475
0.000103372
0.000101499
9.99013e-05
9.83343e-05
9.67603e-05
9.5182e-05
9.36077e-05
9.20454e-05
9.0502e-05
8.89835e-05
8.74949e-05
8.60402e-05
8.46226e-05
8.32445e-05
8.1908e-05
8.06141e-05
7.93637e-05
7.81572e-05
7.69946e-05
7.58756e-05
7.47998e-05
7.4023e-05
7.4928e-05
7.67247e-05
7.56069e-05
7.48029e-05
7.42415e-05
7.38353e-05
7.34124e-05
7.29343e-05
7.23987e-05
7.19288e-05
7.17086e-05
7.17836e-05
7.19073e-05
7.9451e-05
0.000115334
0.000149846
0.00015337
0.000157574
0.000162806
0.000173079
0.000208523
0.0002275
0.000231932
0.000241855
0.000254253
0.000267464
0.000280881
0.000294802
0.000312878
0.000321703
0.000308304
0.000296236
0.000285332
0.000275434
0.000266403
0.00025812
0.000250477
0.000243384
0.000236759
0.000230535
0.000224654
0.000219065
0.000213728
0.000208601
0.000203645
0.000198825
0.000194117
0.000189504
0.000184974
0.000180522
0.000176144
0.000171868
0.000168404
0.000165231
0.000162016
0.000158726
0.000155379
0.000151998
0.000148606
0.00014522
0.000141859
0.000138537
0.000135267
0.00013206
0.000128923
0.000125864
0.000122888
0.000119999
0.000117201
0.000114494
0.00011188
0.00010936
0.000106932
0.000104595
0.000102349
0.000100191
9.81205e-05
9.61339e-05
9.42292e-05
9.24038e-05
9.0697e-05
9.12844e-05
9.60308e-05
9.48592e-05
9.33654e-05
9.22492e-05
9.12717e-05
9.03095e-05
8.93102e-05
8.8259e-05
8.71593e-05
8.60219e-05
8.48599e-05
8.36855e-05
8.25078e-05
8.13342e-05
8.03013e-05
7.96154e-05
7.89466e-05
7.82239e-05
7.74497e-05
7.6636e-05
7.57945e-05
7.50189e-05
7.45306e-05
7.40526e-05
7.3517e-05
7.29253e-05
7.22889e-05
7.16189e-05
7.09256e-05
7.02176e-05
6.95026e-05
6.87867e-05

