5e-05
5e-05
5e-05
5e-05
5e-05
5e-05
5e-05
5e-05
5e-05
5e-05
5e-05
5.00776e-05
5.78457e-05
7.16215e-05
8.46333e-05
9.64562e-05
0.000106635
0.000114724
0.000121156
0.000125808
0.00012881
0.000130659
0.000131925
0.000132485
0.000132673
0.000132669
0.000132508
0.000132211
0.000131733
0.000131042
0.000130189
0.000129227
0.000128198
0.00012711
0.00012592
0.000125794
0.000129527
0.000132636
0.00013483
0.000135975
0.000136266
0.000135982
0.000135164
0.000133863
0.000132266
0.000130452
0.000128479
0.000126321
0.000124058
0.000121725
0.000119253
0.000116822
0.000114437
0.000112127
0.00010991
0.000107787
0.000105753
0.000103794
0.000101911
0.000100096
9.83174e-05
9.65974e-05
9.49591e-05
9.36063e-05
9.23503e-05
9.11243e-05
8.99248e-05
8.87453e-05
8.75652e-05
8.63832e-05
8.52273e-05
8.40866e-05
8.29696e-05
8.18812e-05
8.08175e-05
7.9791e-05
7.87765e-05
7.77935e-05
7.68527e-05
7.59446e-05
7.50761e-05
7.42396e-05
7.34153e-05
7.26182e-05
7.18539e-05
7.11112e-05
7.0402e-05
6.97218e-05
6.90642e-05
6.84326e-05
6.78291e-05
6.72515e-05
6.66977e-05
6.61579e-05
6.56324e-05
6.51776e-05
6.47836e-05
6.43926e-05
6.40026e-05
6.36145e-05
6.32632e-05
6.30143e-05
6.2789e-05
6.25378e-05
6.22629e-05
6.20251e-05
6.17838e-05
6.15036e-05
6.12003e-05
6.08862e-05
6.05657e-05
6.02423e-05
5.99191e-05
5.95923e-05
5.92645e-05
5.89404e-05
5.86256e-05
5.83159e-05
5.80157e-05
5.77277e-05
5.74503e-05
5.71802e-05
5.69274e-05
5.67157e-05
5.65039e-05
5.63181e-05
5.61447e-05
5.59618e-05
5.57938e-05
5.56456e-05
5.5495e-05
5.53384e-05
5.51724e-05
5.50119e-05
5.48753e-05
5.47353e-05
5.45905e-05
5.44466e-05
5.43045e-05
5.41795e-05
5.4063e-05
5.39452e-05
5.38269e-05
5.37069e-05
5.35871e-05
5.34803e-05
5.33714e-05
5.32607e-05
5.31459e-05
5.30303e-05
5.29182e-05
5.28133e-05
5.27213e-05
5.26315e-05
5.25435e-05
5.2455e-05
5.23688e-05
5.22851e-05
5.2204e-05
5.21263e-05
5.20511e-05
5.19774e-05
5.19067e-05
5.1838e-05
5.17719e-05
5.17086e-05
5.16483e-05
5.15909e-05
5.15361e-05
5.14839e-05
5.14333e-05
5.13849e-05
5.13385e-05
5.1294e-05
5.12512e-05
5.12094e-05
5.11688e-05
5.11299e-05
5.10925e-05
5.10566e-05
5.10219e-05
5.09874e-05
5.09535e-05
5.09206e-05
5.0889e-05
5.08588e-05
5.083e-05
5.08034e-05
5.07818e-05
5.07607e-05
5.07388e-05
5.07166e-05
5.06943e-05
5.06724e-05
5.06505e-05
5.06291e-05
5.06084e-05
5.05888e-05
5.05723e-05
5.05561e-05
5.05414e-05
5.05282e-05
5.05142e-05
5.04994e-05
5.04844e-05
5.04695e-05
5.04546e-05
5.04401e-05
5.04256e-05
5.04111e-05
5.03971e-05
5.03834e-05
5.03702e-05
5.03574e-05
5.03451e-05
5.03333e-05
5.03219e-05
5.0311e-05
5.03004e-05
5.02902e-05
5.02802e-05
5.02707e-05
5.02619e-05
5.02636e-05
5.02662e-05
5.02666e-05
5.02653e-05
5.02627e-05
5.02584e-05
5.02527e-05
5.02463e-05
5.02394e-05
5.02321e-05
5.02247e-05
5.0217e-05
5.02092e-05
5.02021e-05
5.01956e-05
5.01892e-05
5.01826e-05
5.01761e-05
5.01696e-05
5.01632e-05
5.0157e-05
5.0151e-05
5.01453e-05
5.01403e-05
5.01359e-05
5.01314e-05
5.0127e-05

