5e-05
5e-05
5e-05
5e-05
5e-05
5e-05
5e-05
5e-05
5e-05
5.00708e-05
5.69154e-05
6.84389e-05
8.0326e-05
9.11122e-05
0.000100356
0.00010805
0.000114403
0.0001196
0.000123802
0.000127432
0.000130343
0.000132453
0.00013379
0.000134277
0.000135147
0.000141595
0.000147781
0.000152853
0.000156296
0.000158322
0.000159426
0.00015959
0.000158855
0.000157437
0.000155546
0.000153309
0.000150875
0.00014831
0.000145664
0.000142947
0.000140184
0.000137442
0.000134742
0.000132094
0.000129505
0.000126982
0.000124527
0.000122142
0.000119827
0.000117584
0.000115401
0.000113246
0.000111246
0.000109449
0.000107981
0.000106524
0.000105171
0.000104036
0.000102847
0.000101557
0.000100069
9.85051e-05
9.69466e-05
9.54221e-05
9.39346e-05
9.25096e-05
9.13046e-05
9.00991e-05
8.90674e-05
8.80772e-05
8.7051e-05
8.59848e-05
8.49147e-05
8.3831e-05
8.27487e-05
8.17206e-05
8.08374e-05
7.99571e-05
7.90753e-05
7.81955e-05
7.73215e-05
7.64556e-05
7.56475e-05
7.4888e-05
7.41308e-05
7.3379e-05
7.26356e-05
7.19032e-05
7.11838e-05
7.05477e-05
6.99538e-05
6.93246e-05
6.86927e-05
6.80731e-05
6.75037e-05
6.70117e-05
6.65189e-05
6.60134e-05
6.55099e-05
6.5008e-05
6.45054e-05
6.40013e-05
6.34996e-05
6.30147e-05
6.25868e-05
6.22061e-05
6.18314e-05
6.14616e-05
6.10967e-05
6.07314e-05
6.03735e-05
6.00248e-05
5.96856e-05
5.93563e-05
5.90368e-05
5.87273e-05
5.84271e-05
5.81325e-05
5.78443e-05
5.75988e-05
5.73705e-05
5.71416e-05
5.69165e-05
5.66952e-05
5.64745e-05
5.62557e-05
5.60429e-05
5.58368e-05
5.56347e-05
5.54395e-05
5.52516e-05
5.50707e-05
5.49123e-05
5.47722e-05
5.46315e-05
5.44853e-05
5.43403e-05
5.42076e-05
5.40913e-05
5.39838e-05
5.38839e-05
5.37816e-05
5.36775e-05
5.35723e-05
5.34669e-05
5.33894e-05
5.33187e-05
5.3247e-05
5.31656e-05
5.30755e-05
5.29809e-05
5.28896e-05
5.28211e-05
5.27554e-05
5.2693e-05
5.26383e-05
5.25742e-05
5.25016e-05
5.24251e-05
5.23428e-05
5.22597e-05
5.21804e-05
5.21104e-05
5.20391e-05
5.19678e-05
5.18959e-05
5.18263e-05
5.17586e-05
5.16928e-05
5.16292e-05
5.15678e-05
5.15084e-05
5.14519e-05
5.14047e-05
5.13649e-05
5.1328e-05
5.12898e-05
5.12509e-05
5.12115e-05
5.11725e-05
5.11335e-05
5.10946e-05
5.10568e-05
5.10202e-05
5.09838e-05
5.09484e-05
5.09142e-05
5.08813e-05
5.08496e-05
5.08189e-05
5.07894e-05
5.07607e-05
5.07332e-05
5.07069e-05
5.06815e-05
5.06571e-05
5.06334e-05
5.06108e-05
5.05892e-05
5.05685e-05
5.05486e-05
5.05296e-05
5.05114e-05
5.04939e-05
5.04769e-05
5.04604e-05
5.04444e-05
5.04289e-05
5.04141e-05
5.03999e-05
5.03864e-05
5.03731e-05
5.03603e-05
5.03481e-05
5.03364e-05
5.03253e-05
5.0316e-05
5.03096e-05
5.03029e-05
5.0296e-05
5.02887e-05
5.02813e-05
5.02738e-05
5.02659e-05
5.0258e-05
5.02499e-05
5.02419e-05
5.02339e-05
5.02261e-05
5.02185e-05
5.02112e-05
5.02053e-05
5.01994e-05
5.01936e-05
5.01877e-05
5.01818e-05
5.0176e-05
5.01703e-05
5.01647e-05
5.01595e-05
5.0155e-05
5.01505e-05
5.01465e-05
5.01425e-05
5.01386e-05
5.01346e-05
5.01305e-05
5.01265e-05
5.01224e-05
5.01184e-05

