5e-05
5e-05
5e-05
5e-05
5e-05
5e-05
5e-05
5.49552e-05
7.32534e-05
8.37725e-05
9.25557e-05
0.000100375
0.000107349
0.000114912
0.000121648
0.000127132
0.000131479
0.000140181
0.000175729
0.00019121
0.000194187
0.000200014
0.000206499
0.000212407
0.000217153
0.000220529
0.000222531
0.00022326
0.000222861
0.000221496
0.000219324
0.000216491
0.000213129
0.000209352
0.000205261
0.000200939
0.000196576
0.000194159
0.000192161
0.00019016
0.000189859
0.000189464
0.000188431
0.000186764
0.000184549
0.000181877
0.000178833
0.000175771
0.000173217
0.000170507
0.000167529
0.000164321
0.000160937
0.000157428
0.000153837
0.00015046
0.000147554
0.000144634
0.000141629
0.000138558
0.000135453
0.000132341
0.000129243
0.000126181
0.000123169
0.000120221
0.000117345
0.000114549
0.000111839
0.000109219
0.00010669
0.000104255
0.000101913
9.96642e-05
9.75069e-05
9.54398e-05
9.34607e-05
9.15674e-05
9.05012e-05
9.37725e-05
9.35512e-05
9.31247e-05
9.36516e-05
9.46042e-05
9.64379e-05
9.65674e-05
9.40661e-05
9.18168e-05
8.97828e-05
8.79316e-05
8.62358e-05
8.5225e-05
8.71855e-05
8.58307e-05
8.44739e-05
8.35183e-05
8.27568e-05
8.20697e-05
8.13938e-05
8.06986e-05
7.99715e-05
7.92098e-05
7.84159e-05
7.7595e-05
7.67533e-05
7.58974e-05
7.50335e-05
7.41674e-05
7.33042e-05
7.24486e-05
7.16042e-05
7.07745e-05
6.99621e-05
6.91691e-05
6.83971e-05
6.76465e-05
6.69172e-05
6.62092e-05
6.55227e-05
6.48579e-05
6.4215e-05
6.35941e-05
6.29952e-05
6.24184e-05
6.18636e-05
6.13305e-05
6.10331e-05
6.15335e-05
6.13812e-05
6.09627e-05
6.06694e-05
6.04179e-05
6.01713e-05
5.99146e-05
5.96431e-05
5.93572e-05
5.90833e-05
5.88412e-05
5.85934e-05
5.83353e-05
5.82435e-05
5.84967e-05
5.80931e-05
5.78134e-05
5.75966e-05
5.74347e-05
5.73512e-05
5.72765e-05
5.71931e-05
5.7096e-05
5.69832e-05
5.68535e-05
5.6707e-05
5.65447e-05
5.63686e-05
5.6181e-05
5.59845e-05
5.57816e-05
5.55804e-05
5.54307e-05
5.52956e-05
5.51589e-05
5.50184e-05
5.48742e-05
5.47267e-05
5.45766e-05
5.44247e-05
5.42717e-05
5.41182e-05
5.39646e-05
5.38114e-05
5.36593e-05
5.35087e-05
5.33604e-05
5.32149e-05
5.30726e-05
5.2934e-05
5.27994e-05
5.2669e-05
5.25432e-05
5.2422e-05
5.23055e-05
5.21937e-05
5.20867e-05
5.19844e-05
5.18872e-05
5.18564e-05
5.1942e-05
5.18426e-05
5.17643e-05
5.16998e-05
5.16417e-05
5.15858e-05
5.15303e-05
5.14749e-05
5.14194e-05
5.1364e-05
5.13093e-05
5.12554e-05
5.12026e-05
5.11512e-05
5.11013e-05
5.1053e-05
5.10066e-05
5.09618e-05
5.09188e-05
5.08774e-05
5.08377e-05
5.07997e-05
5.07632e-05
5.07283e-05
5.06949e-05
5.0663e-05
5.06325e-05
5.06034e-05
5.05757e-05
5.05492e-05
5.0524e-05
5.05e-05
5.04771e-05
5.04553e-05
5.04346e-05
5.04148e-05
5.0396e-05
5.03782e-05
5.03612e-05
5.0345e-05
5.03296e-05
5.0315e-05
5.0301e-05
5.02878e-05
5.02752e-05
5.02632e-05
5.02518e-05
5.02409e-05
5.02306e-05
5.02209e-05
5.02131e-05
5.02057e-05
5.01985e-05
5.01913e-05
5.01842e-05
5.01773e-05
5.01706e-05
5.0164e-05
5.01577e-05
5.01516e-05
5.01457e-05
5.014e-05
5.01345e-05

