5e-05
5e-05
5e-05
5e-05
5e-05
5e-05
5e-05
5.22001e-05
5.98899e-05
6.97686e-05
7.93679e-05
8.80811e-05
9.59403e-05
0.000102861
0.000108843
0.000114536
0.000119219
0.000122936
0.000125709
0.000128169
0.000130001
0.000131095
0.00013142
0.000131159
0.000130661
0.00013003
0.000129299
0.000128483
0.000127532
0.000126416
0.000125184
0.000123887
0.000122556
0.000121166
0.000119771
0.000118384
0.000117017
0.000115667
0.000114312
0.000112928
0.000111531
0.000110131
0.000108741
0.00010761
0.000106629
0.000105607
0.000104544
0.000103398
0.000102201
0.000101293
0.000100284
9.91473e-05
9.78877e-05
9.65795e-05
9.52855e-05
9.39991e-05
9.27351e-05
9.1503e-05
9.02964e-05
8.91125e-05
8.79219e-05
8.67622e-05
8.68648e-05
8.75326e-05
8.78508e-05
8.77498e-05
8.7349e-05
8.67138e-05
8.59197e-05
8.50168e-05
8.4039e-05
8.29895e-05
8.19276e-05
8.08361e-05
7.97179e-05
7.86149e-05
7.75502e-05
7.6522e-05
7.55386e-05
7.46008e-05
7.37064e-05
7.28514e-05
7.20264e-05
7.1238e-05
7.04852e-05
6.97651e-05
6.90683e-05
6.83864e-05
6.77256e-05
6.71634e-05
6.66502e-05
6.61296e-05
6.56098e-05
6.50888e-05
6.45755e-05
6.40813e-05
6.36063e-05
6.31496e-05
6.27102e-05
6.22872e-05
6.18766e-05
6.14756e-05
6.10814e-05
6.06981e-05
6.03311e-05
5.99799e-05
5.96517e-05
5.93757e-05
5.91021e-05
5.88262e-05
5.85544e-05
5.82889e-05
5.8027e-05
5.78071e-05
5.75971e-05
5.73799e-05
5.71631e-05
5.69478e-05
5.67316e-05
5.65192e-05
5.63113e-05
5.61015e-05
5.5915e-05
5.57487e-05
5.56068e-05
5.54538e-05
5.52927e-05
5.51286e-05
5.49665e-05
5.48077e-05
5.46525e-05
5.45013e-05
5.4354e-05
5.42095e-05
5.4068e-05
5.39293e-05
5.3794e-05
5.37073e-05
5.37586e-05
5.38141e-05
5.38454e-05
5.38442e-05
5.38217e-05
5.38048e-05
5.37629e-05
5.36924e-05
5.35947e-05
5.34791e-05
5.33511e-05
5.32195e-05
5.30865e-05
5.29548e-05
5.28278e-05
5.2766e-05
5.27457e-05
5.27058e-05
5.26461e-05
5.25701e-05
5.24835e-05
5.23968e-05
5.23136e-05
5.22292e-05
5.21445e-05
5.21124e-05
5.21103e-05
5.20843e-05
5.20451e-05
5.19954e-05
5.19349e-05
5.18692e-05
5.17992e-05
5.17275e-05
5.16558e-05
5.15857e-05
5.15167e-05
5.14502e-05
5.13868e-05
5.13263e-05
5.12705e-05
5.12555e-05
5.12392e-05
5.12124e-05
5.11802e-05
5.11443e-05
5.11067e-05
5.10675e-05
5.10269e-05
5.09866e-05
5.09471e-05
5.0908e-05
5.08699e-05
5.08333e-05
5.07979e-05
5.07638e-05
5.07306e-05
5.06987e-05
5.06686e-05
5.06401e-05
5.06128e-05
5.05869e-05
5.05624e-05
5.05407e-05
5.05378e-05
5.05351e-05
5.05294e-05
5.05199e-05
5.05069e-05
5.04917e-05
5.04755e-05
5.04587e-05
5.04417e-05
5.0425e-05
5.04087e-05
5.03927e-05
5.0377e-05
5.03616e-05
5.03465e-05
5.03321e-05
5.03184e-05
5.03053e-05
5.02929e-05
5.02812e-05
5.02699e-05
5.02591e-05
5.02488e-05
5.0239e-05
5.02296e-05
5.02208e-05
5.02123e-05
5.02042e-05
5.01966e-05
5.01893e-05
5.01823e-05
5.01756e-05
5.01692e-05
5.01631e-05
5.01574e-05
5.01526e-05
5.01478e-05
5.0143e-05
5.01382e-05
5.01336e-05
5.0129e-05
5.01246e-05
5.01204e-05
5.01163e-05
5.01123e-05
5.01084e-05
5.01045e-05
5.01008e-05

