5e-05
5e-05
5e-05
5e-05
5e-05
5e-05
5e-05
5e-05
5e-05
5e-05
5e-05
5e-05
5e-05
5e-05
5e-05
5e-05
5e-05
5e-05
5e-05
5e-05
5e-05
5e-05
5e-05
5e-05
5e-05
5e-05
5e-05
5e-05
5e-05
5e-05
5e-05
5e-05
5e-05
5e-05
5e-05
5e-05
5e-05
5e-05
5e-05
5e-05
5e-05
5e-05
5e-05
5e-05
5e-05
5e-05
5e-05
5e-05
5e-05
5e-05
5e-05
5e-05
5e-05
5e-05
5e-05
5e-05
5e-05
5e-05
5e-05
5e-05
5e-05
5e-05
5e-05
5e-05
5e-05
5e-05
5e-05
5e-05
5e-05
5e-05
5e-05
5e-05
5e-05
5e-05
5e-05
5e-05
5e-05
5e-05
5e-05
5e-05
5e-05
5e-05
5e-05
5e-05
5e-05
5e-05
5e-05
5e-05
5e-05
5e-05
5e-05
5e-05
5e-05
5e-05
5e-05
5e-05
5e-05
5e-05
5e-05
5e-05
5e-05
5e-05
5e-05
5e-05
5e-05
5e-05
5e-05
5e-05
5e-05
5e-05
5e-05
5e-05
5e-05
5e-05
5e-05
5e-05
5e-05
5e-05
5e-05
5e-05
5e-05
5e-05
5e-05
5e-05
5e-05
5e-05
5e-05
5e-05
5e-05
5e-05
5e-05
5e-05
5e-05
5e-05
5e-05
5e-05
5e-05
5e-05
5e-05
6.90152e-05
8.4841e-05
9.95026e-05
0.000112795
0.000124379
0.000133923
0.000141685
0.00014792
0.000152846
0.000156648
0.000159487
0.000161499
0.000162804
0.000163502
0.000163682
0.000163421
0.000162784
0.000161828
0.000160604
0.000159153
0.000157515
0.00015572
0.000153799
0.000151774
0.000149668
0.0001475
0.000145286
0.000143039
0.000140773
0.000143583
0.000156594
0.000166205
0.000163314
0.000161731
0.000160592
0.000159421
0.000158012
0.000156304
0.000154305
0.000152057
0.000149599
0.000146976
0.000144229
0.000141396
0.000138511
0.000135601
0.000132691
0.0001298
0.000126943
0.000124135
0.000121384
0.000118698
0.000116084
0.000113545
0.000111084
0.000108704
0.000106404
0.000104186
0.000102048
9.99895e-05
9.80095e-05
9.61062e-05
9.42777e-05
9.25219e-05
9.08368e-05
8.92199e-05
8.76692e-05
8.61821e-05
8.47564e-05
8.33898e-05
8.208e-05
8.08247e-05
7.96217e-05
7.8469e-05
7.73643e-05
7.63058e-05
7.52913e-05
7.43192e-05
7.33874e-05
7.24944e-05
7.16383e-05
7.08177e-05
7.00308e-05
6.92764e-05
6.85528e-05
6.78589e-05
6.71932e-05
6.65546e-05
6.59418e-05
6.53538e-05
6.47893e-05
6.42475e-05
6.37273e-05
6.32278e-05
6.2748e-05
6.22872e-05
6.18444e-05
6.1419e-05
6.10102e-05
6.06172e-05
6.02394e-05
5.98766e-05
5.95918e-05
5.93448e-05
5.90947e-05
5.88381e-05
5.85777e-05
5.83552e-05
5.81763e-05
5.79893e-05
5.77891e-05

