5e-05
5e-05
5e-05
5e-05
5e-05
5e-05
5e-05
5e-05
5e-05
5e-05
5e-05
5e-05
6.99211e-05
8.82277e-05
0.000105896
0.000123603
0.000138942
0.000152182
0.000164661
0.000174732
0.000182402
0.000188013
0.000191904
0.000194369
0.000195655
0.00019597
0.000195489
0.000194358
0.0001927
0.000190617
0.000188195
0.000185508
0.000182615
0.000179566
0.000176405
0.000173166
0.000169878
0.000166567
0.000163252
0.000159951
0.000156676
0.00015344
0.000150252
0.000147119
0.000144046
0.000141039
0.000138101
0.000135234
0.000132441
0.000129723
0.000127146
0.000125222
0.000123428
0.00012157
0.000119644
0.000117672
0.000115678
0.000115099
0.000120623
0.000128344
0.000125807
0.000124312
0.000123278
0.000122337
0.000121303
0.0001201
0.000118714
0.000117157
0.000115457
0.000113643
0.000111746
0.000109792
0.000107805
0.000105805
0.00010381
0.000101832
9.9882e-05
9.79698e-05
9.61016e-05
9.42825e-05
9.2774e-05
9.40775e-05
9.75118e-05
9.55005e-05
9.40734e-05
9.29303e-05
9.28304e-05
9.58905e-05
9.38798e-05
9.25763e-05
9.18935e-05
9.13631e-05
9.07618e-05
9.00276e-05
8.91546e-05
8.81585e-05
8.70637e-05
8.58959e-05
8.4679e-05
8.34336e-05
8.2177e-05
8.0923e-05
7.96826e-05
7.84644e-05
7.72748e-05
7.61184e-05
7.49987e-05
7.3918e-05
7.28776e-05
7.18781e-05
7.09197e-05
7.0002e-05
6.91244e-05
6.8286e-05
6.74857e-05
6.67223e-05
6.59945e-05
6.53004e-05
6.46381e-05
6.40054e-05
6.34008e-05
6.28228e-05
6.22699e-05
6.17411e-05
6.12353e-05
6.07515e-05
6.02888e-05
5.98462e-05
5.9423e-05
5.90184e-05
5.86317e-05
5.8262e-05
5.79088e-05
5.7575e-05
5.72994e-05
5.70445e-05
5.67937e-05
5.65457e-05
5.63016e-05
5.60855e-05
5.5938e-05
5.58064e-05
5.56642e-05
5.55109e-05
5.53492e-05
5.5182e-05
5.50117e-05
5.48403e-05
5.46693e-05
5.44998e-05
5.4333e-05
5.41695e-05
5.40098e-05
5.38545e-05
5.37038e-05
5.35578e-05
5.34168e-05
5.32807e-05
5.31496e-05
5.30234e-05
5.29021e-05
5.27856e-05
5.26737e-05
5.25664e-05
5.24634e-05
5.23647e-05
5.22701e-05
5.21795e-05
5.21801e-05
5.23595e-05
5.24838e-05
5.23967e-05
5.23348e-05
5.22833e-05
5.22336e-05
5.21822e-05
5.21277e-05
5.20701e-05
5.20101e-05
5.19481e-05
5.18848e-05
5.18207e-05
5.17565e-05
5.16926e-05
5.16293e-05
5.15671e-05
5.15062e-05
5.14467e-05
5.13888e-05
5.13327e-05
5.12783e-05
5.12259e-05
5.11753e-05
5.11266e-05
5.10797e-05
5.10347e-05
5.09915e-05
5.09501e-05
5.09105e-05
5.08725e-05
5.08361e-05
5.08013e-05
5.0768e-05
5.07361e-05
5.07057e-05
5.06766e-05
5.06488e-05
5.06222e-05
5.05968e-05
5.05725e-05
5.05493e-05
5.05271e-05
5.05059e-05
5.04856e-05
5.04662e-05
5.04477e-05
5.043e-05
5.0413e-05
5.03968e-05
5.03813e-05
5.03664e-05
5.03522e-05
5.03387e-05
5.03256e-05
5.03132e-05
5.03013e-05
5.02898e-05
5.02789e-05
5.02684e-05
5.02583e-05
5.02487e-05
5.02395e-05
5.02306e-05
5.02221e-05
5.02139e-05
5.02061e-05
5.01986e-05
5.01914e-05
5.01845e-05
5.01778e-05
5.01714e-05
5.01664e-05
5.0162e-05
5.01576e-05
5.01531e-05
5.01485e-05
5.01446e-05
5.01414e-05
5.01382e-05
5.01346e-05

