5e-05
5e-05
5e-05
5e-05
5e-05
5e-05
5e-05
5e-05
5e-05
5e-05
5e-05
5e-05
5e-05
5e-05
5e-05
5e-05
5e-05
5e-05
5e-05
5e-05
5e-05
5e-05
5e-05
5e-05
5e-05
5e-05
5e-05
5e-05
5e-05
5e-05
5e-05
5e-05
5e-05
5e-05
5e-05
5e-05
5e-05
5e-05
5e-05
5e-05
5e-05
5e-05
5e-05
5e-05
5e-05
5e-05
5e-05
5e-05
5e-05
5e-05
5e-05
5e-05
5e-05
5e-05
5e-05
5e-05
5e-05
5e-05
5e-05
5e-05
5e-05
5e-05
5e-05
5e-05
5e-05
5e-05
5e-05
5e-05
5e-05
5e-05
5e-05
5e-05
5e-05
5e-05
5e-05
5e-05
5e-05
5e-05
5e-05
5e-05
5e-05
5e-05
5e-05
5e-05
5e-05
5e-05
5e-05
5e-05
5e-05
5e-05
5e-05
5e-05
5e-05
5e-05
5e-05
5e-05
5e-05
5e-05
5e-05
5e-05
5e-05
5e-05
5e-05
5.29822e-05
6.08119e-05
6.97287e-05
7.84613e-05
8.64139e-05
9.32115e-05
9.90031e-05
0.000103911
0.000108137
0.000111703
0.000115028
0.000118543
0.000121405
0.000123662
0.000125434
0.000126775
0.000127733
0.000128332
0.000128551
0.000128451
0.000128558
0.000128633
0.000128285
0.000127684
0.000126813
0.000125762
0.000125751
0.000129554
0.000133221
0.000136566
0.000144261
0.00017386
0.000177794
0.000174022
0.000168601
0.00016283
0.000157129
0.000151662
0.000146477
0.000141598
0.000137015
0.000132716
0.000128684
0.000124909
0.000121622
0.000118522
0.000115562
0.000112743
0.000110011
0.000107402
0.000104931
0.000102595
0.000100343
9.82064e-05
9.61816e-05
9.42695e-05
9.25575e-05
9.10396e-05
8.95616e-05
8.81221e-05
8.67256e-05
8.54835e-05
8.43157e-05
8.31554e-05
8.20216e-05
8.0889e-05
7.97867e-05
7.87059e-05
7.76635e-05
7.66562e-05
7.56911e-05
7.476e-05
7.38688e-05
7.30166e-05
7.22011e-05
7.142e-05
7.06713e-05
6.99484e-05
6.92475e-05
6.85705e-05
6.79221e-05
6.73005e-05
6.66963e-05
6.61032e-05
6.55455e-05
6.50794e-05
6.46226e-05
6.47122e-05
6.49859e-05
6.51293e-05
6.51447e-05
6.50197e-05
6.47957e-05
6.44906e-05
6.4136e-05
6.37307e-05
6.33019e-05
6.28558e-05
6.2389e-05
6.19233e-05
6.14648e-05
6.10075e-05
6.05649e-05
6.01381e-05
5.97276e-05
5.93355e-05
5.89625e-05
5.86048e-05
5.82612e-05
5.79347e-05
5.76313e-05
5.73701e-05
5.71168e-05
5.68706e-05
5.66268e-05
5.63899e-05
5.61617e-05
5.59418e-05
5.57277e-05
5.55191e-05
5.53166e-05
5.51227e-05
5.49372e-05
5.47598e-05
5.45899e-05
5.44252e-05
5.42638e-05
5.41093e-05
5.39611e-05
5.38332e-05
5.37162e-05
5.3601e-05
5.3487e-05
5.3373e-05
5.32589e-05
5.31455e-05
5.30357e-05
5.29294e-05
5.28292e-05
5.27469e-05
5.26665e-05
5.25884e-05
5.2523e-05
5.24571e-05
5.23887e-05
5.23223e-05
5.23524e-05

