5e-05
5e-05
5e-05
5e-05
5e-05
5e-05
5e-05
5e-05
5e-05
5e-05
5e-05
5e-05
5e-05
5e-05
5e-05
5e-05
5e-05
5e-05
5e-05
5e-05
5e-05
5e-05
5e-05
5e-05
5e-05
5e-05
5e-05
5e-05
5e-05
5e-05
5e-05
5e-05
5e-05
5e-05
5e-05
5e-05
5e-05
5e-05
5e-05
5e-05
5e-05
5e-05
5e-05
5e-05
5e-05
5e-05
5.24294e-05
6.06736e-05
7.13123e-05
8.14535e-05
9.03846e-05
9.78859e-05
0.000103933
0.000108863
0.000113005
0.000116447
0.00011921
0.000121414
0.000123053
0.000124278
0.000125109
0.000125629
0.000125919
0.000126009
0.00012587
0.000125564
0.000125124
0.000124563
0.000123854
0.000123007
0.000122073
0.000121008
0.000119893
0.000118748
0.00011755
0.00011628
0.000114976
0.000113943
0.000113126
0.000112229
0.000111246
0.000110151
0.000108947
0.00010767
0.000106348
0.000105014
0.000103661
0.000102257
0.000100838
9.94222e-05
9.80448e-05
9.67007e-05
9.53875e-05
9.41158e-05
9.2884e-05
9.16893e-05
9.05293e-05
8.94113e-05
8.86587e-05
8.80905e-05
8.74572e-05
8.67563e-05
8.59973e-05
8.51908e-05
8.43389e-05
8.34184e-05
8.24719e-05
8.16184e-05
8.08063e-05
7.99781e-05
7.91454e-05
7.83133e-05
7.74752e-05
7.66408e-05
7.58149e-05
7.49837e-05
7.41739e-05
7.33822e-05
7.26116e-05
7.18677e-05
7.115e-05
7.04577e-05
6.97898e-05
6.91373e-05
6.84926e-05
6.78662e-05
6.72582e-05
6.66671e-05
6.61018e-05
6.55605e-05
6.50376e-05
6.45394e-05
6.41343e-05
6.37448e-05
6.33799e-05
6.3074e-05
6.27499e-05
6.24166e-05
6.21551e-05
6.19485e-05
6.17105e-05
6.14417e-05
6.11551e-05
6.0849e-05
6.053e-05
6.02104e-05
5.99403e-05
5.96723e-05
5.94471e-05
5.9616e-05
6.07034e-05
6.33788e-05
6.36507e-05
6.3161e-05
6.25125e-05
6.18413e-05
6.11866e-05
6.0561e-05
5.99686e-05
5.94103e-05
5.88858e-05
5.83934e-05
5.79313e-05
5.74978e-05
5.70918e-05
5.67116e-05
5.63546e-05
5.60192e-05
5.57045e-05
5.5409e-05
5.51313e-05
5.48705e-05
5.46251e-05
5.43942e-05
5.41769e-05
5.39726e-05
5.37801e-05
5.35987e-05
5.34277e-05
5.32666e-05
5.31148e-05
5.29716e-05
5.28364e-05
5.27085e-05
5.25876e-05
5.24733e-05
5.23654e-05
5.22633e-05
5.21665e-05
5.20747e-05
5.19876e-05
5.19048e-05
5.18262e-05
5.17514e-05
5.16803e-05
5.42637e-05
5.9607e-05
6.53906e-05
7.09267e-05
7.59576e-05
8.03226e-05
8.4103e-05
8.73636e-05
9.01751e-05
9.25747e-05
9.46069e-05
9.63128e-05
9.77269e-05
9.88889e-05
9.98052e-05
0.000100499
0.000100994
0.000101313
0.000101479
0.000101505
0.000101405
0.000101193
0.000100882
0.000100491
0.000100022
9.94829e-05
9.88817e-05
9.82301e-05
9.75408e-05
9.68162e-05
9.60544e-05
9.52639e-05
9.44487e-05
9.36123e-05
9.27596e-05
9.18951e-05
9.23438e-05
9.35268e-05
9.40645e-05
9.40483e-05
9.35976e-05
9.28672e-05
9.19368e-05
9.09e-05
9.05991e-05
9.12266e-05
9.12842e-05
9.08042e-05
8.99971e-05
8.89985e-05
8.80396e-05
8.70314e-05
8.59409e-05
8.49083e-05
8.50912e-05

