5e-05
5e-05
5e-05
5e-05
5e-05
5e-05
5e-05
5e-05
5e-05
5e-05
5e-05
5e-05
5e-05
5e-05
5e-05
5e-05
5e-05
5e-05
5e-05
5e-05
5e-05
5e-05
5e-05
5e-05
5e-05
5e-05
5e-05
5e-05
5e-05
5e-05
5e-05
5e-05
5e-05
5e-05
5e-05
5e-05
5e-05
5e-05
5e-05
5e-05
5e-05
5e-05
5e-05
5e-05
5e-05
5e-05
5e-05
5e-05
5e-05
5e-05
5e-05
5e-05
5e-05
5e-05
5e-05
5e-05
5e-05
5e-05
5e-05
5e-05
5e-05
5e-05
5e-05
5e-05
5e-05
5e-05
5e-05
5e-05
5e-05
5e-05
5e-05
5e-05
5e-05
5e-05
5e-05
5e-05
5e-05
5e-05
5e-05
5e-05
5e-05
5e-05
5e-05
5e-05
5e-05
5e-05
5e-05
5e-05
5e-05
5e-05
5e-05
5e-05
5e-05
5e-05
5e-05
5e-05
5e-05
5e-05
5e-05
5e-05
5e-05
5e-05
5e-05
5e-05
5e-05
5e-05
5e-05
5e-05
5e-05
5e-05
5e-05
5e-05
5e-05
5e-05
5e-05
5e-05
5e-05
5e-05
5e-05
5e-05
5e-05
5e-05
5e-05
5e-05
5e-05
5e-05
5e-05
5e-05
5e-05
5e-05
5e-05
5e-05
5e-05
5e-05
5.12188e-05
5.8294e-05
6.71672e-05
7.60097e-05
8.55479e-05
9.50602e-05
0.000103045
0.000109591
0.000114985
0.000119266
0.000122606
0.000125266
0.000128141
0.000130479
0.000133012
0.000141689
0.000165367
0.000215344
0.000224508
0.000220508
0.000213511
0.000205831
0.000198152
0.000190706
0.00018358
0.000176811
0.000170408
0.00016436
0.00015865
0.000153262
0.000148191
0.000143417
0.000138909
0.000134651
0.000130632
0.00012684
0.000123257
0.000119873
0.000116672
0.000113644
0.000110779
0.000108071
0.000105506
0.000103076
0.000100773
9.85915e-05
9.65269e-05
9.45699e-05
9.27121e-05
9.09456e-05
8.92654e-05
8.76711e-05
8.61591e-05
8.47204e-05
8.335e-05
8.2043e-05
8.0797e-05
7.96082e-05
7.84725e-05
7.73875e-05
7.63509e-05
7.54544e-05
7.46125e-05
7.37773e-05
7.29539e-05
7.21473e-05
7.13615e-05
7.06001e-05
6.98643e-05
6.91565e-05
6.84748e-05
6.78192e-05
6.71895e-05
6.6585e-05
6.60064e-05
6.54497e-05
6.49139e-05
6.43983e-05
6.39024e-05
6.34261e-05
6.29683e-05
6.25276e-05
6.21035e-05
6.16956e-05
6.13039e-05
6.09269e-05
6.05634e-05
6.0213e-05
5.98756e-05
5.95515e-05
5.92396e-05
5.89383e-05
5.86475e-05
5.83668e-05
5.80956e-05
5.78336e-05
5.75806e-05
5.75268e-05
5.7588e-05
5.75645e-05
5.74689e-05
5.73179e-05
5.71332e-05
5.69258e-05
5.67086e-05
5.66027e-05
5.66355e-05
5.65906e-05
5.64722e-05
5.63105e-05
5.61247e-05
5.59478e-05
5.57667e-05
5.55766e-05
5.53973e-05
5.53956e-05

