5e-05
5e-05
5e-05
5e-05
5e-05
5e-05
5e-05
5e-05
5e-05
5.03222e-05
5.61335e-05
6.47692e-05
7.45237e-05
8.52712e-05
9.46446e-05
0.000102587
0.000109268
0.000114835
0.000119342
0.000122776
0.000125387
0.000127355
0.000128573
0.000129107
0.000129324
0.000129329
0.00012917
0.000128868
0.000128438
0.000127858
0.000127158
0.000126373
0.000125491
0.000124473
0.000123399
0.000122288
0.000121143
0.000119968
0.000118718
0.000117419
0.000116112
0.00011696
0.000119807
0.000122208
0.000123853
0.000125014
0.000125784
0.000126178
0.000126176
0.000125751
0.000125094
0.000124616
0.000137419
0.000152537
0.000153456
0.00014995
0.000145289
0.000140419
0.000135637
0.000131039
0.000126629
0.000122463
0.000118554
0.000114898
0.000111489
0.000108306
0.000105333
0.000102553
9.9958e-05
9.75279e-05
9.52524e-05
9.31196e-05
9.11211e-05
8.92411e-05
8.74772e-05
8.58044e-05
8.42247e-05
8.27263e-05
8.13105e-05
7.99702e-05
7.87071e-05
7.75058e-05
7.63482e-05
7.5247e-05
7.42088e-05
7.3228e-05
7.22958e-05
7.14099e-05
7.05608e-05
6.97565e-05
6.89938e-05
6.82648e-05
6.75724e-05
6.69145e-05
6.63011e-05
6.63126e-05
6.64234e-05
6.64371e-05
6.63578e-05
6.61939e-05
6.59526e-05
6.56417e-05
6.52721e-05
6.48565e-05
6.44078e-05
6.39377e-05
6.34563e-05
6.29715e-05
6.24895e-05
6.20147e-05
6.15507e-05
6.10998e-05
6.06632e-05
6.02375e-05
5.98228e-05
5.94224e-05
5.90395e-05
5.86746e-05
5.83272e-05
5.79963e-05
5.76812e-05
5.7381e-05
5.70949e-05
5.6822e-05
5.65627e-05
5.63408e-05
5.61283e-05
5.59207e-05
5.57158e-05
5.55167e-05
5.53238e-05
5.51351e-05
5.49519e-05
5.47753e-05
5.46046e-05
5.44386e-05
5.4279e-05
5.41523e-05
5.40703e-05
5.39773e-05
5.38725e-05
5.37644e-05
5.36547e-05
5.35419e-05
5.34288e-05
5.33153e-05
5.32034e-05
5.30926e-05
5.29846e-05
5.28777e-05
5.27718e-05
5.26686e-05
5.25698e-05
5.24755e-05
5.23854e-05
5.22979e-05
5.22117e-05
5.21289e-05
5.20499e-05
5.19744e-05
5.19026e-05
5.18341e-05
5.17682e-05
5.17053e-05
5.16449e-05
5.15865e-05
5.15309e-05
5.14779e-05
5.14274e-05
5.1379e-05
5.13327e-05
5.12884e-05
5.12458e-05
5.12049e-05
5.11655e-05
5.11276e-05
5.10911e-05
5.10558e-05
5.10218e-05
5.09889e-05
5.09572e-05
5.09261e-05
5.0896e-05
5.0867e-05
5.08387e-05
5.08112e-05
5.07845e-05
5.07587e-05
5.07337e-05
5.07096e-05
5.06863e-05
5.06638e-05
5.0642e-05
5.06206e-05
5.05998e-05
5.05798e-05
5.05604e-05
5.05417e-05
5.05238e-05
5.05066e-05
5.049e-05
5.0474e-05
5.04587e-05
5.0444e-05
5.04295e-05
5.04153e-05
5.04015e-05
5.03883e-05
5.03757e-05
5.03636e-05
5.0352e-05
5.03407e-05
5.03299e-05
5.03194e-05
5.03092e-05
5.02993e-05
5.02896e-05
5.02802e-05
5.02711e-05
5.02624e-05
5.0254e-05
5.02458e-05
5.0238e-05
5.02306e-05
5.02234e-05
5.02164e-05
5.02097e-05
5.02031e-05
5.01967e-05
5.01906e-05
5.01846e-05
5.01788e-05
5.01732e-05
5.01678e-05
5.01626e-05
5.01576e-05
5.01527e-05
5.0148e-05
5.01433e-05
5.01388e-05
5.01345e-05
5.01302e-05
5.01261e-05
5.01221e-05
5.01183e-05
5.01146e-05
5.0111e-05
5.01074e-05
5.01039e-05
5.01006e-05

