5e-05
5e-05
5e-05
5e-05
5e-05
5e-05
5e-05
5e-05
5e-05
5e-05
5e-05
5e-05
5e-05
5e-05
5e-05
5e-05
5e-05
5e-05
5e-05
5e-05
5e-05
5e-05
5e-05
5e-05
5e-05
5e-05
5e-05
5e-05
5e-05
5e-05
5e-05
5e-05
5e-05
5e-05
5e-05
5e-05
5e-05
5e-05
5e-05
5e-05
5e-05
5e-05
5e-05
5e-05
5e-05
5e-05
5e-05
5e-05
5e-05
5e-05
5e-05
5e-05
5e-05
5e-05
5e-05
5e-05
5e-05
5e-05
5e-05
5e-05
5e-05
5e-05
5e-05
5e-05
5e-05
5e-05
5e-05
5e-05
5e-05
5e-05
5e-05
5e-05
5e-05
5e-05
5e-05
5e-05
5e-05
5e-05
5e-05
5e-05
5e-05
5e-05
5e-05
5e-05
5e-05
5e-05
5e-05
5e-05
5e-05
5e-05
5e-05
5e-05
5e-05
5e-05
5e-05
5e-05
5e-05
5e-05
5e-05
5e-05
5e-05
5e-05
5e-05
5e-05
5e-05
5e-05
5e-05
5e-05
5e-05
5e-05
5e-05
5e-05
5e-05
5e-05
5e-05
5e-05
5e-05
5e-05
5e-05
5e-05
5e-05
5e-05
5e-05
5e-05
5e-05
5e-05
5e-05
5e-05
5e-05
5e-05
5e-05
5e-05
5.10127e-05
5.79966e-05
6.73967e-05
8.52954e-05
0.000145031
0.000215018
0.000232739
0.000234284
0.000230887
0.00022569
0.000219788
0.000213825
0.000209185
0.000205215
0.000202135
0.000198764
0.000194957
0.000190784
0.000186383
0.00018184
0.000177261
0.000173004
0.000169296
0.000165596
0.000161975
0.000158862
0.000155659
0.000152361
0.000149032
0.000145679
0.000142742
0.000139915
0.000137001
0.000134076
0.000131199
0.000128344
0.000125536
0.000122814
0.000120167
0.000117591
0.000115111
0.000112728
0.000110425
0.000108201
0.000106069
0.000104027
0.000102061
0.000100469
0.000100837
0.000101088
0.000100947
0.000100439
9.9554e-05
9.84003e-05
9.72174e-05
9.60586e-05
9.47657e-05
9.34094e-05
9.21618e-05
9.17709e-05
9.2233e-05
9.22198e-05
9.17272e-05
9.08811e-05
8.97593e-05
8.84941e-05
8.71103e-05
8.56956e-05
8.42778e-05
8.28728e-05
8.15013e-05
8.0168e-05
7.88866e-05
7.76595e-05
7.64872e-05
7.53641e-05
7.42863e-05
7.32603e-05
7.22821e-05
7.13517e-05
7.04695e-05
6.96285e-05
6.88259e-05
6.80592e-05
6.73325e-05
6.66438e-05
6.59874e-05
6.53628e-05
6.47689e-05
6.42004e-05
6.36591e-05
6.31407e-05
6.26459e-05
6.21745e-05
6.1725e-05
6.12932e-05
6.08795e-05
6.04843e-05
6.01065e-05
5.9742e-05
5.93904e-05
5.90534e-05
5.87296e-05
5.84185e-05
5.81211e-05
5.78346e-05
5.75597e-05
5.72966e-05
5.70445e-05
5.67987e-05
5.65604e-05
5.63314e-05
5.61115e-05
5.59012e-05
5.57e-05
5.55059e-05
5.53192e-05
5.51403e-05

