5e-05
5e-05
5e-05
5e-05
5e-05
5e-05
5e-05
5e-05
5e-05
5e-05
5e-05
5e-05
5e-05
5e-05
5e-05
5e-05
5.36911e-05
6.30365e-05
7.33075e-05
8.28411e-05
9.09206e-05
9.74676e-05
0.000102829
0.000106897
0.000110212
0.000112975
0.000115308
0.000117264
0.000118878
0.000120131
0.000121067
0.000121737
0.000122195
0.000122399
0.000122353
0.000123446
0.000128916
0.000133822
0.00013771
0.000140203
0.000141341
0.000141607
0.000141081
0.000140044
0.000138629
0.000136929
0.000135019
0.000132963
0.000130814
0.000129041
0.000127745
0.000126821
0.000125489
0.000123734
0.000121848
0.000120084
0.000118508
0.000116836
0.000115078
0.000113194
0.000111095
0.000108941
0.000106826
0.000104765
0.000102779
0.000100859
9.90199e-05
9.72471e-05
9.55444e-05
9.38907e-05
9.22988e-05
9.07714e-05
8.93128e-05
8.79239e-05
8.73277e-05
8.75775e-05
8.7632e-05
8.74713e-05
8.70457e-05
8.64426e-05
8.57011e-05
8.48059e-05
8.37972e-05
8.27319e-05
8.16466e-05
8.10589e-05
8.14203e-05
8.19335e-05
8.85851e-05
9.13056e-05
8.98347e-05
8.77824e-05
8.5678e-05
8.36401e-05
8.17034e-05
7.98779e-05
7.81641e-05
7.65582e-05
7.50549e-05
7.3648e-05
7.23313e-05
7.10989e-05
6.99458e-05
6.88659e-05
6.78537e-05
6.69054e-05
6.60169e-05
6.5183e-05
6.44004e-05
6.36654e-05
6.29746e-05
6.2325e-05
6.17138e-05
6.11392e-05
6.0599e-05
6.00907e-05
5.96117e-05
5.91603e-05
5.8734e-05
5.83312e-05
5.79506e-05
5.75908e-05
5.72512e-05
5.69303e-05
5.6647e-05
5.63824e-05
5.61251e-05
5.58758e-05
5.56479e-05
5.5439e-05
5.52326e-05
5.503e-05
5.48324e-05
5.4641e-05
5.44567e-05
5.4283e-05
5.41361e-05
5.40072e-05
5.38852e-05
5.37874e-05
5.36789e-05
5.35624e-05
5.34473e-05
5.33483e-05
5.32543e-05
5.31529e-05
5.30519e-05
5.29572e-05
5.28584e-05
5.27574e-05
5.26569e-05
5.25584e-05
5.24642e-05
5.23819e-05
5.23003e-05
5.22193e-05
5.21395e-05
5.20616e-05
5.19859e-05
5.19127e-05
5.18422e-05
5.17744e-05
5.17093e-05
5.16469e-05
5.15871e-05
5.15298e-05
5.14748e-05
5.14221e-05
5.13714e-05
5.13229e-05
5.12763e-05
5.12316e-05
5.11886e-05
5.11473e-05
5.11077e-05
5.10696e-05
5.1033e-05
5.09978e-05
5.0964e-05
5.09314e-05
5.09001e-05
5.087e-05
5.08409e-05
5.0813e-05
5.0786e-05
5.07601e-05
5.07351e-05
5.07109e-05
5.06887e-05
5.06701e-05
5.06513e-05
5.06324e-05
5.06134e-05
5.05946e-05
5.0576e-05
5.05577e-05
5.05399e-05
5.05252e-05
5.0531e-05
5.05334e-05
5.05299e-05
5.05247e-05
5.05164e-05
5.05051e-05
5.04914e-05
5.04765e-05
5.0461e-05
5.04452e-05
5.04295e-05
5.0414e-05
5.0399e-05
5.03844e-05
5.03703e-05
5.03567e-05
5.03437e-05
5.03311e-05
5.03191e-05
5.03075e-05
5.02965e-05
5.02858e-05
5.02757e-05
5.02659e-05
5.02565e-05
5.02475e-05
5.02389e-05
5.02306e-05
5.02227e-05
5.0215e-05
5.02077e-05
5.02006e-05
5.01938e-05
5.01872e-05
5.01809e-05
5.01749e-05
5.0169e-05
5.01634e-05
5.01579e-05
5.01527e-05
5.01477e-05
5.01428e-05
5.01381e-05
5.01336e-05
5.01293e-05
5.01251e-05
5.0121e-05
5.01171e-05
5.01133e-05
5.01096e-05
5.01061e-05
5.01027e-05

