5e-05
5e-05
5e-05
5e-05
5e-05
5e-05
5e-05
5e-05
5e-05
5e-05
5e-05
5e-05
5e-05
5e-05
5e-05
5e-05
5e-05
5e-05
5e-05
5e-05
5e-05
5e-05
5e-05
5e-05
5e-05
5e-05
5e-05
5e-05
5e-05
5e-05
5e-05
5e-05
5e-05
5e-05
5e-05
5e-05
5e-05
5e-05
5e-05
5e-05
5e-05
5e-05
5e-05
5e-05
5e-05
5e-05
5e-05
5e-05
5e-05
5e-05
5e-05
5e-05
5e-05
5e-05
5e-05
5e-05
5e-05
5e-05
5e-05
5e-05
5e-05
5e-05
5e-05
5e-05
5e-05
5e-05
5e-05
5e-05
5e-05
5e-05
5e-05
5e-05
5e-05
5e-05
5e-05
5e-05
5e-05
5e-05
5e-05
5e-05
5e-05
5e-05
5e-05
5e-05
5e-05
5e-05
5e-05
5e-05
5e-05
5e-05
5e-05
5e-05
5e-05
5e-05
5e-05
5e-05
5e-05
5e-05
5e-05
5e-05
5e-05
5e-05
5e-05
5e-05
5e-05
5e-05
5e-05
5e-05
5e-05
5e-05
5e-05
5e-05
5e-05
5e-05
5e-05
5e-05
5e-05
5e-05
5e-05
5e-05
5e-05
5e-05
5e-05
5e-05
5e-05
5e-05
5e-05
5e-05
5e-05
5e-05
5e-05
5e-05
5e-05
5e-05
5e-05
5e-05
5e-05
5.11978e-05
5.74091e-05
6.52454e-05
7.30633e-05
8.04713e-05
8.7098e-05
9.29206e-05
9.79323e-05
0.000102636
0.000107328
0.000111472
0.000115608
0.000119724
0.000122831
0.000125028
0.000126554
0.000127537
0.000128054
0.000128203
0.000128285
0.00012849
0.000128314
0.000127874
0.000127243
0.00012642
0.000125408
0.000124253
0.000122952
0.000121585
0.000120188
0.000118767
0.000117298
0.000115816
0.000114322
0.000112757
0.000111176
0.000109627
0.000108104
0.000106595
0.000105865
0.000107319
0.000108371
0.000108866
0.00010888
0.000108539
0.000107895
0.000106929
0.000105599
0.00010411
0.00010256
0.000100978
9.93848e-05
9.77961e-05
9.62161e-05
9.46167e-05
9.30373e-05
9.15018e-05
9.00031e-05
8.85409e-05
8.71306e-05
8.57684e-05
8.44529e-05
8.3196e-05
8.19853e-05
8.08179e-05
7.9697e-05
7.86296e-05
7.76131e-05
7.66438e-05
7.57183e-05
7.48333e-05
7.39859e-05
7.31685e-05
7.23797e-05
7.16232e-05
7.08972e-05
7.01998e-05
6.9525e-05
6.8871e-05
6.82382e-05
6.82109e-05
6.84593e-05
6.85666e-05
6.85245e-05
6.83698e-05
6.80947e-05
6.77254e-05
6.7283e-05
6.67873e-05
6.62577e-05
6.57137e-05
6.51661e-05
6.46178e-05
6.4081e-05
6.3555e-05
6.3041e-05
6.25452e-05
6.20681e-05
6.16099e-05
6.11702e-05
6.07487e-05
6.03419e-05
5.99435e-05
5.9558e-05
5.91882e-05
5.88347e-05
5.84986e-05
5.81777e-05
5.78707e-05
5.75784e-05
5.73002e-05
5.70349e-05
5.67818e-05

