5e-05
5e-05
5e-05
5e-05
5e-05
5e-05
5e-05
5e-05
5e-05
5e-05
5e-05
5e-05
5e-05
5e-05
5e-05
5e-05
5e-05
5e-05
5e-05
5e-05
5e-05
5e-05
5e-05
5e-05
5e-05
5e-05
5e-05
5e-05
5e-05
5e-05
5e-05
5e-05
5e-05
5e-05
5e-05
5e-05
5e-05
5e-05
5e-05
5e-05
5e-05
5e-05
5e-05
5e-05
5e-05
5e-05
5e-05
5e-05
5e-05
5e-05
5e-05
5e-05
5e-05
5e-05
5e-05
5e-05
5e-05
5e-05
5e-05
5e-05
5e-05
5e-05
5e-05
5e-05
5e-05
5e-05
5e-05
5e-05
5e-05
5e-05
5e-05
5e-05
5e-05
5e-05
5e-05
5e-05
5e-05
5e-05
5e-05
5e-05
5e-05
5e-05
5e-05
5e-05
5e-05
5e-05
5e-05
5e-05
5e-05
5e-05
5e-05
5e-05
5e-05
5e-05
5e-05
5e-05
5e-05
5e-05
5e-05
5e-05
5e-05
5e-05
5e-05
5e-05
5e-05
5e-05
5e-05
5e-05
5e-05
5e-05
5e-05
5e-05
5e-05
5e-05
5e-05
5e-05
5e-05
5e-05
5e-05
5e-05
5e-05
5e-05
5e-05
5e-05
5e-05
5e-05
5e-05
5e-05
5e-05
5e-05
5e-05
5e-05
5e-05
5e-05
5e-05
5e-05
5e-05
5e-05
5e-05
5e-05
5e-05
5e-05
5e-05
5e-05
5e-05
5e-05
5e-05
5e-05
5e-05
5.31124e-05
8.89273e-05
0.000124169
0.000129656
0.000135666
0.000142645
0.000154552
0.00019162
0.000212035
0.000217735
0.000228856
0.000242374
0.000256626
0.00027101
0.000285829
0.000304759
0.000314336
0.000301538
0.000290024
0.000279633
0.000270209
0.000261618
0.000253739
0.00024647
0.000239721
0.000233415
0.000227484
0.000221873
0.000216532
0.000211424
0.000206508
0.000201744
0.000197101
0.000192555
0.000188091
0.000183698
0.00017937
0.000175105
0.000170933
0.000167568
0.000164485
0.000161352
0.000158136
0.000154857
0.000151538
0.0001482
0.000144865
0.000141548
0.000138267
0.000135033
0.000131859
0.000128751
0.000125719
0.000122767
0.000119899
0.00011712
0.00011443
0.000111832
0.000109325
0.000106909
0.000104583
0.000102347
0.000100198
9.81341e-05
9.6154e-05
9.4255e-05
9.24347e-05
9.07324e-05
9.13335e-05
9.61112e-05
9.49438e-05
9.34522e-05
9.23391e-05
9.13648e-05
9.04052e-05
8.94079e-05
8.83579e-05
8.72588e-05
8.61213e-05
8.49588e-05
8.37834e-05
8.26045e-05
8.14293e-05
8.03952e-05
7.97094e-05
7.90404e-05
7.83172e-05
7.7542e-05
7.67269e-05
7.58838e-05
7.51067e-05
7.46179e-05
7.41395e-05
7.3603e-05
7.30101e-05
7.23721e-05
7.17004e-05
7.10051e-05
7.0295e-05
6.95777e-05
6.88595e-05

