5e-05
5e-05
5e-05
5e-05
5e-05
5e-05
5e-05
5e-05
5e-05
5e-05
5e-05
5e-05
5e-05
5e-05
5e-05
5e-05
5e-05
5e-05
5e-05
5e-05
5e-05
5e-05
5e-05
5e-05
5e-05
5e-05
5e-05
5e-05
5e-05
5e-05
5e-05
5e-05
5e-05
5e-05
5e-05
5e-05
5e-05
5e-05
5e-05
5e-05
5e-05
5e-05
5e-05
5e-05
5e-05
5e-05
5e-05
5e-05
5e-05
5e-05
5e-05
5e-05
5e-05
5e-05
5e-05
5e-05
5e-05
5e-05
5e-05
5e-05
5e-05
5e-05
5e-05
5e-05
5e-05
5e-05
5e-05
5e-05
5e-05
5e-05
5e-05
5e-05
5e-05
5e-05
5e-05
5e-05
5e-05
5e-05
5e-05
5e-05
5e-05
5e-05
5e-05
5e-05
5e-05
5e-05
5e-05
5e-05
5e-05
5e-05
5e-05
5e-05
5e-05
5e-05
5e-05
5e-05
5e-05
5e-05
5e-05
5e-05
5e-05
5e-05
5e-05
5e-05
5e-05
5e-05
5e-05
5e-05
5e-05
5e-05
5e-05
5e-05
5e-05
5e-05
5e-05
5e-05
5e-05
5e-05
5e-05
5e-05
5e-05
5e-05
5e-05
5e-05
5e-05
5e-05
5e-05
5e-05
5e-05
5e-05
5e-05
5e-05
5e-05
5e-05
5e-05
5e-05
5e-05
5e-05
5e-05
5e-05
5e-05
5e-05
5e-05
5e-05
5e-05
5e-05
5e-05
5e-05
5e-05
5e-05
5e-05
5e-05
5e-05
5e-05
5e-05
5e-05
5e-05
5e-05
5e-05
5e-05
5e-05
5e-05
5e-05
5e-05
5e-05
5.13702e-05
5.79398e-05
6.61463e-05
7.41695e-05
8.15998e-05
8.81155e-05
9.37643e-05
9.86547e-05
0.000102855
0.000106457
0.000109413
0.00011183
0.00011387
0.000115588
0.00011701
0.000118158
0.000119053
0.000119713
0.000120156
0.000120373
0.000120377
0.000120352
0.000120732
0.000120864
0.0001207
0.000120268
0.000119632
0.00011882
0.000117873
0.000116792
0.000115604
0.000114382
0.000113137
0.000111873
0.000110548
0.00010913
0.000107703
0.000106292
0.000104912
0.000103562
0.00010224
0.000100935
9.96432e-05
9.83663e-05
9.71071e-05
9.59962e-05
9.50327e-05
9.40183e-05
9.29676e-05
9.18561e-05
9.0752e-05
8.96611e-05
8.85742e-05
8.74935e-05
8.6433e-05
8.53903e-05
8.43671e-05
8.3361e-05
8.23653e-05
8.14134e-05
8.06375e-05
7.988e-05
7.91055e-05
7.8313e-05
7.75042e-05
7.67038e-05
7.5922e-05
7.51594e-05
7.44161e-05
7.36917e-05
7.29862e-05
7.22991e-05
7.1678e-05
7.11474e-05
7.07133e-05
7.02572e-05
6.97453e-05
6.92028e-05
6.86373e-05
6.80825e-05
6.76341e-05
6.71958e-05
6.67334e-05
6.62592e-05
6.57884e-05

