5e-05
5e-05
5e-05
5e-05
5e-05
5e-05
5e-05
5e-05
5e-05
5e-05
5e-05
5e-05
5e-05
5e-05
5e-05
5e-05
5e-05
5e-05
5e-05
5e-05
5e-05
5e-05
5e-05
5e-05
5e-05
5e-05
5e-05
5e-05
5e-05
5e-05
5e-05
5e-05
5e-05
5e-05
5e-05
5e-05
5e-05
5e-05
5e-05
5e-05
5e-05
5e-05
5e-05
5e-05
5e-05
5e-05
5e-05
5e-05
5e-05
5e-05
5e-05
5e-05
5e-05
5e-05
5e-05
5e-05
5e-05
5e-05
5e-05
5e-05
5e-05
5e-05
5e-05
5e-05
5e-05
5e-05
5e-05
5e-05
5e-05
5e-05
5e-05
5e-05
5e-05
5e-05
5e-05
5e-05
5e-05
5e-05
5e-05
5e-05
5e-05
5e-05
5e-05
5e-05
5e-05
5e-05
5e-05
5e-05
5e-05
5e-05
5e-05
5e-05
5e-05
5e-05
5e-05
5e-05
5e-05
5e-05
5e-05
5e-05
5e-05
5e-05
5e-05
5e-05
5e-05
5e-05
5e-05
5e-05
5e-05
5e-05
5e-05
5e-05
5e-05
5e-05
5e-05
5e-05
5e-05
5e-05
5e-05
5e-05
5e-05
5e-05
5e-05
5e-05
5e-05
5e-05
5e-05
5e-05
5e-05
5e-05
5e-05
5e-05
5e-05
5e-05
5e-05
5e-05
5e-05
5.00852e-05
5.5057e-05
6.37908e-05
7.32905e-05
8.23401e-05
9.0381e-05
9.73081e-05
0.000103344
0.000109547
0.000114702
0.000118865
0.000122158
0.000124549
0.000126252
0.000127279
0.000127942
0.000128157
0.000128131
0.000127912
0.000127446
0.000126832
0.000126122
0.000125291
0.000124359
0.000123375
0.000122348
0.000121238
0.000120031
0.000118792
0.00011755
0.000116281
0.000114977
0.000113657
0.00011232
0.000110994
0.000109641
0.000108248
0.000106865
0.000105515
0.000104195
0.000102904
0.000101639
0.000100398
9.91418e-05
9.78956e-05
9.66772e-05
9.54791e-05
9.42898e-05
9.31279e-05
9.19939e-05
9.0874e-05
8.97693e-05
8.86923e-05
8.7634e-05
8.65754e-05
8.55411e-05
8.45176e-05
8.35009e-05
8.25152e-05
8.15527e-05
8.06233e-05
7.97028e-05
7.87933e-05
7.79168e-05
7.70748e-05
7.62554e-05
7.54668e-05
7.47082e-05
7.39775e-05
7.32619e-05
7.25514e-05
7.18587e-05
7.11906e-05
7.05485e-05
6.99309e-05
6.93337e-05
6.87494e-05
6.81778e-05
6.76194e-05
6.70757e-05
6.65502e-05
6.6045e-05
6.55587e-05
6.509e-05
6.46259e-05
6.41697e-05
6.37253e-05
6.32919e-05
6.28715e-05
6.2468e-05
6.20811e-05
6.17086e-05
6.13461e-05
6.10503e-05
6.1218e-05
6.13878e-05
6.15361e-05
6.1618e-05
6.16394e-05
6.15867e-05
6.14397e-05
6.12271e-05
6.09481e-05
6.06331e-05
6.03013e-05
5.99627e-05
5.96215e-05
5.92759e-05
5.89317e-05
5.86512e-05
5.8416e-05
5.81754e-05
5.79237e-05

