5e-05
5e-05
5e-05
5e-05
5e-05
5e-05
5e-05
5e-05
5e-05
5e-05
5e-05
5e-05
5e-05
5e-05
5e-05
5e-05
5e-05
5e-05
5e-05
5e-05
5e-05
5e-05
5e-05
5e-05
5e-05
5e-05
5e-05
5e-05
5e-05
5e-05
5e-05
5e-05
5e-05
5e-05
5e-05
5e-05
5e-05
5e-05
5e-05
5e-05
5e-05
5e-05
5e-05
5e-05
5e-05
5e-05
5e-05
5e-05
5e-05
5e-05
5e-05
5e-05
5e-05
5e-05
5e-05
5e-05
5e-05
5e-05
5e-05
5e-05
5e-05
5e-05
5e-05
5e-05
5e-05
5e-05
5e-05
5e-05
5e-05
5e-05
5e-05
5e-05
5e-05
5e-05
5.20815e-05
5.92386e-05
6.77464e-05
7.61875e-05
8.39853e-05
9.08207e-05
9.67828e-05
0.000101806
0.00010597
0.000109417
0.000112317
0.000114772
0.000116829
0.000118496
0.00011979
0.000120742
0.00012137
0.000121714
0.000121822
0.000121731
0.00012148
0.000121052
0.000120508
0.000119882
0.000119182
0.000118412
0.00011752
0.000116517
0.000115408
0.000114279
0.000113142
0.000111996
0.000110844
0.000109788
0.000109081
0.000108308
0.000107404
0.000106423
0.000105382
0.000104264
0.00010322
0.000102412
0.0001015
0.000100494
9.93989e-05
9.82584e-05
9.70944e-05
9.59163e-05
9.47124e-05
9.34877e-05
9.22612e-05
9.10549e-05
8.98724e-05
8.87119e-05
8.75611e-05
8.6439e-05
8.53479e-05
8.42755e-05
8.32288e-05
8.22148e-05
8.12315e-05
8.0432e-05
7.96746e-05
7.90761e-05
7.84615e-05
7.78974e-05
7.73524e-05
7.67779e-05
7.63182e-05
7.57871e-05
7.51761e-05
7.45303e-05
7.38451e-05
7.31317e-05
7.27583e-05
7.3012e-05
7.30511e-05
7.28387e-05
7.24563e-05
7.19653e-05
7.14022e-05
7.07636e-05
7.00475e-05
6.92983e-05
6.85568e-05
6.78857e-05
6.72562e-05
6.66332e-05
6.6021e-05
6.54237e-05
6.48453e-05
6.42856e-05
6.37492e-05
6.3236e-05
6.27451e-05
6.22732e-05
6.1814e-05
6.13739e-05
6.09495e-05
6.0544e-05
6.01555e-05
5.97819e-05
5.94255e-05
5.90831e-05
5.87567e-05
5.84825e-05
5.82178e-05
5.79644e-05
5.77479e-05
5.7532e-05
5.73106e-05
5.70881e-05
5.68633e-05
5.66412e-05
5.64229e-05
5.62067e-05
5.59958e-05
5.57842e-05
5.55785e-05
5.5379e-05
5.51845e-05
5.49978e-05
5.48173e-05
5.46418e-05
5.44867e-05
5.43491e-05
5.42136e-05
5.40801e-05
5.39472e-05
5.3816e-05
5.36871e-05
5.35624e-05
5.34404e-05
5.33205e-05
5.32047e-05
5.30937e-05
5.29872e-05
5.28841e-05
5.27849e-05
5.26895e-05
5.25968e-05
5.25073e-05
5.24213e-05
5.23379e-05
5.22575e-05
5.21806e-05
5.21064e-05
5.2035e-05
5.1966e-05
5.18995e-05
5.18352e-05
5.17737e-05
5.17147e-05
5.16581e-05
5.16038e-05
5.15505e-05
5.14987e-05
5.14487e-05
5.14004e-05
5.13539e-05
5.13093e-05
5.12665e-05
5.12256e-05
5.11926e-05
5.11605e-05
5.113e-05
5.1104e-05
5.10769e-05
5.10486e-05
5.10184e-05
5.0988e-05
5.09574e-05
5.0929e-05
5.09041e-05
5.0879e-05
5.08532e-05

