5e-05
5e-05
5e-05
5e-05
5e-05
5e-05
5e-05
5e-05
5e-05
5e-05
5e-05
5e-05
5e-05
5e-05
5.21607e-05
6.05165e-05
7.11633e-05
8.21269e-05
9.19028e-05
0.000100026
0.000106391
0.000111544
0.000115529
0.000118235
0.000120245
0.000121814
0.00012303
0.000123967
0.000124635
0.000125008
0.000125172
0.000125172
0.00012502
0.000124617
0.000124086
0.000123466
0.000122767
0.000121996
0.000121143
0.000120201
0.000119175
0.000120554
0.000123754
0.000126066
0.000127644
0.000128554
0.000128711
0.000128365
0.00012809
0.000127382
0.000126156
0.000124442
0.000122428
0.000120294
0.000118094
0.000115899
0.000113732
0.000111606
0.000109532
0.000107489
0.000105373
0.000103271
0.000101248
9.94101e-05
9.78503e-05
9.63369e-05
9.48524e-05
9.33944e-05
9.19821e-05
9.06161e-05
8.92863e-05
8.7963e-05
8.66568e-05
8.53852e-05
8.42297e-05
8.32297e-05
8.22521e-05
8.12917e-05
8.03346e-05
7.93896e-05
7.84663e-05
7.75434e-05
7.66219e-05
7.57132e-05
7.48327e-05
7.39875e-05
7.31765e-05
7.23937e-05
7.16353e-05
7.08994e-05
7.01835e-05
6.94878e-05
6.88151e-05
6.81659e-05
6.75421e-05
6.69375e-05
6.63575e-05
6.58039e-05
6.5275e-05
6.47685e-05
6.42744e-05
6.37918e-05
6.33196e-05
6.28681e-05
6.24374e-05
6.20258e-05
6.16319e-05
6.12693e-05
6.0974e-05
6.06837e-05
6.03879e-05
6.00931e-05
5.98013e-05
5.95087e-05
5.9237e-05
5.9009e-05
5.87741e-05
5.85332e-05
5.82863e-05
5.80395e-05
5.77952e-05
5.75545e-05
5.73153e-05
5.70778e-05
5.68445e-05
5.66182e-05
5.63992e-05
5.61869e-05
5.59793e-05
5.57788e-05
5.55857e-05
5.53978e-05
5.52161e-05
5.50413e-05
5.4873e-05
5.47335e-05
5.46019e-05
5.44952e-05
5.43876e-05
5.42887e-05
5.41939e-05
5.40959e-05
5.40158e-05
5.39261e-05
5.38257e-05
5.37209e-05
5.36112e-05
5.3498e-05
5.34353e-05
5.34654e-05
5.34645e-05
5.34271e-05
5.33653e-05
5.3288e-05
5.32005e-05
5.31023e-05
5.2993e-05
5.28792e-05
5.27668e-05
5.2665e-05
5.25696e-05
5.24754e-05
5.23829e-05
5.22929e-05
5.22058e-05
5.21216e-05
5.2041e-05
5.19639e-05
5.18903e-05
5.18195e-05
5.17508e-05
5.16849e-05
5.16214e-05
5.15609e-05
5.15028e-05
5.14471e-05
5.13939e-05
5.13429e-05
5.12942e-05
5.12533e-05
5.12139e-05
5.11761e-05
5.11438e-05
5.11116e-05
5.10787e-05
5.10456e-05
5.10122e-05
5.09793e-05
5.09469e-05
5.09149e-05
5.08836e-05
5.08523e-05
5.08219e-05
5.07924e-05
5.07636e-05
5.0736e-05
5.07093e-05
5.06834e-05
5.06605e-05
5.06402e-05
5.06201e-05
5.06004e-05
5.05808e-05
5.05614e-05
5.05424e-05
5.0524e-05
5.05061e-05
5.04884e-05
5.04713e-05
5.0455e-05
5.04393e-05
5.04241e-05
5.04095e-05
5.03954e-05
5.03818e-05
5.03686e-05
5.03559e-05
5.03437e-05
5.03318e-05
5.03205e-05
5.03096e-05
5.02991e-05
5.02889e-05
5.02791e-05
5.02697e-05
5.02606e-05
5.0252e-05
5.02436e-05
5.02356e-05
5.02278e-05
5.02202e-05
5.02128e-05
5.02057e-05
5.01989e-05
5.01923e-05
5.0186e-05
5.018e-05
5.01752e-05
5.01705e-05
5.0166e-05
5.01622e-05
5.01582e-05
5.0154e-05
5.01496e-05
5.01451e-05
5.01406e-05
5.01364e-05
5.01328e-05
5.01291e-05
5.01253e-05

