5e-05
5e-05
5e-05
5e-05
5e-05
5e-05
5e-05
5e-05
5e-05
5e-05
5e-05
5e-05
5e-05
5e-05
5e-05
5e-05
5e-05
5e-05
5e-05
5e-05
5e-05
5e-05
5e-05
5e-05
5e-05
5e-05
5e-05
5e-05
5e-05
5e-05
5e-05
5e-05
5e-05
5e-05
5e-05
5e-05
5e-05
5e-05
5e-05
5e-05
5e-05
5e-05
5e-05
5e-05
5e-05
5e-05
5e-05
5e-05
5e-05
5e-05
5e-05
5e-05
5e-05
5e-05
5e-05
5e-05
5e-05
5e-05
5e-05
5e-05
5e-05
5e-05
5e-05
5e-05
5e-05
5e-05
5e-05
5e-05
5e-05
5e-05
5e-05
5e-05
5e-05
5e-05
5e-05
5e-05
5e-05
5e-05
5e-05
5e-05
5e-05
5e-05
5e-05
5e-05
5e-05
5e-05
5e-05
5e-05
5e-05
5e-05
5e-05
5e-05
5e-05
5e-05
5e-05
5e-05
5e-05
5e-05
5e-05
5e-05
5e-05
5e-05
5e-05
5e-05
5e-05
5e-05
5e-05
5e-05
5e-05
5e-05
5e-05
5e-05
5e-05
5e-05
5e-05
5e-05
5e-05
5e-05
5e-05
5e-05
5e-05
5e-05
5e-05
5e-05
5e-05
5e-05
5e-05
5e-05
5e-05
5e-05
5e-05
5e-05
5e-05
5e-05
5e-05
5e-05
5e-05
5e-05
5e-05
5e-05
5e-05
5.02868e-05
5.68205e-05
7.60494e-05
0.000138668
0.000204218
0.000216772
0.00021682
0.000214949
0.000211428
0.000206755
0.000201615
0.000196832
0.000191822
0.000186689
0.000181543
0.000176879
0.000172424
0.000167943
0.000163493
0.00015912
0.000154857
0.000150727
0.000146748
0.000142928
0.000139263
0.000135757
0.000132399
0.000129192
0.000126126
0.000123194
0.00012039
0.000117715
0.000115207
0.000113055
0.000110936
0.000108836
0.00010677
0.000104749
0.000102785
0.000100886
9.90517e-05
9.72842e-05
9.55837e-05
9.39494e-05
9.23796e-05
9.08725e-05
8.94257e-05
8.80373e-05
8.67093e-05
8.5436e-05
8.42123e-05
8.30343e-05
8.19005e-05
8.08119e-05
7.97642e-05
7.87553e-05
7.77837e-05
7.68482e-05
7.59487e-05
7.50831e-05
7.42487e-05
7.34443e-05
7.26689e-05
7.19224e-05
7.12033e-05
7.05113e-05
6.98443e-05
6.91997e-05
6.85769e-05
6.79753e-05
6.73943e-05
6.6834e-05
6.62931e-05
6.57704e-05
6.52652e-05
6.47772e-05
6.43063e-05
6.3851e-05
6.34112e-05
6.29864e-05
6.25754e-05
6.21784e-05
6.17998e-05
6.14911e-05
6.11833e-05
6.08703e-05
6.0555e-05
6.02405e-05
5.99292e-05
5.96229e-05
5.93231e-05
5.90307e-05
5.87462e-05
5.85078e-05
5.82822e-05
5.80521e-05
5.78539e-05
5.76612e-05
5.74571e-05
5.72452e-05
5.70304e-05
5.68157e-05
5.66029e-05
5.63938e-05
5.61894e-05
5.59902e-05
5.57967e-05
5.56091e-05
5.54274e-05

