5e-05
5e-05
5e-05
5e-05
5e-05
5e-05
5e-05
5e-05
5e-05
5e-05
5e-05
5e-05
6.24924e-05
8.22923e-05
0.00010021
0.000118178
0.000134012
0.000147871
0.000160922
0.000171502
0.000179623
0.000185633
0.000189878
0.000192656
0.000194219
0.00019478
0.000194516
0.000193578
0.000192091
0.000190159
0.000187872
0.000185302
0.000182513
0.000179557
0.000176476
0.000173307
0.000170082
0.000166824
0.000163556
0.000160295
0.000157055
0.000153848
0.000150684
0.000147571
0.000144516
0.000141522
0.000138595
0.000135736
0.000132948
0.000130233
0.000127659
0.000125742
0.000123956
0.000122102
0.000120177
0.000118204
0.000116206
0.000115639
0.000121245
0.000129073
0.000126521
0.000125022
0.000123989
0.000123048
0.000122012
0.000120805
0.000119412
0.000117845
0.000116133
0.000114305
0.000112392
0.000110421
0.000108416
0.000106398
0.000104384
0.000102387
0.000100419
9.8488e-05
9.66014e-05
9.47641e-05
9.32408e-05
9.45624e-05
9.80396e-05
9.6007e-05
9.45653e-05
9.34108e-05
9.33115e-05
9.64093e-05
9.43765e-05
9.30592e-05
9.23696e-05
9.18343e-05
9.1227e-05
9.04852e-05
8.96029e-05
8.85961e-05
8.74893e-05
8.63085e-05
8.5078e-05
8.38186e-05
8.25478e-05
8.12796e-05
8.00252e-05
7.87932e-05
7.759e-05
7.64204e-05
7.5288e-05
7.41949e-05
7.31425e-05
7.21316e-05
7.11622e-05
7.0234e-05
6.93463e-05
6.84983e-05
6.76888e-05
6.69166e-05
6.61804e-05
6.54783e-05
6.48084e-05
6.41684e-05
6.35568e-05
6.29721e-05
6.24128e-05
6.18779e-05
6.13663e-05
6.08768e-05
6.04087e-05
5.99611e-05
5.9533e-05
5.91237e-05
5.87324e-05
5.83585e-05
5.80011e-05
5.76635e-05
5.73847e-05
5.71268e-05
5.68731e-05
5.66223e-05
5.63753e-05
5.61567e-05
5.60075e-05
5.58743e-05
5.57305e-05
5.55754e-05
5.54118e-05
5.52427e-05
5.50704e-05
5.4897e-05
5.4724e-05
5.45526e-05
5.43838e-05
5.42183e-05
5.40568e-05
5.38997e-05
5.37472e-05
5.35995e-05
5.34568e-05
5.33192e-05
5.31865e-05
5.30589e-05
5.29362e-05
5.28183e-05
5.27051e-05
5.25965e-05
5.24923e-05
5.23925e-05
5.22968e-05
5.22051e-05
5.22056e-05
5.23871e-05
5.2513e-05
5.24248e-05
5.23622e-05
5.23101e-05
5.22599e-05
5.22078e-05
5.21527e-05
5.20944e-05
5.20337e-05
5.1971e-05
5.19069e-05
5.18421e-05
5.17771e-05
5.17125e-05
5.16485e-05
5.15855e-05
5.15239e-05
5.14637e-05
5.14051e-05
5.13483e-05
5.12934e-05
5.12403e-05
5.11891e-05
5.11398e-05
5.10924e-05
5.10469e-05
5.10032e-05
5.09613e-05
5.09212e-05
5.08827e-05
5.08459e-05
5.08107e-05
5.0777e-05
5.07448e-05
5.0714e-05
5.06845e-05
5.06564e-05
5.06295e-05
5.06038e-05
5.05792e-05
5.05557e-05
5.05333e-05
5.05118e-05
5.04913e-05
5.04717e-05
5.04529e-05
5.0435e-05
5.04179e-05
5.04015e-05
5.03858e-05
5.03708e-05
5.03564e-05
5.03426e-05
5.03295e-05
5.03169e-05
5.03048e-05
5.02932e-05
5.02822e-05
5.02715e-05
5.02614e-05
5.02516e-05
5.02423e-05
5.02333e-05
5.02247e-05
5.02164e-05
5.02085e-05
5.02009e-05
5.01936e-05
5.01866e-05
5.01799e-05
5.20956e-05
7.20898e-05
8.29095e-05
9.18684e-05
9.99013e-05
0.000106953
0.000113918
0.000121029
0.000127027
0.000131847

