5e-05
5e-05
5e-05
5e-05
5e-05
5e-05
5e-05
5e-05
5e-05
5e-05
5e-05
5e-05
5e-05
5e-05
5e-05
5e-05
5e-05
5e-05
5e-05
5e-05
5e-05
5e-05
5e-05
5e-05
5e-05
5e-05
5e-05
5e-05
5e-05
5e-05
5e-05
5e-05
5e-05
5e-05
5e-05
5e-05
5e-05
5e-05
5e-05
5e-05
5e-05
5e-05
5e-05
5e-05
5e-05
5e-05
5e-05
5e-05
5e-05
5e-05
5.35162e-05
6.20845e-05
7.13348e-05
7.98769e-05
8.75852e-05
9.42821e-05
9.99919e-05
0.000104912
0.000109062
0.000112546
0.000115033
0.000116901
0.000118437
0.000119644
0.000120567
0.000121186
0.000121568
0.000121778
0.000121839
0.000121719
0.000121435
0.000120944
0.00012036
0.000119704
0.000118971
0.000118114
0.000117163
0.000116178
0.000115163
0.000114091
0.000112981
0.000111804
0.000110585
0.000109343
0.000108103
0.000106871
0.00010563
0.000104393
0.000103119
0.000101854
0.000100616
9.93829e-05
9.81507e-05
9.69271e-05
9.67919e-05
9.81853e-05
9.92724e-05
9.98986e-05
0.000100068
9.98722e-05
9.92569e-05
9.8405e-05
9.73734e-05
9.61861e-05
9.49234e-05
9.36147e-05
9.22757e-05
9.09042e-05
8.95424e-05
8.82026e-05
8.68915e-05
8.56137e-05
8.44089e-05
8.33922e-05
8.23706e-05
8.1353e-05
8.03149e-05
7.92688e-05
7.82409e-05
7.72407e-05
7.62688e-05
7.53343e-05
7.44276e-05
7.35437e-05
7.26809e-05
7.18542e-05
7.10657e-05
7.03121e-05
6.95843e-05
6.88831e-05
6.82139e-05
6.75751e-05
6.70198e-05
6.65316e-05
6.60491e-05
6.56122e-05
6.51919e-05
6.47694e-05
6.44251e-05
6.42912e-05
6.41694e-05
6.3989e-05
6.37285e-05
6.34254e-05
6.3185e-05
6.29658e-05
6.26434e-05
6.22852e-05
6.19067e-05
6.15087e-05
6.10927e-05
6.06767e-05
6.02707e-05
5.98692e-05
5.94799e-05
5.91045e-05
5.87443e-05
5.84008e-05
5.81914e-05
5.81958e-05
5.8164e-05
5.80962e-05
5.79696e-05
5.77814e-05
5.75661e-05
5.73692e-05
5.71733e-05
5.69686e-05
5.67539e-05
5.65257e-05
5.62936e-05
5.60612e-05
5.58323e-05
5.56095e-05
5.53944e-05
5.51874e-05
5.49868e-05
5.47941e-05
5.46262e-05
5.44631e-05
5.43024e-05
5.41456e-05
5.39917e-05
5.38421e-05
5.36944e-05
5.35517e-05
5.34147e-05
5.32843e-05
5.31591e-05
5.30381e-05
5.29214e-05
5.28084e-05
5.27005e-05
5.26022e-05
5.26215e-05
5.26623e-05
5.26824e-05
5.26792e-05
5.26454e-05
5.25938e-05
5.25308e-05
5.24613e-05
5.2385e-05
5.23059e-05
5.22253e-05
5.21419e-05
5.20576e-05
5.19751e-05
5.1895e-05
5.18176e-05
5.17436e-05
5.16951e-05
5.16929e-05
5.16807e-05
5.16605e-05
5.16312e-05
5.15996e-05
5.1566e-05
5.15269e-05
5.14833e-05
5.14355e-05
5.13859e-05
5.13354e-05
5.1284e-05
5.12325e-05
5.11821e-05
5.11334e-05
5.10859e-05
5.10398e-05
5.09952e-05
5.09524e-05
5.09116e-05
5.0873e-05
5.08365e-05
5.08016e-05
5.07684e-05
5.07371e-05
5.07073e-05
5.06789e-05
5.06518e-05
5.06255e-05
5.06006e-05
5.0579e-05
5.05591e-05
5.05399e-05
5.05222e-05
5.05088e-05
5.04962e-05
5.04826e-05
5.04685e-05

