5e-05
5e-05
5e-05
5e-05
5e-05
5e-05
5e-05
5e-05
5e-05
5e-05
5e-05
5e-05
5e-05
5e-05
5e-05
5e-05
5e-05
5e-05
5e-05
5e-05
5e-05
5e-05
5e-05
5e-05
5e-05
5e-05
5e-05
5e-05
5e-05
5e-05
5e-05
5e-05
5e-05
5e-05
5e-05
5e-05
5e-05
5e-05
5e-05
5e-05
5e-05
5e-05
5e-05
5e-05
5e-05
5e-05
5e-05
5e-05
5e-05
5e-05
5e-05
5e-05
5e-05
5e-05
5e-05
5e-05
5e-05
5e-05
5e-05
5e-05
5e-05
5e-05
5e-05
5e-05
5e-05
5e-05
5e-05
5e-05
5e-05
5e-05
5e-05
5e-05
5e-05
5e-05
5e-05
5e-05
5e-05
5e-05
5e-05
5e-05
5e-05
5e-05
5e-05
5e-05
5e-05
5e-05
5e-05
5e-05
5e-05
5e-05
5e-05
5e-05
5e-05
5e-05
5e-05
5e-05
5e-05
5e-05
5e-05
5e-05
5e-05
5e-05
5e-05
5e-05
5e-05
5e-05
5e-05
5e-05
5e-05
5e-05
5e-05
5e-05
5e-05
5e-05
5e-05
5e-05
5e-05
5e-05
5e-05
5e-05
5e-05
5e-05
5e-05
5e-05
5e-05
5e-05
5e-05
5e-05
5e-05
5e-05
5e-05
5e-05
5e-05
5e-05
5e-05
5e-05
5e-05
5e-05
5e-05
5e-05
5e-05
5e-05
5e-05
5e-05
5e-05
5e-05
5e-05
5e-05
5e-05
5e-05
5e-05
5e-05
5e-05
5e-05
5e-05
5e-05
5e-05
5e-05
5e-05
5e-05
5e-05
5e-05
5e-05
5e-05
5e-05
5e-05
5e-05
5e-05
5e-05
5e-05
5e-05
5e-05
5e-05
5e-05
5e-05
5e-05
5e-05
5e-05
5e-05
5e-05
5e-05
5.1012e-05
5.79394e-05
6.70001e-05
7.59892e-05
8.43611e-05
9.16251e-05
9.78785e-05
0.00010324
0.000107736
0.000111534
0.000114519
0.000116952
0.000118903
0.000120384
0.000121529
0.000122333
0.000122801
0.000123446
0.000124213
0.000124662
0.000124815
0.000124656
0.000124244
0.000123624
0.000122876
0.000121974
0.000120915
0.000119777
0.000118601
0.000117393
0.000116124
0.000114834
0.000113523
0.000112167
0.000110796
0.000109423
0.000108035
0.000106646
0.000105281
0.000103922
0.000102577
0.000101241
9.99214e-05
9.86135e-05
9.73366e-05
9.60915e-05
9.48767e-05
9.36892e-05
9.24959e-05
9.13147e-05
9.01561e-05
8.90215e-05
8.79127e-05
8.68382e-05
8.57964e-05
8.47922e-05
8.40117e-05
8.32407e-05
8.25017e-05
8.18858e-05
8.1222e-05
8.0508e-05
7.97214e-05
7.89174e-05
7.80994e-05
7.73383e-05
7.66734e-05
7.59982e-05
7.52908e-05

