5e-05
5e-05
5e-05
5e-05
5e-05
5e-05
5e-05
5e-05
5e-05
5e-05
5e-05
5e-05
5e-05
5e-05
5e-05
5e-05
5e-05
5e-05
5e-05
5e-05
5e-05
5e-05
5e-05
5e-05
5e-05
5e-05
5e-05
5e-05
5e-05
5e-05
5e-05
5e-05
5e-05
5e-05
5e-05
5e-05
5e-05
5e-05
5e-05
5e-05
5e-05
5e-05
5e-05
5e-05
5e-05
5e-05
5e-05
5e-05
5e-05
5e-05
5e-05
5e-05
5e-05
5e-05
5e-05
5e-05
5e-05
5e-05
5e-05
5e-05
5e-05
5e-05
5e-05
5e-05
5e-05
5e-05
5e-05
5e-05
5e-05
5e-05
5e-05
5e-05
5e-05
5e-05
5e-05
5e-05
5e-05
5e-05
5e-05
5e-05
5e-05
5e-05
5e-05
5e-05
5e-05
5e-05
5e-05
5e-05
5e-05
5e-05
5e-05
5e-05
5e-05
5e-05
5e-05
5e-05
5e-05
5e-05
5e-05
5e-05
5e-05
5e-05
5e-05
5e-05
5e-05
5e-05
5e-05
5e-05
5e-05
5e-05
5e-05
5e-05
5e-05
5e-05
5e-05
5e-05
5e-05
5e-05
5e-05
5e-05
5e-05
5e-05
5e-05
5e-05
5e-05
5e-05
5e-05
5e-05
5e-05
5e-05
5e-05
5e-05
5e-05
5e-05
5e-05
5e-05
5e-05
5e-05
5e-05
5e-05
5e-05
5e-05
5e-05
5e-05
5e-05
5e-05
5e-05
5e-05
5e-05
5e-05
5e-05
5e-05
5e-05
5e-05
5e-05
5e-05
5e-05
5e-05
5e-05
5.20717e-05
5.89132e-05
6.69172e-05
7.47722e-05
8.20635e-05
8.91264e-05
9.5518e-05
0.000100923
0.000105534
0.000109273
0.000112383
0.000114872
0.000116901
0.000118502
0.000119768
0.000120694
0.000121359
0.000121794
0.000122022
0.000122062
0.000121933
0.000121622
0.000121132
0.0001205
0.000119775
0.000118967
0.000118038
0.000116967
0.000115917
0.000115242
0.000114459
0.000116816
0.000120142
0.000122554
0.000124077
0.000124643
0.000124512
0.000123798
0.0001227
0.000121217
0.000119518
0.000117647
0.000115588
0.000113478
0.000111358
0.000109196
0.000107077
0.000105011
0.000103004
0.000101073
9.92229e-05
9.74348e-05
9.57033e-05
9.40491e-05
9.25096e-05
9.12027e-05
8.99224e-05
8.86664e-05
8.74074e-05
8.61736e-05
8.49774e-05
8.38173e-05
8.26795e-05
8.15633e-05
8.04729e-05
7.94245e-05
7.84178e-05
7.74509e-05
7.65217e-05
7.56163e-05
7.47238e-05
7.38671e-05
7.30427e-05
7.23355e-05
7.16887e-05
7.10483e-05
7.04114e-05
6.97706e-05
6.91251e-05
6.84812e-05
6.78558e-05
6.72485e-05
6.66757e-05
6.62083e-05
6.57498e-05
6.53036e-05
6.49319e-05
6.45559e-05
6.41627e-05
6.37801e-05
6.39779e-05

