5e-05
5e-05
5e-05
5e-05
5e-05
5e-05
5e-05
5e-05
5.37409e-05
6.1699e-05
7.03648e-05
7.89641e-05
8.92827e-05
9.90896e-05
0.000106895
0.000113299
0.000119211
0.000124547
0.000128762
0.000131846
0.000133757
0.000134795
0.000135226
0.000134945
0.000134345
0.000133562
0.000132672
0.000131698
0.000130651
0.000129502
0.00012827
0.000126984
0.000125672
0.000124293
0.00012284
0.000122374
0.000125384
0.000128053
0.000130022
0.000130994
0.000130995
0.000130389
0.000129236
0.000127746
0.000126017
0.000124117
0.000122101
0.000120014
0.000117893
0.000116098
0.000114704
0.000113627
0.000112264
0.0001106
0.000108859
0.000107234
0.000105775
0.000104259
0.000102696
0.00010105
9.92536e-05
9.74284e-05
9.5646e-05
9.39168e-05
9.22567e-05
9.06565e-05
8.91285e-05
8.76597e-05
8.62529e-05
8.48911e-05
8.35836e-05
8.23319e-05
8.11389e-05
8.0005e-05
7.94873e-05
7.96266e-05
7.96194e-05
7.94499e-05
7.90796e-05
7.85757e-05
7.79679e-05
7.72444e-05
7.64358e-05
7.5586e-05
7.47228e-05
7.42455e-05
7.45022e-05
7.48776e-05
7.99895e-05
8.20706e-05
8.09199e-05
7.9322e-05
7.7685e-05
7.61004e-05
7.45949e-05
7.3176e-05
7.18441e-05
7.05962e-05
6.94281e-05
6.8335e-05
6.73122e-05
6.63549e-05
6.54593e-05
6.46206e-05
6.38346e-05
6.30983e-05
6.24085e-05
6.17611e-05
6.11536e-05
6.05832e-05
6.0047e-05
5.9543e-05
5.90688e-05
5.8623e-05
5.8204e-05
5.78097e-05
5.74382e-05
5.70881e-05
5.67576e-05
5.64453e-05
5.61503e-05
5.58714e-05
5.56082e-05
5.53595e-05
5.514e-05
5.49349e-05
5.47355e-05
5.45424e-05
5.43658e-05
5.4204e-05
5.40441e-05
5.38872e-05
5.37342e-05
5.35861e-05
5.34434e-05
5.3309e-05
5.31953e-05
5.30955e-05
5.3001e-05
5.29253e-05
5.28413e-05
5.27511e-05
5.26622e-05
5.25856e-05
5.25128e-05
5.24344e-05
5.23563e-05
5.22831e-05
5.22067e-05
5.21286e-05
5.2051e-05
5.19749e-05
5.19021e-05
5.18385e-05
5.17755e-05
5.1713e-05
5.16513e-05
5.15911e-05
5.15327e-05
5.14762e-05
5.14217e-05
5.13694e-05
5.13191e-05
5.12709e-05
5.12247e-05
5.11805e-05
5.11381e-05
5.10973e-05
5.10582e-05
5.10207e-05
5.09848e-05
5.09503e-05
5.09171e-05
5.08853e-05
5.08547e-05
5.08253e-05
5.0797e-05
5.07699e-05
5.07438e-05
5.07186e-05
5.06945e-05
5.06712e-05
5.06488e-05
5.06272e-05
5.06064e-05
5.05864e-05
5.05671e-05
5.05485e-05
5.05313e-05
5.05169e-05
5.05025e-05
5.04879e-05
5.04732e-05
5.04587e-05
5.04443e-05
5.04303e-05
5.04165e-05
5.04051e-05
5.04096e-05
5.04114e-05
5.04088e-05
5.04047e-05
5.03983e-05
5.03896e-05
5.03791e-05
5.03676e-05
5.03556e-05
5.03434e-05
5.03313e-05
5.03194e-05
5.03078e-05
5.02965e-05
5.02857e-05
5.02752e-05
5.02651e-05
5.02554e-05
5.02461e-05
5.02372e-05
5.02287e-05
5.02205e-05
5.02126e-05
5.02051e-05
5.01979e-05
5.01909e-05
5.01843e-05
5.01779e-05
5.01718e-05
5.01659e-05
5.01602e-05
5.01547e-05
5.01495e-05
5.01444e-05
5.01396e-05
5.01349e-05
5.01304e-05
5.0126e-05
5.01218e-05
5.01178e-05
5.01139e-05
5.01102e-05
5.01066e-05
5.01031e-05
5.00997e-05
5.00965e-05
5.00933e-05
5.00903e-05
5.00874e-05
5.00846e-05
5.00818e-05
5.00792e-05

