5e-05
5e-05
5e-05
5e-05
5e-05
5e-05
5e-05
5e-05
5e-05
5e-05
5e-05
5e-05
5e-05
5.3772e-05
6.20836e-05
7.188e-05
8.1994e-05
9.11647e-05
9.90315e-05
0.000105575
0.00011072
0.000114858
0.000118289
0.000120938
0.000123049
0.000124728
0.000126029
0.000126994
0.000127633
0.00012773
0.000127465
0.000127032
0.000126495
0.000125872
0.000125171
0.000124398
0.000123559
0.000122659
0.000121703
0.000120696
0.000119643
0.000118548
0.000117417
0.000116237
0.000115001
0.000114039
0.000113197
0.000112263
0.000111475
0.00011067
0.000109707
0.000108607
0.000107355
0.000106028
0.000104661
0.000103297
0.000101919
0.000100544
9.91659e-05
9.77819e-05
9.639e-05
9.50083e-05
9.36588e-05
9.23468e-05
9.10724e-05
8.98223e-05
8.85962e-05
8.74142e-05
8.62636e-05
8.51463e-05
8.40736e-05
8.36983e-05
8.44595e-05
8.50963e-05
8.54301e-05
8.55733e-05
8.55009e-05
8.52021e-05
8.48095e-05
8.45005e-05
8.41776e-05
8.36054e-05
8.27568e-05
8.17854e-05
8.07567e-05
7.97078e-05
7.87288e-05
7.78097e-05
7.68354e-05
7.58642e-05
7.49088e-05
7.39636e-05
7.30459e-05
7.21502e-05
7.12841e-05
7.04533e-05
6.96575e-05
6.8896e-05
6.81675e-05
6.74709e-05
6.68048e-05
6.61679e-05
6.55557e-05
6.4965e-05
6.43971e-05
6.38502e-05
6.33228e-05
6.28198e-05
6.23406e-05
6.18811e-05
6.14394e-05
6.10137e-05
6.06077e-05
6.02173e-05
5.98551e-05
5.9552e-05
5.92591e-05
5.89992e-05
5.87635e-05
5.8524e-05
5.83009e-05
5.8109e-05
5.79101e-05
5.77017e-05
5.74764e-05
5.72442e-05
5.70087e-05
5.67726e-05
5.65416e-05
5.63166e-05
5.61249e-05
5.59456e-05
5.57629e-05
5.55771e-05
5.53894e-05
5.52057e-05
5.5049e-05
5.4928e-05
5.47971e-05
5.46575e-05
5.45167e-05
5.43763e-05
5.42372e-05
5.40999e-05
5.39644e-05
5.39144e-05
5.39736e-05
5.40095e-05
5.40372e-05
5.40454e-05
5.40378e-05
5.4204e-05
5.50459e-05
5.51189e-05
5.49329e-05
5.46886e-05
5.44351e-05
5.4188e-05
5.39529e-05
5.37314e-05
5.35239e-05
5.33299e-05
5.31488e-05
5.29799e-05
5.28217e-05
5.26738e-05
5.25359e-05
5.24072e-05
5.22867e-05
5.21742e-05
5.20691e-05
5.19708e-05
5.18787e-05
5.17919e-05
5.17104e-05
5.16337e-05
5.15616e-05
5.14936e-05
5.14559e-05
5.14502e-05
5.14389e-05
5.14169e-05
5.13875e-05
5.13537e-05
5.13163e-05
5.12761e-05
5.12341e-05
5.11908e-05
5.11463e-05
5.11019e-05
5.10576e-05
5.10146e-05
5.09729e-05
5.09325e-05
5.08931e-05
5.08551e-05
5.08188e-05
5.07841e-05
5.07538e-05
5.07254e-05
5.06975e-05
5.06703e-05
5.0644e-05
5.06185e-05
5.05941e-05
5.05708e-05
5.05483e-05
5.05267e-05
5.05058e-05
5.0486e-05
5.0467e-05
5.04489e-05
5.04316e-05
5.04151e-05
5.03993e-05
5.03841e-05
5.03696e-05
5.03556e-05
5.03422e-05
5.03295e-05
5.03173e-05
5.03094e-05
5.03111e-05
5.0311e-05
5.03091e-05
5.03056e-05
5.03007e-05
5.02946e-05
5.02872e-05
5.02788e-05
5.02701e-05
5.02612e-05
5.02523e-05
5.02433e-05
5.02346e-05
5.02259e-05
5.02175e-05
5.02093e-05
5.02012e-05
5.01933e-05
5.01857e-05
5.01783e-05
5.01713e-05
5.01645e-05
5.01581e-05
5.0152e-05
5.01461e-05
5.01405e-05
5.01351e-05
5.01299e-05

