5e-05
5e-05
5e-05
5e-05
5e-05
5e-05
5e-05
5e-05
5e-05
5e-05
5e-05
5e-05
5e-05
5e-05
5e-05
5e-05
5e-05
5e-05
5e-05
5e-05
5e-05
5e-05
5e-05
5e-05
5e-05
5e-05
5e-05
5e-05
5e-05
5e-05
5e-05
5e-05
5e-05
5e-05
5e-05
5e-05
5e-05
5e-05
5e-05
5e-05
5e-05
5e-05
5e-05
5e-05
5e-05
5e-05
5e-05
5e-05
5e-05
5e-05
5e-05
5e-05
5e-05
5e-05
5e-05
5e-05
5e-05
5e-05
5e-05
5e-05
5e-05
5e-05
5e-05
5e-05
5e-05
5e-05
5e-05
5e-05
5e-05
5e-05
5e-05
5e-05
5e-05
5e-05
5e-05
5e-05
5e-05
5e-05
5e-05
5e-05
5e-05
5e-05
5e-05
5e-05
5e-05
5e-05
5e-05
5e-05
5e-05
5e-05
5e-05
5e-05
5e-05
5e-05
5e-05
5.06496e-05
5.73281e-05
6.67597e-05
7.63075e-05
8.52322e-05
9.29682e-05
9.95164e-05
0.000105074
0.000109653
0.000113586
0.000117772
0.000121166
0.000123739
0.000125733
0.000127229
0.000128291
0.000128975
0.00012933
0.000129401
0.000129163
0.000128648
0.000127963
0.000127104
0.000126142
0.000125075
0.000123912
0.000122698
0.000121445
0.000120159
0.000118817
0.000117446
0.000116066
0.000114694
0.000116372
0.000118708
0.000120451
0.000121908
0.000122729
0.000122885
0.000122345
0.00012124
0.000119813
0.000118526
0.000116984
0.000115241
0.000113371
0.000111422
0.000109434
0.000107435
0.000105491
0.000103765
0.000102235
0.000100703
9.9068e-05
9.74223e-05
9.57833e-05
9.41986e-05
9.28216e-05
9.14275e-05
8.99971e-05
8.86133e-05
8.73912e-05
8.61789e-05
8.50422e-05
8.52871e-05
9.46244e-05
9.93521e-05
9.87837e-05
9.67148e-05
9.43354e-05
9.19431e-05
8.96216e-05
8.74031e-05
8.53017e-05
8.33207e-05
8.14585e-05
7.98812e-05
7.88201e-05
7.76798e-05
7.64673e-05
7.52209e-05
7.39763e-05
7.2759e-05
7.15844e-05
7.04621e-05
6.93958e-05
6.83864e-05
6.74335e-05
6.65354e-05
6.56899e-05
6.48944e-05
6.41461e-05
6.34432e-05
6.27817e-05
6.2159e-05
6.15731e-05
6.10221e-05
6.05027e-05
6.00126e-05
5.95503e-05
5.91143e-05
5.87024e-05
5.83135e-05
5.79461e-05
5.75982e-05
5.72687e-05
5.69566e-05
5.6661e-05
5.63805e-05
5.61145e-05
5.5862e-05
5.56221e-05
5.53943e-05
5.51773e-05
5.49707e-05
5.47739e-05
5.45863e-05
5.44076e-05
5.42375e-05
5.40751e-05
5.39201e-05
5.37742e-05
5.365e-05
5.35282e-05
5.34076e-05
5.32889e-05
5.31729e-05
5.30601e-05
5.29511e-05
5.28461e-05
5.2745e-05
5.26475e-05
5.25538e-05
5.24637e-05
5.2377e-05
5.22983e-05
5.22293e-05
5.21602e-05
5.20912e-05
5.20285e-05
5.19711e-05
5.19123e-05
5.18576e-05
5.18073e-05
5.17546e-05
5.17007e-05
5.16463e-05
5.15923e-05
5.15458e-05
5.15548e-05
5.15528e-05
5.15346e-05
5.15046e-05
5.14665e-05
5.14236e-05

