5e-05
5e-05
5e-05
5e-05
5e-05
5e-05
5e-05
5e-05
5e-05
5e-05
5e-05
5e-05
5e-05
5e-05
5e-05
5e-05
5e-05
5e-05
5e-05
5e-05
5e-05
5e-05
5e-05
5e-05
5e-05
5e-05
5e-05
5e-05
5e-05
5e-05
5e-05
5e-05
5e-05
5e-05
5e-05
5e-05
5e-05
5e-05
5e-05
5e-05
5e-05
5e-05
5e-05
5e-05
5e-05
5e-05
5e-05
5e-05
5e-05
5e-05
5e-05
5e-05
5e-05
5e-05
5e-05
5e-05
5e-05
5e-05
5e-05
5e-05
5e-05
5e-05
5e-05
5e-05
5e-05
5e-05
5e-05
5e-05
5e-05
5e-05
5e-05
5e-05
5e-05
5e-05
5e-05
5e-05
5e-05
5e-05
5e-05
5e-05
5e-05
5e-05
5e-05
5e-05
5e-05
5e-05
5e-05
5e-05
5e-05
5e-05
5e-05
5e-05
5e-05
5e-05
5e-05
5e-05
5e-05
5e-05
5e-05
5e-05
5e-05
5e-05
5e-05
5e-05
5e-05
5e-05
5e-05
5e-05
5e-05
5e-05
5e-05
5e-05
5e-05
5e-05
5e-05
5e-05
5e-05
5e-05
5e-05
5e-05
5e-05
5e-05
5e-05
5e-05
5e-05
5e-05
5e-05
5e-05
5e-05
5e-05
5e-05
5e-05
5e-05
5e-05
5e-05
5e-05
5e-05
5e-05
5e-05
5e-05
5e-05
5e-05
5e-05
5e-05
5e-05
5e-05
5e-05
5e-05
5e-05
5e-05
5e-05
5e-05
5e-05
5e-05
5e-05
5e-05
5e-05
5e-05
5e-05
5e-05
7.22282e-05
9.37859e-05
0.000103594
0.000114293
0.000125796
0.000137454
0.000151409
0.000166287
0.000180942
0.000195041
0.000208412
0.000220922
0.000232459
0.000242934
0.000252273
0.000260416
0.000267315
0.000272929
0.00027723
0.000280206
0.000281868
0.000282253
0.000281428
0.000279485
0.000276537
0.00027271
0.000268133
0.000262934
0.000257237
0.000251154
0.000244788
0.00023823
0.000231559
0.000224843
0.000218138
0.000216174
0.000225409
0.000217079
0.00021121
0.000206826
0.000203049
0.000199415
0.000195703
0.000191831
0.000187786
0.000183591
0.000179284
0.000174905
0.000170493
0.000166085
0.000161708
0.000157379
0.000153795
0.000156437
0.000155179
0.000150634
0.000147205
0.000144266
0.000141473
0.000138669
0.0001358
0.000132861
0.00012987
0.000126855
0.000123842
0.000120856
0.000117917
0.000115043
0.000112245
0.000109532
0.000106912
0.000104388
0.000101963
9.96378e-05
9.74114e-05
9.52829e-05
9.32496e-05
9.13068e-05
8.94501e-05
8.78931e-05
8.67107e-05
8.55707e-05
8.44152e-05
8.32446e-05
8.20674e-05
8.08917e-05
7.97248e-05
7.85729e-05
7.74411e-05
7.63337e-05

