5e-05
5e-05
5e-05
5e-05
5e-05
5e-05
5e-05
5e-05
5e-05
5e-05
5e-05
5e-05
5e-05
5e-05
5e-05
5e-05
5e-05
5e-05
5e-05
5e-05
5e-05
5e-05
5e-05
5e-05
5e-05
5e-05
5e-05
5e-05
5e-05
5e-05
5e-05
5e-05
5e-05
5e-05
5e-05
5e-05
5e-05
5e-05
5e-05
5e-05
5e-05
5e-05
5e-05
5e-05
5e-05
5e-05
5e-05
5e-05
5e-05
5e-05
5e-05
5e-05
5e-05
5e-05
5e-05
5e-05
5e-05
5e-05
5e-05
5e-05
5e-05
5e-05
5e-05
5e-05
5e-05
5e-05
5e-05
5e-05
5e-05
5e-05
5e-05
5e-05
5e-05
5e-05
5e-05
5e-05
5e-05
5e-05
5e-05
5e-05
5e-05
5e-05
5e-05
5e-05
5e-05
5e-05
5e-05
5e-05
5e-05
5e-05
5e-05
5e-05
5e-05
5e-05
5e-05
5e-05
5e-05
5e-05
5e-05
5e-05
5e-05
5e-05
5e-05
5e-05
5e-05
5e-05
5e-05
5e-05
5e-05
5e-05
5e-05
5e-05
5e-05
5.63313e-05
7.09262e-05
8.66066e-05
0.000100894
0.000112877
0.000122178
0.000129201
0.000134389
0.000138411
0.000141953
0.000144424
0.000145998
0.000146854
0.000147134
0.000151949
0.000159157
0.000164938
0.000169166
0.000171925
0.000173266
0.000173293
0.000173233
0.000173185
0.000172694
0.000171277
0.000169056
0.000166145
0.000162878
0.000159402
0.000155818
0.0001522
0.000148601
0.000145059
0.0001416
0.000138236
0.000134908
0.000131693
0.000128788
0.000128897
0.000129221
0.000128988
0.000128137
0.00012692
0.000125772
0.00012421
0.000122312
0.00012019
0.000117919
0.000115559
0.000113161
0.000110764
0.000108397
0.000106081
0.000103831
0.000101655
9.95608e-05
9.75502e-05
9.56243e-05
9.37695e-05
9.1994e-05
9.04272e-05
8.89923e-05
8.7593e-05
8.62342e-05
8.49119e-05
8.36181e-05
8.23678e-05
8.11621e-05
8.00971e-05
8.01776e-05
8.03233e-05
8.02968e-05
8.01013e-05
7.97429e-05
7.92242e-05
7.85583e-05
7.77714e-05
7.68964e-05
7.59652e-05
7.5002e-05
7.4004e-05
7.30153e-05
7.20522e-05
7.11211e-05
7.02256e-05
6.93674e-05
6.85474e-05
6.77653e-05
6.70203e-05
6.63115e-05
6.56371e-05
6.49907e-05
6.43746e-05
6.37893e-05
6.3233e-05
6.2704e-05
6.22008e-05
6.17218e-05
6.12654e-05
6.08303e-05
6.04153e-05
6.00191e-05
5.96407e-05
5.9277e-05
5.89654e-05
5.86761e-05
5.83927e-05
5.81126e-05
5.78359e-05
5.75662e-05
5.7304e-05
5.70494e-05
5.68025e-05
5.65635e-05
5.63301e-05
5.62206e-05
5.62533e-05
5.62474e-05
5.62018e-05
5.61215e-05
5.60068e-05
5.58618e-05
5.56995e-05
5.55255e-05
5.53442e-05
5.51594e-05
5.49739e-05
5.47899e-05
5.46092e-05
5.44328e-05
5.42617e-05
5.40962e-05
5.39366e-05
5.37831e-05
5.36357e-05
5.34943e-05
5.33588e-05

