5e-05
5e-05
5e-05
5e-05
5e-05
5e-05
5e-05
5e-05
5e-05
5e-05
5e-05
5e-05
5e-05
5e-05
5e-05
5e-05
5e-05
5e-05
5e-05
5e-05
5e-05
5e-05
5e-05
5e-05
5e-05
5e-05
5e-05
5e-05
5e-05
5e-05
5e-05
5e-05
5e-05
5e-05
5e-05
5e-05
5e-05
5e-05
5e-05
5e-05
5e-05
5e-05
5e-05
5e-05
5e-05
5e-05
5e-05
5e-05
5e-05
5e-05
5e-05
5e-05
5e-05
5e-05
5e-05
5e-05
5e-05
5e-05
5e-05
5e-05
5e-05
5e-05
5e-05
5e-05
5e-05
5e-05
5e-05
5e-05
5e-05
5e-05
5e-05
5e-05
5e-05
5e-05
5e-05
5e-05
5e-05
5e-05
5e-05
5.43203e-05
6.70203e-05
8.04615e-05
9.18219e-05
0.000101401
0.000109204
0.000115583
0.000121382
0.000126607
0.000130385
0.000133277
0.000135457
0.000136943
0.00013794
0.000138458
0.000138609
0.000138488
0.000138138
0.00013759
0.000136873
0.00013601
0.000135023
0.000133928
0.000132716
0.000131384
0.000129967
0.000128471
0.000126903
0.000125321
0.000123737
0.000122133
0.000120506
0.000118855
0.000117223
0.000115586
0.000114061
0.000112912
0.000111743
0.00011075
0.000109869
0.000108874
0.000107938
0.000107191
0.000106321
0.000105311
0.000104107
0.000102793
0.000101404
9.99671e-05
9.85318e-05
9.71099e-05
9.59292e-05
9.48202e-05
9.3654e-05
9.24352e-05
9.11751e-05
8.9926e-05
8.88793e-05
8.81098e-05
8.72392e-05
8.62809e-05
8.5296e-05
8.43012e-05
8.33034e-05
8.23084e-05
8.13176e-05
8.10264e-05
8.16326e-05
8.20368e-05
8.23648e-05
8.2523e-05
8.25433e-05
8.40008e-05
9.10654e-05
9.1737e-05
9.02528e-05
8.82791e-05
8.62248e-05
8.42191e-05
8.23102e-05
8.05106e-05
7.88248e-05
7.72471e-05
7.57745e-05
7.4401e-05
7.31146e-05
7.19107e-05
7.07887e-05
6.97401e-05
6.87592e-05
6.78429e-05
6.69868e-05
6.61858e-05
6.54349e-05
6.47269e-05
6.40617e-05
6.34363e-05
6.28475e-05
6.22924e-05
6.1988e-05
6.19492e-05
6.18621e-05
6.16864e-05
6.14491e-05
6.1174e-05
6.08686e-05
6.05401e-05
6.01954e-05
5.98408e-05
5.9475e-05
5.91094e-05
5.87453e-05
5.83906e-05
5.80473e-05
5.77147e-05
5.73893e-05
5.70758e-05
5.6777e-05
5.64906e-05
5.62407e-05
5.60062e-05
5.57758e-05
5.55518e-05
5.53343e-05
5.51237e-05
5.49221e-05
5.47295e-05
5.45437e-05
5.43646e-05
5.41924e-05
5.40282e-05
5.38713e-05
5.37211e-05
5.35781e-05
5.3442e-05
5.33115e-05
5.31854e-05
5.30653e-05
5.29495e-05
5.28384e-05
5.27328e-05
5.26322e-05
5.25668e-05
5.25815e-05
5.2581e-05
5.2565e-05
5.25361e-05
5.2496e-05
5.24449e-05
5.23836e-05
5.23146e-05
5.22423e-05
5.21685e-05
5.20942e-05
5.20202e-05
5.19473e-05
5.18758e-05
5.18061e-05
5.17379e-05
5.16707e-05
5.16052e-05
5.15419e-05
5.14807e-05
5.14222e-05
5.13661e-05
5.13127e-05
5.12619e-05
5.12135e-05
5.11666e-05
5.11216e-05
5.10788e-05

