5e-05
5e-05
5e-05
5e-05
5e-05
5e-05
5e-05
5e-05
5e-05
5e-05
5e-05
5e-05
5e-05
5e-05
5e-05
5e-05
5e-05
5e-05
5e-05
5e-05
5e-05
5e-05
5e-05
5e-05
5e-05
5e-05
5e-05
5e-05
5e-05
5e-05
5e-05
5e-05
5e-05
5e-05
5e-05
5e-05
5e-05
5e-05
5e-05
5e-05
5e-05
5e-05
5e-05
5e-05
5e-05
5e-05
5e-05
5e-05
5e-05
5e-05
5e-05
5e-05
5e-05
5e-05
5e-05
5e-05
5e-05
5e-05
5e-05
5e-05
5e-05
5e-05
5e-05
5e-05
5e-05
5e-05
5e-05
5e-05
5e-05
5e-05
5e-05
5e-05
5e-05
5e-05
5e-05
5e-05
5e-05
5e-05
5e-05
5e-05
5e-05
5e-05
5e-05
5e-05
5e-05
5e-05
5e-05
5e-05
5e-05
5e-05
5e-05
5e-05
5e-05
5e-05
5e-05
5e-05
5e-05
5e-05
5e-05
5e-05
5e-05
5e-05
5e-05
5e-05
5e-05
5e-05
5e-05
5e-05
5e-05
5e-05
5e-05
5e-05
5e-05
5e-05
5e-05
5e-05
5e-05
5e-05
5e-05
5e-05
5e-05
5e-05
5e-05
5e-05
5e-05
5e-05
5e-05
5e-05
5e-05
5e-05
5e-05
5e-05
5e-05
5e-05
5e-05
5e-05
5e-05
5e-05
5e-05
5e-05
5e-05
5e-05
5e-05
5e-05
5e-05
5e-05
5e-05
5e-05
5e-05
5e-05
5e-05
5e-05
5e-05
5.04903e-05
5.55748e-05
6.24179e-05
6.92358e-05
7.55233e-05
8.10102e-05
8.57292e-05
8.97821e-05
9.32515e-05
9.62068e-05
9.87045e-05
0.000100785
0.00010251
0.000103918
0.000105043
0.000105914
0.000106558
0.000106998
0.000107248
0.000107326
0.000107259
0.000107065
0.000106749
0.000106332
0.000105822
0.000105235
0.000104582
0.000103869
0.000103104
0.000102297
0.000101453
0.000100575
9.96696e-05
9.87412e-05
9.77943e-05
9.68359e-05
9.58691e-05
9.48932e-05
9.39139e-05
9.29318e-05
9.19529e-05
9.09794e-05
9.00129e-05
8.90546e-05
8.8133e-05
8.74495e-05
8.67446e-05
8.59919e-05
8.5199e-05
8.43706e-05
8.35256e-05
8.2673e-05
8.18193e-05
8.09664e-05
8.01148e-05
7.9272e-05
7.84452e-05
7.76362e-05
7.68442e-05
7.60692e-05
7.53138e-05
7.45782e-05
7.38604e-05
7.31604e-05
7.24798e-05
7.18183e-05
7.11754e-05
7.05506e-05
6.99432e-05
6.9353e-05
6.87778e-05
6.82177e-05
6.76739e-05
6.71461e-05
6.66337e-05
6.61342e-05
6.56491e-05
6.51786e-05
6.47223e-05
6.42796e-05
6.38488e-05
6.343e-05
6.3024e-05
6.26304e-05
6.22486e-05
6.18766e-05
6.15151e-05
6.11607e-05
6.08149e-05
6.04798e-05
6.01562e-05
5.98441e-05
5.95427e-05
5.92514e-05
5.89696e-05
5.86957e-05
5.84305e-05

