5e-05
5e-05
5e-05
5e-05
5e-05
5e-05
5e-05
5e-05
5.02508e-05
5.68893e-05
6.72095e-05
7.76803e-05
8.76989e-05
9.74215e-05
0.000107029
0.000115092
0.00012159
0.000126733
0.000130685
0.000133251
0.000134595
0.000135364
0.00013558
0.000135663
0.000140816
0.000145543
0.000149078
0.000151514
0.000152687
0.00015309
0.000153679
0.000153577
0.000152847
0.000151478
0.000149707
0.000147656
0.000145401
0.000143004
0.000140517
0.000137978
0.00013542
0.000132862
0.000130282
0.00012773
0.00012517
0.000122937
0.000120949
0.000119167
0.0001205
0.000122365
0.000123531
0.000123781
0.000122944
0.000121484
0.000119711
0.000117695
0.000115479
0.000113193
0.000110887
0.00010854
0.000106104
0.000103705
0.000101411
9.92264e-05
9.71459e-05
9.51563e-05
9.32705e-05
9.14695e-05
8.97481e-05
8.81037e-05
8.655e-05
8.50871e-05
8.37069e-05
8.23928e-05
8.11445e-05
7.99567e-05
7.88313e-05
7.77559e-05
7.67144e-05
7.57085e-05
7.47445e-05
7.38183e-05
7.29234e-05
7.20659e-05
7.12442e-05
7.04641e-05
6.97195e-05
6.90065e-05
6.8321e-05
6.7662e-05
6.70256e-05
6.64096e-05
6.58192e-05
6.52537e-05
6.47117e-05
6.42048e-05
6.37917e-05
6.33956e-05
6.30072e-05
6.26257e-05
6.22509e-05
6.18801e-05
6.15084e-05
6.11419e-05
6.07843e-05
6.04581e-05
6.01707e-05
5.98791e-05
5.9579e-05
5.92771e-05
5.89822e-05
5.8695e-05
5.84145e-05
5.81359e-05
5.7865e-05
5.76007e-05
5.73435e-05
5.70896e-05
5.68446e-05
5.66102e-05
5.63859e-05
5.61691e-05
5.59576e-05
5.57494e-05
5.555e-05
5.53584e-05
5.51753e-05
5.50005e-05
5.48318e-05
5.46701e-05
5.45154e-05
5.4366e-05
5.4222e-05
5.4086e-05
5.39768e-05
5.38881e-05
5.38033e-05
5.37145e-05
5.36254e-05
5.35438e-05
5.34565e-05
5.33744e-05
5.33007e-05
5.32223e-05
5.31397e-05
5.30535e-05
5.29649e-05
5.29005e-05
5.283e-05
5.27473e-05
5.26595e-05
5.25708e-05
5.24925e-05
5.24156e-05
5.23378e-05
5.22593e-05
5.21799e-05
5.21029e-05
5.20271e-05
5.19526e-05
5.18804e-05
5.18112e-05
5.17449e-05
5.1683e-05
5.16289e-05
5.15757e-05
5.15236e-05
5.14731e-05
5.14232e-05
5.13743e-05
5.1327e-05
5.12811e-05
5.1237e-05
5.11989e-05
5.11644e-05
5.11294e-05
5.10946e-05
5.10605e-05
5.10262e-05
5.09928e-05
5.09597e-05
5.09273e-05
5.08958e-05
5.08653e-05
5.08355e-05
5.08066e-05
5.07789e-05
5.07524e-05
5.0727e-05
5.07026e-05
5.06792e-05
5.06567e-05
5.06351e-05
5.06137e-05
5.05928e-05
5.05729e-05
5.05537e-05
5.05353e-05
5.05174e-05
5.05002e-05
5.04835e-05
5.04675e-05
5.0452e-05
5.0437e-05
5.04224e-05
5.04083e-05
5.03945e-05
5.03812e-05
5.03684e-05
5.03561e-05
5.03442e-05
5.03327e-05
5.03217e-05
5.03112e-05
5.0301e-05
5.02912e-05
5.02825e-05
5.02749e-05
5.02672e-05
5.02596e-05
5.02519e-05
5.02442e-05
5.02364e-05
5.02289e-05
5.02215e-05
5.02145e-05
5.02075e-05
5.02008e-05
5.01942e-05
5.01879e-05
5.01817e-05
5.01757e-05
5.01699e-05
5.01643e-05
5.01588e-05
5.01535e-05
5.01484e-05
5.01434e-05
5.01386e-05
5.01342e-05
5.01305e-05
5.01269e-05
5.01237e-05
5.01208e-05
5.01178e-05
5.01148e-05
5.01116e-05
5.01084e-05
5.01052e-05
5.0102e-05

