5e-05
5e-05
5e-05
5e-05
5e-05
5e-05
5e-05
5e-05
5e-05
5e-05
5e-05
5e-05
5e-05
5e-05
5e-05
5e-05
5e-05
5e-05
5e-05
5e-05
5e-05
5e-05
5e-05
5e-05
5e-05
5e-05
5e-05
5e-05
5e-05
5e-05
5e-05
5e-05
5e-05
5e-05
5e-05
5e-05
5e-05
5e-05
5e-05
5e-05
5e-05
5e-05
5e-05
5e-05
5e-05
5e-05
5e-05
5e-05
5e-05
5e-05
5e-05
5e-05
5e-05
5e-05
5e-05
5e-05
5e-05
5e-05
5e-05
5e-05
5e-05
5e-05
5e-05
5e-05
5e-05
5e-05
5e-05
5e-05
5e-05
5e-05
5e-05
5e-05
5e-05
5e-05
5e-05
5e-05
5e-05
5e-05
5e-05
5e-05
5e-05
5e-05
5e-05
5e-05
5e-05
5e-05
5e-05
5e-05
5e-05
5e-05
5e-05
5e-05
5e-05
5e-05
5e-05
5e-05
5e-05
5e-05
5e-05
5e-05
5e-05
5e-05
5e-05
5e-05
5e-05
5e-05
5e-05
5e-05
5e-05
5e-05
5e-05
5e-05
5e-05
5e-05
5.14272e-05
5.82423e-05
6.673e-05
7.5215e-05
8.31665e-05
9.01894e-05
9.62863e-05
0.00010155
0.000106065
0.000109909
0.000113151
0.000115854
0.000118076
0.000119867
0.000121274
0.000122338
0.000123097
0.000123583
0.000123825
0.000123798
0.000123581
0.000123207
0.000122696
0.000122065
0.000121328
0.000120498
0.000119588
0.000118606
0.000117564
0.00011647
0.000115333
0.000114159
0.000112954
0.000111726
0.000110479
0.000109219
0.000108246
0.000110242
0.000112279
0.000113822
0.000114903
0.000115565
0.00011582
0.000115662
0.000115093
0.000114147
0.000112885
0.000111378
0.000109694
0.000107895
0.000106027
0.000104129
0.000102229
0.000100347
9.84736e-05
9.6646e-05
9.48768e-05
9.31702e-05
9.15279e-05
8.99502e-05
8.84366e-05
8.69858e-05
8.55959e-05
8.4265e-05
8.29908e-05
8.17709e-05
8.06028e-05
7.94843e-05
7.8413e-05
7.73865e-05
7.64027e-05
7.54595e-05
7.45548e-05
7.36868e-05
7.28536e-05
7.20535e-05
7.1285e-05
7.05465e-05
6.98361e-05
6.91444e-05
6.84788e-05
6.78398e-05
6.72263e-05
6.66368e-05
6.60703e-05
6.55255e-05
6.50014e-05
6.44969e-05
6.40111e-05
6.35432e-05
6.30922e-05
6.26575e-05
6.22364e-05
6.18259e-05
6.14305e-05
6.10499e-05
6.06834e-05
6.03305e-05
5.99904e-05
5.96625e-05
5.93463e-05
5.90412e-05
5.87468e-05
5.84626e-05
5.81882e-05
5.79231e-05
5.76647e-05
5.74135e-05
5.71712e-05
5.69376e-05
5.67124e-05
5.64951e-05
5.62854e-05
5.6083e-05
5.58875e-05
5.57004e-05
5.57412e-05
5.58249e-05
5.5867e-05
5.58751e-05
5.58528e-05
5.58021e-05
5.57242e-05
5.56215e-05
5.54973e-05
5.53559e-05
5.52017e-05
5.50389e-05
5.4871e-05
5.46976e-05
5.45249e-05
5.4355e-05
5.4189e-05
5.40278e-05
5.38718e-05
5.37214e-05

