5e-05
5e-05
5e-05
5e-05
5e-05
5e-05
5e-05
5e-05
5e-05
5e-05
5e-05
5e-05
5e-05
5e-05
5e-05
5e-05
5e-05
5e-05
5e-05
5e-05
5e-05
5e-05
5e-05
5e-05
5e-05
5e-05
5e-05
5e-05
5e-05
5e-05
5e-05
5e-05
5e-05
5e-05
5e-05
5e-05
5e-05
5e-05
5e-05
5e-05
5e-05
5e-05
5e-05
5e-05
5e-05
5e-05
5e-05
5e-05
5e-05
5e-05
5e-05
5e-05
5e-05
5e-05
5e-05
5e-05
5e-05
5e-05
5e-05
5e-05
5e-05
5e-05
5e-05
5e-05
5e-05
5e-05
5e-05
5.19394e-05
5.98396e-05
6.94057e-05
7.87836e-05
8.73757e-05
9.49035e-05
0.000101402
0.000107854
0.000113576
0.000118341
0.000122351
0.000126434
0.000129804
0.000132379
0.000134189
0.000135371
0.000135942
0.000136108
0.000135865
0.000135261
0.000134479
0.000133555
0.000132459
0.000131268
0.00013001
0.000128695
0.000127269
0.000125726
0.00012417
0.000122616
0.000121069
0.000119528
0.000117996
0.000116474
0.000114962
0.000113427
0.000111862
0.000110322
0.00010881
0.000107315
0.000105825
0.000104366
0.00010294
0.000101546
0.000100182
9.88483e-05
9.75426e-05
9.62475e-05
9.49737e-05
9.397e-05
9.2996e-05
9.20056e-05
9.09935e-05
8.99486e-05
8.89023e-05
8.78608e-05
8.68275e-05
8.59032e-05
8.50648e-05
8.42075e-05
8.3338e-05
8.24468e-05
8.15191e-05
8.05998e-05
7.96948e-05
7.88005e-05
7.795e-05
7.72505e-05
7.65444e-05
7.58191e-05
7.50941e-05
7.43698e-05
7.36229e-05
7.28739e-05
7.21423e-05
7.14222e-05
7.07218e-05
7.00483e-05
6.94952e-05
6.90216e-05
6.8603e-05
6.81607e-05
6.76937e-05
6.72065e-05
6.67111e-05
6.62079e-05
6.5696e-05
6.51933e-05
6.47013e-05
6.42149e-05
6.37348e-05
6.3262e-05
6.2796e-05
6.23446e-05
6.1909e-05
6.14917e-05
6.10884e-05
6.07027e-05
6.03304e-05
5.99723e-05
5.9627e-05
5.92931e-05
5.89737e-05
5.86685e-05
5.83733e-05
5.80883e-05
5.78102e-05
5.75432e-05
5.72852e-05
5.70362e-05
5.67984e-05
5.65713e-05
5.63538e-05
5.61429e-05
5.59406e-05
5.57467e-05
5.55606e-05
5.53819e-05
5.521e-05
5.50442e-05
5.4882e-05
5.4724e-05
5.45693e-05
5.44178e-05
5.42725e-05
5.41332e-05
5.39996e-05
5.38713e-05
5.3748e-05
5.36292e-05
5.35147e-05
5.34043e-05
5.32977e-05
5.31947e-05
5.30951e-05
5.29987e-05
5.29055e-05
5.28151e-05
5.27262e-05
5.26387e-05
5.25529e-05
5.24702e-05
5.23907e-05
5.23143e-05
5.22406e-05
5.21696e-05
5.21012e-05
5.20351e-05
5.19712e-05
5.19085e-05
5.18479e-05
5.1789e-05
5.17316e-05
5.16758e-05
5.16217e-05
5.15697e-05
5.15196e-05
5.14707e-05
5.14236e-05
5.13782e-05
5.13411e-05
5.13062e-05
5.12705e-05
5.12345e-05
5.11987e-05
5.11629e-05
5.11275e-05
5.10926e-05
5.10586e-05
5.10256e-05
5.09936e-05
5.09625e-05
5.09323e-05
5.0902e-05
5.08723e-05
5.08436e-05
5.08161e-05
5.07896e-05
5.07639e-05
5.07388e-05
5.07144e-05
5.06905e-05
5.06675e-05

