5e-05
5e-05
5e-05
5e-05
5e-05
5e-05
5e-05
5e-05
5e-05
5e-05
5e-05
5e-05
5e-05
5e-05
5e-05
5e-05
5e-05
5e-05
5e-05
5e-05
5e-05
5e-05
5e-05
5e-05
5e-05
5e-05
5e-05
5e-05
5e-05
5.38506e-05
6.47729e-05
7.67853e-05
8.79814e-05
9.75838e-05
0.000105519
0.000112043
0.000117371
0.000121684
0.000125136
0.000127857
0.000129956
0.000131516
0.000132536
0.000133151
0.000133324
0.000133735
0.000134255
0.000134837
0.000141099
0.000148101
0.000153494
0.000156886
0.000157963
0.000157636
0.000156518
0.000154755
0.000152447
0.000149854
0.000147084
0.000144106
0.00014084
0.000137536
0.000134333
0.000131248
0.000128277
0.000125402
0.000122654
0.000120001
0.000117439
0.000114967
0.000112617
0.000110393
0.000108282
0.000106257
0.000104319
0.000102463
0.000100693
9.89895e-05
9.73231e-05
9.56993e-05
9.41323e-05
9.26157e-05
9.11392e-05
8.97158e-05
8.8344e-05
8.70362e-05
8.57817e-05
8.45746e-05
8.34076e-05
8.228e-05
8.11853e-05
8.01197e-05
7.90943e-05
7.81083e-05
7.71597e-05
7.62715e-05
7.5557e-05
7.48689e-05
7.41901e-05
7.35193e-05
7.28566e-05
7.21971e-05
7.15317e-05
7.08727e-05
7.02271e-05
6.96388e-05
6.9122e-05
6.85944e-05
6.80481e-05
6.74959e-05
6.69549e-05
6.64269e-05
6.59096e-05
6.53945e-05
6.48927e-05
6.4402e-05
6.39236e-05
6.34503e-05
6.29931e-05
6.25552e-05
6.21356e-05
6.17296e-05
6.1333e-05
6.09419e-05
6.0567e-05
6.02067e-05
5.98618e-05
5.95324e-05
5.92142e-05
5.89092e-05
5.86171e-05
5.83346e-05
5.80623e-05
5.78051e-05
5.75988e-05
5.74318e-05
5.72721e-05
5.71045e-05
5.6936e-05
5.67817e-05
5.66161e-05
5.64605e-05
5.63208e-05
5.61719e-05
5.60149e-05
5.58507e-05
5.56819e-05
5.55595e-05
5.54252e-05
5.52675e-05
5.50997e-05
5.49302e-05
5.47805e-05
5.46334e-05
5.44848e-05
5.43345e-05
5.41825e-05
5.40352e-05
5.38901e-05
5.37472e-05
5.36091e-05
5.34763e-05
5.33493e-05
5.39478e-05
5.96109e-05
6.7221e-05
7.49742e-05
8.23688e-05
8.88547e-05
9.44575e-05
9.93086e-05
0.000103473
0.000107074
0.000110767
0.000114269
0.000117057
0.000119278
0.000121046
0.000122287
0.00012317
0.000123677
0.000123876
0.000123836
0.000123607
0.000123149
0.000122531
0.000121819
0.000121027
0.000120166
0.000119242
0.000118261
0.000117229
0.000116143
0.000114948
0.00011369
0.000112423
0.000111153
0.000109873
0.000108571
0.00010727
0.000105954
0.000104652
0.000103342
0.000102046
0.000100737
9.94368e-05
9.81321e-05
9.6848e-05
9.55854e-05
9.43433e-05
9.31308e-05
9.19405e-05
9.07866e-05
8.96651e-05
8.85621e-05
8.74915e-05
8.65488e-05
8.57332e-05
8.48936e-05
8.40436e-05
8.31665e-05
8.22707e-05
8.13505e-05
8.04423e-05
7.95578e-05
7.86964e-05
7.7846e-05
7.70078e-05
7.61946e-05
7.54028e-05
7.46218e-05
7.38549e-05
7.31135e-05
7.23859e-05
7.16751e-05
7.09927e-05
7.03332e-05
6.96798e-05
6.90411e-05
6.84644e-05
6.79926e-05
6.752e-05
6.70956e-05
6.67193e-05
6.63261e-05
6.59232e-05
6.55073e-05
6.50744e-05
6.46419e-05
6.42106e-05

