5e-05
5e-05
5e-05
5e-05
5e-05
5e-05
5e-05
5e-05
5.0253e-05
5.71944e-05
6.91588e-05
8.16317e-05
9.31122e-05
0.000102835
0.000110746
0.000117237
0.000122505
0.000126724
0.000130044
0.00013287
0.000135052
0.00013651
0.000137267
0.000137244
0.000137629
0.000143432
0.000149014
0.00015355
0.000156544
0.000158193
0.000158978
0.000158876
0.000157927
0.000156337
0.000154308
0.00015196
0.000149437
0.000146802
0.0001441
0.000141341
0.000138548
0.000135786
0.000133072
0.000130417
0.000127827
0.000125307
0.00012286
0.000120486
0.000118186
0.000115959
0.000113796
0.000111664
0.000109685
0.000107907
0.000106449
0.000105004
0.000103663
0.000102536
0.000101359
0.000100086
9.86245e-05
9.70917e-05
9.55659e-05
9.40746e-05
9.26206e-05
9.12283e-05
9.00496e-05
8.88718e-05
8.78626e-05
8.68947e-05
8.58929e-05
8.48534e-05
8.3811e-05
8.27562e-05
8.17033e-05
8.07036e-05
7.98441e-05
7.89881e-05
7.8131e-05
7.72764e-05
7.64279e-05
7.55875e-05
7.48032e-05
7.40662e-05
7.33318e-05
7.26028e-05
7.18823e-05
7.11725e-05
7.04755e-05
6.98592e-05
6.92837e-05
6.86744e-05
6.80627e-05
6.74629e-05
6.69117e-05
6.64353e-05
6.59584e-05
6.54692e-05
6.49821e-05
6.44966e-05
6.40106e-05
6.35231e-05
6.30381e-05
6.25693e-05
6.21556e-05
6.17876e-05
6.14253e-05
6.10679e-05
6.07152e-05
6.03621e-05
6.00163e-05
5.96794e-05
5.93517e-05
5.90335e-05
5.87248e-05
5.84259e-05
5.81358e-05
5.78513e-05
5.75729e-05
5.73358e-05
5.71152e-05
5.68942e-05
5.66768e-05
5.6463e-05
5.62499e-05
5.60386e-05
5.58332e-05
5.56341e-05
5.54389e-05
5.52505e-05
5.5069e-05
5.48944e-05
5.47415e-05
5.46062e-05
5.44703e-05
5.43292e-05
5.41892e-05
5.40611e-05
5.39488e-05
5.3845e-05
5.37486e-05
5.36498e-05
5.35493e-05
5.34477e-05
5.3346e-05
5.32712e-05
5.3203e-05
5.31337e-05
5.30552e-05
5.29681e-05
5.28769e-05
5.27888e-05
5.27227e-05
5.26592e-05
5.2599e-05
5.25461e-05
5.24843e-05
5.24143e-05
5.23404e-05
5.22609e-05
5.21808e-05
5.21042e-05
5.20367e-05
5.19679e-05
5.1899e-05
5.18297e-05
5.17625e-05
5.16971e-05
5.16337e-05
5.15722e-05
5.1513e-05
5.14557e-05
5.14012e-05
5.13556e-05
5.13172e-05
5.12816e-05
5.12447e-05
5.12071e-05
5.11691e-05
5.11315e-05
5.10939e-05
5.10563e-05
5.10199e-05
5.09845e-05
5.09494e-05
5.09153e-05
5.08822e-05
5.08505e-05
5.08199e-05
5.07903e-05
5.07618e-05
5.07341e-05
5.07076e-05
5.06822e-05
5.06577e-05
5.06341e-05
5.06112e-05
5.05894e-05
5.05686e-05
5.05486e-05
5.05294e-05
5.05111e-05
5.04935e-05
5.04767e-05
5.04602e-05
5.04443e-05
5.04289e-05
5.04139e-05
5.03996e-05
5.0386e-05
5.03729e-05
5.036e-05
5.03477e-05
5.03359e-05
5.03247e-05
5.03139e-05
5.0305e-05
5.02987e-05
5.02923e-05
5.02856e-05
5.02786e-05
5.02715e-05
5.02642e-05
5.02566e-05
5.02489e-05
5.02412e-05
5.02334e-05
5.02258e-05
5.02182e-05
5.02108e-05
5.02039e-05
5.01981e-05
5.01925e-05
5.01868e-05
5.01811e-05
5.01755e-05
5.01699e-05
5.01643e-05
5.01589e-05
5.01539e-05
5.01496e-05
5.01453e-05
5.01413e-05
5.01376e-05
5.01337e-05
5.01299e-05
5.0126e-05
5.0122e-05
5.01181e-05
5.01142e-05

