5e-05
5e-05
5e-05
5e-05
5e-05
5e-05
5e-05
5e-05
5e-05
5e-05
5e-05
5e-05
5e-05
5e-05
5e-05
5e-05
5e-05
5e-05
5e-05
5e-05
5e-05
5e-05
5e-05
5e-05
5e-05
5e-05
5e-05
5e-05
5e-05
5e-05
5e-05
5e-05
5e-05
5e-05
5e-05
5e-05
5e-05
5e-05
5e-05
5e-05
5e-05
5e-05
5e-05
5e-05
5e-05
5.20271e-05
5.92567e-05
6.78198e-05
7.62767e-05
8.42044e-05
9.10413e-05
9.68084e-05
0.000101689
0.000105853
0.000109384
0.000112344
0.000114779
0.000116814
0.000118445
0.000119765
0.000120783
0.000121451
0.0001219
0.000122121
0.000122155
0.000122011
0.000121708
0.000121292
0.000120775
0.000120164
0.000119424
0.000118499
0.000117496
0.000116461
0.0001154
0.000114308
0.00011317
0.000112018
0.000110848
0.000109639
0.000108428
0.000107219
0.000106012
0.000104809
0.000103611
0.000102418
0.000101188
9.99428e-05
9.86776e-05
9.7402e-05
9.61273e-05
9.48646e-05
9.36062e-05
9.23781e-05
9.11875e-05
9.00289e-05
8.89126e-05
8.78274e-05
8.67686e-05
8.57458e-05
8.47568e-05
8.37916e-05
8.28445e-05
8.19266e-05
8.10368e-05
8.01729e-05
7.9314e-05
7.84682e-05
7.7649e-05
7.6854e-05
7.60719e-05
7.53091e-05
7.45605e-05
7.38291e-05
7.31209e-05
7.24274e-05
7.17488e-05
7.10932e-05
7.04615e-05
6.98524e-05
6.92643e-05
6.86903e-05
6.81225e-05
6.75633e-05
6.70181e-05
6.649e-05
6.5978e-05
6.5485e-05
6.5006e-05
6.47012e-05
6.49977e-05
6.527e-05
6.54367e-05
6.54872e-05
6.54627e-05
6.52926e-05
6.4994e-05
6.47146e-05
6.43962e-05
6.40447e-05
6.37132e-05
6.33477e-05
6.29512e-05
6.25423e-05
6.21284e-05
6.17109e-05
6.1288e-05
6.08688e-05
6.04595e-05
6.00565e-05
5.9662e-05
5.92751e-05
5.89016e-05
5.85393e-05
5.81926e-05
5.78626e-05
5.75542e-05
5.72863e-05
5.70294e-05
5.67772e-05
5.65309e-05
5.62929e-05
5.60645e-05
5.5845e-05
5.56306e-05
5.54229e-05
5.5225e-05
5.50346e-05
5.48529e-05
5.46794e-05
5.45116e-05
5.43501e-05
5.41951e-05
5.40494e-05
5.39278e-05
5.38109e-05
5.36964e-05
5.35841e-05
5.3473e-05
5.33606e-05
5.32481e-05
5.31368e-05
5.30286e-05
5.29247e-05
5.28246e-05
5.27264e-05
5.26322e-05
5.2542e-05
5.24539e-05
5.23685e-05
5.22979e-05
5.22298e-05
5.21614e-05
5.20938e-05
5.20272e-05
5.19614e-05
5.18966e-05
5.18336e-05
5.17723e-05
5.17123e-05
5.1654e-05
5.15977e-05
5.15432e-05
5.14906e-05
5.14399e-05
5.13912e-05
5.13439e-05
5.1298e-05
5.12539e-05
5.12117e-05
5.11714e-05
5.11324e-05
5.10949e-05
5.10589e-05
5.10243e-05
5.09906e-05
5.09582e-05
5.09267e-05
5.08965e-05
5.08674e-05
5.08391e-05
5.08115e-05
5.07842e-05
5.07578e-05
5.07326e-05
5.07083e-05
5.06849e-05
5.06625e-05
5.0641e-05
5.06197e-05
5.05991e-05
5.05795e-05
5.05607e-05
5.05427e-05
5.05254e-05
5.05086e-05
5.04923e-05
5.04765e-05
5.04615e-05
5.04494e-05
5.04376e-05
5.04256e-05
5.04137e-05
5.04017e-05
5.03899e-05
5.03783e-05
5.0367e-05
5.03559e-05
5.03449e-05
5.0334e-05

