5e-05
5e-05
5e-05
5e-05
5e-05
5e-05
5e-05
5e-05
5e-05
5e-05
5e-05
5e-05
5e-05
5e-05
5e-05
5e-05
5e-05
5e-05
5e-05
5e-05
5e-05
5e-05
5e-05
5e-05
5e-05
5e-05
5e-05
5e-05
5e-05
5e-05
5e-05
5e-05
5e-05
5e-05
5e-05
5e-05
5e-05
5e-05
5e-05
5e-05
5e-05
5e-05
5e-05
5e-05
5e-05
5e-05
5e-05
5.07832e-05
5.72905e-05
6.60472e-05
7.49721e-05
8.34165e-05
9.05442e-05
9.64008e-05
0.000101448
0.00010584
0.00010962
0.000112792
0.000115416
0.000117616
0.000119386
0.000120802
0.000121926
0.000122785
0.00012335
0.000123831
0.000124661
0.00012547
0.000126413
0.000127002
0.000127207
0.000127052
0.000126651
0.000126042
0.00012572
0.000125299
0.000124636
0.000123817
0.000123264
0.000122541
0.000121589
0.00012041
0.000119061
0.00011754
0.000115944
0.000114261
0.000112505
0.000110765
0.000109052
0.000107341
0.000105666
0.000104036
0.00010245
0.000100873
9.92969e-05
9.77723e-05
9.63025e-05
9.48853e-05
9.35177e-05
9.2197e-05
9.09204e-05
8.96854e-05
8.84715e-05
8.72722e-05
8.61141e-05
8.49973e-05
8.39141e-05
8.28552e-05
8.18337e-05
8.08486e-05
7.98979e-05
7.89796e-05
7.80918e-05
7.7233e-05
7.63925e-05
7.5575e-05
7.49119e-05
7.42745e-05
7.36376e-05
7.29978e-05
7.23484e-05
7.17055e-05
7.10719e-05
7.04489e-05
6.98894e-05
6.93808e-05
6.88671e-05
6.83514e-05
6.78283e-05
6.72897e-05
6.6759e-05
6.62392e-05
6.57282e-05
6.52431e-05
6.48408e-05
6.44374e-05
6.4026e-05
6.36167e-05
6.32097e-05
6.27924e-05
6.23756e-05
6.19695e-05
6.15708e-05
6.11839e-05
6.08124e-05
6.05059e-05
6.02426e-05
6.00094e-05
5.97645e-05
5.95072e-05
5.92399e-05
5.89689e-05
5.86944e-05
5.84158e-05
5.81427e-05
5.78757e-05
5.76121e-05
5.73523e-05
5.70966e-05
5.6845e-05
5.66015e-05
5.63666e-05
5.61417e-05
5.59245e-05
5.57169e-05
5.55166e-05
5.53241e-05
5.51385e-05
5.49592e-05
5.47877e-05
5.46239e-05
5.44656e-05
5.43128e-05
5.41637e-05
5.40207e-05
5.38825e-05
5.37492e-05
5.36219e-05
5.35004e-05
5.33841e-05
5.32713e-05
5.31632e-05
5.30595e-05
5.29601e-05
5.28647e-05
5.27728e-05
5.26843e-05
5.25978e-05
5.25135e-05
5.24309e-05
5.23501e-05
5.22726e-05
5.21984e-05
5.21272e-05
5.20588e-05
5.1993e-05
5.19298e-05
5.18688e-05
5.181e-05
5.17532e-05
5.16983e-05
5.16453e-05
5.1594e-05
5.15443e-05
5.14962e-05
5.14489e-05
5.14024e-05
5.13567e-05
5.13127e-05
5.12704e-05
5.12298e-05
5.11906e-05
5.11528e-05
5.11164e-05
5.10813e-05
5.10473e-05
5.1014e-05
5.09818e-05
5.09504e-05
5.09199e-05
5.08903e-05
5.08615e-05
5.08339e-05
5.08072e-05
5.07812e-05
5.07562e-05
5.07321e-05
5.07124e-05
5.06938e-05
5.06748e-05
5.06557e-05
5.06367e-05
5.06177e-05
5.05988e-05
5.05803e-05
5.05622e-05
5.05447e-05
5.05277e-05
5.05112e-05
5.04951e-05
5.04791e-05
5.04633e-05
5.0448e-05
5.04334e-05
5.04194e-05
5.04057e-05
5.03923e-05
5.03794e-05
5.03667e-05
5.03545e-05

