5e-05
5e-05
5e-05
5e-05
5e-05
5e-05
5e-05
5e-05
5e-05
5e-05
5e-05
5e-05
5e-05
5e-05
5e-05
5e-05
5e-05
5e-05
5e-05
5.30212e-05
6.09199e-05
6.96901e-05
7.81239e-05
8.57686e-05
9.24203e-05
9.81638e-05
0.000103099
0.000107315
0.000110855
0.000113579
0.000115707
0.000117451
0.000118863
0.000119976
0.000120822
0.000121424
0.000121806
0.000121966
0.000121913
0.000121705
0.000122207
0.000127148
0.000131742
0.000135377
0.000138088
0.000140575
0.000142683
0.000143932
0.000144297
0.000143832
0.000142631
0.000140748
0.000138249
0.000135517
0.000132677
0.000129798
0.000126952
0.000124145
0.000121424
0.000118785
0.000116237
0.000113784
0.000111426
0.000109158
0.00010698
0.000104868
0.00010281
0.000100847
9.92052e-05
9.76776e-05
9.61919e-05
9.47441e-05
9.33244e-05
9.19263e-05
9.05667e-05
8.92409e-05
8.79433e-05
8.66856e-05
8.54531e-05
8.4425e-05
8.34559e-05
8.24748e-05
8.15018e-05
8.05286e-05
7.95646e-05
7.86093e-05
7.76566e-05
7.67314e-05
7.58359e-05
7.49699e-05
7.41331e-05
7.33246e-05
7.25438e-05
7.1786e-05
7.10486e-05
7.03378e-05
6.96478e-05
6.89793e-05
6.83364e-05
6.77184e-05
6.71262e-05
6.66423e-05
6.61726e-05
6.5695e-05
6.52217e-05
6.47549e-05
6.42889e-05
6.38327e-05
6.33881e-05
6.29554e-05
6.25348e-05
6.21263e-05
6.17298e-05
6.13383e-05
6.09556e-05
6.05866e-05
6.02312e-05
5.98889e-05
5.95592e-05
5.92413e-05
5.89312e-05
5.86321e-05
5.85395e-05
5.87461e-05
5.89272e-05
5.9045e-05
5.91345e-05
5.92568e-05
6.13828e-05
6.20718e-05
6.16715e-05
6.10817e-05
6.04722e-05
5.98802e-05
5.93169e-05
5.87858e-05
5.8287e-05
5.78194e-05
5.7382e-05
5.69722e-05
5.65884e-05
5.6229e-05
5.58924e-05
5.55768e-05
5.52809e-05
5.50112e-05
5.47649e-05
5.453e-05
5.43061e-05
5.40932e-05
5.38923e-05
5.37137e-05
5.36265e-05
5.35423e-05
5.34339e-05
5.33212e-05
5.31976e-05
5.30664e-05
5.29329e-05
5.28011e-05
5.26727e-05
5.25491e-05
5.2431e-05
5.23184e-05
5.22117e-05
5.21105e-05
5.20146e-05
5.19239e-05
5.18383e-05
5.17572e-05
5.16805e-05
5.16078e-05
5.15389e-05
5.14736e-05
5.14116e-05
5.13529e-05
5.12971e-05
5.12441e-05
5.11937e-05
5.11457e-05
5.11e-05
5.10565e-05
5.10151e-05
5.09756e-05
5.0938e-05
5.09021e-05
5.08679e-05
5.08352e-05
5.0804e-05
5.07743e-05
5.07458e-05
5.07186e-05
5.06925e-05
5.06675e-05
5.06435e-05
5.06205e-05
5.05985e-05
5.05775e-05
5.05572e-05
5.05378e-05
5.05191e-05
5.05012e-05
5.04839e-05
5.04674e-05
5.04515e-05
5.04362e-05
5.04215e-05
5.04073e-05
5.03938e-05
5.03938e-05
5.0396e-05
5.03937e-05
5.03877e-05
5.03793e-05
5.03692e-05
5.03581e-05
5.03465e-05
5.03347e-05
5.0323e-05
5.03116e-05
5.03004e-05
5.02895e-05
5.02791e-05
5.0269e-05
5.02593e-05
5.025e-05
5.02411e-05
5.02325e-05
5.02243e-05
5.02163e-05
5.02088e-05
5.02015e-05
5.01955e-05
5.01897e-05
5.01838e-05
5.0178e-05
5.01723e-05
5.01666e-05
5.01611e-05
5.01557e-05
5.01505e-05
5.01454e-05
5.01405e-05
5.01358e-05
5.01312e-05
5.01268e-05
5.01226e-05
5.01185e-05
5.01146e-05
5.01108e-05

