5e-05
5e-05
5e-05
5e-05
5e-05
5e-05
5e-05
5e-05
5e-05
5e-05
5e-05
5e-05
5e-05
5e-05
5e-05
5e-05
5e-05
5e-05
5e-05
5e-05
5e-05
5e-05
5e-05
5e-05
5e-05
5e-05
5e-05
5e-05
5e-05
5e-05
5e-05
5e-05
5e-05
5e-05
5e-05
5e-05
5e-05
5e-05
5e-05
5e-05
5e-05
5e-05
5e-05
5e-05
5e-05
5e-05
5e-05
5e-05
5e-05
5e-05
5e-05
5e-05
5e-05
5e-05
5e-05
5e-05
5e-05
5e-05
5e-05
5e-05
5e-05
5e-05
5e-05
5.14925e-05
5.81115e-05
6.62768e-05
7.44211e-05
8.20304e-05
8.88136e-05
9.4776e-05
9.99494e-05
0.000104265
0.000107842
0.000110827
0.000113672
0.000116617
0.000119075
0.000121065
0.000122563
0.000123651
0.000124409
0.000124771
0.00012477
0.000124491
0.000124033
0.000123454
0.000122772
0.000121978
0.000121073
0.000120066
0.00011896
0.000117772
0.000116529
0.000115246
0.000113943
0.000112603
0.00011126
0.000109934
0.000108623
0.000107326
0.000106
0.000104649
0.000103274
0.00010193
0.000100622
9.93469e-05
9.81033e-05
9.69601e-05
9.6094e-05
9.52099e-05
9.42597e-05
9.32782e-05
9.22773e-05
9.12422e-05
9.02787e-05
8.94988e-05
8.8662e-05
8.77737e-05
8.68358e-05
8.58788e-05
8.49169e-05
8.39559e-05
8.29867e-05
8.2012e-05
8.10445e-05
8.00992e-05
7.91778e-05
7.82787e-05
7.73926e-05
7.65324e-05
7.56994e-05
7.48844e-05
7.40921e-05
7.33269e-05
7.25873e-05
7.19808e-05
7.14073e-05
7.0949e-05
7.0482e-05
7.00533e-05
6.96403e-05
6.92088e-05
6.88602e-05
6.84631e-05
6.80114e-05
6.75368e-05
6.70357e-05
6.65161e-05
6.62377e-05
6.64029e-05
6.64177e-05
6.62561e-05
6.59754e-05
6.56189e-05
6.52123e-05
6.47533e-05
6.42401e-05
6.37041e-05
6.31742e-05
6.26945e-05
6.22446e-05
6.17997e-05
6.13629e-05
6.09369e-05
6.05247e-05
6.01259e-05
5.97438e-05
5.93785e-05
5.90291e-05
5.86933e-05
5.83668e-05
5.80539e-05
5.77522e-05
5.7464e-05
5.7188e-05
5.69228e-05
5.66697e-05
5.64266e-05
5.61949e-05
5.60002e-05
5.58123e-05
5.56324e-05
5.54787e-05
5.53254e-05
5.51684e-05
5.50106e-05
5.48513e-05
5.46939e-05
5.45393e-05
5.43861e-05
5.42368e-05
5.4087e-05
5.39414e-05
5.38003e-05
5.36627e-05
5.35306e-05
5.34029e-05
5.32788e-05
5.58885e-05
6.30538e-05
7.12087e-05
7.91664e-05
8.64171e-05
9.26886e-05
9.80695e-05
0.000102737
0.000106685
0.000109946
0.000112683
0.000114994
0.000116919
0.000118436
0.000119634
0.000120534
0.000121117
0.000121452
0.00012158
0.000121492
0.000121228
0.000120841
0.000120318
0.00011968
0.00011893
0.000118091
0.000117163
0.000116189
0.000115177
0.00011413
0.000113052
0.000111892
0.000110685
0.000109455
0.000108208
0.000106953
0.000105707
0.000104473
0.000103261
0.000102391
0.000101502
0.000100636
9.99484e-05
9.91517e-05
9.8244e-05
9.7189e-05
9.60825e-05
9.49321e-05
9.38598e-05
9.29341e-05
9.19751e-05
9.09466e-05

