5e-05
5e-05
5e-05
5e-05
5e-05
5e-05
5e-05
5e-05
5e-05
5e-05
5e-05
5e-05
5e-05
5e-05
5e-05
5e-05
5e-05
5e-05
5e-05
5e-05
5e-05
5e-05
5e-05
5e-05
5e-05
5e-05
5e-05
5e-05
5e-05
5e-05
5e-05
5e-05
5e-05
5e-05
5e-05
5e-05
5e-05
5e-05
5e-05
5e-05
5e-05
5e-05
5e-05
5e-05
5e-05
5e-05
5e-05
5e-05
5e-05
5e-05
5e-05
5e-05
5e-05
5e-05
5e-05
5e-05
5e-05
5e-05
5e-05
5e-05
5e-05
5e-05
5e-05
5e-05
5e-05
5e-05
5e-05
5e-05
5e-05
5e-05
5e-05
5e-05
5e-05
5e-05
5e-05
5e-05
5e-05
5e-05
5e-05
5e-05
5e-05
5e-05
5e-05
5e-05
5e-05
5e-05
5e-05
5e-05
5e-05
5e-05
5e-05
5e-05
5e-05
5e-05
5e-05
5e-05
5e-05
5e-05
5e-05
5e-05
5e-05
5e-05
5e-05
5e-05
5e-05
5e-05
5e-05
5e-05
5e-05
5e-05
5e-05
5e-05
5e-05
5e-05
5e-05
5e-05
5e-05
5e-05
5e-05
5e-05
5e-05
5e-05
5e-05
5e-05
5e-05
5e-05
5e-05
5e-05
5e-05
5e-05
5e-05
5e-05
5e-05
5e-05
5e-05
5e-05
5.38034e-05
6.16259e-05
6.95917e-05
7.66358e-05
8.25926e-05
8.74502e-05
9.14319e-05
9.47127e-05
9.74152e-05
9.96338e-05
0.000101442
0.000102899
0.000104052
0.00010494
0.000105591
0.000106033
0.00010629
0.000106382
0.000106328
0.000106145
0.000105848
0.000105449
0.00010496
0.000104517
0.000104313
0.000103944
0.000103414
0.000102748
0.000101978
0.000101129
0.000100219
9.92664e-05
9.8283e-05
9.72784e-05
9.626e-05
9.52339e-05
9.42048e-05
9.31767e-05
9.21527e-05
9.11354e-05
9.01269e-05
8.91291e-05
8.81432e-05
8.71707e-05
8.62125e-05
8.52694e-05
8.43421e-05
8.34313e-05
8.25373e-05
8.16606e-05
8.08014e-05
7.99599e-05
7.91362e-05
7.83305e-05
7.75427e-05
7.67729e-05
7.602e-05
7.52842e-05
7.45664e-05
7.38662e-05
7.31833e-05
7.25178e-05
7.18695e-05
7.1238e-05
7.06232e-05
7.00245e-05
6.94417e-05
6.88746e-05
6.83226e-05
6.77856e-05
6.72625e-05
6.67538e-05
6.62593e-05
6.57787e-05
6.5311e-05
6.48564e-05
6.44147e-05
6.39858e-05
6.35692e-05
6.31646e-05
6.27716e-05
6.239e-05
6.20194e-05
6.16595e-05
6.13087e-05
6.09671e-05
6.06356e-05
6.03144e-05
6.00031e-05
5.97014e-05
5.94086e-05
5.91242e-05
5.88484e-05
5.85804e-05
5.83206e-05
5.80687e-05
5.78241e-05
5.75868e-05
5.73568e-05
5.71333e-05
5.69167e-05
5.67068e-05
5.65034e-05
5.63062e-05
5.61151e-05
5.59297e-05
5.575e-05
5.55757e-05
5.54066e-05
5.52427e-05
5.50836e-05
5.49294e-05
5.47798e-05
5.46346e-05

