5e-05
5e-05
5e-05
5e-05
5e-05
5e-05
5e-05
5e-05
5e-05
5e-05
5e-05
5e-05
5e-05
5e-05
5e-05
5e-05
5e-05
5e-05
5e-05
5.20087e-05
5.90734e-05
6.72401e-05
7.51166e-05
8.21783e-05
8.83605e-05
9.37956e-05
9.85626e-05
0.000102724
0.000106313
0.000109331
0.000111825
0.000113878
0.000115583
0.000116916
0.000117911
0.000118632
0.000119143
0.000119453
0.000119532
0.000119436
0.00011921
0.000118868
0.000118419
0.000117873
0.000117238
0.000116922
0.00011697
0.000117208
0.000117672
0.000117715
0.000117325
0.000116625
0.000115608
0.000114394
0.000113101
0.000111747
0.000110321
0.000108859
0.000107343
0.000105821
0.00010429
0.000102772
0.000101292
9.98491e-05
9.84242e-05
9.70337e-05
9.56835e-05
9.43721e-05
9.30804e-05
9.18072e-05
9.05675e-05
8.93375e-05
8.81464e-05
8.69984e-05
8.58785e-05
8.47758e-05
8.37025e-05
8.27837e-05
8.19929e-05
8.12029e-05
8.04082e-05
7.95952e-05
7.87635e-05
7.79257e-05
7.70918e-05
7.62744e-05
7.54681e-05
7.46588e-05
7.38594e-05
7.30771e-05
7.23251e-05
7.16003e-05
7.09006e-05
7.02297e-05
6.95859e-05
6.89673e-05
6.83721e-05
6.78028e-05
6.73952e-05
6.70723e-05
6.67284e-05
6.63618e-05
6.59761e-05
6.55754e-05
6.51602e-05
6.47203e-05
6.42734e-05
6.38694e-05
6.34863e-05
6.30994e-05
6.27135e-05
6.23306e-05
6.19475e-05
6.15682e-05
6.11947e-05
6.08208e-05
6.04577e-05
6.0104e-05
5.97606e-05
5.94299e-05
5.91115e-05
5.88051e-05
5.851e-05
5.82224e-05
5.79391e-05
5.76644e-05
5.73982e-05
5.71399e-05
5.68932e-05
5.66572e-05
5.64296e-05
5.62129e-05
5.6036e-05
5.58662e-05
5.57072e-05
5.55734e-05
5.54323e-05
5.52877e-05
5.51736e-05
5.50831e-05
5.49795e-05
5.48632e-05
5.47396e-05
5.46079e-05
5.44711e-05
5.43341e-05
5.42182e-05
5.41033e-05
5.40066e-05
5.40763e-05
5.45338e-05
5.56616e-05
5.57751e-05
5.55674e-05
5.52927e-05
5.50085e-05
5.47313e-05
5.44665e-05
5.42158e-05
5.39795e-05
5.37575e-05
5.35491e-05
5.33536e-05
5.31701e-05
5.29983e-05
5.28374e-05
5.26864e-05
5.25445e-05
5.24113e-05
5.22864e-05
5.21689e-05
5.20585e-05
5.19547e-05
5.18571e-05
5.17652e-05
5.16788e-05
5.15974e-05
5.15207e-05
5.14483e-05
5.13802e-05
5.1316e-05
5.12555e-05
5.11983e-05
5.11442e-05
5.10931e-05
5.10448e-05
5.09992e-05
5.0956e-05
5.09151e-05
5.08763e-05
5.08395e-05
5.08045e-05
5.07713e-05
5.07397e-05
5.07096e-05
5.06834e-05
5.06588e-05
5.06347e-05
5.06111e-05
5.05882e-05
5.05659e-05
5.05445e-05
5.05239e-05
5.05042e-05
5.04853e-05
5.04672e-05
5.04498e-05
5.04332e-05
5.04174e-05
5.04022e-05
5.03877e-05
5.03737e-05
5.03603e-05
5.03475e-05
5.03351e-05
5.03233e-05
5.0312e-05
5.03011e-05
5.02907e-05
5.02807e-05
5.02711e-05
5.02618e-05
5.02529e-05
5.02444e-05
5.02362e-05
5.02283e-05
5.02207e-05
5.02134e-05
5.02063e-05
5.01995e-05
5.01929e-05
5.01913e-05
5.01927e-05
5.01919e-05
5.01894e-05
5.01854e-05
5.01806e-05
5.01753e-05
5.01697e-05
5.0167e-05
5.01677e-05
5.01665e-05
5.01634e-05
5.01593e-05
5.01545e-05
5.015e-05
5.01454e-05
5.01406e-05
5.01361e-05
5.0136e-05

