5e-05
5e-05
5e-05
5e-05
5e-05
5e-05
5e-05
5e-05
5e-05
5e-05
5e-05
5e-05
5e-05
5e-05
5e-05
5e-05
5e-05
5e-05
5e-05
5e-05
5e-05
5e-05
5e-05
5e-05
5e-05
5e-05
5e-05
5e-05
5e-05
5e-05
5e-05
5e-05
5e-05
5e-05
5e-05
5e-05
5e-05
5e-05
5e-05
5e-05
5e-05
5e-05
5e-05
5e-05
5e-05
5e-05
5e-05
5e-05
5e-05
5e-05
5e-05
5e-05
5e-05
5e-05
5e-05
5e-05
5e-05
5e-05
5e-05
5e-05
5e-05
5e-05
5e-05
5e-05
5e-05
5e-05
5e-05
5e-05
5e-05
5e-05
5e-05
5e-05
5e-05
5e-05
5e-05
5e-05
5e-05
5e-05
5e-05
5e-05
5e-05
5e-05
5e-05
5e-05
5e-05
5e-05
5e-05
5e-05
5e-05
5e-05
5e-05
5e-05
5e-05
5e-05
5e-05
5e-05
5e-05
5e-05
5e-05
5e-05
5e-05
5e-05
5e-05
5e-05
5e-05
5e-05
5e-05
5e-05
5e-05
5e-05
5e-05
5e-05
5e-05
5e-05
5e-05
5e-05
5e-05
5e-05
5e-05
5e-05
5e-05
5e-05
5e-05
5e-05
5e-05
5e-05
5e-05
5e-05
5e-05
5e-05
5e-05
5e-05
5e-05
5e-05
5e-05
5e-05
5e-05
5e-05
5e-05
5e-05
5e-05
5e-05
5e-05
5e-05
5e-05
5e-05
5e-05
5e-05
5e-05
5e-05
5e-05
5e-05
5e-05
5e-05
5e-05
5e-05
5e-05
5e-05
5e-05
5e-05
5e-05
5e-05
5e-05
5e-05
5e-05
5e-05
5e-05
5e-05
5e-05
5e-05
5e-05
5e-05
5e-05
5e-05
5e-05
5e-05
5.34212e-05
6.20078e-05
7.16295e-05
8.06154e-05
8.8608e-05
9.55375e-05
0.000101506
0.000107081
0.000112561
0.000117163
0.00012094
0.000123981
0.000126371
0.000128086
0.000129211
0.000129897
0.000130217
0.000130266
0.000130085
0.00012966
0.000129043
0.000128267
0.000127341
0.000126324
0.000125209
0.00012397
0.000122686
0.000121349
0.000119932
0.0001185
0.000117043
0.000115571
0.000114103
0.000112646
0.000111184
0.000109721
0.000108272
0.00010685
0.000105452
0.000104056
0.000102684
0.000101324
9.99826e-05
9.86719e-05
9.73907e-05
9.61379e-05
9.49115e-05
9.36831e-05
9.24666e-05
9.1282e-05
9.01296e-05
8.89951e-05
8.7866e-05
8.68332e-05
8.74738e-05
8.8139e-05
8.87739e-05
8.96858e-05
9.0428e-05
9.08773e-05
9.12076e-05
9.15534e-05
9.69653e-05
0.000104191
0.00010335
0.000100797
9.80143e-05
9.52852e-05
9.26809e-05
9.02222e-05
8.79125e-05
8.57492e-05
8.37256e-05
8.18313e-05

