5e-05
5e-05
5e-05
5e-05
5e-05
5e-05
5e-05
5e-05
5e-05
5e-05
5e-05
5e-05
5e-05
5e-05
5e-05
5e-05
5e-05
5e-05
5e-05
5e-05
5e-05
5e-05
5e-05
5e-05
5e-05
5e-05
5e-05
5e-05
5e-05
5.03887e-05
5.61567e-05
6.54247e-05
7.50653e-05
8.40607e-05
9.20686e-05
9.88699e-05
0.000104699
0.000109693
0.000113887
0.000117353
0.000120236
0.000122603
0.000124508
0.000126
0.000127087
0.000127794
0.000128224
0.000128648
0.00012993
0.000130998
0.000131277
0.000131054
0.000131155
0.000131598
0.000131682
0.000131314
0.000130583
0.000129596
0.000128387
0.000127011
0.000125314
0.000123512
0.000121707
0.000119898
0.000118079
0.000116257
0.000114427
0.000112626
0.000110827
0.000109055
0.000107339
0.000105659
0.000104032
0.000102442
0.000100907
9.93975e-05
9.79072e-05
9.64712e-05
9.50897e-05
9.37398e-05
9.24348e-05
9.11584e-05
8.98771e-05
8.86189e-05
8.73985e-05
8.6228e-05
8.51035e-05
8.39966e-05
8.29097e-05
8.18696e-05
8.0864e-05
7.98873e-05
7.89351e-05
7.80157e-05
7.7128e-05
7.62715e-05
7.54493e-05
7.4663e-05
7.39005e-05
7.31664e-05
7.24617e-05
7.17843e-05
7.11318e-05
7.05777e-05
7.00974e-05
6.96149e-05
6.91285e-05
6.86271e-05
6.81096e-05
6.75859e-05
6.70606e-05
6.65466e-05
6.60403e-05
6.5576e-05
6.51899e-05
6.4797e-05
6.43977e-05
6.39993e-05
6.36035e-05
6.32115e-05
6.28224e-05
6.24313e-05
6.20416e-05
6.17008e-05
6.1384e-05
6.10517e-05
6.07183e-05
6.03804e-05
6.0045e-05
5.98268e-05
5.99887e-05
6.01531e-05
6.03011e-05
6.08767e-05
6.35519e-05
6.37924e-05
6.33089e-05
6.26777e-05
6.20221e-05
6.13812e-05
6.077e-05
6.01928e-05
5.9651e-05
5.91434e-05
5.86683e-05
5.82236e-05
5.78081e-05
5.74435e-05
5.71005e-05
5.67746e-05
5.64654e-05
5.61677e-05
5.58846e-05
5.56173e-05
5.53653e-05
5.51235e-05
5.48948e-05
5.46787e-05
5.44752e-05
5.42923e-05
5.41295e-05
5.39718e-05
5.38191e-05
5.36717e-05
5.68567e-05
6.41968e-05
7.2276e-05
8.0115e-05
8.71244e-05
9.32135e-05
9.83897e-05
0.000102854
0.000106659
0.000109922
0.000112654
0.000114952
0.000116866
0.00011843
0.000119675
0.000120631
0.000121289
0.00012166
0.000121793
0.000121751
0.000121549
0.00012115
0.000120533
0.000119891
0.000119642
0.000119225
0.000122434
0.000126737
0.000129942
0.000132079
0.000133073
0.000133228
0.000132679
0.00013166
0.000130171
0.000128413
0.000126437
0.000124225
0.00012194
0.000119629
0.000117256
0.000114922
0.00011264
0.000110417
0.000108272
0.000106215
0.000104222
0.000102287
0.000100437
9.87137e-05
9.72564e-05
9.5825e-05
9.44172e-05
9.30014e-05
9.16111e-05
9.02608e-05
8.8949e-05
8.76602e-05
8.63936e-05
8.51543e-05
8.39616e-05
8.28151e-05
8.1713e-05
8.06528e-05
7.96186e-05
7.85977e-05
7.7617e-05
7.66727e-05
7.58637e-05
7.51238e-05
7.43903e-05
7.36599e-05
7.29239e-05
7.21817e-05
7.14404e-05
7.072e-05
7.002e-05
6.93596e-05
6.88214e-05
6.82932e-05
6.77788e-05
6.73508e-05
6.69174e-05
6.64636e-05
6.60217e-05
6.62565e-05

