5e-05
5e-05
5e-05
5e-05
5e-05
5e-05
5e-05
5e-05
5e-05
5e-05
5e-05
5e-05
5e-05
5e-05
5e-05
5e-05
5e-05
5e-05
5e-05
5e-05
5e-05
5e-05
5e-05
5e-05
5e-05
5e-05
5e-05
5e-05
5e-05
5e-05
5e-05
5e-05
5e-05
5e-05
5e-05
5e-05
5e-05
5e-05
5e-05
5e-05
5e-05
5e-05
5e-05
5e-05
5e-05
5e-05
5e-05
5e-05
5e-05
5e-05
5e-05
5e-05
5e-05
5e-05
5e-05
5e-05
5e-05
5e-05
5e-05
5e-05
5e-05
5e-05
5e-05
5e-05
5e-05
5e-05
5e-05
5e-05
5e-05
5e-05
5e-05
5e-05
5e-05
5e-05
5e-05
5e-05
5e-05
5e-05
5.1981e-05
6.10761e-05
7.03289e-05
7.83994e-05
8.53398e-05
9.11478e-05
9.60157e-05
0.000100144
0.000104157
0.000108118
0.000111393
0.000114057
0.000116219
0.000117972
0.000119366
0.000120441
0.000121231
0.000121767
0.000122075
0.00012218
0.000122102
0.000121863
0.000122035
0.000122157
0.000122015
0.000121537
0.000120879
0.000120082
0.000119145
0.000118078
0.000116938
0.000115741
0.000114499
0.00011322
0.000111915
0.000110589
0.000109227
0.000107846
0.000106468
0.000105098
0.000103739
0.000102387
0.00010103
9.96934e-05
9.83802e-05
9.70913e-05
9.5827e-05
9.45874e-05
9.33727e-05
9.21828e-05
9.10178e-05
8.98775e-05
8.87621e-05
8.76713e-05
8.66051e-05
8.55634e-05
8.4546e-05
8.35527e-05
8.25834e-05
8.1762e-05
8.10311e-05
8.02614e-05
7.94689e-05
7.86751e-05
7.78845e-05
7.71001e-05
7.63243e-05
7.55592e-05
7.48067e-05
7.40681e-05
7.33446e-05
7.36312e-05
7.89252e-05
8.59027e-05
9.29439e-05
9.95439e-05
0.000105214
0.000110027
0.000114096
0.000117429
0.000120118
0.000123059
0.000125754
0.000127888
0.000129496
0.000130571
0.000131256
0.000131611
0.000131679
0.000131464
0.000130995
0.000130352
0.000129563
0.00012865
0.000127628
0.000126468
0.000125235
0.000123949
0.00012262
0.000121258
0.000119868
0.000118457
0.000117012
0.000115538
0.000114065
0.000112597
0.000111138
0.000109684
0.000108217
0.000106767
0.000105339
0.000103934
0.000102553
0.000101194
9.98561e-05
9.85203e-05
9.72105e-05
9.59296e-05
9.46777e-05
9.34541e-05
9.22583e-05
9.10898e-05
8.9948e-05
8.88325e-05
8.77332e-05
8.66454e-05
8.55736e-05
8.45325e-05
8.35223e-05
8.2542e-05
8.15904e-05
8.06661e-05
7.97683e-05
7.88957e-05
7.80475e-05
7.7223e-05
7.64212e-05
7.56415e-05
7.48816e-05
7.41321e-05
7.34039e-05
7.26979e-05
7.20133e-05
7.13423e-05
7.06787e-05
7.00366e-05
6.94168e-05
6.88185e-05
6.82405e-05
6.76753e-05
6.71276e-05
6.65987e-05
6.60861e-05
6.55848e-05
6.50948e-05
6.46207e-05
6.4164e-05
6.37238e-05
6.32991e-05
6.28891e-05
6.24929e-05
6.21098e-05
6.17391e-05
6.13803e-05
6.10327e-05
6.06959e-05
6.03695e-05
6.0052e-05
5.97401e-05
5.9438e-05
5.91457e-05
5.8863e-05

