5e-05
5e-05
5e-05
5e-05
5e-05
5e-05
5e-05
5e-05
5e-05
5e-05
5e-05
5e-05
5e-05
5e-05
5e-05
5e-05
5e-05
5e-05
5e-05
5e-05
5e-05
5e-05
5e-05
5e-05
5e-05
5e-05
5e-05
5e-05
5e-05
5e-05
5e-05
5e-05
5e-05
5e-05
5e-05
5e-05
5e-05
5e-05
5e-05
5e-05
5e-05
5e-05
5e-05
5e-05
5e-05
5.08632e-05
5.72241e-05
6.56587e-05
7.40932e-05
8.20402e-05
8.91091e-05
9.52555e-05
0.000100571
0.000105139
0.000109037
0.000112332
0.000115087
0.000117359
0.000119199
0.000120652
0.00012176
0.00012256
0.000123086
0.000123368
0.000123433
0.000123305
0.000123007
0.000122655
0.000122726
0.000122613
0.000122314
0.000122332
0.000122117
0.000121649
0.000120958
0.00012008
0.000119047
0.000117886
0.000116718
0.000115864
0.00011489
0.000113779
0.000112555
0.000111241
0.00010986
0.000108429
0.000106968
0.000105795
0.000104654
0.000103444
0.000102177
0.000100868
9.95221e-05
9.81338e-05
9.67454e-05
9.53681e-05
9.40082e-05
9.26707e-05
9.13593e-05
9.00767e-05
8.88248e-05
8.76051e-05
8.64182e-05
8.5255e-05
8.41171e-05
8.30158e-05
8.1951e-05
8.09217e-05
7.99772e-05
8.03136e-05
8.07975e-05
8.10886e-05
8.11852e-05
8.12595e-05
8.12955e-05
8.11513e-05
8.08096e-05
8.02756e-05
7.95759e-05
7.875e-05
7.78385e-05
7.69088e-05
7.60307e-05
7.51283e-05
7.42138e-05
7.33008e-05
7.23993e-05
7.20918e-05
7.21263e-05
7.20577e-05
7.18665e-05
7.15584e-05
7.1135e-05
7.06048e-05
7.01054e-05
6.96454e-05
6.91693e-05
6.86188e-05
6.80054e-05
6.73401e-05
6.66592e-05
6.59775e-05
6.53051e-05
6.46487e-05
6.4013e-05
6.34008e-05
6.28139e-05
6.22523e-05
6.17084e-05
6.11898e-05
6.07183e-05
6.06045e-05
6.05252e-05
6.03906e-05
6.01932e-05
5.99612e-05
5.97443e-05
5.94862e-05
5.91954e-05
5.88844e-05
5.85613e-05
5.82327e-05
5.79041e-05
5.75796e-05
5.72623e-05
5.69544e-05
5.66571e-05
5.63714e-05
5.60977e-05
5.58362e-05
5.55868e-05
5.53476e-05
5.51196e-05
5.49174e-05
5.4732e-05
5.45523e-05
5.43787e-05
5.42106e-05
5.4047e-05
5.38896e-05
5.37383e-05
5.36042e-05
5.36028e-05
5.36099e-05
5.35978e-05
5.3567e-05
5.3518e-05
5.34512e-05
5.33679e-05
5.32712e-05
5.31649e-05
5.30525e-05
5.29368e-05
5.28174e-05
5.26995e-05
5.25848e-05
5.24741e-05
5.23678e-05
5.2266e-05
5.21689e-05
5.20763e-05
5.19882e-05
5.19044e-05
5.18247e-05
5.17484e-05
5.16758e-05
5.16068e-05
5.15413e-05
5.14791e-05
5.14199e-05
5.13636e-05
5.131e-05
5.12589e-05
5.12102e-05
5.11638e-05
5.11195e-05
5.10769e-05
5.10403e-05
5.10064e-05
5.09732e-05
5.09405e-05
5.09081e-05
5.08766e-05
5.0846e-05
5.08163e-05
5.07876e-05
5.07597e-05
5.07326e-05
5.07197e-05
5.07232e-05
5.07223e-05
5.07168e-05
5.07074e-05
5.0694e-05
5.06771e-05
5.06583e-05
5.06381e-05
5.06171e-05
5.05957e-05
5.05742e-05
5.05529e-05
5.0532e-05
5.05116e-05
5.04918e-05
5.04727e-05
5.04542e-05
5.04365e-05
5.04194e-05
5.04031e-05
5.03875e-05

