5e-05
5e-05
5e-05
5e-05
5e-05
5e-05
5e-05
5e-05
5e-05
5e-05
5e-05
5e-05
5e-05
5e-05
5e-05
5e-05
5e-05
5e-05
5e-05
5e-05
5e-05
5e-05
5e-05
5e-05
5e-05
5e-05
5e-05
5e-05
5e-05
5e-05
5e-05
5e-05
5e-05
5e-05
5e-05
5e-05
5e-05
5e-05
5e-05
5e-05
5e-05
5e-05
5e-05
5e-05
5e-05
5e-05
5e-05
5e-05
5e-05
5e-05
5e-05
5e-05
5e-05
5e-05
5e-05
5e-05
5e-05
5e-05
5e-05
5e-05
5e-05
5e-05
5.00532e-05
5.59926e-05
6.60013e-05
7.656e-05
8.74833e-05
9.69756e-05
0.000104719
0.000111116
0.000116364
0.000120629
0.000124054
0.000126758
0.000128842
0.000130657
0.0001326
0.000134019
0.000134947
0.000135449
0.000135583
0.000135402
0.000134954
0.000134281
0.000133418
0.000132397
0.000131244
0.000129983
0.000128635
0.000127215
0.000125739
0.000124221
0.000122664
0.000121014
0.000119343
0.00011768
0.000116368
0.000115184
0.000113934
0.000112624
0.000111265
0.000110032
0.000111693
0.000113432
0.000114653
0.000115264
0.000115345
0.000115027
0.000114329
0.000113286
0.000111953
0.000110473
0.000109108
0.000107588
0.000105936
0.000104197
0.000102406
0.000100593
9.87823e-05
9.69917e-05
9.52346e-05
9.34997e-05
9.18123e-05
9.01845e-05
8.86185e-05
8.71147e-05
8.56727e-05
8.42913e-05
8.29687e-05
8.17031e-05
8.04922e-05
7.93339e-05
7.82259e-05
7.71657e-05
7.61513e-05
7.51781e-05
7.4237e-05
7.33308e-05
7.25088e-05
7.17962e-05
7.10986e-05
7.04048e-05
6.9727e-05
6.90665e-05
6.84758e-05
6.8066e-05
6.77467e-05
6.74082e-05
6.70142e-05
6.65687e-05
6.61038e-05
6.56274e-05
6.5145e-05
6.46608e-05
6.41788e-05
6.37018e-05
6.32324e-05
6.27726e-05
6.23237e-05
6.1887e-05
6.14631e-05
6.10525e-05
6.06555e-05
6.02679e-05
5.98931e-05
5.95327e-05
5.91928e-05
5.89051e-05
5.86256e-05
5.83507e-05
5.80793e-05
5.78098e-05
5.75462e-05
5.73114e-05
5.70928e-05
5.68669e-05
5.66752e-05
5.6493e-05
5.63088e-05
5.61233e-05
5.59375e-05
5.57524e-05
5.55688e-05
5.53877e-05
5.52096e-05
5.50351e-05
5.48646e-05
5.46985e-05
5.4537e-05
5.43795e-05
5.42253e-05
5.40764e-05
5.39316e-05
5.37898e-05
5.36534e-05
5.35226e-05
5.33974e-05
5.37667e-05
5.9561e-05
6.78648e-05
7.64202e-05
8.45372e-05
9.1789e-05
9.80297e-05
0.000103211
0.00010793
0.000112723
0.000116712
0.000120005
0.00012268
0.000124807
0.000126446
0.000127655
0.000128485
0.000128984
0.000129192
0.000129146
0.000128879
0.000128421
0.000127798
0.000127017
0.000126067
0.000125018
0.000123844
0.000122607
0.000121327
0.000120013
0.000118651
0.00011725
0.000115839
0.000114595
0.000113653
0.00011264
0.000111547
0.000110606
0.000109829
0.000108931
0.000107918
0.00010681
0.000105625
0.000104352
0.000103017
0.000101661
0.000100295
9.89285e-05
9.75405e-05
9.61518e-05
9.4771e-05
9.34216e-05
9.21062e-05

