5e-05
5e-05
5e-05
5e-05
5e-05
5e-05
5e-05
5e-05
5e-05
5e-05
5e-05
5e-05
5e-05
5e-05
5e-05
5e-05
5e-05
5e-05
5e-05
5e-05
5e-05
5e-05
5e-05
5e-05
5e-05
5e-05
5e-05
5e-05
5e-05
5e-05
5e-05
5e-05
5e-05
5e-05
5e-05
5e-05
5e-05
5e-05
5e-05
5e-05
5e-05
5e-05
5e-05
5e-05
5e-05
5e-05
5e-05
5e-05
5e-05
5e-05
5e-05
5e-05
5e-05
5e-05
5e-05
5e-05
5e-05
5e-05
5e-05
5e-05
5e-05
5e-05
5e-05
5e-05
5e-05
5e-05
5e-05
5e-05
5e-05
5e-05
5e-05
5e-05
5e-05
5e-05
5e-05
5e-05
5e-05
5e-05
5e-05
5e-05
5e-05
5e-05
5e-05
5e-05
5e-05
5e-05
5e-05
5e-05
5e-05
5e-05
5e-05
5e-05
5e-05
5e-05
5e-05
5e-05
5e-05
5e-05
5e-05
5e-05
5e-05
5e-05
5e-05
5e-05
5e-05
5e-05
5e-05
5e-05
5e-05
5e-05
5e-05
5e-05
5e-05
5e-05
5e-05
5e-05
5e-05
5e-05
5e-05
5e-05
5e-05
5.01637e-05
9.02832e-05
0.000137226
0.000153608
0.000158879
0.000160631
0.000160717
0.000159999
0.000158837
0.000157417
0.00015585
0.000154197
0.00015248
0.000150703
0.000148868
0.000147029
0.000145433
0.000144405
0.000143249
0.000141908
0.000140474
0.000138967
0.000137397
0.000135727
0.000134232
0.000133065
0.000131874
0.000130963
0.000130303
0.000129273
0.000127915
0.000126356
0.000124658
0.000122853
0.000120989
0.000119233
0.000117691
0.000116046
0.000114359
0.000112664
0.000110954
0.000109223
0.00010749
0.000105747
0.000104039
0.000102378
0.000100767
9.91829e-05
9.76443e-05
9.61475e-05
9.46533e-05
9.3191e-05
9.17863e-05
9.04335e-05
8.9122e-05
8.8314e-05
8.88607e-05
8.91898e-05
8.92038e-05
8.89474e-05
8.84961e-05
8.78794e-05
8.70838e-05
8.60841e-05
8.50023e-05
8.38966e-05
8.27843e-05
8.16769e-05
8.0583e-05
7.95042e-05
7.84228e-05
7.7362e-05
7.63356e-05
7.53388e-05
7.43708e-05
7.34404e-05
7.2545e-05
7.16831e-05
7.08616e-05
7.00727e-05
6.93142e-05
6.85877e-05
6.78972e-05
6.72409e-05
6.66162e-05
6.60209e-05
6.54527e-05
6.49098e-05
6.43872e-05
6.3884e-05
6.34023e-05
6.29407e-05
6.24982e-05
6.20708e-05
6.16574e-05
6.12581e-05
6.12278e-05
6.13661e-05
6.14196e-05
6.13832e-05
6.12792e-05
6.11029e-05
6.08701e-05
6.05935e-05
6.02851e-05
5.99567e-05
5.96201e-05
5.92817e-05
5.89434e-05
5.86124e-05
5.82884e-05
5.7972e-05
5.7667e-05
5.73737e-05
5.70921e-05
5.6822e-05
5.65631e-05
5.63134e-05
5.6069e-05
5.58326e-05
5.5606e-05
5.53894e-05
5.51835e-05
5.4987e-05
5.4799e-05
5.46201e-05
5.44498e-05
5.42875e-05
5.41327e-05

