5e-05
5e-05
5e-05
5e-05
5e-05
5e-05
5e-05
5e-05
5e-05
5e-05
5e-05
5e-05
5e-05
5e-05
5e-05
5e-05
5e-05
5e-05
5e-05
5e-05
5e-05
5e-05
5e-05
5e-05
5e-05
5e-05
5e-05
5e-05
5e-05
5e-05
5e-05
5e-05
5e-05
5e-05
5e-05
5e-05
5.11835e-05
5.86627e-05
6.83268e-05
7.8004e-05
8.70279e-05
9.49424e-05
0.000101728
0.000107376
0.000112111
0.000116919
0.000121262
0.000124804
0.00012839
0.000131577
0.000134012
0.000135765
0.000136496
0.000136691
0.00013656
0.00013616
0.000135516
0.000134619
0.000133515
0.000132301
0.000131003
0.000129639
0.000128175
0.000126664
0.00012513
0.00012358
0.000122021
0.000120442
0.000118831
0.000117228
0.00011564
0.00011548
0.000117741
0.000119764
0.000121492
0.000123752
0.000146139
0.000154229
0.000152904
0.000149192
0.000144756
0.000140167
0.000135643
0.000131282
0.000127128
0.000123197
0.000119622
0.000116389
0.000113304
0.000110363
0.000107571
0.00010493
0.000102433
0.000100074
9.78424e-05
9.57324e-05
9.3736e-05
9.18462e-05
9.00562e-05
8.83601e-05
8.68968e-05
8.55365e-05
8.42144e-05
8.29034e-05
8.16367e-05
8.04179e-05
7.92404e-05
7.81007e-05
7.70081e-05
7.59618e-05
7.496e-05
7.40011e-05
7.30831e-05
7.22042e-05
7.1357e-05
7.05424e-05
6.97637e-05
6.90193e-05
6.83076e-05
6.7625e-05
6.69666e-05
6.63368e-05
6.57348e-05
6.51591e-05
6.46082e-05
6.40808e-05
6.35756e-05
6.30913e-05
6.26268e-05
6.21812e-05
6.17534e-05
6.13426e-05
6.09479e-05
6.05686e-05
6.02039e-05
5.98531e-05
5.95156e-05
6.21807e-05
6.92194e-05
7.70274e-05
8.45469e-05
9.14742e-05
9.75146e-05
0.000102734
0.000107215
0.000111033
0.000114254
0.000116941
0.00011915
0.000121143
0.000123365
0.000125095
0.00012637
0.000127242
0.000127686
0.000127813
0.000127678
0.000127269
0.00012663
0.000126349
0.000126076
0.000125586
0.00012489
0.000123972
0.000122917
0.000121757
0.000120511
0.000119174
0.000117757
0.000116308
0.000114839
0.000113358
0.00011187
0.000110352
0.00010884
0.000107345
0.00010587
0.000104417
0.000102986
0.00010158
0.000100185
9.88037e-05
9.74524e-05
9.61327e-05
9.48443e-05
9.35825e-05
9.23336e-05
9.11166e-05
8.99329e-05
8.87817e-05
8.76618e-05
8.65723e-05
8.55099e-05
8.44615e-05
8.34419e-05
8.24525e-05
8.14922e-05
8.05601e-05
7.9655e-05
7.8776e-05
7.7922e-05
7.70923e-05
7.62795e-05
7.54801e-05
7.46966e-05
7.39384e-05
7.32056e-05
7.24969e-05
7.18112e-05
7.11474e-05
7.05045e-05
6.98817e-05
6.9278e-05
6.86926e-05
6.8125e-05
6.75743e-05
6.70389e-05
6.65124e-05
6.60019e-05
6.55078e-05
6.50297e-05
6.45619e-05
6.41005e-05
6.36546e-05
6.32248e-05
6.28104e-05
6.24105e-05
6.20201e-05
6.16422e-05
6.12777e-05
6.09248e-05
6.05801e-05
6.02436e-05
5.99183e-05
5.96051e-05
5.93035e-05
5.90128e-05
5.87323e-05
5.84614e-05
5.81997e-05
5.79466e-05
5.77017e-05
5.74647e-05
5.72352e-05
5.70129e-05
5.67968e-05
5.65846e-05
5.63792e-05
5.61805e-05
5.59884e-05

