5e-05
5e-05
5e-05
5e-05
5e-05
5e-05
5e-05
5e-05
5e-05
5e-05
5e-05
5e-05
5e-05
5e-05
5e-05
5e-05
5e-05
5e-05
5e-05
5e-05
5e-05
5e-05
5e-05
5e-05
5e-05
5e-05
5e-05
5e-05
5e-05
5e-05
5e-05
5e-05
5e-05
5e-05
5e-05
5e-05
5e-05
5e-05
5e-05
5e-05
5e-05
5e-05
5e-05
5e-05
5e-05
5e-05
5e-05
5e-05
5e-05
5e-05
5e-05
5e-05
5e-05
5e-05
5e-05
5e-05
5e-05
5e-05
5e-05
5e-05
5e-05
5e-05
5e-05
5e-05
5e-05
5e-05
5e-05
5e-05
5e-05
5e-05
5e-05
5e-05
5e-05
5e-05
5e-05
5e-05
5e-05
5e-05
5e-05
5e-05
5e-05
5e-05
5e-05
5e-05
5e-05
5e-05
5e-05
5e-05
5e-05
5e-05
5e-05
5e-05
5e-05
5e-05
5e-05
5e-05
5e-05
5e-05
5e-05
5e-05
5e-05
5e-05
5e-05
5e-05
5e-05
5e-05
5e-05
5e-05
5e-05
5e-05
5e-05
5e-05
5e-05
5e-05
5e-05
5e-05
5e-05
5e-05
5e-05
5e-05
5e-05
5e-05
5e-05
5e-05
5e-05
5e-05
5e-05
5e-05
5e-05
5e-05
5e-05
5e-05
5e-05
5e-05
5e-05
5e-05
5e-05
5e-05
5e-05
5e-05
5e-05
5e-05
5e-05
5e-05
5e-05
5e-05
6.06069e-05
8.94922e-05
0.000120797
0.000152829
0.000193357
0.000226841
0.000223877
0.000221651
0.000220662
0.000224686
0.000251899
0.000264583
0.000264447
0.000269601
0.000277289
0.000285983
0.000295116
0.000304935
0.00031873
0.000324348
0.000310036
0.000297095
0.000285363
0.000274684
0.000264923
0.00025596
0.00024769
0.000240021
0.000232873
0.000226175
0.00021987
0.000213905
0.000208237
0.000202824
0.000197625
0.000192604
0.000187735
0.000182999
0.000178381
0.000173873
0.000169469
0.000165192
0.000161681
0.000158462
0.000155231
0.000151957
0.000148655
0.000145343
0.00014204
0.000138761
0.000135521
0.000132331
0.000129202
0.000126143
0.00012316
0.000120259
0.000117442
0.000114715
0.000112077
0.000109531
0.000107076
0.000104713
0.000102439
0.000100254
9.81566e-05
9.61442e-05
9.42146e-05
9.23657e-05
9.05948e-05
8.88994e-05
8.73145e-05
8.78092e-05
9.20709e-05
9.0979e-05
8.95979e-05
8.85608e-05
8.76513e-05
8.67576e-05
8.58321e-05
8.48612e-05
8.38479e-05
8.28018e-05
8.17348e-05
8.06577e-05
7.95787e-05
7.85045e-05
7.75585e-05
7.69275e-05
7.63126e-05
7.56498e-05
7.4941e-05
7.41971e-05
7.34286e-05
7.27203e-05
7.22724e-05
7.18344e-05
7.13446e-05
7.08045e-05
7.02242e-05
6.96139e-05
6.89828e-05
6.83387e-05
6.76884e-05
6.70376e-05

