5e-05
5e-05
5e-05
5e-05
5e-05
5e-05
5e-05
5e-05
5e-05
5e-05
5e-05
5e-05
5e-05
5e-05
5e-05
5e-05
5e-05
5e-05
5e-05
5e-05
5e-05
5e-05
5e-05
5e-05
5e-05
5e-05
5e-05
5e-05
5e-05
5e-05
5e-05
5e-05
5e-05
5e-05
5e-05
5e-05
5e-05
5e-05
5e-05
5e-05
5e-05
5e-05
5e-05
5e-05
5e-05
5e-05
5e-05
5e-05
5e-05
5e-05
5e-05
5e-05
5e-05
5e-05
5e-05
5e-05
5e-05
5e-05
5e-05
5e-05
5e-05
5e-05
5e-05
5e-05
5e-05
5e-05
5e-05
5e-05
5e-05
5e-05
5e-05
5e-05
5e-05
5e-05
5e-05
5e-05
5e-05
5e-05
5e-05
5e-05
5e-05
5e-05
5e-05
5e-05
5e-05
5e-05
5e-05
5e-05
5e-05
5e-05
5e-05
5e-05
5e-05
5e-05
5e-05
5e-05
5e-05
5e-05
5e-05
5e-05
5e-05
5e-05
5e-05
5e-05
5e-05
5e-05
5e-05
5e-05
5e-05
5e-05
5e-05
5e-05
5e-05
5e-05
5e-05
5e-05
5e-05
5.29137e-05
6.1359e-05
7.1029e-05
8.09484e-05
9.10208e-05
9.97583e-05
0.000107131
0.000113016
0.000117768
0.000121562
0.000124541
0.000126924
0.000128797
0.000130972
0.000132914
0.000134227
0.000134958
0.000135179
0.000135093
0.000135372
0.000136293
0.000136603
0.000136368
0.000135813
0.000135011
0.000134003
0.000132824
0.000131491
0.000132363
0.000136119
0.000139061
0.000141626
0.000143505
0.000144817
0.000150878
0.00017576
0.000179002
0.0001749
0.000169077
0.000162919
0.000156865
0.000151084
0.00014562
0.000140494
0.00013569
0.0001312
0.000127007
0.000123075
0.00011939
0.000115952
0.000112735
0.000109722
0.000106904
0.000104268
0.000101798
9.94801e-05
9.72902e-05
9.52292e-05
9.32884e-05
9.14583e-05
8.97299e-05
8.88357e-05
8.88269e-05
8.86461e-05
8.81576e-05
8.74535e-05
8.66144e-05
8.56664e-05
8.46342e-05
8.35419e-05
8.24103e-05
8.12364e-05
8.00585e-05
7.88814e-05
7.77319e-05
7.66175e-05
7.55358e-05
7.44756e-05
7.34523e-05
7.2476e-05
7.15394e-05
7.07232e-05
6.9957e-05
6.9203e-05
6.84687e-05
6.77546e-05
6.70624e-05
6.63991e-05
6.57649e-05
6.51525e-05
6.45615e-05
6.3993e-05
6.34502e-05
6.29315e-05
6.24343e-05
6.1961e-05
6.15102e-05
6.10773e-05
6.0659e-05
6.02604e-05
5.98756e-05
5.95066e-05
5.91554e-05
5.88206e-05
5.86045e-05
5.86581e-05
5.86598e-05
5.86091e-05
5.85148e-05
5.83826e-05
5.82127e-05
5.80086e-05
5.77782e-05
5.75364e-05
5.72893e-05
5.70405e-05
5.67928e-05
5.65483e-05
5.63086e-05
5.60749e-05
5.5846e-05
5.56205e-05
5.54006e-05
5.51883e-05
5.49826e-05
5.47863e-05
5.45978e-05
5.44183e-05
5.42477e-05
5.40852e-05
5.39276e-05
5.37762e-05
5.36323e-05

