5e-05
5e-05
5e-05
5e-05
5e-05
5e-05
5e-05
5e-05
5e-05
5e-05
5e-05
5e-05
5e-05
5e-05
5e-05
5e-05
5e-05
5e-05
5e-05
5e-05
5e-05
5e-05
5e-05
5e-05
5e-05
5e-05
5e-05
5e-05
5e-05
5e-05
5e-05
5e-05
5e-05
5e-05
5e-05
5e-05
5e-05
5e-05
5e-05
5e-05
5e-05
5e-05
5e-05
5e-05
5e-05
5e-05
5e-05
5e-05
5e-05
5e-05
5e-05
5e-05
5e-05
5e-05
5e-05
5e-05
5e-05
5e-05
5e-05
5e-05
5e-05
5e-05
5e-05
5e-05
5e-05
5e-05
5e-05
5e-05
5e-05
5e-05
5e-05
5e-05
5e-05
5e-05
5e-05
5e-05
5e-05
5e-05
5e-05
5e-05
5e-05
5e-05
5e-05
5e-05
5e-05
5e-05
5e-05
5e-05
5e-05
5e-05
5e-05
5e-05
5e-05
5e-05
5e-05
5e-05
5e-05
5e-05
5e-05
5e-05
5e-05
5e-05
5.01309e-05
5.51074e-05
6.31808e-05
7.17072e-05
7.97698e-05
8.70693e-05
9.34457e-05
9.89866e-05
0.000103772
0.000107874
0.000111336
0.000114047
0.000116146
0.000117755
0.000119041
0.000120045
0.000120795
0.000121313
0.00012162
0.00012178
0.000122403
0.000122844
0.000123003
0.000122844
0.000122463
0.000121847
0.000121078
0.000120193
0.000119209
0.000118162
0.000117519
0.000116795
0.000115886
0.000114843
0.000113666
0.00011242
0.000111088
0.000109682
0.000108504
0.000107475
0.000106371
0.000105149
0.000103855
0.000102527
0.000101361
0.000100262
9.90794e-05
9.78408e-05
9.65363e-05
9.52061e-05
9.38709e-05
9.25581e-05
9.12665e-05
9.00117e-05
8.87666e-05
8.7505e-05
8.62712e-05
8.64044e-05
8.68934e-05
8.71476e-05
8.7125e-05
8.68208e-05
8.62268e-05
8.54182e-05
8.45193e-05
8.35664e-05
8.25784e-05
8.15705e-05
8.0555e-05
7.95274e-05
7.8507e-05
7.75068e-05
7.65186e-05
7.5549e-05
7.45992e-05
7.36775e-05
7.27871e-05
7.1935e-05
7.11439e-05
7.04776e-05
6.9832e-05
6.91982e-05
6.85765e-05
6.79675e-05
6.73721e-05
6.68089e-05
6.63162e-05
6.58159e-05
6.53145e-05
6.48132e-05
6.43222e-05
6.3843e-05
6.33756e-05
6.29147e-05
6.24673e-05
6.20346e-05
6.16115e-05
6.12026e-05
6.08354e-05
6.05099e-05
6.01895e-05
5.98715e-05
5.95517e-05
5.92334e-05
5.89544e-05
5.8693e-05
5.84334e-05
5.8176e-05
5.79194e-05
5.76562e-05
5.73967e-05
5.71448e-05
5.6901e-05
5.66659e-05
5.64673e-05
5.62735e-05
5.6082e-05
5.58931e-05
5.57073e-05
5.55221e-05
5.53397e-05
5.51597e-05
5.49846e-05
5.4813e-05
5.46471e-05
5.44871e-05
5.43316e-05
5.41811e-05
5.40365e-05
5.38975e-05
5.37633e-05
5.36331e-05
5.35081e-05
5.33881e-05
5.32728e-05
5.3162e-05
5.53761e-05
6.2485e-05
7.07075e-05
7.87918e-05
8.62321e-05
9.27865e-05
9.85025e-05
0.00010346
0.000107731
0.000111312
0.000114247
0.000116683

