5e-05
5e-05
5e-05
5e-05
5e-05
5e-05
5e-05
5e-05
5e-05
5e-05
5e-05
5e-05
5e-05
5e-05
5e-05
5e-05
5e-05
5e-05
5e-05
5e-05
5e-05
5e-05
5e-05
5e-05
5e-05
5e-05
5e-05
5e-05
5e-05
5e-05
5e-05
5e-05
5e-05
5e-05
5e-05
5e-05
5e-05
5e-05
5e-05
5e-05
5e-05
5e-05
5e-05
5e-05
5e-05
5e-05
5e-05
5e-05
5e-05
5e-05
5e-05
5e-05
5e-05
5e-05
5e-05
5e-05
5e-05
5e-05
5e-05
5e-05
5e-05
5e-05
5e-05
5e-05
5e-05
5e-05
5e-05
5e-05
5e-05
5e-05
5e-05
5e-05
5e-05
5e-05
5e-05
5e-05
5e-05
5e-05
5e-05
5e-05
5e-05
5e-05
5e-05
5e-05
5e-05
5e-05
5e-05
5e-05
5e-05
5e-05
5e-05
5e-05
5e-05
5e-05
5e-05
5e-05
5e-05
5e-05
5e-05
5e-05
5e-05
5e-05
5e-05
5e-05
5e-05
5e-05
5e-05
5e-05
5e-05
5e-05
5e-05
5e-05
5e-05
5e-05
5e-05
5e-05
5e-05
5e-05
5e-05
5e-05
5e-05
5e-05
5e-05
5e-05
5e-05
5e-05
5e-05
5e-05
5e-05
5e-05
5e-05
5e-05
5e-05
5e-05
5e-05
5e-05
5e-05
5e-05
5e-05
5e-05
5e-05
5e-05
5e-05
5e-05
5e-05
5e-05
5e-05
5e-05
5e-05
5e-05
5e-05
5e-05
5e-05
5e-05
5e-05
5e-05
5e-05
5e-05
5e-05
5e-05
5e-05
5e-05
5e-05
5e-05
5e-05
5e-05
5e-05
5e-05
5e-05
5e-05
5e-05
5e-05
5e-05
5.04643e-05
5.47347e-05
6.05086e-05
6.63289e-05
7.17776e-05
7.66011e-05
8.07805e-05
8.4399e-05
8.75151e-05
9.01856e-05
9.24596e-05
9.43798e-05
9.59831e-05
9.73022e-05
9.83658e-05
9.92013e-05
9.98439e-05
0.000100306
0.000100598
0.000100734
0.000100731
0.000100612
0.000100383
0.000100056
9.96432e-05
9.91546e-05
9.86039e-05
9.7998e-05
9.73407e-05
9.66393e-05
9.59006e-05
9.51337e-05
9.43423e-05
9.35338e-05
9.27093e-05
9.18683e-05
9.10149e-05
9.01531e-05
8.92862e-05
8.842e-05
8.75544e-05
8.66905e-05
8.58303e-05
8.49763e-05
8.41312e-05
8.32941e-05
8.24672e-05
8.16516e-05
8.08467e-05
8.00546e-05
7.92901e-05
7.86972e-05
7.80866e-05
7.7443e-05
7.6776e-05
7.60951e-05
7.54083e-05
7.4722e-05
7.4041e-05
7.3369e-05
7.27086e-05
7.21657e-05
7.16494e-05
7.11124e-05
7.06557e-05
7.02075e-05
6.97209e-05
6.92066e-05
6.86786e-05
6.81457e-05
6.76133e-05
6.70868e-05
6.65691e-05
6.60623e-05
6.55677e-05
6.5086e-05
6.46179e-05

