5e-05
5e-05
5e-05
5e-05
5e-05
5e-05
5e-05
5e-05
5e-05
5e-05
5e-05
5e-05
5e-05
5e-05
5e-05
5e-05
5e-05
5e-05
5e-05
5e-05
5e-05
5e-05
5e-05
5e-05
5e-05
5e-05
5e-05
5e-05
5e-05
5e-05
5e-05
5e-05
5e-05
5e-05
5e-05
5e-05
5e-05
5e-05
5e-05
5e-05
5e-05
5e-05
5e-05
5e-05
5e-05
5.39216e-05
6.48196e-05
7.79599e-05
9.03561e-05
0.00010126
0.000110274
0.000117504
0.000122536
0.000126422
0.000129458
0.000131786
0.000133517
0.000134714
0.00013542
0.000135777
0.000135825
0.000135561
0.000135037
0.000134341
0.000133484
0.000132405
0.000131173
0.000129894
0.000128582
0.000127244
0.000125883
0.000124486
0.000123046
0.000121598
0.000120146
0.000118692
0.000117238
0.000115784
0.000114333
0.000112886
0.000111444
0.000110009
0.000108583
0.000107168
0.000105765
0.000104375
0.000103
0.000101642
0.000100301
9.89798e-05
9.76782e-05
9.63975e-05
9.51386e-05
9.38889e-05
9.26515e-05
9.14802e-05
9.07379e-05
9.00559e-05
8.93064e-05
8.84961e-05
8.76132e-05
8.66802e-05
8.57221e-05
8.47281e-05
8.37519e-05
8.29615e-05
8.2138e-05
8.12668e-05
8.03866e-05
7.95056e-05
7.86288e-05
7.77605e-05
7.69042e-05
7.60625e-05
7.52252e-05
7.43936e-05
7.35842e-05
7.2792e-05
7.20271e-05
7.12853e-05
7.05653e-05
6.98728e-05
6.9207e-05
6.85668e-05
6.7945e-05
6.73449e-05
6.6768e-05
6.62159e-05
6.62918e-05
6.65184e-05
6.66453e-05
6.67323e-05
6.67082e-05
6.65665e-05
6.62997e-05
6.59328e-05
6.55131e-05
6.51317e-05
6.47093e-05
6.42558e-05
6.37852e-05
6.33067e-05
6.28272e-05
6.23521e-05
6.18941e-05
6.14847e-05
6.11194e-05
6.07583e-05
6.03813e-05
6.0006e-05
5.96357e-05
5.92797e-05
5.89681e-05
5.86561e-05
5.83395e-05
5.80346e-05
5.77641e-05
5.74978e-05
5.72484e-05
5.72755e-05
5.91121e-05
6.00338e-05
5.99038e-05
5.94767e-05
5.89892e-05
5.85001e-05
5.80262e-05
5.75737e-05
5.71454e-05
5.67418e-05
5.63625e-05
5.60407e-05
5.5822e-05
5.55883e-05
5.53407e-05
5.50869e-05
5.48338e-05
5.45867e-05
5.43484e-05
5.41209e-05
5.39049e-05
5.37005e-05
5.35076e-05
5.33258e-05
5.31548e-05
5.29939e-05
5.28426e-05
5.27006e-05
5.25669e-05
5.24411e-05
5.23228e-05
5.22116e-05
5.21068e-05
5.20079e-05
5.19147e-05
5.18268e-05
5.17438e-05
5.16654e-05
5.15914e-05
5.15213e-05
5.1455e-05
5.13922e-05
5.13327e-05
5.12763e-05
5.12229e-05
5.11721e-05
5.11239e-05
5.10781e-05
5.10346e-05
5.09931e-05
5.09536e-05
5.0916e-05
5.08801e-05
5.0846e-05
5.08135e-05
5.07824e-05
5.07532e-05
5.07283e-05
5.07038e-05
5.06797e-05
5.06559e-05
5.06327e-05
5.06101e-05
5.05883e-05
5.05673e-05
5.05471e-05
5.05276e-05
5.05089e-05
5.04909e-05
5.04736e-05
5.04579e-05
5.04441e-05
5.04303e-05
5.04165e-05
5.0404e-05
5.03925e-05
5.03808e-05
5.03699e-05
5.03598e-05
5.03493e-05
5.03386e-05
5.03277e-05
5.03169e-05
5.03077e-05
5.03094e-05
5.0309e-05
5.03054e-05
5.02994e-05
5.02918e-05
5.02833e-05

