5e-05
5e-05
5e-05
5e-05
5e-05
5e-05
5e-05
5e-05
5e-05
5e-05
5e-05
5e-05
5e-05
5e-05
5e-05
5e-05
5e-05
5e-05
5e-05
5e-05
5e-05
5e-05
5e-05
5e-05
5e-05
5e-05
5e-05
5e-05
5e-05
5e-05
5e-05
5e-05
5e-05
5e-05
5e-05
5e-05
5e-05
5e-05
5e-05
5e-05
5e-05
5e-05
5e-05
5e-05
5e-05
5e-05
5e-05
5e-05
5e-05
5e-05
5e-05
5e-05
5e-05
5e-05
5e-05
5e-05
5e-05
5e-05
5e-05
5e-05
5e-05
5e-05
5e-05
5e-05
5e-05
5e-05
5e-05
5e-05
5e-05
5e-05
5e-05
5e-05
5e-05
5e-05
5e-05
5e-05
5e-05
5e-05
5e-05
5e-05
5e-05
5e-05
5e-05
5e-05
5e-05
5e-05
5e-05
5e-05
5e-05
5e-05
5e-05
5e-05
5e-05
5e-05
5e-05
5e-05
5e-05
5e-05
5e-05
5e-05
5e-05
5e-05
5e-05
5e-05
5e-05
5e-05
5e-05
5e-05
5e-05
5e-05
5e-05
5e-05
5e-05
5e-05
5e-05
5e-05
5e-05
5e-05
5e-05
5e-05
5e-05
5e-05
5e-05
5e-05
5e-05
5e-05
5e-05
5e-05
5e-05
5e-05
5e-05
5e-05
5e-05
5.10883e-05
5.80091e-05
6.69288e-05
7.58116e-05
8.41639e-05
9.15436e-05
9.77062e-05
0.000102901
0.000107362
0.000111108
0.00011427
0.000116966
0.000120024
0.000123154
0.000126198
0.000128543
0.00013022
0.000131304
0.000131924
0.000132116
0.000131899
0.000131449
0.000130801
0.000129936
0.000128879
0.000127657
0.000126284
0.00012484
0.00012335
0.000121848
0.000120312
0.000118782
0.000117236
0.000115688
0.000114137
0.000112579
0.000111049
0.00010955
0.000108055
0.00010657
0.000105076
0.00010361
0.000102162
0.000100735
9.93515e-05
9.80116e-05
9.67098e-05
9.54236e-05
9.41729e-05
9.29592e-05
9.17803e-05
9.0634e-05
8.95182e-05
8.84296e-05
8.73488e-05
8.62822e-05
8.52239e-05
8.41749e-05
8.31611e-05
8.21828e-05
8.12379e-05
8.03244e-05
7.94401e-05
7.85832e-05
7.77521e-05
7.69455e-05
7.6162e-05
7.54005e-05
7.46601e-05
7.394e-05
7.32395e-05
7.25572e-05
7.18819e-05
7.12139e-05
7.05545e-05
6.99176e-05
6.93033e-05
6.87105e-05
6.81379e-05
6.75845e-05
6.70493e-05
6.65312e-05
6.60287e-05
6.55344e-05
6.50554e-05
6.45881e-05
6.41325e-05
6.3688e-05
6.32565e-05
6.28408e-05
6.24396e-05
6.20472e-05
6.16683e-05
6.13034e-05
6.10065e-05
6.07261e-05
6.04388e-05
6.01488e-05
5.98592e-05
5.95695e-05
5.92818e-05
5.89981e-05
5.87218e-05
5.84531e-05
5.81919e-05
5.79381e-05
5.76915e-05
5.7444e-05
5.72007e-05
5.69662e-05
5.67406e-05
5.65234e-05
5.63128e-05
5.61062e-05
5.59059e-05
5.57094e-05
5.55203e-05

