5e-05
5e-05
5e-05
5e-05
5e-05
5e-05
5e-05
5e-05
5e-05
5e-05
5e-05
5e-05
5e-05
5e-05
5e-05
5e-05
5e-05
5e-05
5e-05
5e-05
5e-05
5e-05
5e-05
5e-05
5e-05
5e-05
5e-05
5e-05
5e-05
5e-05
5e-05
5e-05
5e-05
5e-05
5e-05
5e-05
5e-05
5e-05
5e-05
5e-05
5e-05
5e-05
5e-05
5e-05
5e-05
5e-05
5e-05
5e-05
5e-05
5e-05
5e-05
5e-05
5e-05
5e-05
5e-05
5e-05
5e-05
5e-05
5e-05
5e-05
5e-05
5e-05
5e-05
5e-05
5e-05
5e-05
5e-05
5e-05
5e-05
5e-05
5e-05
5e-05
5e-05
5e-05
5e-05
5e-05
5e-05
5e-05
5e-05
5e-05
5e-05
5e-05
5e-05
5e-05
5e-05
5e-05
5e-05
5e-05
5e-05
5e-05
5e-05
5e-05
5e-05
5e-05
5e-05
5e-05
5e-05
5e-05
5e-05
5e-05
5e-05
5e-05
5e-05
5e-05
5e-05
5e-05
5e-05
5e-05
5e-05
5e-05
5e-05
5e-05
5e-05
5e-05
5e-05
5e-05
5e-05
5e-05
5e-05
5e-05
5e-05
5e-05
5e-05
5e-05
5e-05
5e-05
5e-05
5e-05
5e-05
5e-05
5e-05
5e-05
5e-05
5e-05
5e-05
5e-05
5e-05
5e-05
5e-05
5e-05
5e-05
5e-05
5e-05
5e-05
5e-05
5e-05
5e-05
5e-05
5e-05
5e-05
5e-05
5e-05
5e-05
5e-05
5e-05
5e-05
5e-05
5e-05
5e-05
5.08909e-05
5.58545e-05
6.21206e-05
6.83559e-05
7.41576e-05
7.92623e-05
8.3682e-05
8.7495e-05
9.07758e-05
9.35839e-05
9.59708e-05
9.79814e-05
9.96551e-05
0.000101027
0.000102127
0.000102984
0.000103623
0.000104065
0.000104332
0.000104441
0.000104409
0.000104251
0.000103982
0.000103613
0.000103156
0.000102622
0.00010202
0.000101358
0.000100644
9.98867e-05
9.90909e-05
9.82631e-05
9.74086e-05
9.65304e-05
9.56331e-05
9.4723e-05
9.38035e-05
9.28769e-05
9.19474e-05
9.10173e-05
9.00888e-05
8.9164e-05
8.82444e-05
8.73317e-05
8.64272e-05
8.55322e-05
8.46476e-05
8.37731e-05
8.29111e-05
8.20626e-05
8.12281e-05
8.04069e-05
7.96003e-05
7.88092e-05
7.80338e-05
7.72743e-05
7.65308e-05
7.58032e-05
7.50915e-05
7.43958e-05
7.37158e-05
7.30486e-05
7.23951e-05
7.17578e-05
7.11372e-05
7.0533e-05
6.99447e-05
6.93715e-05
6.88124e-05
6.82682e-05
6.77374e-05
6.72211e-05
6.67191e-05
6.62299e-05
6.5754e-05
6.52914e-05
6.48407e-05
6.44029e-05
6.39777e-05
6.35648e-05
6.31637e-05
6.2774e-05
6.23955e-05
6.20277e-05
6.16704e-05
6.13234e-05
6.09862e-05
6.06587e-05
6.03406e-05
6.00317e-05
5.97317e-05

