5e-05
5e-05
5e-05
5e-05
5e-05
5e-05
5e-05
5e-05
5e-05
5e-05
5e-05
5e-05
5e-05
5e-05
5e-05
5e-05
5e-05
5e-05
5e-05
5e-05
5e-05
5e-05
5e-05
5e-05
5e-05
5e-05
5e-05
5e-05
5e-05
5e-05
5e-05
5e-05
5e-05
5e-05
5e-05
5e-05
5e-05
5e-05
5e-05
5e-05
5e-05
5e-05
5e-05
5e-05
5e-05
5e-05
5e-05
5e-05
5e-05
5e-05
5e-05
5e-05
5e-05
5e-05
5e-05
5e-05
5e-05
5e-05
5e-05
5e-05
5e-05
5e-05
5e-05
5e-05
5e-05
5e-05
5e-05
5e-05
5e-05
5e-05
5e-05
5e-05
5e-05
5e-05
5e-05
5e-05
5e-05
5e-05
5e-05
5e-05
5e-05
5e-05
5e-05
5e-05
5e-05
5e-05
5e-05
5e-05
5e-05
5e-05
5e-05
5e-05
5e-05
5e-05
5e-05
5e-05
5e-05
5e-05
5e-05
5e-05
5e-05
5e-05
5e-05
5e-05
5e-05
5e-05
5e-05
5e-05
5e-05
5e-05
5e-05
5e-05
5e-05
5e-05
5e-05
5e-05
5e-05
5e-05
5e-05
5e-05
5e-05
5e-05
5e-05
5e-05
5e-05
5e-05
5e-05
5e-05
5e-05
5e-05
5e-05
5e-05
5e-05
5e-05
5e-05
5e-05
5.00028e-05
5.60759e-05
6.69583e-05
7.83473e-05
8.97582e-05
9.96337e-05
0.000107646
0.000114237
0.000119638
0.000123957
0.000127241
0.000129729
0.000131609
0.000132869
0.000133612
0.000133869
0.000133801
0.000133408
0.000132815
0.000132082
0.000131334
0.000130958
0.000130431
0.000129661
0.000128699
0.000127609
0.000126441
0.000125198
0.000123831
0.000122385
0.000120934
0.00011945
0.000117968
0.000116493
0.000114986
0.000113472
0.000111963
0.00011052
0.000109432
0.000108339
0.000107206
0.000106038
0.000104818
0.000103507
0.000102135
0.000100726
9.93237e-05
9.79544e-05
9.66104e-05
9.52622e-05
9.39502e-05
9.26775e-05
9.14132e-05
9.01696e-05
8.91758e-05
8.82022e-05
8.72007e-05
8.61927e-05
8.51826e-05
8.41687e-05
8.31571e-05
8.21639e-05
8.11888e-05
8.0222e-05
7.92765e-05
7.83578e-05
7.74608e-05
7.65893e-05
7.57462e-05
7.49315e-05
7.41357e-05
7.3359e-05
7.26081e-05
7.18883e-05
7.11979e-05
7.05289e-05
6.98806e-05
6.92574e-05
6.86553e-05
6.80682e-05
6.75014e-05
6.69481e-05
6.64152e-05
6.59014e-05
6.53995e-05
6.49088e-05
6.44234e-05
6.3951e-05
6.34985e-05
6.30628e-05
6.26415e-05
6.22379e-05
6.18494e-05
6.14645e-05
6.10919e-05
6.07353e-05
6.03939e-05
6.00665e-05
5.97516e-05
5.94443e-05
5.91473e-05
5.8858e-05
5.85842e-05
5.83625e-05
5.81465e-05
5.79265e-05
5.77081e-05
5.74892e-05
5.72712e-05
5.70573e-05
5.68479e-05
5.6643e-05
5.64395e-05
5.62393e-05

