5e-05
5e-05
5e-05
5e-05
5e-05
5e-05
5e-05
5e-05
5e-05
5e-05
5e-05
5e-05
5e-05
5e-05
5e-05
5e-05
5e-05
5e-05
5e-05
5e-05
5e-05
5e-05
5e-05
5e-05
5e-05
5e-05
5e-05
5e-05
5e-05
5e-05
5e-05
5e-05
5e-05
5e-05
5e-05
5e-05
5e-05
5e-05
5e-05
5e-05
5e-05
5e-05
5e-05
5e-05
5e-05
5e-05
5e-05
5e-05
5e-05
5e-05
5e-05
5e-05
5e-05
5e-05
5e-05
5e-05
5e-05
5e-05
5e-05
5e-05
5e-05
5e-05
5e-05
5e-05
5e-05
5e-05
5e-05
5e-05
5e-05
5e-05
5e-05
5e-05
5e-05
5e-05
5e-05
5e-05
5e-05
5e-05
5e-05
5e-05
5e-05
5e-05
5e-05
5e-05
5e-05
5e-05
5e-05
5e-05
5e-05
5e-05
5e-05
5e-05
5e-05
5e-05
5e-05
5e-05
5e-05
5e-05
5e-05
5e-05
5e-05
5e-05
5e-05
5e-05
5e-05
5e-05
5e-05
5e-05
5e-05
5e-05
5e-05
5e-05
5e-05
5e-05
5e-05
5e-05
5e-05
5e-05
5e-05
5e-05
5e-05
5e-05
5e-05
5e-05
5e-05
5e-05
5e-05
5e-05
5.17332e-05
5.7051e-05
6.31117e-05
6.89558e-05
7.42999e-05
7.89402e-05
8.29475e-05
8.65178e-05
9.03021e-05
9.40369e-05
9.73711e-05
0.000100989
0.000103669
0.000105552
0.000107021
0.000108636
0.000110033
0.000110792
0.000111226
0.000111575
0.000111486
0.000111049
0.000110386
0.000109565
0.000108686
0.000108045
0.000107254
0.000106315
0.000105267
0.000104144
0.000102974
0.000101774
0.00010056
9.93401e-05
9.81232e-05
9.69158e-05
9.57232e-05
9.4547e-05
9.33856e-05
9.22401e-05
9.11127e-05
9.00067e-05
8.89233e-05
8.78605e-05
8.68186e-05
8.57983e-05
8.48004e-05
8.38257e-05
8.28743e-05
8.19451e-05
8.10384e-05
8.01536e-05
7.92909e-05
7.84494e-05
7.76299e-05
7.68317e-05
7.60541e-05
7.52964e-05
7.45585e-05
7.38404e-05
7.31795e-05
7.26368e-05
7.20811e-05
7.15085e-05
7.09256e-05
7.03398e-05
6.97561e-05
6.91779e-05
6.86072e-05
6.81455e-05
6.84198e-05
6.85639e-05
6.84928e-05
6.83546e-05
6.8101e-05
6.77366e-05
6.72816e-05
6.67796e-05
6.62508e-05
6.57113e-05
6.51721e-05
6.4641e-05
6.41226e-05
6.36186e-05
6.31297e-05
6.26582e-05
6.22035e-05
6.17662e-05
6.13464e-05
6.09434e-05
6.05562e-05
6.01845e-05
5.98277e-05
5.9485e-05
5.91557e-05
5.88394e-05
5.85357e-05
5.82438e-05
5.79632e-05
5.76933e-05
5.74337e-05
5.71837e-05
5.69427e-05
5.67107e-05
5.64872e-05
5.62716e-05
5.60637e-05
5.5863e-05
5.56697e-05
5.54834e-05
5.5304e-05
5.5131e-05
5.49643e-05
5.48034e-05
5.46478e-05
5.44973e-05
5.4352e-05
5.42119e-05
5.40767e-05
5.39458e-05
5.38193e-05
5.36968e-05

