5e-05
5e-05
5e-05
5e-05
5e-05
5e-05
5e-05
5e-05
5e-05
5e-05
5e-05
5e-05
5e-05
5e-05
5e-05
5e-05
5e-05
5e-05
5e-05
5e-05
5e-05
5e-05
5e-05
5e-05
5e-05
5e-05
5e-05
5e-05
5e-05
5e-05
5e-05
5e-05
5e-05
5e-05
5e-05
5e-05
5e-05
5e-05
5e-05
5e-05
5e-05
5e-05
5e-05
5e-05
5e-05
5e-05
5e-05
5e-05
5e-05
5e-05
5e-05
5e-05
5e-05
5e-05
5e-05
5e-05
5e-05
5e-05
5e-05
5e-05
5e-05
5e-05
5e-05
5e-05
5e-05
5e-05
5e-05
5e-05
5e-05
5e-05
5e-05
5e-05
5e-05
5e-05
5e-05
5e-05
5e-05
5e-05
5e-05
5e-05
5e-05
5e-05
5e-05
5e-05
5e-05
5e-05
5e-05
5e-05
5e-05
5e-05
5e-05
5e-05
5e-05
5e-05
5e-05
5e-05
5e-05
5e-05
5e-05
5e-05
5e-05
5e-05
5e-05
5e-05
5e-05
5e-05
5e-05
5e-05
5e-05
5e-05
5e-05
5e-05
5e-05
5e-05
5.31051e-05
6.05754e-05
6.89511e-05
7.70981e-05
8.45405e-05
9.10704e-05
9.676e-05
0.00010169
0.000105914
0.000109449
0.000112414
0.000114839
0.000116783
0.000118333
0.000119558
0.00012049
0.000121159
0.00012159
0.000121774
0.00012174
0.000121544
0.000121204
0.000120736
0.000120338
0.000120162
0.000119775
0.000119182
0.000118412
0.000117509
0.000116515
0.000115448
0.000114319
0.00011311
0.000111851
0.00011057
0.000109272
0.000107964
0.000106701
0.000105745
0.000104685
0.000103624
0.000105077
0.000106836
0.000107955
0.000108304
0.000108195
0.000107614
0.000106669
0.000105478
0.000104095
0.000102502
0.000100825
9.91012e-05
9.73739e-05
9.56469e-05
9.39358e-05
9.22761e-05
9.06706e-05
8.9133e-05
8.76615e-05
8.62375e-05
8.48593e-05
8.35421e-05
8.22797e-05
8.10788e-05
7.99366e-05
7.88482e-05
7.78009e-05
7.67997e-05
7.58264e-05
7.48887e-05
7.39938e-05
7.31372e-05
7.23154e-05
7.15242e-05
7.07689e-05
7.00483e-05
6.936e-05
6.87016e-05
6.80709e-05
6.74592e-05
6.68641e-05
6.62934e-05
6.57555e-05
6.53191e-05
6.48972e-05
6.44701e-05
6.40438e-05
6.36157e-05
6.31925e-05
6.27728e-05
6.23636e-05
6.19646e-05
6.15725e-05
6.11877e-05
6.08153e-05
6.04562e-05
6.01098e-05
5.97736e-05
5.94462e-05
5.91276e-05
5.88192e-05
5.8532e-05
5.82885e-05
5.80481e-05
5.78111e-05
5.75778e-05
5.73485e-05
5.7123e-05
5.68986e-05
5.66794e-05
5.6466e-05
5.62561e-05
5.605e-05
5.58466e-05
5.56479e-05
5.54568e-05
5.53549e-05
5.54218e-05
5.54535e-05
5.54486e-05
5.5411e-05
5.53443e-05
5.52521e-05
5.51388e-05
5.50079e-05
5.48555e-05
5.46932e-05
5.45291e-05
5.43683e-05
5.43631e-05
5.43763e-05
5.43567e-05
5.42983e-05
5.42146e-05
5.41109e-05

