5e-05
5e-05
5e-05
5e-05
5e-05
5e-05
5e-05
5e-05
5e-05
5e-05
5e-05
5e-05
5e-05
5e-05
5e-05
5e-05
5e-05
5e-05
5e-05
5e-05
5e-05
5e-05
5e-05
5e-05
5e-05
5e-05
5e-05
5e-05
5e-05
5e-05
5e-05
5e-05
5e-05
5e-05
5e-05
5e-05
5e-05
5e-05
5e-05
5e-05
5e-05
5e-05
5e-05
5e-05
5e-05
5e-05
5e-05
5e-05
5e-05
5e-05
5e-05
5e-05
5e-05
5e-05
5e-05
5e-05
5e-05
5e-05
5e-05
5e-05
5e-05
5e-05
5e-05
5e-05
5e-05
5e-05
5e-05
5e-05
5e-05
5e-05
5e-05
5e-05
5e-05
5e-05
5e-05
5.16164e-05
5.92847e-05
6.87727e-05
7.81954e-05
8.69671e-05
9.46608e-05
0.000101281
0.000107322
0.000112787
0.000117376
0.000121181
0.000124293
0.000126788
0.00012874
0.000130769
0.000132587
0.000133607
0.000134132
0.000134321
0.000134517
0.000134971
0.000135077
0.000134761
0.00013417
0.000133322
0.00013222
0.000130875
0.000129337
0.000127741
0.000126428
0.000125332
0.000124131
0.000122828
0.000121433
0.000119913
0.000118343
0.000116744
0.000115127
0.000113501
0.000111876
0.000110256
0.000108642
0.000107011
0.000105373
0.000104028
0.000102771
0.000101465
0.000100147
9.88193e-05
9.74606e-05
9.60831e-05
9.47244e-05
9.33906e-05
9.20629e-05
9.07673e-05
8.95082e-05
8.82855e-05
8.72273e-05
8.62994e-05
8.53504e-05
8.43418e-05
8.33288e-05
8.24036e-05
8.15992e-05
8.08563e-05
8.01643e-05
7.94435e-05
7.86997e-05
7.7939e-05
7.71691e-05
7.662e-05
7.61198e-05
7.56051e-05
7.5007e-05
7.43321e-05
7.36167e-05
7.2924e-05
7.24132e-05
7.19208e-05
7.14527e-05
7.10434e-05
7.05558e-05
6.9996e-05
6.94016e-05
6.87579e-05
6.8106e-05
6.74828e-05
6.69339e-05
6.63731e-05
6.58099e-05
6.52412e-05
6.46893e-05
6.41519e-05
6.36296e-05
6.31231e-05
6.26345e-05
6.21611e-05
6.17106e-05
6.13344e-05
6.10184e-05
6.07251e-05
6.04207e-05
6.01104e-05
5.97953e-05
5.94833e-05
5.91707e-05
5.88586e-05
5.85553e-05
5.8261e-05
5.79683e-05
5.76835e-05
5.74076e-05
5.71429e-05
5.68867e-05
5.66398e-05
5.64016e-05
5.61697e-05
5.59479e-05
5.57356e-05
5.55306e-05
5.53327e-05
5.51413e-05
5.49582e-05
5.47837e-05
5.46164e-05
5.44554e-05
5.43014e-05
5.41541e-05
5.40129e-05
5.38748e-05
5.37413e-05
5.36117e-05
5.3486e-05
5.33658e-05
5.3251e-05
5.31409e-05
5.30329e-05
5.29294e-05
5.28304e-05
5.27358e-05
5.2645e-05
5.25702e-05
5.25177e-05
5.24638e-05
5.24074e-05
5.23489e-05
5.22887e-05
5.22273e-05
5.21635e-05
5.2099e-05
5.20336e-05
5.19682e-05
5.19037e-05
5.18401e-05
5.17779e-05
5.17191e-05
5.16705e-05
5.16231e-05
5.15755e-05
5.15274e-05
5.14799e-05
5.14328e-05
5.13861e-05
5.13405e-05
5.12981e-05
5.12616e-05
5.12253e-05
5.11922e-05
5.11604e-05
5.11282e-05
5.10957e-05
5.10627e-05
5.10296e-05
5.09963e-05
5.09636e-05

