5e-05
5e-05
5e-05
5e-05
5e-05
5e-05
5e-05
5e-05
5e-05
5e-05
5e-05
5e-05
5e-05
5e-05
5e-05
5e-05
5e-05
5e-05
5e-05
5e-05
5e-05
5e-05
5e-05
5e-05
5e-05
5e-05
5e-05
5e-05
5e-05
5e-05
5e-05
5e-05
5e-05
5e-05
5e-05
5e-05
5e-05
5e-05
5e-05
5e-05
5e-05
5e-05
5e-05
5e-05
5e-05
5e-05
5e-05
5e-05
5e-05
5e-05
5e-05
5e-05
5e-05
5e-05
5e-05
5e-05
5e-05
5e-05
5e-05
5e-05
5e-05
5e-05
5e-05
5e-05
5e-05
5e-05
5e-05
5e-05
5e-05
5e-05
5e-05
5e-05
5e-05
5e-05
5e-05
5e-05
5e-05
5e-05
5e-05
5e-05
5e-05
5e-05
5e-05
5e-05
5e-05
5e-05
5e-05
5e-05
5e-05
5e-05
5e-05
5e-05
5e-05
5e-05
5e-05
5e-05
5e-05
5e-05
5e-05
5e-05
5e-05
5e-05
5e-05
5e-05
5e-05
5e-05
5e-05
5e-05
5e-05
5e-05
5e-05
5e-05
5e-05
5e-05
5e-05
5e-05
5e-05
5e-05
5e-05
5e-05
5e-05
5e-05
5e-05
5e-05
5e-05
5e-05
5e-05
5e-05
5e-05
5e-05
5e-05
5e-05
5e-05
5e-05
5e-05
5e-05
5e-05
5e-05
5e-05
5e-05
5e-05
5e-05
5e-05
5e-05
5e-05
5e-05
5e-05
5e-05
5e-05
5e-05
5e-05
5.08151e-05
5.91576e-05
7.05667e-05
8.18262e-05
9.33185e-05
0.000103304
0.000111354
0.000117516
0.00012241
0.000126491
0.000130632
0.000133909
0.000136345
0.000137878
0.000138665
0.000138903
0.000138737
0.000138138
0.000137315
0.000136348
0.000135242
0.000133942
0.000132541
0.000131093
0.00012958
0.000128023
0.000126447
0.000124871
0.000123265
0.000121668
0.000120085
0.000118518
0.000116954
0.00011538
0.000113827
0.000112295
0.000110802
0.000109702
0.00010858
0.000107397
0.000106172
0.000104912
0.000103628
0.000102325
0.000101012
9.96956e-05
9.83562e-05
9.702e-05
9.57015e-05
9.44042e-05
9.31285e-05
9.18581e-05
9.06151e-05
8.93943e-05
8.8196e-05
8.70153e-05
8.58535e-05
8.47202e-05
8.36236e-05
8.25677e-05
8.15505e-05
8.05698e-05
7.96234e-05
7.87093e-05
7.78257e-05
7.69709e-05
7.61434e-05
7.53356e-05
7.45449e-05
7.37712e-05
7.30216e-05
7.22902e-05
7.15835e-05
7.08947e-05
7.03007e-05
6.97824e-05
6.92541e-05
6.87259e-05
6.81954e-05
6.76595e-05
6.71265e-05
6.66047e-05
6.60953e-05
6.55987e-05
6.51149e-05
6.46379e-05
6.41731e-05
6.37224e-05
6.32803e-05
6.28471e-05
6.24236e-05
6.20096e-05
6.16078e-05
6.12225e-05
6.08532e-05
6.04988e-05
6.01586e-05
5.98314e-05
5.95165e-05

