5e-05
5e-05
5e-05
5e-05
5e-05
5e-05
5e-05
5e-05
5e-05
5e-05
5e-05
5e-05
5e-05
5e-05
5e-05
5e-05
5e-05
5e-05
5e-05
5e-05
5e-05
5e-05
5e-05
5e-05
5e-05
5e-05
5e-05
5e-05
5e-05
5.14734e-05
6.08854e-05
7.26555e-05
8.39974e-05
9.39261e-05
0.000102267
0.000109157
0.000114814
0.000119425
0.000123147
0.000126112
0.000128431
0.000130191
0.000131391
0.000132168
0.000132487
0.000133035
0.000133684
0.000134385
0.000140819
0.000147991
0.000153531
0.000157042
0.000158207
0.000157946
0.00015688
0.000155159
0.000152881
0.000150311
0.000147558
0.000144592
0.000141332
0.000138029
0.000134826
0.000131739
0.000128766
0.000125887
0.000123134
0.000120475
0.000117907
0.000115429
0.000113071
0.000110839
0.000108722
0.000106689
0.000104743
0.000102879
0.000101102
9.93902e-05
9.77154e-05
9.60831e-05
9.45073e-05
9.2982e-05
9.14966e-05
9.00643e-05
8.86837e-05
8.73673e-05
8.61044e-05
8.4889e-05
8.37138e-05
8.25781e-05
8.14753e-05
8.04016e-05
7.93684e-05
7.83747e-05
7.74186e-05
7.65233e-05
7.58034e-05
7.51101e-05
7.44258e-05
7.37496e-05
7.30815e-05
7.24164e-05
7.17453e-05
7.10806e-05
7.04293e-05
6.98358e-05
6.93144e-05
6.87821e-05
6.82309e-05
6.76735e-05
6.71275e-05
6.65944e-05
6.60723e-05
6.55522e-05
6.50456e-05
6.45501e-05
6.40671e-05
6.35891e-05
6.31275e-05
6.26852e-05
6.22615e-05
6.18514e-05
6.14508e-05
6.10559e-05
6.06772e-05
6.03132e-05
5.99648e-05
5.96321e-05
5.93107e-05
5.90025e-05
5.87075e-05
5.84221e-05
5.81471e-05
5.78872e-05
5.76788e-05
5.75101e-05
5.73488e-05
5.71795e-05
5.70092e-05
5.68534e-05
5.66861e-05
5.65289e-05
5.63877e-05
5.62373e-05
5.60787e-05
5.59128e-05
5.57422e-05
5.56185e-05
5.54829e-05
5.53234e-05
5.51539e-05
5.49826e-05
5.48313e-05
5.46827e-05
5.45325e-05
5.43806e-05
5.4227e-05
5.40782e-05
5.39315e-05
5.37871e-05
5.36475e-05
5.35133e-05
5.3385e-05
5.32651e-05
5.31604e-05
5.30573e-05
5.29564e-05
5.28587e-05
5.27619e-05
5.26673e-05
5.25755e-05
5.24865e-05
5.24011e-05
5.23272e-05
5.22603e-05
5.21925e-05
5.2125e-05
5.20589e-05
5.19925e-05
5.19275e-05
5.18634e-05
5.18005e-05
5.17394e-05
5.16803e-05
5.16224e-05
5.15663e-05
5.15125e-05
5.14611e-05
5.14118e-05
5.13645e-05
5.13191e-05
5.12755e-05
5.12334e-05
5.11919e-05
5.11514e-05
5.11126e-05
5.10755e-05
5.10397e-05
5.1005e-05
5.09716e-05
5.09392e-05
5.09081e-05
5.08779e-05
5.08489e-05
5.08205e-05
5.07931e-05
5.07663e-05
5.07405e-05
5.07156e-05
5.06916e-05
5.06686e-05
5.06463e-05
5.0625e-05
5.06045e-05
5.05847e-05
5.05658e-05
5.05488e-05
5.0534e-05
5.05191e-05
5.05043e-05
5.04894e-05
5.04744e-05
5.04593e-05
5.04446e-05
5.04304e-05
5.04166e-05
5.04032e-05
5.039e-05
5.03774e-05
5.03651e-05
5.03531e-05
5.03414e-05
5.03301e-05
5.03191e-05
5.03084e-05
5.02982e-05
5.02884e-05
5.02787e-05
5.02692e-05
5.02607e-05
5.02536e-05
5.02466e-05
5.02403e-05
5.02347e-05
5.02289e-05
5.02229e-05
5.02169e-05
5.02106e-05
5.02044e-05
5.01982e-05

