5e-05
5e-05
5e-05
5e-05
5e-05
5e-05
5e-05
5e-05
5e-05
5e-05
5e-05
5e-05
5e-05
5e-05
5e-05
5e-05
5e-05
5e-05
5e-05
5e-05
5e-05
5e-05
5e-05
5e-05
5e-05
5e-05
5e-05
5e-05
5e-05
5e-05
5e-05
5e-05
5e-05
5e-05
5e-05
5e-05
5e-05
5e-05
5e-05
5e-05
5e-05
5e-05
5e-05
5e-05
5e-05
5e-05
5e-05
5e-05
5e-05
5e-05
5e-05
5e-05
5e-05
5e-05
5e-05
5e-05
5e-05
5e-05
5e-05
5e-05
5e-05
5e-05
5e-05
5e-05
5e-05
5e-05
5e-05
5e-05
5e-05
5e-05
5e-05
5e-05
5e-05
5e-05
5e-05
5e-05
5e-05
5e-05
5e-05
5e-05
5e-05
5e-05
5e-05
5e-05
5e-05
5e-05
5e-05
5e-05
5e-05
5e-05
5e-05
5e-05
5e-05
5e-05
5e-05
5e-05
5e-05
5e-05
5e-05
5e-05
5e-05
5e-05
5e-05
5e-05
5e-05
5e-05
5e-05
5e-05
5e-05
5e-05
5e-05
5e-05
5e-05
5e-05
5e-05
5e-05
5e-05
5e-05
5e-05
5e-05
5e-05
5e-05
5e-05
5e-05
5e-05
5e-05
5e-05
5e-05
5e-05
5e-05
5e-05
5e-05
5e-05
5e-05
5e-05
5e-05
5e-05
5e-05
5e-05
5e-05
5e-05
5e-05
5e-05
5e-05
5.29305e-05
6.31278e-05
7.38366e-05
8.38219e-05
9.26788e-05
9.99385e-05
0.00010565
0.000110271
0.00011409
0.000117068
0.00011944
0.000121301
0.000122742
0.000123847
0.000127062
0.000134056
0.000139782
0.000144285
0.000147138
0.000148319
0.00014856
0.000148823
0.000148776
0.000148247
0.000147235
0.000145688
0.000143823
0.000141733
0.000139511
0.000137224
0.000134923
0.000132626
0.000130311
0.000128021
0.000126111
0.000124182
0.000122196
0.00012019
0.000118152
0.000116117
0.000114042
0.000111997
0.000110002
0.000108081
0.000106208
0.000104371
0.000102571
0.000100804
9.90979e-05
9.75504e-05
9.83631e-05
9.95821e-05
0.000100349
0.000100614
0.000100232
9.94617e-05
9.84378e-05
9.72611e-05
9.59295e-05
9.45211e-05
9.30689e-05
9.15442e-05
8.99872e-05
8.84547e-05
8.69595e-05
8.55101e-05
8.41195e-05
8.32386e-05
8.32939e-05
8.31372e-05
8.281e-05
8.2291e-05
8.17205e-05
8.11019e-05
8.03662e-05
7.9536e-05
7.8614e-05
7.76512e-05
7.6668e-05
7.56618e-05
7.46504e-05
7.36602e-05
7.26997e-05
7.1763e-05
7.08501e-05
6.99669e-05
6.91185e-05
6.83103e-05
6.75441e-05
6.6818e-05
6.61242e-05
6.54649e-05
6.48401e-05
6.42475e-05
6.36815e-05
6.31399e-05
6.26157e-05
6.21171e-05
6.16878e-05
6.12905e-05
6.0906e-05
6.05535e-05
6.02861e-05
6.00359e-05
5.97653e-05
5.94829e-05

