5e-05
5e-05
5e-05
5e-05
5e-05
5e-05
5e-05
5e-05
5e-05
5e-05
5e-05
5e-05
5e-05
5e-05
5e-05
5e-05
5e-05
5e-05
5e-05
5e-05
5e-05
5e-05
5e-05
5e-05
5e-05
5e-05
5e-05
5e-05
5e-05
5e-05
5e-05
5e-05
5e-05
5e-05
5e-05
5e-05
5e-05
5e-05
5e-05
6.15384e-05
8.53665e-05
0.000109035
0.000131502
0.000151628
0.000168446
0.000182006
0.000192734
0.00020103
0.000207254
0.000211724
0.000214716
0.000216468
0.000217182
0.000225877
0.000256657
0.000250745
0.000248325
0.000247757
0.000247434
0.000246584
0.000244922
0.000242417
0.000239152
0.000235256
0.000230863
0.0002261
0.000221074
0.000215879
0.000210589
0.000205267
0.00019996
0.000194707
0.000189537
0.000184473
0.000179533
0.000174727
0.000170065
0.000165552
0.000161191
0.000156977
0.000152903
0.000148966
0.000145161
0.000141485
0.000137934
0.000134506
0.000131198
0.000128009
0.000124934
0.000121972
0.000119121
0.000116376
0.000113737
0.000111199
0.000108761
0.000106418
0.000104169
0.00010201
9.99376e-05
9.79497e-05
9.65962e-05
9.88431e-05
0.000104157
0.000101971
0.0001004
9.91377e-05
9.79584e-05
9.68048e-05
9.59056e-05
9.49778e-05
9.39383e-05
9.27983e-05
9.15829e-05
9.03156e-05
8.90172e-05
8.77044e-05
8.6391e-05
8.50866e-05
8.37974e-05
8.25286e-05
8.12842e-05
8.00679e-05
7.88824e-05
7.77298e-05
7.66118e-05
7.55295e-05
7.44835e-05
7.34743e-05
7.25019e-05
7.17022e-05
7.11372e-05
7.05814e-05
6.99974e-05
6.93889e-05
6.87939e-05
6.83662e-05
6.81936e-05
6.80147e-05
6.77654e-05
6.74483e-05
6.70749e-05
6.66565e-05
6.62036e-05
6.57414e-05
6.53591e-05
6.49753e-05
6.45669e-05
6.41365e-05
6.36903e-05
6.32341e-05
6.27727e-05
6.23104e-05
6.19068e-05
6.16319e-05
6.136e-05
6.10671e-05
6.07544e-05
6.0427e-05
6.00895e-05
5.97458e-05
5.93996e-05
5.90537e-05
5.87105e-05
5.8372e-05
5.80398e-05
5.77152e-05
5.7399e-05
5.70921e-05
5.67949e-05
5.65078e-05
5.6231e-05
5.59645e-05
5.57084e-05
5.54625e-05
5.52268e-05
5.50009e-05
5.47846e-05
5.45778e-05
5.438e-05
5.4191e-05
5.40105e-05
5.3838e-05
5.36735e-05
5.35164e-05
5.33664e-05
5.32234e-05
5.30869e-05
5.29567e-05
5.28324e-05
5.27139e-05
5.26008e-05
5.24929e-05
5.23899e-05
5.22916e-05
5.21978e-05
5.21082e-05
5.20227e-05
5.19411e-05
5.18631e-05
5.17886e-05
5.17174e-05
5.16494e-05
5.15844e-05
5.15222e-05
5.14628e-05
5.14059e-05
5.13516e-05
5.12995e-05
5.12497e-05
5.1202e-05
5.11564e-05
5.11127e-05
5.10708e-05
5.10306e-05
5.09922e-05
5.09553e-05
5.092e-05
5.08861e-05
5.08535e-05
5.08223e-05
5.07924e-05
5.07636e-05
5.07463e-05
5.07967e-05
5.09346e-05
5.09093e-05
5.0884e-05
5.0865e-05
5.0848e-05
5.08306e-05
5.0812e-05
5.07919e-05
5.07704e-05
5.07479e-05
5.07246e-05
5.07008e-05
5.06768e-05
5.06529e-05
5.06291e-05
5.06057e-05
5.05828e-05
5.05603e-05
5.05385e-05
5.05178e-05
5.0501e-05
5.0485e-05
5.0469e-05
5.04529e-05
5.04369e-05
5.04211e-05

