5e-05
5e-05
5e-05
5e-05
5e-05
5e-05
5e-05
5e-05
5e-05
5e-05
5e-05
5e-05
5e-05
5e-05
5e-05
5e-05
5e-05
5e-05
5e-05
5e-05
5e-05
5e-05
5e-05
5e-05
5e-05
5e-05
5e-05
5e-05
5e-05
5e-05
5e-05
5e-05
5e-05
5e-05
5e-05
5e-05
5e-05
5e-05
5e-05
5e-05
5e-05
5e-05
5e-05
5e-05
5e-05
5e-05
5e-05
5e-05
5e-05
5e-05
5e-05
5e-05
5e-05
5e-05
5e-05
5e-05
5e-05
5e-05
5e-05
5e-05
5e-05
5e-05
5e-05
5e-05
5e-05
5e-05
5e-05
5e-05
5e-05
5e-05
5e-05
5e-05
5e-05
5e-05
5e-05
5e-05
5e-05
5e-05
5e-05
5e-05
5e-05
5e-05
5e-05
5e-05
5e-05
5e-05
5e-05
5e-05
5e-05
5e-05
5e-05
5e-05
5e-05
5e-05
5e-05
5e-05
5e-05
5e-05
5e-05
5e-05
5e-05
5e-05
5e-05
5e-05
5e-05
5e-05
5e-05
5e-05
5e-05
5e-05
5e-05
5e-05
5e-05
5e-05
5e-05
5e-05
5e-05
5e-05
5e-05
5e-05
5e-05
5e-05
5e-05
5e-05
5e-05
5e-05
5e-05
5e-05
5e-05
5e-05
5e-05
5e-05
5e-05
5e-05
5e-05
5e-05
5e-05
5e-05
5e-05
5e-05
5e-05
5e-05
5e-05
5e-05
5e-05
5e-05
5e-05
5e-05
5e-05
5e-05
5e-05
5e-05
6.64739e-05
8.60179e-05
0.000103904
0.000120219
0.000134606
0.000146548
0.000156262
0.000164046
0.000170159
0.000174831
0.000178263
0.000180631
0.000182088
0.000182769
0.00018279
0.000182252
0.000181243
0.000179841
0.000178111
0.000176111
0.00017389
0.000171491
0.000168952
0.000166303
0.000163573
0.000160786
0.000157961
0.000155115
0.000152264
0.000149421
0.000146595
0.000143796
0.000141031
0.000138307
0.000135628
0.000132999
0.000130424
0.000127905
0.000125443
0.000123041
0.000120699
0.000118419
0.0001162
0.000114042
0.000111946
0.000109911
0.000107935
0.000106019
0.000104161
0.000102361
0.000100617
9.89278e-05
9.72926e-05
9.57101e-05
9.41788e-05
9.26975e-05
9.12648e-05
8.98794e-05
8.854e-05
8.72452e-05
8.59938e-05
8.47843e-05
8.36156e-05
8.24863e-05
8.13953e-05
8.03412e-05
7.93229e-05
7.83393e-05
7.73892e-05
7.64714e-05
7.5963e-05
7.79472e-05
8.31504e-05
8.23218e-05
8.14817e-05
8.08707e-05
8.03238e-05
7.97584e-05
7.91404e-05
7.84624e-05
7.77296e-05
7.69526e-05
7.61432e-05
7.53128e-05
7.44712e-05
7.36268e-05
7.27866e-05
7.19562e-05
7.11397e-05
7.03407e-05
6.95616e-05
6.88233e-05
6.82233e-05
6.76542e-05
6.70822e-05
6.65069e-05
6.59327e-05
6.53639e-05

