5e-05
5e-05
5e-05
5e-05
5e-05
5e-05
5e-05
5e-05
5e-05
5e-05
5e-05
5e-05
5e-05
5e-05
5e-05
5e-05
5e-05
5e-05
5e-05
5e-05
5e-05
5e-05
5e-05
5e-05
5e-05
5e-05
5e-05
5e-05
5e-05
5e-05
5e-05
5e-05
5e-05
5e-05
5e-05
5e-05
5e-05
5e-05
5e-05
5e-05
5e-05
5e-05
5e-05
5e-05
5e-05
5e-05
5e-05
5e-05
5e-05
5e-05
5e-05
5e-05
5e-05
5e-05
5e-05
5e-05
5e-05
5e-05
5e-05
5e-05
5e-05
5e-05
5e-05
5e-05
5e-05
5e-05
5e-05
5e-05
5e-05
5e-05
5e-05
5e-05
5e-05
5e-05
5e-05
5e-05
5e-05
5e-05
5e-05
5e-05
5e-05
5e-05
5e-05
5e-05
5e-05
5e-05
5e-05
5e-05
5e-05
5e-05
5e-05
5e-05
5e-05
5e-05
5e-05
5e-05
5e-05
5e-05
5e-05
5e-05
5e-05
5e-05
5e-05
5e-05
5e-05
5e-05
5e-05
5e-05
5e-05
5e-05
5e-05
5e-05
5e-05
5e-05
5e-05
5e-05
5e-05
5e-05
5e-05
5e-05
5e-05
5e-05
5e-05
5e-05
5e-05
5e-05
5e-05
5e-05
5e-05
5e-05
5e-05
5e-05
5e-05
5e-05
5e-05
5e-05
5e-05
5e-05
5e-05
5e-05
5e-05
5e-05
5e-05
5e-05
5e-05
5e-05
5e-05
5e-05
5e-05
5e-05
5e-05
5.01174e-05
5.63685e-05
6.68184e-05
7.8239e-05
8.9993e-05
9.99582e-05
0.000107892
0.000114321
0.000119159
0.000122959
0.000126221
0.000129535
0.000131971
0.000133694
0.000134723
0.000135361
0.000135628
0.000135572
0.000135239
0.000134689
0.000133924
0.000133061
0.000132722
0.000132771
0.000132797
0.000132433
0.000131758
0.000130806
0.000129682
0.000128362
0.000126871
0.000125319
0.000123721
0.000122005
0.000120251
0.000118482
0.000116734
0.000114984
0.000113248
0.000111526
0.000109799
0.000108115
0.000106473
0.000104854
0.000103259
0.000101687
0.000100161
9.86889e-05
9.72592e-05
9.58626e-05
9.45122e-05
9.32061e-05
9.19396e-05
9.06816e-05
8.94503e-05
8.82406e-05
8.70539e-05
8.59111e-05
8.48117e-05
8.37484e-05
8.26941e-05
8.16763e-05
8.06976e-05
7.97557e-05
7.88482e-05
7.8113e-05
7.76261e-05
7.71132e-05
7.65636e-05
7.59818e-05
7.53734e-05
7.47438e-05
7.40812e-05
7.34046e-05
7.27126e-05
7.20157e-05
7.13245e-05
7.06399e-05
6.9968e-05
6.93314e-05
6.88095e-05
6.82979e-05
6.77822e-05
6.72577e-05
6.67378e-05
6.62199e-05
6.57049e-05
6.52015e-05
6.47322e-05
6.43297e-05
6.3928e-05
6.35627e-05
6.32106e-05
6.28521e-05
6.24906e-05
6.2121e-05
6.17497e-05
6.13761e-05
6.10077e-05

