5e-05
5e-05
5e-05
5e-05
5e-05
5e-05
5e-05
5e-05
5e-05
5e-05
5e-05
5e-05
5e-05
5e-05
5e-05
5e-05
5e-05
5e-05
5e-05
5e-05
5e-05
5e-05
5e-05
5e-05
5e-05
5e-05
5e-05
5e-05
5e-05
5e-05
5e-05
5e-05
5e-05
5e-05
5e-05
5e-05
5e-05
5e-05
5e-05
5e-05
5e-05
5e-05
5e-05
5e-05
5e-05
5.34047e-05
6.1272e-05
7.00464e-05
7.92023e-05
8.78591e-05
9.52568e-05
0.000101502
0.000106604
0.000110836
0.000114351
0.000117308
0.000119707
0.000121637
0.000123115
0.000124167
0.00012482
0.000125153
0.000125254
0.000125163
0.000124903
0.000124457
0.000123845
0.00012314
0.000122324
0.000121417
0.000120465
0.000121298
0.000125153
0.000128527
0.000130935
0.000132698
0.000133756
0.000134086
0.000134066
0.000134196
0.000134211
0.000133462
0.000131877
0.000129891
0.00012769
0.000125382
0.000123221
0.000121184
0.000118952
0.000116692
0.000114442
0.000112189
0.000109983
0.000107812
0.000105698
0.000103659
0.000101697
9.98108e-05
9.79986e-05
9.62585e-05
9.4588e-05
9.29844e-05
9.14368e-05
8.99367e-05
8.8489e-05
8.70894e-05
8.57348e-05
8.44393e-05
8.32022e-05
8.20123e-05
8.0865e-05
7.97559e-05
7.86958e-05
7.76737e-05
7.67252e-05
7.59365e-05
7.51722e-05
7.44957e-05
7.38827e-05
7.32562e-05
7.26721e-05
7.21721e-05
7.16498e-05
7.10987e-05
7.04984e-05
6.98766e-05
6.92437e-05
6.86074e-05
6.79836e-05
6.73782e-05
7.11748e-05
7.88573e-05
8.70247e-05
9.46658e-05
0.000101376
0.000107141
0.000113001
0.000119409
0.000124511
0.000128437
0.000131553
0.000133996
0.000135848
0.000137182
0.000138048
0.000142007
0.000150097
0.000156777
0.000162715
0.000167464
0.00017121
0.000181961
0.000220874
0.000227144
0.000222267
0.000214705
0.000206547
0.000198461
0.000190706
0.000183358
0.00017645
0.000169965
0.000163896
0.000158221
0.000152889
0.000147885
0.00014321
0.00013883
0.000134722
0.000130874
0.00012727
0.000123889
0.00012071
0.0001177
0.000114862
0.000112185
0.000109656
0.000107262
0.000106107
0.000106269
0.000106158
0.000105572
0.000104651
0.000103516
0.000102208
0.000100765
9.92225e-05
9.76135e-05
9.5934e-05
9.42417e-05
9.25447e-05
9.08836e-05
8.92702e-05
8.77011e-05
8.616e-05
8.46702e-05
8.32476e-05
8.18809e-05
8.06923e-05
7.95758e-05
7.84748e-05
7.74011e-05
7.63555e-05
7.53406e-05
7.43671e-05
7.34356e-05
7.25352e-05
7.16653e-05
7.0828e-05
7.00279e-05
6.92628e-05
6.85289e-05
6.78298e-05
6.71637e-05
6.65237e-05
6.59047e-05
6.53145e-05
6.47444e-05
6.41975e-05
6.36768e-05
6.318e-05
6.28613e-05
6.29473e-05
6.29551e-05
6.28837e-05
6.27463e-05
6.25516e-05
6.23001e-05
6.19967e-05
6.16536e-05
6.12931e-05
6.09244e-05
6.05529e-05
6.01828e-05
5.98174e-05
5.94591e-05
5.91096e-05
5.87673e-05
5.84299e-05
5.81008e-05
5.7783e-05
5.7475e-05
5.71811e-05
5.68988e-05
5.66299e-05
5.63743e-05
5.6131e-05
5.58948e-05
5.56678e-05
5.54522e-05

