5e-05
5e-05
5e-05
5e-05
5e-05
5e-05
5e-05
5e-05
5e-05
5e-05
5e-05
5e-05
5e-05
5e-05
5e-05
5e-05
5e-05
5e-05
5e-05
5e-05
5e-05
5e-05
5e-05
5e-05
5e-05
5e-05
5e-05
5e-05
5e-05
5e-05
5e-05
5e-05
5e-05
5e-05
5e-05
5e-05
5e-05
5e-05
5e-05
5e-05
5e-05
5e-05
5e-05
5e-05
5e-05
5e-05
5e-05
5e-05
5e-05
5e-05
5e-05
5e-05
5e-05
5e-05
5e-05
5e-05
5e-05
5e-05
5e-05
5e-05
5e-05
5e-05
5e-05
5e-05
5e-05
5e-05
5e-05
5e-05
5e-05
5e-05
5e-05
5e-05
5e-05
5e-05
5e-05
5e-05
5e-05
5e-05
5e-05
5e-05
5e-05
5e-05
5e-05
5e-05
5e-05
5e-05
5e-05
5e-05
5e-05
5e-05
5e-05
5e-05
5e-05
5e-05
5e-05
5e-05
5e-05
5e-05
5e-05
5e-05
5e-05
5e-05
5e-05
5e-05
5e-05
5e-05
5e-05
5e-05
5e-05
5e-05
5e-05
5e-05
5e-05
5e-05
5e-05
5e-05
5e-05
5e-05
5e-05
5e-05
5e-05
5e-05
5e-05
5e-05
5e-05
5e-05
5e-05
5e-05
5e-05
5e-05
5e-05
5e-05
5e-05
5e-05
5e-05
5e-05
5e-05
5e-05
5e-05
5e-05
5e-05
5e-05
5e-05
5e-05
5e-05
5e-05
5e-05
5e-05
5e-05
5e-05
5e-05
5.00237e-05
5.46616e-05
6.27415e-05
7.12331e-05
7.91741e-05
8.61265e-05
9.21958e-05
9.7331e-05
0.000101622
0.000105263
0.00010836
0.000110991
0.000113353
0.000115831
0.000117796
0.000119319
0.000120495
0.000121252
0.000121686
0.000121866
0.000121817
0.000121604
0.00012166
0.000121777
0.000121578
0.000121153
0.000120565
0.000119754
0.000118823
0.000117753
0.00011658
0.000115343
0.000114069
0.000112723
0.000111346
0.000109977
0.000108622
0.00010728
0.000105953
0.00010464
0.000103342
0.00010205
0.000100726
9.93972e-05
9.80975e-05
9.68291e-05
9.5584e-05
9.43516e-05
9.31452e-05
9.19533e-05
9.07924e-05
8.96468e-05
8.85294e-05
8.74199e-05
8.6333e-05
8.52577e-05
8.42102e-05
8.31901e-05
8.21957e-05
8.12324e-05
8.02942e-05
7.93903e-05
7.8517e-05
7.76644e-05
7.68412e-05
7.61127e-05
7.54777e-05
7.4832e-05
7.41843e-05
7.35227e-05
7.28527e-05
7.21701e-05
7.14995e-05
7.08486e-05
7.0217e-05
6.95959e-05
6.89859e-05
6.83957e-05
6.78226e-05
6.7259e-05
6.67071e-05
6.61747e-05
6.56535e-05
6.51453e-05
6.46582e-05
6.41882e-05
6.37236e-05
6.32703e-05
6.28607e-05
6.25243e-05
6.21882e-05
6.18862e-05
6.1618e-05
6.13388e-05
6.10538e-05
6.07602e-05
6.04556e-05
6.01518e-05
5.98492e-05

