5e-05
5e-05
5e-05
5e-05
5e-05
5e-05
5e-05
5e-05
5e-05
5e-05
5e-05
5e-05
5e-05
5e-05
5e-05
5e-05
5e-05
5e-05
5e-05
5e-05
5e-05
5e-05
5e-05
5e-05
5e-05
5e-05
5e-05
5e-05
5e-05
5e-05
5e-05
5e-05
5e-05
5e-05
5e-05
5e-05
5e-05
5e-05
5e-05
5e-05
5e-05
5e-05
5e-05
5e-05
5e-05
5e-05
5e-05
5e-05
5e-05
5e-05
5e-05
5e-05
5e-05
5e-05
5e-05
5e-05
5e-05
5e-05
5e-05
5e-05
5e-05
5e-05
5e-05
5e-05
5e-05
5e-05
5e-05
5e-05
5e-05
5e-05
5e-05
5e-05
5e-05
5e-05
5e-05
5e-05
5e-05
5e-05
5e-05
5e-05
5e-05
5e-05
5e-05
5e-05
5e-05
5e-05
5e-05
5e-05
5e-05
5e-05
5e-05
5e-05
5e-05
5e-05
5e-05
5e-05
5e-05
5e-05
5e-05
5e-05
5e-05
5e-05
5e-05
5e-05
5e-05
5e-05
5e-05
5e-05
5e-05
5e-05
5e-05
5e-05
5e-05
5e-05
5e-05
5e-05
5e-05
5e-05
5e-05
5e-05
5e-05
5e-05
5e-05
5e-05
5e-05
5e-05
5e-05
5e-05
5e-05
5e-05
5e-05
5e-05
5e-05
5e-05
5e-05
5e-05
5e-05
5e-05
5e-05
5e-05
5e-05
5e-05
5e-05
5e-05
5e-05
5e-05
5e-05
5e-05
5e-05
5e-05
5e-05
5e-05
5.55125e-05
6.62057e-05
7.74802e-05
8.92059e-05
9.9663e-05
0.000108145
0.000114691
0.000119928
0.000124321
0.000128755
0.000132295
0.000134967
0.000136708
0.00013768
0.000138082
0.000138063
0.000137594
0.000136888
0.000136026
0.000135014
0.000133798
0.000132471
0.00013109
0.000129637
0.000128132
0.000126604
0.000125069
0.0001235
0.000121936
0.000120382
0.00011884
0.000117297
0.000115742
0.000114205
0.000112686
0.000111205
0.000110119
0.000109008
0.000107834
0.000106615
0.00010536
0.000104078
0.000102776
0.000101463
0.000100144
9.88013e-05
9.74607e-05
9.61372e-05
9.48342e-05
9.35524e-05
9.22751e-05
9.10248e-05
8.97964e-05
8.85901e-05
8.74012e-05
8.62308e-05
8.5089e-05
8.39838e-05
8.29193e-05
8.18938e-05
8.09048e-05
7.99503e-05
7.90282e-05
7.81367e-05
7.72741e-05
7.6439e-05
7.56235e-05
7.48253e-05
7.4044e-05
7.32869e-05
7.25482e-05
7.18343e-05
7.11384e-05
7.05383e-05
7.00149e-05
6.94812e-05
6.89474e-05
6.84113e-05
6.78697e-05
6.73308e-05
6.68034e-05
6.62883e-05
6.57861e-05
6.52969e-05
6.48145e-05
6.43445e-05
6.38887e-05
6.34415e-05
6.30032e-05
6.25748e-05
6.2156e-05
6.17495e-05
6.13596e-05
6.0986e-05
6.06275e-05
6.02832e-05
5.99521e-05
5.96334e-05

