5e-05
5e-05
5e-05
5e-05
5e-05
5e-05
5e-05
5e-05
5e-05
5.47859e-05
6.46122e-05
7.50713e-05
8.52211e-05
9.52212e-05
0.000105104
0.000113415
0.000120135
0.000125475
0.000129603
0.000132322
0.0001338
0.000134689
0.00013501
0.000135191
0.000140475
0.000145322
0.000148962
0.000151487
0.000152735
0.0001532
0.00015385
0.000153798
0.000153108
0.000151772
0.000150027
0.000147996
0.000145757
0.000143373
0.000140894
0.000138362
0.000135808
0.000133253
0.000130673
0.000128121
0.000125558
0.000123323
0.000121335
0.000119552
0.000120909
0.000122802
0.000123988
0.00012425
0.000123416
0.000121953
0.000120174
0.000118149
0.000115923
0.000113624
0.000111306
0.000108945
0.000106495
0.000104081
0.000101773
9.95746e-05
9.74809e-05
9.54787e-05
9.35809e-05
9.17683e-05
9.00356e-05
8.83805e-05
8.68166e-05
8.5344e-05
8.39546e-05
8.26317e-05
8.1375e-05
8.01792e-05
7.90461e-05
7.79634e-05
7.69147e-05
7.59019e-05
7.49312e-05
7.39984e-05
7.30972e-05
7.22335e-05
7.1406e-05
7.06204e-05
6.98704e-05
6.91522e-05
6.84617e-05
6.77979e-05
6.71569e-05
6.65364e-05
6.59416e-05
6.53719e-05
6.48259e-05
6.43153e-05
6.38991e-05
6.35001e-05
6.31088e-05
6.27245e-05
6.23469e-05
6.19733e-05
6.15987e-05
6.12295e-05
6.08691e-05
6.24357e-05
6.89935e-05
7.67826e-05
8.42798e-05
9.11323e-05
9.71608e-05
0.000102398
0.000106892
0.00011061
0.000113742
0.000116318
0.000118407
0.000119973
0.000121187
0.000122125
0.000122817
0.000123241
0.000123384
0.000123231
0.000122931
0.00012249
0.000121943
0.000121313
0.00012057
0.000119754
0.000118881
0.000117929
0.000116918
0.000115917
0.00011535
0.000115094
0.000114794
0.000114287
0.000113661
0.000113097
0.000112313
0.000111557
0.000110904
0.000110074
0.000109085
0.00010795
0.000106707
0.00010594
0.00010499
0.000103726
0.000102306
0.000100829
9.95417e-05
9.82525e-05
9.69152e-05
9.55317e-05
9.41022e-05
9.27035e-05
9.1307e-05
8.99168e-05
8.85613e-05
8.72506e-05
8.59894e-05
8.481e-05
8.37885e-05
8.27727e-05
8.17696e-05
8.07919e-05
7.98153e-05
7.88543e-05
7.79174e-05
7.7004e-05
7.6123e-05
7.5367e-05
7.46834e-05
7.39836e-05
7.32829e-05
7.25923e-05
7.18942e-05
7.12089e-05
7.05288e-05
6.98592e-05
6.92064e-05
6.85741e-05
6.79521e-05
6.73477e-05
6.67677e-05
6.62117e-05
6.56781e-05
6.51655e-05
6.46725e-05
6.41979e-05
6.3739e-05
6.32856e-05
6.28431e-05
6.24182e-05
6.20104e-05
6.16174e-05
6.12358e-05
6.08681e-05
6.05111e-05
6.01678e-05
5.98343e-05
5.9513e-05
5.91988e-05
5.88946e-05
5.85976e-05
5.83111e-05
5.80346e-05
5.77676e-05
5.75108e-05
5.72628e-05
5.70253e-05
5.67974e-05
5.65764e-05
5.63644e-05
5.61757e-05
5.601e-05
5.58436e-05
5.56783e-05
5.55115e-05
5.53441e-05
5.51751e-05
5.501e-05
5.48505e-05
5.46963e-05
5.45453e-05
5.43977e-05
5.42554e-05
5.41177e-05
5.39827e-05
5.3851e-05
5.37243e-05
5.36006e-05
5.34803e-05
5.33653e-05
5.32545e-05
5.31453e-05
5.30389e-05
5.29428e-05
5.28634e-05
5.27844e-05
5.27133e-05
5.26501e-05
5.25846e-05
5.2518e-05
5.24497e-05
5.2379e-05
5.23087e-05
5.22388e-05

