5e-05
5e-05
5e-05
5e-05
5e-05
5e-05
5e-05
5e-05
5e-05
5e-05
5e-05
5e-05
5e-05
5e-05
5e-05
5e-05
5e-05
5e-05
5e-05
5e-05
5e-05
5e-05
5e-05
5e-05
5e-05
5e-05
5e-05
5e-05
5e-05
5e-05
5e-05
5e-05
5e-05
5e-05
5e-05
5e-05
5e-05
5e-05
5e-05
5e-05
5e-05
5e-05
5e-05
5e-05
5e-05
5e-05
5e-05
5e-05
5e-05
5e-05
5e-05
5e-05
5e-05
5e-05
5e-05
5e-05
5e-05
5e-05
5e-05
5e-05
5e-05
5e-05
5e-05
5e-05
5e-05
5e-05
5e-05
5e-05
5e-05
5e-05
5e-05
5e-05
5e-05
5e-05
5e-05
5e-05
5e-05
5e-05
5e-05
5e-05
5e-05
5e-05
5e-05
5e-05
5e-05
5e-05
5e-05
5e-05
5e-05
5e-05
5e-05
5e-05
5e-05
5e-05
5e-05
5e-05
5e-05
5e-05
5e-05
5e-05
5e-05
5e-05
5e-05
5e-05
5e-05
5e-05
5e-05
5e-05
5e-05
5e-05
5e-05
5e-05
5e-05
5e-05
5e-05
5e-05
5e-05
5e-05
5e-05
5e-05
5e-05
5e-05
5e-05
5e-05
5e-05
5e-05
5e-05
5e-05
5e-05
5e-05
5e-05
5e-05
5e-05
5e-05
5e-05
5e-05
5e-05
5e-05
5e-05
5e-05
5e-05
5e-05
5e-05
5e-05
5e-05
5e-05
5e-05
5.18871e-05
5.93228e-05
6.90891e-05
7.87043e-05
8.70909e-05
9.41867e-05
0.000100227
0.000105313
0.000110191
0.000122785
0.000137452
0.000183191
0.000226835
0.000229702
0.000224205
0.00021697
0.000209379
0.000201866
0.000194608
0.000187673
0.000181084
0.000174841
0.000168933
0.000163348
0.000158074
0.000153089
0.000148372
0.000143911
0.000139692
0.000135697
0.000131914
0.000128326
0.000124924
0.0001217
0.000118641
0.000115738
0.00011298
0.000110361
0.000107876
0.00010551
0.000103258
0.000101114
9.90774e-05
9.71383e-05
9.52887e-05
9.35267e-05
9.18445e-05
9.02397e-05
8.92265e-05
8.91089e-05
8.85992e-05
8.77758e-05
8.67466e-05
8.55889e-05
8.43689e-05
8.31293e-05
8.1897e-05
8.06901e-05
7.95189e-05
7.83899e-05
7.73049e-05
7.62637e-05
7.52662e-05
7.43116e-05
7.33987e-05
7.25257e-05
7.16907e-05
7.08933e-05
7.013e-05
6.93989e-05
6.86984e-05
6.80272e-05
6.78799e-05
6.78771e-05
6.76843e-05
6.73355e-05
6.68903e-05
6.63871e-05
6.58526e-05
6.53057e-05
6.47582e-05
6.42188e-05
6.36931e-05
6.31838e-05
6.26928e-05
6.22587e-05
6.1927e-05
6.15826e-05
6.12251e-05
6.08608e-05
6.04953e-05
6.01334e-05
5.97782e-05
5.94321e-05
5.91136e-05
5.88344e-05
5.8554e-05
5.82738e-05
5.79963e-05
5.77235e-05
5.7457e-05
5.71976e-05
5.69463e-05

