5e-05
5e-05
5e-05
5e-05
5e-05
5e-05
5e-05
5e-05
5e-05
5e-05
5e-05
5e-05
5e-05
5e-05
5e-05
5e-05
5e-05
5e-05
5e-05
5e-05
5e-05
5e-05
5e-05
5e-05
5e-05
5e-05
5e-05
5e-05
5e-05
5e-05
5e-05
5e-05
5e-05
5e-05
5e-05
5e-05
5e-05
5e-05
5e-05
5e-05
5e-05
5e-05
5e-05
5e-05
5e-05
5e-05
5e-05
5e-05
5e-05
5e-05
5e-05
5e-05
5e-05
5e-05
5e-05
5e-05
5e-05
5e-05
5e-05
5e-05
5e-05
5e-05
5e-05
5e-05
5e-05
5e-05
5e-05
5e-05
5e-05
5e-05
5e-05
5e-05
5e-05
5e-05
5e-05
5e-05
5e-05
5e-05
5e-05
5e-05
5e-05
5e-05
5e-05
5e-05
5e-05
5e-05
5e-05
5e-05
5e-05
5e-05
5e-05
5e-05
5e-05
5e-05
5e-05
5e-05
5e-05
5e-05
5e-05
5e-05
5e-05
5e-05
5e-05
5e-05
5e-05
5e-05
5e-05
5e-05
5e-05
5e-05
5e-05
5e-05
5e-05
5e-05
5e-05
5e-05
5e-05
5e-05
5e-05
5e-05
5e-05
5e-05
5e-05
5e-05
5e-05
5e-05
5e-05
5e-05
5e-05
5e-05
5e-05
5e-05
5e-05
5e-05
5e-05
5e-05
5e-05
5e-05
5e-05
5e-05
5e-05
5e-05
5e-05
5e-05
5.01763e-05
5.53318e-05
6.40237e-05
7.31549e-05
8.13823e-05
8.8537e-05
9.45785e-05
9.9726e-05
0.000103926
0.000107343
0.00011021
0.000112552
0.000114384
0.000115858
0.000117006
0.000117865
0.000118469
0.000118874
0.000119125
0.000119204
0.000119045
0.000118872
0.000119073
0.000119064
0.000118837
0.000118442
0.000117914
0.000117228
0.000116361
0.000115383
0.000114322
0.000113195
0.00011202
0.000110755
0.000109461
0.000108176
0.000106855
0.000105493
0.000104118
0.000102777
0.000101451
0.000100265
9.93429e-05
9.84025e-05
9.74323e-05
9.64254e-05
9.53711e-05
9.42525e-05
9.31175e-05
9.19946e-05
9.08696e-05
8.97622e-05
8.86721e-05
8.7594e-05
8.65414e-05
8.55148e-05
8.45025e-05
8.3511e-05
8.2533e-05
8.15758e-05
8.06112e-05
7.96585e-05
7.87289e-05
7.78272e-05
7.69554e-05
7.61168e-05
7.53128e-05
7.4541e-05
7.37987e-05
7.30836e-05
7.23938e-05
7.25639e-05
7.30104e-05
7.3218e-05
7.32381e-05
7.31203e-05
7.28817e-05
7.2529e-05
7.20554e-05
7.14861e-05
7.08633e-05
7.02199e-05
6.95676e-05
6.89058e-05
6.82449e-05
6.75967e-05
6.69645e-05
6.63503e-05
6.57553e-05
6.51765e-05
6.46144e-05
6.40739e-05
6.35552e-05
6.30574e-05
6.258e-05
6.21172e-05
6.16722e-05
6.12421e-05
6.08306e-05
6.04374e-05
6.00615e-05
5.97019e-05
5.93576e-05
5.90278e-05
5.87115e-05
5.84046e-05

