5e-05
5e-05
5e-05
5e-05
5e-05
5e-05
5e-05
5e-05
5e-05
5e-05
5e-05
5e-05
5e-05
5e-05
5e-05
5e-05
5e-05
5e-05
5e-05
5e-05
5e-05
5e-05
5e-05
5e-05
5e-05
5e-05
5e-05
5e-05
5e-05
5e-05
5e-05
5e-05
5e-05
5e-05
5e-05
5e-05
5e-05
5e-05
5e-05
5e-05
5e-05
5e-05
5e-05
5e-05
5e-05
5e-05
5e-05
5e-05
5e-05
5e-05
5e-05
5e-05
5e-05
5e-05
5e-05
5e-05
5e-05
5e-05
5e-05
5e-05
5e-05
5e-05
5e-05
5e-05
5e-05
5e-05
5e-05
5e-05
5e-05
5e-05
5e-05
5e-05
5e-05
5e-05
5e-05
5e-05
5e-05
5e-05
5e-05
5e-05
5e-05
5e-05
5e-05
5e-05
5e-05
5e-05
5e-05
5e-05
5e-05
5e-05
5e-05
5e-05
5e-05
5e-05
5e-05
5e-05
5e-05
5e-05
5e-05
5e-05
5e-05
5e-05
5e-05
5e-05
5e-05
5e-05
5e-05
5e-05
5e-05
5e-05
5e-05
5e-05
5e-05
5e-05
5e-05
5e-05
5e-05
5e-05
5e-05
5e-05
5e-05
5e-05
5e-05
5e-05
5e-05
5e-05
5e-05
5e-05
5e-05
5e-05
5e-05
5e-05
5e-05
5e-05
5e-05
5e-05
5e-05
5e-05
5e-05
5e-05
5e-05
5e-05
5e-05
5e-05
5e-05
5e-05
5e-05
5e-05
5e-05
5e-05
5e-05
5e-05
5e-05
7.5313e-05
0.000103305
0.000133429
0.00016679
0.000203046
0.000253064
0.000249302
0.000246547
0.000244462
0.000242665
0.000240989
0.000239324
0.000237586
0.000235712
0.000233657
0.000231391
0.000228897
0.000226171
0.000223216
0.000220043
0.000216668
0.000213113
0.0002094
0.000205553
0.000201598
0.000197559
0.00019346
0.000189324
0.00018517
0.000181019
0.000176887
0.000172789
0.00016874
0.00016475
0.000160829
0.000156986
0.000153227
0.000149559
0.000145984
0.000142507
0.00013913
0.000136287
0.000133846
0.000131409
0.000128932
0.00012643
0.000123924
0.000121432
0.000118968
0.000116544
0.000114168
0.000111848
0.000109587
0.00010739
0.000105258
0.000103194
0.000101198
9.92697e-05
9.7409e-05
9.56151e-05
9.38867e-05
9.22225e-05
9.0621e-05
8.90805e-05
8.75992e-05
8.61752e-05
8.48068e-05
8.34919e-05
8.22288e-05
8.10155e-05
7.98501e-05
7.8731e-05
7.76562e-05
7.66241e-05
7.56329e-05
7.46811e-05
7.37669e-05
7.2889e-05
7.20821e-05
7.14564e-05
7.0861e-05
7.02565e-05
6.96435e-05
6.90331e-05
6.85625e-05
6.81286e-05
6.76718e-05
6.71915e-05
6.66952e-05
8.65708e-05
0.00010109
0.00011353
0.000124448
0.000133759
0.00014126
0.000147223
0.000151887

