5e-05
5e-05
5e-05
5e-05
5e-05
5e-05
5e-05
5e-05
5e-05
5e-05
5e-05
5e-05
5e-05
5e-05
5e-05
5e-05
5e-05
5e-05
5e-05
5e-05
5e-05
5e-05
5e-05
5e-05
5e-05
5e-05
5e-05
5e-05
5e-05
5e-05
5e-05
5e-05
5e-05
5e-05
5e-05
5e-05
5e-05
5e-05
5e-05
5e-05
5e-05
5e-05
5e-05
5e-05
5e-05
5e-05
5e-05
5e-05
5e-05
5e-05
5e-05
5e-05
5e-05
5e-05
5e-05
5e-05
5e-05
5e-05
5e-05
5e-05
5e-05
5e-05
5e-05
5e-05
5e-05
5e-05
5e-05
5e-05
5e-05
5e-05
5e-05
5e-05
5e-05
5e-05
5e-05
5e-05
5e-05
5e-05
5e-05
5e-05
5e-05
5e-05
5e-05
5e-05
5e-05
5e-05
5e-05
5e-05
5e-05
5e-05
5e-05
5e-05
5e-05
5e-05
5e-05
5e-05
5e-05
5e-05
5e-05
5e-05
5e-05
5e-05
5e-05
5e-05
5e-05
5e-05
5e-05
5e-05
5e-05
5e-05
5e-05
5e-05
5e-05
5e-05
5e-05
5e-05
5e-05
5e-05
5e-05
5e-05
5e-05
5e-05
5e-05
5e-05
5e-05
5e-05
5e-05
5e-05
5e-05
5e-05
5e-05
5e-05
5e-05
5e-05
5e-05
5e-05
5.41922e-05
6.38218e-05
7.40063e-05
8.34539e-05
9.19777e-05
9.93326e-05
0.000105633
0.000110993
0.000115497
0.000123493
0.00013626
0.00014709
0.000156808
0.000164891
0.000171577
0.000186606
0.000235692
0.000244987
0.000240614
0.000232861
0.000224274
0.000215673
0.000207381
0.000199495
0.000192064
0.000185073
0.000178519
0.000172382
0.000166603
0.000161167
0.000156083
0.000151312
0.000146828
0.000142621
0.000138675
0.000134967
0.000131472
0.000128156
0.000125022
0.00012206
0.000119255
0.000116594
0.000115418
0.000115824
0.000115884
0.000115351
0.000114397
0.000113172
0.000111724
0.0001101
0.000108347
0.000106503
0.000104565
0.000102604
0.00010063
9.86928e-05
9.68073e-05
9.49699e-05
9.31613e-05
9.14102e-05
8.97361e-05
8.81259e-05
8.6728e-05
8.54143e-05
8.41162e-05
8.28481e-05
8.16114e-05
8.04095e-05
7.92555e-05
7.81503e-05
7.70809e-05
7.60467e-05
7.50502e-05
7.40976e-05
7.31858e-05
7.23107e-05
7.14765e-05
7.06812e-05
6.99166e-05
6.91766e-05
6.84707e-05
6.77882e-05
6.71332e-05
6.65092e-05
6.59138e-05
6.5534e-05
6.56452e-05
6.56608e-05
6.55799e-05
6.54183e-05
6.51867e-05
6.48857e-05
6.45213e-05
6.41084e-05
6.36741e-05
6.32295e-05
6.27813e-05
6.23346e-05
6.18934e-05
6.14606e-05
6.10383e-05
6.06246e-05
6.02166e-05
5.98186e-05
5.94342e-05
5.90616e-05
5.87059e-05
5.83643e-05
5.80389e-05
5.77294e-05
5.74349e-05
5.71489e-05
5.68741e-05
5.6613e-05

