5e-05
5e-05
5e-05
5e-05
5e-05
5e-05
5e-05
5e-05
5e-05
5e-05
5e-05
5e-05
5e-05
5e-05
5e-05
5e-05
5e-05
5e-05
5e-05
5e-05
5e-05
5e-05
5e-05
5e-05
5e-05
5e-05
5e-05
5e-05
5e-05
5e-05
5e-05
5e-05
5e-05
5e-05
5e-05
5e-05
5e-05
5e-05
5e-05
5e-05
5e-05
5e-05
5e-05
5e-05
5e-05
5e-05
5e-05
5e-05
5e-05
5e-05
5e-05
5e-05
5e-05
5e-05
5e-05
5e-05
5e-05
5e-05
5e-05
5e-05
5e-05
5e-05
5e-05
5e-05
5e-05
5e-05
5e-05
5e-05
5e-05
5e-05
5e-05
5e-05
5e-05
5e-05
5e-05
5e-05
5e-05
5e-05
5e-05
5e-05
5e-05
5e-05
5e-05
5e-05
5e-05
5e-05
5e-05
5e-05
5e-05
5e-05
5e-05
5e-05
5e-05
5e-05
5e-05
5e-05
5e-05
5e-05
5e-05
5e-05
5e-05
5e-05
5e-05
5e-05
5e-05
5e-05
5e-05
5e-05
5e-05
5e-05
5e-05
5e-05
5e-05
5.00516e-05
5.36923e-05
6.08227e-05
7.3813e-05
8.52484e-05
9.39898e-05
0.000101025
0.000106643
0.000111068
0.000114131
0.00011617
0.000117447
0.000118144
0.00011842
0.00011838
0.0001181
0.00011763
0.000117012
0.000116272
0.000115435
0.000115033
0.000115403
0.00011608
0.000116172
0.000115918
0.000115635
0.000115375
0.000114758
0.000113767
0.000112536
0.000111145
0.000109845
0.000109038
0.000108326
0.000107449
0.000106296
0.000104934
0.000103471
0.000101947
0.000100398
9.88512e-05
9.73219e-05
9.58195e-05
9.4353e-05
9.2926e-05
9.15404e-05
9.01975e-05
8.88973e-05
8.76393e-05
8.64225e-05
8.52459e-05
8.41087e-05
8.30093e-05
8.19469e-05
8.09205e-05
7.99285e-05
7.89696e-05
7.8043e-05
7.71472e-05
7.62813e-05
7.5444e-05
7.46346e-05
7.3866e-05
7.32411e-05
7.26202e-05
7.19905e-05
7.13557e-05
7.07186e-05
7.0087e-05
6.94657e-05
6.88565e-05
6.82613e-05
6.76819e-05
6.71184e-05
6.6572e-05
6.60427e-05
6.55301e-05
6.50342e-05
6.45543e-05
6.409e-05
6.36403e-05
6.32051e-05
6.27841e-05
6.23772e-05
6.19891e-05
6.16763e-05
6.13684e-05
6.10558e-05
6.0739e-05
6.04224e-05
6.01072e-05
5.97966e-05
5.9492e-05
5.91943e-05
5.89035e-05
5.86207e-05
5.83463e-05
5.80803e-05
5.78227e-05
5.75733e-05
5.73313e-05
5.70967e-05
5.68696e-05
5.66502e-05
5.64384e-05
5.62334e-05
5.6035e-05
5.58431e-05
5.5657e-05
5.54773e-05
5.53035e-05
5.51353e-05
5.49726e-05
5.48156e-05
5.46637e-05
5.45168e-05
5.43746e-05
5.42372e-05
5.41043e-05
5.39758e-05
5.38517e-05
5.37318e-05
5.36157e-05
5.35033e-05
5.33943e-05
5.32889e-05
5.31868e-05
5.30879e-05
5.29917e-05
5.2898e-05
5.28072e-05
5.27193e-05
5.26344e-05
5.25522e-05
5.24729e-05
5.23962e-05
5.23221e-05

