5e-05
5e-05
5e-05
5e-05
5e-05
5e-05
5e-05
5e-05
5e-05
5e-05
5e-05
5e-05
5e-05
5e-05
5e-05
5e-05
5e-05
5e-05
5e-05
5.37e-05
6.16054e-05
7.00392e-05
7.76827e-05
8.42866e-05
9.00217e-05
9.50671e-05
9.9508e-05
0.000103401
0.000106707
0.000109412
0.000111615
0.000113415
0.000114881
0.000115999
0.000116869
0.000117527
0.000118008
0.000118324
0.000118456
0.000118384
0.000118145
0.000117762
0.000117266
0.000117031
0.000116905
0.000116619
0.000116181
0.000115536
0.000114738
0.000114289
0.000113625
0.000112713
0.000111564
0.000110292
0.000108991
0.000107657
0.000106313
0.000104978
0.000103644
0.000102311
0.000100938
9.95816e-05
0.00010004
0.000101299
0.000102027
0.000102123
0.000101763
0.000101044
0.000100077
9.89372e-05
9.76746e-05
9.62947e-05
9.48854e-05
9.3422e-05
9.191e-05
9.0411e-05
8.89594e-05
8.75534e-05
8.62054e-05
8.49173e-05
8.36865e-05
8.25074e-05
8.13669e-05
8.0275e-05
7.92305e-05
7.82296e-05
7.72589e-05
7.63066e-05
7.53817e-05
7.45976e-05
7.38822e-05
7.31535e-05
7.24236e-05
7.16898e-05
7.09654e-05
7.02668e-05
6.95945e-05
6.89474e-05
6.83242e-05
6.77235e-05
6.71395e-05
6.65684e-05
6.60063e-05
6.54591e-05
6.49347e-05
6.44325e-05
6.39631e-05
6.35691e-05
6.3178e-05
6.27829e-05
6.23932e-05
6.20122e-05
6.16361e-05
6.13206e-05
6.10192e-05
6.07069e-05
6.03951e-05
6.00849e-05
5.97732e-05
5.94666e-05
5.91666e-05
5.88634e-05
5.8594e-05
5.83538e-05
5.81491e-05
5.79281e-05
5.76951e-05
5.74575e-05
5.72226e-05
5.69925e-05
5.67677e-05
5.65484e-05
5.63348e-05
5.61251e-05
5.59197e-05
5.57185e-05
5.5522e-05
5.53964e-05
5.54718e-05
5.55535e-05
5.55997e-05
5.55984e-05
5.55661e-05
5.55419e-05
5.54814e-05
5.53789e-05
5.52369e-05
5.50687e-05
5.48823e-05
5.46908e-05
5.4497e-05
5.43053e-05
5.41204e-05
5.40305e-05
5.40011e-05
5.39431e-05
5.38563e-05
5.37456e-05
5.36194e-05
5.34931e-05
5.3372e-05
5.3249e-05
5.31256e-05
5.30789e-05
5.30759e-05
5.30381e-05
5.2981e-05
5.29087e-05
5.28205e-05
5.27247e-05
5.26227e-05
5.25182e-05
5.24137e-05
5.23115e-05
5.22109e-05
5.21141e-05
5.20216e-05
5.19335e-05
5.18521e-05
5.18303e-05
5.18065e-05
5.17675e-05
5.17205e-05
5.16682e-05
5.16134e-05
5.15563e-05
5.14971e-05
5.14384e-05
5.13808e-05
5.13237e-05
5.12682e-05
5.12149e-05
5.11633e-05
5.11136e-05
5.10651e-05
5.10187e-05
5.09747e-05
5.09332e-05
5.08934e-05
5.08556e-05
5.082e-05
5.07883e-05
5.07841e-05
5.07801e-05
5.07719e-05
5.0758e-05
5.0739e-05
5.07169e-05
5.06933e-05
5.06688e-05
5.06441e-05
5.06197e-05
5.05958e-05
5.05726e-05
5.05497e-05
5.05272e-05
5.05053e-05
5.04843e-05
5.04643e-05
5.04452e-05
5.04271e-05
5.04099e-05
5.03935e-05
5.03778e-05
5.03627e-05
5.03484e-05
5.03348e-05
5.03219e-05
5.03096e-05
5.02978e-05
5.02866e-05
5.0276e-05
5.02658e-05
5.0256e-05
5.02466e-05
5.02378e-05
5.02295e-05
5.02224e-05
5.02155e-05
5.02085e-05
5.02016e-05
5.01947e-05
5.01881e-05
5.01817e-05
5.01755e-05
5.01696e-05
5.01638e-05
5.0158e-05
5.01524e-05
5.0147e-05

