5e-05
5e-05
5e-05
5e-05
5e-05
5e-05
5e-05
5e-05
5e-05
5e-05
5e-05
5e-05
5e-05
5e-05
5e-05
5e-05
5e-05
5e-05
5e-05
5e-05
5e-05
5e-05
5e-05
5e-05
5e-05
5e-05
5e-05
5e-05
5e-05
5e-05
5e-05
5e-05
5e-05
5e-05
5e-05
5e-05
5e-05
5e-05
5e-05
5e-05
5e-05
5e-05
5e-05
5e-05
5e-05
5e-05
5e-05
5e-05
5e-05
5e-05
5e-05
5e-05
5e-05
5e-05
5e-05
5e-05
5e-05
5e-05
5e-05
5e-05
5e-05
5e-05
5e-05
5e-05
5e-05
5e-05
5e-05
5e-05
5e-05
5e-05
5e-05
5e-05
5e-05
5e-05
5e-05
5e-05
5e-05
5e-05
5e-05
5e-05
5e-05
5e-05
5e-05
5e-05
5e-05
5e-05
5e-05
5e-05
5e-05
5e-05
5e-05
5e-05
5e-05
5e-05
5e-05
5e-05
5e-05
5e-05
5e-05
5e-05
5e-05
5e-05
5e-05
5e-05
5e-05
5e-05
5e-05
5e-05
5e-05
5e-05
5e-05
5e-05
5e-05
5e-05
5e-05
5e-05
5e-05
5e-05
5e-05
5e-05
5.0062e-05
5.49954e-05
6.33876e-05
7.2027e-05
8.02308e-05
8.77027e-05
9.42415e-05
9.99351e-05
0.000104832
0.000109518
0.000114079
0.000117916
0.000121079
0.000123551
0.000125445
0.000126883
0.000127923
0.000128586
0.000128826
0.000128726
0.000128401
0.000127913
0.000127189
0.000126605
0.00012632
0.00012608
0.000126034
0.000125712
0.000125122
0.000124222
0.0001231
0.000121828
0.000120353
0.000118799
0.000118639
0.000120953
0.000122869
0.000124059
0.00012448
0.00012442
0.000123816
0.000122826
0.000121528
0.00011998
0.000118213
0.000116374
0.000114651
0.000112781
0.000110855
0.000108905
0.000106939
0.000104941
0.000103569
0.000104024
0.000108146
0.000121818
0.000123735
0.000121341
0.000117965
0.000114436
0.000110982
0.000107678
0.000104551
0.00010161
9.8849e-05
9.6265e-05
9.38465e-05
9.15872e-05
8.94749e-05
8.7499e-05
8.56484e-05
8.39191e-05
8.2297e-05
8.07788e-05
7.9357e-05
7.80236e-05
7.67713e-05
7.55934e-05
7.4477e-05
7.34201e-05
7.26997e-05
7.25466e-05
7.22944e-05
7.1938e-05
7.14697e-05
7.09081e-05
7.02736e-05
6.95905e-05
6.88945e-05
6.81855e-05
6.74847e-05
6.67987e-05
6.61314e-05
6.54835e-05
6.48517e-05
6.42559e-05
6.3734e-05
6.32295e-05
6.27389e-05
6.22613e-05
6.17928e-05
6.13402e-05
6.09043e-05
6.04848e-05
6.00775e-05
5.96853e-05
5.93097e-05
5.89502e-05
5.86061e-05
5.82769e-05
5.79618e-05
5.76583e-05
5.73657e-05
5.70835e-05
5.68142e-05
5.65571e-05
5.63117e-05
5.60772e-05
5.5851e-05
5.56341e-05
5.54261e-05
5.52257e-05
5.50343e-05
5.48515e-05
5.46768e-05
5.45097e-05
5.43496e-05
5.41962e-05
5.40492e-05
5.3908e-05

