5e-05
5e-05
5e-05
5e-05
5e-05
5e-05
5e-05
5e-05
5e-05
5e-05
5e-05
5e-05
5e-05
5e-05
5e-05
5e-05
5e-05
5e-05
5e-05
5e-05
5e-05
5e-05
5e-05
5e-05
5e-05
5e-05
5e-05
5e-05
5e-05
5e-05
5e-05
5e-05
5e-05
5e-05
5e-05
5e-05
5e-05
5e-05
5e-05
5e-05
5e-05
5e-05
5e-05
5e-05
5e-05
5e-05
5e-05
5e-05
5e-05
5e-05
5e-05
5e-05
5e-05
5e-05
5e-05
5e-05
5e-05
5e-05
5e-05
5e-05
5e-05
5e-05
5e-05
5e-05
5e-05
5e-05
5e-05
5e-05
5e-05
5e-05
5e-05
5e-05
5e-05
5e-05
5e-05
5e-05
5e-05
5e-05
5e-05
5e-05
5e-05
5e-05
5e-05
5e-05
5e-05
5e-05
5e-05
5e-05
5e-05
5e-05
5e-05
5e-05
5e-05
5e-05
5e-05
5e-05
5e-05
5e-05
5e-05
5e-05
5e-05
5e-05
5e-05
5e-05
5e-05
5e-05
5e-05
5e-05
5e-05
5e-05
5e-05
5e-05
5e-05
5e-05
5e-05
5e-05
5e-05
5e-05
5e-05
5e-05
5e-05
5e-05
5e-05
5e-05
5e-05
5e-05
5e-05
5e-05
5e-05
5e-05
5e-05
5e-05
5e-05
5e-05
5e-05
5e-05
5e-05
5e-05
5e-05
5e-05
5e-05
5e-05
5e-05
5e-05
5e-05
6.86181e-05
9.82063e-05
0.000129659
0.000160431
0.000188911
0.000213502
0.000234116
0.000250961
0.000264309
0.000274485
0.000281839
0.000286726
0.000289488
0.000290903
0.000295146
0.000299312
0.000302183
0.000303665
0.00030385
0.000302853
0.000300796
0.000297808
0.000294012
0.000289506
0.000284376
0.000278713
0.000272609
0.000266154
0.000259433
0.000252525
0.000245501
0.000238424
0.00023135
0.000224325
0.000217388
0.000210574
0.000203909
0.000197413
0.000191104
0.000184993
0.000179123
0.000178512
0.000187239
0.000180754
0.000175861
0.000171989
0.000168519
0.000165136
0.000161703
0.000158183
0.000154582
0.000150927
0.00014725
0.000143582
0.000139951
0.00013638
0.000132886
0.000129483
0.000126181
0.000122983
0.000119891
0.000116904
0.000114023
0.000111248
0.000108578
0.000106012
0.000103548
0.000101185
9.89199e-05
9.67512e-05
9.46761e-05
9.26918e-05
9.07953e-05
8.89838e-05
8.72542e-05
8.56034e-05
8.40284e-05
8.25262e-05
8.10936e-05
7.97279e-05
7.8426e-05
7.71851e-05
7.60024e-05
7.48754e-05
7.38013e-05
7.27778e-05
7.18023e-05
7.08727e-05
6.99866e-05
6.9142e-05
6.83369e-05
6.75875e-05
6.69788e-05
6.64086e-05
6.58443e-05
6.52846e-05
6.47326e-05
6.4191e-05
6.36622e-05
6.31475e-05
6.26482e-05
6.21649e-05
6.16979e-05
6.12476e-05
6.08137e-05

