5e-05
5e-05
5e-05
5e-05
5e-05
5e-05
5e-05
5e-05
5e-05
5e-05
5e-05
5e-05
5e-05
5e-05
5e-05
5e-05
5e-05
5e-05
5e-05
5e-05
5e-05
5e-05
5e-05
5e-05
5e-05
5e-05
5e-05
5e-05
5e-05
5e-05
5e-05
5e-05
5e-05
5e-05
5e-05
5e-05
5e-05
5e-05
5e-05
5e-05
5e-05
5e-05
5e-05
5e-05
5e-05
5e-05
5e-05
5e-05
5e-05
5e-05
5e-05
5e-05
5e-05
5e-05
5e-05
5e-05
5e-05
5e-05
5e-05
5e-05
5e-05
5e-05
5e-05
5e-05
5e-05
5e-05
5e-05
5e-05
5e-05
5e-05
5e-05
5e-05
5e-05
5e-05
5e-05
5e-05
5e-05
5.05685e-05
5.74797e-05
6.72138e-05
7.70357e-05
8.60751e-05
9.39456e-05
0.000100489
0.000106025
0.000110585
0.000114267
0.000117353
0.000119922
0.000121955
0.000123583
0.000124864
0.000125834
0.000126434
0.000126672
0.000126709
0.000126581
0.000126304
0.000125893
0.000125361
0.000124719
0.000123979
0.000123102
0.000122087
0.000121016
0.000119902
0.000118737
0.000117508
0.000116257
0.000114992
0.000113717
0.000112432
0.000111142
0.000109848
0.000108529
0.000107202
0.000106216
0.000105241
0.000104213
0.000103128
0.000101973
0.000100793
9.95987e-05
9.83962e-05
9.73272e-05
9.63611e-05
9.53533e-05
9.43145e-05
9.32322e-05
9.20872e-05
9.09427e-05
8.98079e-05
8.86785e-05
8.76011e-05
8.67256e-05
8.58334e-05
8.49078e-05
8.3976e-05
8.30394e-05
8.2066e-05
8.10847e-05
8.01229e-05
7.91728e-05
7.82461e-05
7.73533e-05
7.66245e-05
7.60032e-05
7.54555e-05
7.48721e-05
7.4252e-05
7.36017e-05
7.29376e-05
7.2261e-05
7.15704e-05
7.0891e-05
7.0225e-05
6.95654e-05
6.89133e-05
6.827e-05
6.76353e-05
6.70197e-05
6.64251e-05
6.58552e-05
6.5304e-05
6.47765e-05
6.42669e-05
6.37765e-05
6.33033e-05
6.28454e-05
6.24072e-05
6.19883e-05
6.15828e-05
6.11912e-05
6.08088e-05
6.04414e-05
6.00863e-05
5.97435e-05
5.94159e-05
5.9103e-05
5.88032e-05
5.85124e-05
5.82333e-05
5.79658e-05
5.7709e-05
5.74623e-05
5.72248e-05
5.69958e-05
5.67717e-05
5.65534e-05
5.63394e-05
5.61298e-05
5.59288e-05
5.57361e-05
5.55512e-05
5.53736e-05
5.52028e-05
5.50383e-05
5.48798e-05
5.47268e-05
5.45791e-05
5.44364e-05
5.42983e-05
5.41648e-05
5.40355e-05
5.39101e-05
5.37869e-05
5.36656e-05
5.35464e-05
5.34318e-05
5.33215e-05
5.32154e-05
5.31132e-05
5.30147e-05
5.29196e-05
5.28279e-05
5.27392e-05
5.26522e-05
5.2568e-05
5.24862e-05
5.24066e-05
5.23291e-05
5.2254e-05
5.21817e-05
5.21121e-05
5.20442e-05
5.19787e-05
5.19157e-05
5.18642e-05
5.18156e-05
5.1766e-05
5.17161e-05
5.16663e-05
5.16166e-05
5.15673e-05
5.15188e-05
5.14716e-05
5.14258e-05
5.13813e-05
5.1338e-05
5.12961e-05
5.1254e-05
5.12127e-05
5.11729e-05
5.11346e-05
5.10978e-05
5.10621e-05
5.10271e-05
5.09932e-05
5.096e-05
5.0928e-05

