5e-05
5e-05
5e-05
5e-05
5e-05
5e-05
5e-05
5e-05
5e-05
5e-05
5e-05
5e-05
5e-05
5e-05
5e-05
5e-05
5e-05
5e-05
5e-05
5e-05
5e-05
5e-05
5e-05
5e-05
5e-05
5e-05
5e-05
5e-05
5e-05
5e-05
5e-05
5e-05
5e-05
5e-05
5e-05
5e-05
5e-05
5e-05
5e-05
5e-05
5e-05
5e-05
5e-05
5e-05
5e-05
5e-05
5e-05
5e-05
5e-05
5e-05
5e-05
5e-05
5e-05
5e-05
5e-05
5e-05
5e-05
5e-05
5e-05
5e-05
5e-05
5e-05
5e-05
5e-05
5e-05
5e-05
5e-05
5e-05
5e-05
5e-05
5e-05
5e-05
5e-05
5e-05
5e-05
5e-05
5e-05
5e-05
5e-05
5e-05
5e-05
5e-05
5e-05
5e-05
5e-05
5e-05
5e-05
5e-05
5e-05
5e-05
5e-05
5e-05
5e-05
5e-05
5e-05
5e-05
5.42661e-05
6.30671e-05
7.26144e-05
8.17373e-05
8.98654e-05
9.67799e-05
0.000102669
0.000107548
0.000111752
0.000116198
0.000119824
0.000122605
0.000124785
0.000126449
0.000127662
0.000128481
0.000128957
0.000129137
0.000128995
0.000128565
0.000127956
0.000127164
0.000126262
0.000125247
0.000124131
0.000122959
0.000121742
0.000120487
0.000119172
0.000117825
0.000116466
0.00011511
0.000116843
0.000119239
0.000121032
0.000122534
0.000123389
0.000123568
0.000123042
0.000121941
0.000120513
0.000119224
0.000117677
0.000115925
0.000114043
0.000112081
0.000110077
0.000108062
0.000106102
0.000104362
0.00010282
0.000101275
9.96255e-05
9.79645e-05
9.63097e-05
9.47096e-05
9.33196e-05
9.19119e-05
9.04669e-05
8.9069e-05
8.78345e-05
8.66096e-05
8.54611e-05
8.57119e-05
9.51727e-05
9.99641e-05
9.93904e-05
9.72967e-05
9.48883e-05
9.24666e-05
9.01166e-05
8.78708e-05
8.57434e-05
8.3738e-05
8.18527e-05
8.0256e-05
7.91822e-05
7.8028e-05
7.68006e-05
7.55388e-05
7.42787e-05
7.30463e-05
7.18571e-05
7.07208e-05
6.96411e-05
6.86192e-05
6.76543e-05
6.6745e-05
6.58889e-05
6.50834e-05
6.43258e-05
6.3614e-05
6.29442e-05
6.23137e-05
6.17204e-05
6.11625e-05
6.06365e-05
6.01403e-05
5.96721e-05
5.92306e-05
5.88135e-05
5.84197e-05
5.80477e-05
5.76953e-05
5.73617e-05
5.70457e-05
5.67463e-05
5.64623e-05
5.61929e-05
5.59372e-05
5.56942e-05
5.54635e-05
5.52438e-05
5.50346e-05
5.48352e-05
5.46452e-05
5.44643e-05
5.4292e-05
5.41275e-05
5.39705e-05
5.38228e-05
5.3697e-05
5.35737e-05
5.34515e-05
5.33313e-05
5.32138e-05
5.30996e-05
5.29891e-05
5.28828e-05
5.27804e-05
5.26817e-05
5.25868e-05
5.24955e-05
5.24077e-05
5.2328e-05
5.22581e-05
5.21881e-05
5.21182e-05
5.20548e-05
5.19966e-05
5.1937e-05
5.18816e-05
5.18307e-05
5.17773e-05
5.17227e-05
5.16676e-05
5.16129e-05
5.15658e-05
5.15749e-05
5.15729e-05
5.15545e-05
5.1524e-05
5.14855e-05
5.1442e-05

