5e-05
5e-05
5e-05
5e-05
5e-05
5e-05
5e-05
5e-05
5.32497e-05
6.30773e-05
7.54473e-05
8.77687e-05
9.88949e-05
0.000108673
0.000116619
0.000123081
0.000128265
0.000132348
0.000135759
0.000139156
0.000141564
0.000143215
0.000144234
0.000145301
0.00015256
0.000162323
0.000212919
0.00023056
0.000229332
0.000222761
0.000214966
0.000207092
0.000199432
0.000192107
0.000185166
0.000178622
0.000172471
0.000166698
0.000161285
0.000156207
0.000151444
0.000147257
0.000143455
0.000139826
0.000136356
0.000133106
0.000130298
0.000127521
0.000124762
0.000122077
0.000119437
0.000116882
0.000114565
0.000114653
0.000114937
0.000114837
0.000114248
0.000113285
0.000111982
0.000110458
0.000108761
0.000106939
0.000105037
0.000103323
0.000101619
9.99203e-05
9.84008e-05
9.68283e-05
9.51993e-05
9.35651e-05
9.19425e-05
9.03441e-05
8.87795e-05
8.7256e-05
8.57778e-05
8.43946e-05
8.31642e-05
8.19632e-05
8.07884e-05
7.96422e-05
7.85269e-05
7.74447e-05
7.63968e-05
7.53843e-05
7.44078e-05
7.34674e-05
7.25628e-05
7.16936e-05
7.08592e-05
7.00586e-05
6.92909e-05
6.8555e-05
6.78489e-05
6.716e-05
6.64984e-05
6.58668e-05
6.53225e-05
6.48247e-05
6.4338e-05
6.38616e-05
6.33957e-05
6.29695e-05
6.3062e-05
6.31832e-05
6.32282e-05
6.31801e-05
6.30521e-05
6.28655e-05
6.26231e-05
6.23301e-05
6.19956e-05
6.16432e-05
6.13183e-05
6.09732e-05
6.06114e-05
6.02402e-05
5.98653e-05
5.94916e-05
5.91228e-05
5.87617e-05
5.84102e-05
5.80662e-05
5.77337e-05
5.74146e-05
5.7109e-05
5.68169e-05
5.65378e-05
5.62715e-05
5.60174e-05
5.57751e-05
5.5544e-05
5.53237e-05
5.51136e-05
5.49131e-05
5.47219e-05
5.45389e-05
5.43626e-05
5.41934e-05
5.40397e-05
5.39058e-05
5.37754e-05
5.36463e-05
5.35206e-05
5.33986e-05
5.32892e-05
5.32118e-05
5.31506e-05
5.30864e-05
5.30131e-05
5.29312e-05
5.28463e-05
5.27597e-05
5.26724e-05
5.2585e-05
5.24982e-05
5.24126e-05
5.23285e-05
5.22463e-05
5.21661e-05
5.20883e-05
5.20128e-05
5.19398e-05
5.18692e-05
5.18004e-05
5.1734e-05
5.16702e-05
5.2514e-05
5.89305e-05
6.74368e-05
7.60553e-05
8.41395e-05
9.1214e-05
9.73341e-05
0.000103219
0.000108603
0.000112905
0.000117341
0.000121294
0.0001245
0.000127033
0.000128969
0.000130382
0.000131337
0.000131895
0.00013211
0.000132031
0.000131698
0.000131151
0.00013042
0.000129513
0.000128433
0.000127255
0.000125967
0.000124552
0.000123093
0.000121614
0.000120122
0.000118676
0.000117658
0.000116606
0.000115466
0.00011425
0.00011297
0.000111621
0.000110162
0.000108791
0.000107687
0.000106507
0.000105274
0.000104001
0.000102699
0.000101377
0.000100045
9.871e-05
9.73783e-05
9.60559e-05
9.47473e-05
9.34564e-05
9.21865e-05
9.094e-05
8.97136e-05
8.8497e-05
8.731e-05
8.61387e-05
8.50005e-05
8.38988e-05
8.28329e-05
8.17943e-05
8.0782e-05
7.98043e-05
7.89233e-05
7.8186e-05
7.74526e-05
7.67175e-05
7.6064e-05
7.54944e-05
7.49016e-05
7.42868e-05
7.36552e-05
7.30123e-05
7.23528e-05
7.16848e-05
7.10224e-05
7.03689e-05
6.97264e-05
6.90867e-05
6.84565e-05
6.78383e-05
6.72399e-05
6.66618e-05

