5e-05
5e-05
5e-05
5e-05
5e-05
5e-05
5e-05
5e-05
5e-05
5e-05
5e-05
5e-05
5e-05
5e-05
5e-05
5e-05
5e-05
5e-05
5e-05
5e-05
5e-05
5e-05
5e-05
5e-05
5e-05
5e-05
5e-05
5e-05
5e-05
5e-05
5e-05
5e-05
5e-05
5e-05
5e-05
5e-05
5e-05
5e-05
5e-05
5e-05
5e-05
5e-05
5e-05
5e-05
5e-05
5e-05
5e-05
5e-05
5e-05
5e-05
5e-05
5e-05
5e-05
5e-05
5e-05
5e-05
5e-05
5e-05
5e-05
5e-05
5e-05
5e-05
5e-05
5e-05
5e-05
5e-05
5e-05
5e-05
5e-05
5e-05
5e-05
5e-05
5e-05
5e-05
5e-05
5e-05
5e-05
5e-05
5e-05
5e-05
5e-05
5e-05
5e-05
5e-05
5e-05
5e-05
5e-05
5e-05
5e-05
5e-05
5e-05
5e-05
5e-05
5e-05
5e-05
5e-05
5e-05
5e-05
5e-05
5e-05
5e-05
5e-05
5e-05
5e-05
5e-05
5e-05
5e-05
5e-05
5e-05
5e-05
5e-05
5e-05
5e-05
5e-05
5e-05
5e-05
5e-05
5e-05
5e-05
5e-05
5e-05
5e-05
5e-05
5e-05
5e-05
5e-05
5e-05
5e-05
5e-05
5e-05
5e-05
5e-05
5e-05
5e-05
5e-05
5.16524e-05
6.20703e-05
7.46747e-05
8.63274e-05
9.61705e-05
0.000104231
0.000110728
0.000115955
0.000120147
0.000123486
0.000126118
0.000128158
0.00012969
0.000130649
0.000131242
0.000131916
0.000138262
0.000144579
0.000149316
0.000152387
0.000154337
0.000156087
0.000156673
0.000156278
0.000155156
0.000153479
0.00015139
0.000149013
0.000146442
0.000143753
0.000141002
0.000138232
0.000135474
0.000132751
0.000130079
0.000127469
0.000124902
0.000122403
0.000120243
0.000118274
0.000116302
0.000114344
0.000112398
0.000110452
0.00010854
0.000106669
0.000105041
0.000105719
0.000106491
0.000106873
0.000106876
0.000106513
0.000105793
0.000104745
0.000103424
0.000101901
0.000100241
9.84965e-05
9.66629e-05
9.4832e-05
9.30387e-05
9.12969e-05
8.96151e-05
8.79982e-05
8.64484e-05
8.49662e-05
8.3551e-05
8.22012e-05
8.0914e-05
7.96768e-05
7.84951e-05
7.73701e-05
7.62989e-05
7.52785e-05
7.43058e-05
7.33782e-05
7.24928e-05
7.16473e-05
7.08393e-05
7.00666e-05
6.93273e-05
6.86155e-05
6.80077e-05
6.74434e-05
6.68889e-05
6.63391e-05
6.57944e-05
6.52623e-05
6.47439e-05
6.42397e-05
6.375e-05
6.32751e-05
6.28107e-05
6.2599e-05
6.2678e-05
6.26769e-05
6.25937e-05
6.24383e-05
6.22117e-05
6.19225e-05
6.15972e-05
6.12472e-05
6.08818e-05
6.05086e-05
6.01337e-05
5.97615e-05
5.93955e-05
5.90381e-05
5.86911e-05
5.83553e-05
5.80315e-05
5.77198e-05
5.74203e-05
5.7133e-05
5.68577e-05

