5e-05
5e-05
5e-05
5e-05
5e-05
5e-05
5e-05
5e-05
5e-05
5e-05
5e-05
5e-05
5e-05
5e-05
5e-05
5e-05
5e-05
5e-05
5e-05
5e-05
5e-05
5e-05
5e-05
5e-05
5e-05
5e-05
5e-05
5e-05
5e-05
5e-05
5e-05
5e-05
5e-05
5e-05
5e-05
5e-05
5e-05
5e-05
5e-05
5e-05
5e-05
5e-05
5e-05
5e-05
5e-05
5e-05
5e-05
5e-05
5e-05
5e-05
5e-05
5e-05
5e-05
5e-05
5e-05
5.03096e-05
5.63181e-05
6.53427e-05
7.46717e-05
8.33668e-05
9.08486e-05
9.71628e-05
0.000102582
0.000107191
0.00011102
0.000114228
0.000116819
0.000118918
0.000120554
0.000121834
0.000122802
0.000123452
0.000123766
0.000123832
0.000123727
0.000123678
0.000123945
0.000123992
0.000123812
0.000123429
0.000122864
0.000122051
0.000121011
0.000119859
0.000118653
0.000117393
0.000116071
0.000114729
0.000113377
0.000112021
0.000113419
0.000115566
0.000116959
0.000117357
0.000117243
0.000116717
0.000115841
0.000114678
0.000113293
0.000111737
0.000110022
0.000108224
0.000106366
0.000104511
0.000102679
0.000100882
9.9128e-05
9.74225e-05
9.57689e-05
9.41693e-05
9.26242e-05
9.11338e-05
8.96974e-05
8.83097e-05
8.69488e-05
8.56345e-05
8.43747e-05
8.31555e-05
8.19852e-05
8.08651e-05
7.97925e-05
7.87647e-05
7.7779e-05
7.68328e-05
7.59231e-05
7.50381e-05
7.41757e-05
7.33378e-05
7.25272e-05
7.17494e-05
7.12069e-05
7.14845e-05
7.17146e-05
7.18017e-05
7.17224e-05
7.14822e-05
7.11305e-05
7.06951e-05
7.0294e-05
6.98061e-05
6.92572e-05
6.86695e-05
6.80493e-05
6.74132e-05
6.68052e-05
6.63043e-05
6.58953e-05
6.54818e-05
6.50704e-05
6.46141e-05
6.4133e-05
6.37053e-05
6.33617e-05
6.30404e-05
6.26918e-05
6.23002e-05
6.19324e-05
6.15498e-05
6.11505e-05
6.07392e-05
6.0323e-05
5.9913e-05
5.95112e-05
5.9125e-05
5.87485e-05
5.83814e-05
5.80329e-05
5.77016e-05
5.73872e-05
5.70899e-05
5.68062e-05
5.65327e-05
5.62734e-05
5.60279e-05
5.58136e-05
5.56205e-05
5.5452e-05
5.53004e-05
5.51482e-05
5.49886e-05
5.48253e-05
5.46644e-05
5.45067e-05
5.43626e-05
5.42367e-05
5.41107e-05
5.39844e-05
5.38584e-05
5.37332e-05
5.36072e-05
5.34812e-05
5.33574e-05
5.32364e-05
5.31195e-05
5.30068e-05
5.28973e-05
5.27915e-05
5.26894e-05
5.25907e-05
5.24961e-05
5.24051e-05
5.23166e-05
5.2232e-05
5.21506e-05
5.20716e-05
5.19961e-05
5.19234e-05
5.18537e-05
5.17871e-05
5.17233e-05
5.1662e-05
5.16031e-05
5.15465e-05
5.14925e-05
5.14409e-05
5.1391e-05
5.13431e-05
5.12969e-05
5.12525e-05
5.121e-05
5.11692e-05
5.113e-05
5.10924e-05
5.10556e-05
5.10199e-05
5.09857e-05
5.09528e-05
5.0921e-05
5.08898e-05
5.08613e-05
5.08688e-05
5.08772e-05
5.08855e-05
5.09001e-05
5.09114e-05
5.09168e-05
5.092e-05
5.09239e-05
5.10355e-05
5.11859e-05
5.11653e-05
5.11086e-05
5.10472e-05
5.09871e-05
5.09299e-05
5.08758e-05
5.08251e-05
5.07776e-05
5.07332e-05
5.06917e-05

