5e-05
5e-05
5e-05
5e-05
5e-05
5e-05
5e-05
5e-05
5e-05
5e-05
5e-05
5e-05
5e-05
5e-05
5e-05
5e-05
5e-05
5e-05
5e-05
5e-05
5e-05
5e-05
5e-05
5e-05
5e-05
5e-05
5e-05
5e-05
5e-05
5e-05
5e-05
5e-05
5e-05
5e-05
5e-05
5e-05
5e-05
5e-05
5e-05
5e-05
5e-05
5e-05
5e-05
5e-05
5e-05
5e-05
5e-05
5e-05
5e-05
5e-05
5e-05
5e-05
5e-05
5e-05
5e-05
5e-05
5e-05
5e-05
5e-05
5e-05
5e-05
5e-05
5e-05
5e-05
5e-05
5e-05
5e-05
5e-05
5e-05
5e-05
5e-05
5e-05
5e-05
5e-05
5e-05
5e-05
5e-05
5e-05
5e-05
5e-05
5e-05
5e-05
5e-05
5e-05
5e-05
5e-05
5e-05
5e-05
5e-05
5e-05
5e-05
5e-05
5e-05
5e-05
5e-05
5e-05
5e-05
5e-05
5e-05
5e-05
5e-05
5e-05
5e-05
5e-05
5e-05
5e-05
5e-05
5e-05
5e-05
5e-05
5e-05
5e-05
5e-05
5e-05
5e-05
5e-05
5e-05
5e-05
5e-05
5e-05
5e-05
5e-05
5e-05
5e-05
5e-05
5.01357e-05
5.52825e-05
6.34438e-05
7.17758e-05
7.9699e-05
8.68462e-05
9.31282e-05
9.85681e-05
0.000104226
0.000110157
0.000116114
0.000122246
0.000127296
0.000131153
0.000134732
0.000137822
0.000139907
0.000141741
0.000150157
0.000194888
0.000220255
0.000221574
0.000216481
0.000209736
0.000202395
0.000195117
0.000188199
0.000182064
0.000176164
0.000170525
0.000165314
0.000160528
0.000155854
0.00015136
0.000147081
0.000143027
0.000139128
0.000135396
0.000131831
0.000128422
0.000125275
0.000122541
0.000119918
0.000117321
0.000114785
0.000112323
0.000109947
0.000107662
0.000105465
0.000103359
0.000101311
9.9333e-05
9.74531e-05
9.56711e-05
9.398e-05
9.23727e-05
9.08423e-05
8.93829e-05
8.7989e-05
8.66481e-05
8.5355e-05
8.41533e-05
8.31575e-05
8.21766e-05
8.11907e-05
8.02015e-05
7.92217e-05
7.82539e-05
7.73046e-05
7.63705e-05
7.54545e-05
7.45735e-05
7.37275e-05
7.29142e-05
7.21187e-05
7.13297e-05
7.0568e-05
6.98386e-05
6.91434e-05
6.84802e-05
6.78467e-05
6.72381e-05
6.66516e-05
6.60865e-05
6.55422e-05
6.50543e-05
6.46213e-05
6.41864e-05
6.37528e-05
6.33126e-05
6.28843e-05
6.24688e-05
6.20627e-05
6.16661e-05
6.12822e-05
6.09099e-05
6.05491e-05
6.01988e-05
5.98565e-05
5.95313e-05
5.92601e-05
5.89981e-05
5.87351e-05
5.84705e-05
5.82044e-05
5.79437e-05
5.76909e-05
5.7446e-05
5.72089e-05
5.69793e-05
5.67569e-05
5.65416e-05
5.63465e-05
5.61784e-05
5.6039e-05
5.58947e-05
5.57359e-05
5.55696e-05
5.53979e-05
5.52301e-05
5.50932e-05
5.49599e-05
5.48207e-05
5.46788e-05
5.45385e-05

