5e-05
5e-05
5e-05
5e-05
5e-05
5e-05
5e-05
5e-05
5e-05
5e-05
5e-05
5e-05
5e-05
5e-05
5e-05
5e-05
5e-05
5e-05
5e-05
5e-05
5e-05
5e-05
5e-05
5e-05
5e-05
5e-05
5e-05
5e-05
5e-05
5e-05
5e-05
5e-05
5e-05
5e-05
5e-05
5e-05
5e-05
5e-05
5e-05
5e-05
5e-05
5e-05
5e-05
5e-05
5e-05
5e-05
5e-05
5e-05
5e-05
5e-05
5e-05
5e-05
5e-05
5e-05
5e-05
5e-05
5e-05
5e-05
5e-05
5e-05
5e-05
5e-05
5e-05
5e-05
5e-05
5e-05
5e-05
5e-05
5e-05
5e-05
5e-05
5e-05
5e-05
5e-05
5e-05
5e-05
5e-05
5e-05
5e-05
5e-05
5e-05
5e-05
5e-05
5e-05
5e-05
5e-05
5e-05
5e-05
5e-05
5e-05
5e-05
5e-05
5e-05
5e-05
5e-05
5e-05
5e-05
5e-05
5e-05
5e-05
5e-05
5e-05
5e-05
5e-05
5e-05
5e-05
5e-05
5e-05
5e-05
5e-05
5e-05
5e-05
5e-05
5e-05
5e-05
5e-05
5e-05
5e-05
5.00007e-05
5.4332e-05
6.26649e-05
7.15969e-05
8.02121e-05
8.80674e-05
9.47888e-05
0.000100497
0.000105415
0.000109635
0.000113142
0.000116097
0.00011857
0.00012061
0.000122778
0.000124975
0.000126632
0.000127627
0.000128215
0.000128798
0.000129536
0.000130216
0.000130819
0.000131045
0.000130938
0.00013054
0.000129901
0.000129962
0.000130044
0.000129907
0.000129286
0.000128217
0.000126858
0.000125474
0.000124714
0.000123929
0.000123149
0.000122522
0.0001215
0.000120114
0.000118523
0.000116671
0.000114729
0.00011285
0.000111222
0.000109501
0.000107729
0.000105897
0.000104097
0.000102323
0.00010058
9.88719e-05
9.7211e-05
9.55879e-05
9.40347e-05
9.27609e-05
9.17113e-05
9.07359e-05
8.96997e-05
8.86251e-05
8.7518e-05
8.64107e-05
8.52894e-05
8.41594e-05
8.30551e-05
8.19781e-05
8.08993e-05
7.98446e-05
7.88182e-05
7.78308e-05
7.68717e-05
7.59442e-05
7.50465e-05
7.41694e-05
7.33287e-05
7.25222e-05
7.17412e-05
7.09856e-05
7.02529e-05
6.95508e-05
6.88803e-05
6.82366e-05
6.76157e-05
6.70211e-05
6.64514e-05
6.59043e-05
6.53683e-05
6.48489e-05
6.43441e-05
6.38535e-05
6.33842e-05
6.29354e-05
6.25042e-05
6.20808e-05
6.16743e-05
6.12854e-05
6.0913e-05
6.0556e-05
6.02622e-05
6.0058e-05
5.98473e-05
5.96262e-05
5.93962e-05
5.91589e-05
5.89161e-05
5.86635e-05
5.84077e-05
5.8148e-05
5.7888e-05
5.76313e-05
5.7378e-05
5.71303e-05
5.68959e-05
5.67025e-05
5.65135e-05
5.63239e-05
5.6132e-05
5.59423e-05
5.5754e-05
5.55672e-05
5.53851e-05
5.52153e-05
5.50693e-05
5.4924e-05
5.47918e-05
5.46646e-05
5.45354e-05
5.44056e-05
5.42731e-05
5.41404e-05
5.40071e-05
5.38757e-05

