5e-05
5e-05
5e-05
5e-05
5e-05
5e-05
5e-05
5e-05
5e-05
5e-05
5e-05
5e-05
5e-05
5e-05
5e-05
5e-05
5e-05
5e-05
5e-05
5e-05
5e-05
5e-05
5e-05
5e-05
5e-05
5e-05
5e-05
5e-05
5e-05
5e-05
5e-05
5e-05
5e-05
5e-05
5e-05
5e-05
5e-05
5e-05
5e-05
5e-05
5e-05
5e-05
5e-05
5e-05
5e-05
5e-05
5e-05
5e-05
5e-05
5e-05
5e-05
5e-05
5e-05
5e-05
5e-05
5.02861e-05
5.58556e-05
6.44515e-05
7.42562e-05
8.33837e-05
9.1069e-05
9.75727e-05
0.000103149
0.000107906
0.000111933
0.000115252
0.000118008
0.000121026
0.000123358
0.000125162
0.000126516
0.000127461
0.000127987
0.000128216
0.000128193
0.000127952
0.000127522
0.000126895
0.000126097
0.000125187
0.000124148
0.000122977
0.000121724
0.000120415
0.000119032
0.000117609
0.000116157
0.000114713
0.000113273
0.000111826
0.000110397
0.000108988
0.000107564
0.00010612
0.000104956
0.000103902
0.000102793
0.000101641
0.000100472
9.92857e-05
9.8072e-05
9.686e-05
9.56438e-05
9.44003e-05
9.31632e-05
9.1939e-05
9.07266e-05
8.95449e-05
8.83873e-05
8.72553e-05
8.61583e-05
8.50954e-05
8.40603e-05
8.31193e-05
8.25415e-05
8.19661e-05
8.13411e-05
8.06719e-05
7.99659e-05
7.92313e-05
7.84757e-05
7.77308e-05
7.71906e-05
7.67447e-05
7.62082e-05
7.55668e-05
7.48806e-05
7.41354e-05
7.33837e-05
7.28773e-05
7.32073e-05
7.34853e-05
7.36113e-05
7.34885e-05
7.31334e-05
7.26192e-05
7.20932e-05
7.15646e-05
7.09361e-05
7.0221e-05
6.94763e-05
6.87395e-05
6.80184e-05
6.73606e-05
6.69373e-05
6.93757e-05
7.29486e-05
7.30982e-05
7.21648e-05
7.10238e-05
6.987e-05
6.87496e-05
6.77031e-05
6.6732e-05
6.58081e-05
6.49385e-05
6.41476e-05
6.33946e-05
6.26765e-05
6.19945e-05
6.13489e-05
6.07393e-05
6.01649e-05
5.96245e-05
5.91168e-05
5.86398e-05
5.8191e-05
5.77689e-05
5.73726e-05
5.70001e-05
5.66496e-05
5.63198e-05
5.60095e-05
5.57484e-05
5.56173e-05
5.54528e-05
5.52629e-05
5.50588e-05
5.48486e-05
5.46384e-05
5.4432e-05
5.4232e-05
5.40398e-05
5.38562e-05
5.36816e-05
5.35157e-05
5.33585e-05
5.32095e-05
5.30683e-05
5.29345e-05
5.28078e-05
5.2688e-05
5.25744e-05
5.24666e-05
5.23642e-05
5.2267e-05
5.21747e-05
5.20888e-05
5.20142e-05
5.19413e-05
5.18698e-05
5.18e-05
5.17323e-05
5.16669e-05
5.16039e-05
5.15433e-05
5.14851e-05
5.14295e-05
5.13764e-05
5.13255e-05
5.12781e-05
5.12373e-05
5.1197e-05
5.11569e-05
5.11173e-05
5.10786e-05
5.10409e-05
5.10044e-05
5.09691e-05
5.09351e-05
5.09023e-05
5.08708e-05
5.08404e-05
5.08146e-05
5.07901e-05
5.07656e-05
5.07411e-05
5.07169e-05
5.06931e-05
5.06699e-05
5.06474e-05
5.06255e-05
5.06044e-05
5.05867e-05
5.05697e-05
5.05525e-05
5.0536e-05
5.05217e-05
5.0507e-05
5.0492e-05
5.04768e-05
5.04616e-05
5.04466e-05
5.04319e-05
5.04176e-05
5.04037e-05
5.03902e-05
5.03772e-05
5.03665e-05
5.03559e-05

