5e-05
5e-05
5e-05
5e-05
5e-05
5e-05
5e-05
5e-05
5e-05
5e-05
5e-05
5e-05
5e-05
5e-05
5e-05
5e-05
5e-05
5e-05
5e-05
5e-05
5e-05
5e-05
5e-05
5e-05
5e-05
5e-05
5e-05
5e-05
5e-05
5e-05
5e-05
5e-05
5e-05
5e-05
5e-05
5e-05
5e-05
5e-05
5e-05
5e-05
5e-05
5e-05
5e-05
5e-05
5e-05
5e-05
5e-05
5e-05
5e-05
5e-05
5e-05
5e-05
5e-05
5e-05
5e-05
5e-05
5e-05
5e-05
5e-05
5e-05
5e-05
5e-05
5e-05
5e-05
5e-05
5e-05
5e-05
5e-05
5e-05
5e-05
5e-05
5e-05
5e-05
5e-05
5e-05
5e-05
5e-05
5e-05
5e-05
5e-05
5e-05
5e-05
5e-05
5e-05
5e-05
5e-05
5e-05
5e-05
5e-05
5e-05
5e-05
5e-05
5e-05
5e-05
5e-05
5.02282e-05
5.56154e-05
6.39131e-05
7.25695e-05
8.08081e-05
8.82109e-05
9.46273e-05
0.000100059
0.000104707
0.000108673
0.00011203
0.000114843
0.000117168
0.000119057
0.000120556
0.000121662
0.00012243
0.000122935
0.000123205
0.000123445
0.000123993
0.000124278
0.000124297
0.000124079
0.000123653
0.000123048
0.000122288
0.000121397
0.000120397
0.000119305
0.000118137
0.000116909
0.000115632
0.000114317
0.000112975
0.000111612
0.000110237
0.000108853
0.000107438
0.000106025
0.000104626
0.000103244
0.000101879
0.000100535
9.92118e-05
9.79105e-05
9.6632e-05
9.53768e-05
9.41454e-05
9.29384e-05
9.17558e-05
9.05979e-05
8.94649e-05
8.83568e-05
8.72735e-05
8.63788e-05
8.71456e-05
8.79609e-05
8.85274e-05
8.88618e-05
8.89849e-05
8.89031e-05
8.86107e-05
8.81079e-05
8.74124e-05
8.6556e-05
8.55772e-05
8.45129e-05
8.33952e-05
8.22498e-05
8.10967e-05
7.99509e-05
7.88227e-05
7.77063e-05
7.66216e-05
7.55751e-05
7.45687e-05
7.36028e-05
7.26772e-05
7.17913e-05
7.0944e-05
7.01341e-05
6.936e-05
6.86203e-05
6.79134e-05
6.72378e-05
6.6592e-05
6.59744e-05
6.53837e-05
6.48185e-05
6.42774e-05
6.37592e-05
6.32628e-05
6.27869e-05
6.23306e-05
6.18929e-05
6.14729e-05
6.10693e-05
6.0677e-05
6.03e-05
5.99384e-05
5.95916e-05
5.92588e-05
5.89392e-05
5.86322e-05
5.83371e-05
5.80533e-05
5.77802e-05
5.75175e-05
5.72644e-05
5.70207e-05
5.67849e-05
5.65551e-05
5.6334e-05
5.61212e-05
5.59165e-05
5.57195e-05
5.55298e-05
5.5347e-05
5.51708e-05
5.50009e-05
5.4837e-05
5.46788e-05
5.45262e-05
5.43788e-05
5.42353e-05
5.40957e-05
5.39612e-05
5.38316e-05
5.37067e-05
5.35861e-05
5.34699e-05
5.33577e-05
5.32494e-05
5.31457e-05
5.31676e-05
5.32131e-05
5.32358e-05
5.32398e-05
5.32271e-05
5.31987e-05
5.31555e-05
5.30987e-05
5.303e-05
5.29518e-05
5.28666e-05
5.27768e-05
5.26841e-05
5.25885e-05
5.24932e-05
5.23995e-05
5.2308e-05
5.22191e-05
5.21331e-05
5.20501e-05

