5e-05
5e-05
5e-05
5e-05
5e-05
5e-05
5e-05
5e-05
5e-05
5e-05
5e-05
5e-05
5e-05
5e-05
5e-05
5e-05
5e-05
5e-05
5e-05
5e-05
5e-05
5e-05
5e-05
5e-05
5e-05
5e-05
5e-05
5e-05
5e-05
5e-05
5e-05
5e-05
5e-05
5e-05
5e-05
5e-05
5e-05
5e-05
5e-05
5e-05
5e-05
5e-05
5e-05
5e-05
5e-05
5e-05
5e-05
5e-05
5e-05
5e-05
5e-05
5e-05
5e-05
5e-05
5e-05
5e-05
5e-05
5e-05
5e-05
5e-05
5e-05
5e-05
5e-05
5e-05
5e-05
5e-05
5e-05
5e-05
5e-05
5e-05
5e-05
5e-05
5e-05
5e-05
5e-05
5e-05
5e-05
5e-05
5e-05
5e-05
5e-05
5e-05
5e-05
5e-05
5e-05
5e-05
5e-05
5e-05
5e-05
5e-05
5e-05
5e-05
5e-05
5e-05
5e-05
5e-05
5e-05
5e-05
5e-05
5e-05
5e-05
5e-05
5e-05
5e-05
5e-05
5e-05
5e-05
5e-05
5e-05
5e-05
5e-05
5e-05
5e-05
5e-05
5e-05
5e-05
5e-05
5e-05
5e-05
5e-05
5e-05
5e-05
5e-05
5e-05
5e-05
5e-05
5e-05
5e-05
5e-05
5e-05
5e-05
5e-05
5e-05
5e-05
5e-05
5e-05
5e-05
5e-05
5e-05
5e-05
5e-05
5e-05
5e-05
5e-05
5e-05
5e-05
5e-05
5e-05
5e-05
5e-05
5e-05
5e-05
5e-05
5e-05
5e-05
5e-05
5e-05
5e-05
5e-05
5e-05
5e-05
5e-05
5e-05
5e-05
5e-05
5e-05
5e-05
5e-05
5e-05
5e-05
5e-05
5e-05
5e-05
5.0664e-05
5.68764e-05
6.54652e-05
7.42954e-05
8.27007e-05
9.01638e-05
9.64588e-05
0.000101744
0.000106164
0.000109917
0.000113139
0.000115854
0.000118014
0.000119789
0.000121229
0.00012227
0.000122983
0.000124139
0.000125025
0.000125511
0.00012569
0.000125597
0.000125249
0.000124683
0.000123969
0.000123121
0.000122123
0.000121031
0.000119874
0.000118648
0.000117376
0.000116077
0.00011476
0.000113403
0.000112014
0.000110623
0.000109253
0.000107904
0.000106556
0.000105213
0.000103893
0.000102588
0.000101282
9.99962e-05
9.87124e-05
9.74555e-05
9.62246e-05
9.49989e-05
9.37794e-05
9.25487e-05
9.13341e-05
9.01595e-05
8.90174e-05
8.79015e-05
8.68237e-05
8.57772e-05
8.47265e-05
8.37007e-05
8.27129e-05
8.17614e-05
8.08436e-05
7.99554e-05
7.90821e-05
7.82326e-05
7.73995e-05
7.66087e-05
7.5979e-05
7.53611e-05
7.47242e-05
7.40866e-05
7.34423e-05
7.27959e-05
7.21584e-05
7.15314e-05
7.09153e-05
7.02997e-05
6.96918e-05

