5e-05
5e-05
5e-05
5e-05
5e-05
5e-05
5e-05
5e-05
5e-05
5e-05
5e-05
5e-05
5e-05
5e-05
5e-05
5e-05
5e-05
5e-05
5e-05
5e-05
5e-05
5e-05
5e-05
5e-05
5e-05
5e-05
5e-05
5e-05
5e-05
5e-05
5e-05
5e-05
5e-05
5e-05
5e-05
5e-05
5e-05
5e-05
5e-05
5e-05
5e-05
5e-05
5e-05
5e-05
5e-05
5e-05
5e-05
5e-05
5e-05
5e-05
5e-05
5e-05
5e-05
5e-05
5e-05
5e-05
5e-05
5e-05
5e-05
5e-05
5e-05
5e-05
5e-05
5e-05
5e-05
5e-05
5e-05
5e-05
5e-05
5e-05
5e-05
5e-05
5e-05
5e-05
5e-05
5e-05
5e-05
5e-05
5e-05
5e-05
5e-05
5e-05
5e-05
5e-05
5e-05
5e-05
5e-05
5e-05
5e-05
5e-05
5e-05
5e-05
5e-05
5e-05
5e-05
5e-05
5e-05
5e-05
5e-05
5e-05
5e-05
5e-05
5e-05
5e-05
5e-05
5e-05
5e-05
5e-05
5e-05
5e-05
5e-05
5e-05
5e-05
5e-05
5e-05
5e-05
5e-05
5e-05
5e-05
5e-05
5e-05
5e-05
5e-05
5e-05
5e-05
5e-05
5e-05
5e-05
5.60154e-05
7.6508e-05
9.23898e-05
0.000106612
0.000119176
0.000129765
0.000138362
0.000145273
0.000150746
0.000154996
0.000158638
0.000176821
0.000214804
0.000212852
0.000214225
0.000217207
0.000220321
0.000222824
0.000224412
0.000225019
0.000224695
0.000223529
0.000221722
0.000229681
0.000242907
0.000236591
0.000233329
0.000231288
0.000229368
0.00022706
0.000224201
0.000222902
0.000222175
0.00022084
0.000218788
0.000216099
0.000212875
0.000209213
0.000205207
0.000200938
0.000196479
0.000191891
0.000187229
0.000182537
0.000177867
0.000177872
0.000182177
0.000176099
0.000171806
0.000168383
0.000165248
0.000162116
0.000158875
0.000155499
0.000152006
0.000148431
0.000144812
0.000141185
0.000137583
0.000134031
0.000130549
0.000127155
0.000123859
0.00012067
0.000117594
0.000114634
0.000111792
0.000109067
0.000106459
0.000104352
0.000102724
0.000101146
9.95478e-05
9.79285e-05
9.62969e-05
9.46623e-05
9.30337e-05
9.14192e-05
8.9826e-05
8.82601e-05
8.67267e-05
8.523e-05
8.37734e-05
8.23596e-05
8.09905e-05
7.96674e-05
7.83911e-05
7.71621e-05
7.59802e-05
7.48452e-05
7.37563e-05
7.27128e-05
7.17137e-05
7.07578e-05
6.98439e-05
6.89705e-05
6.81364e-05
6.73401e-05
6.65801e-05
6.5855e-05
6.51634e-05
6.45039e-05
6.3875e-05
6.32755e-05
6.27039e-05
6.2159e-05
6.16395e-05
6.11443e-05
6.06722e-05
6.02221e-05
5.9793e-05
5.93837e-05
5.89934e-05
5.86211e-05
5.82659e-05
5.7927e-05
5.76036e-05
5.7295e-05
5.70003e-05
5.6759e-05
5.66039e-05
5.64501e-05

