5e-05
5e-05
5e-05
5e-05
5e-05
5e-05
5e-05
5e-05
5e-05
5e-05
5e-05
5e-05
5e-05
5e-05
5e-05
5e-05
5e-05
5e-05
5e-05
5e-05
5e-05
5e-05
5e-05
5e-05
5e-05
5e-05
5e-05
5e-05
5e-05
5e-05
5e-05
5e-05
5e-05
5e-05
5e-05
5e-05
5e-05
5e-05
5e-05
5e-05
5e-05
5e-05
5e-05
5e-05
5e-05
5e-05
5e-05
5e-05
5e-05
5e-05
5e-05
5e-05
5e-05
5e-05
5e-05
5e-05
5e-05
5e-05
5e-05
5e-05
5e-05
5e-05
5e-05
5e-05
5e-05
5e-05
5.06625e-05
5.69264e-05
6.53403e-05
7.39081e-05
8.20115e-05
8.92193e-05
9.53842e-05
0.00010071
0.000105296
0.000109217
0.000112542
0.000115287
0.00011751
0.000119318
0.000120703
0.000121683
0.000122342
0.000122736
0.000122853
0.000122753
0.000122465
0.000122052
0.00012152
0.00012086
0.000120121
0.00011931
0.000118388
0.000117353
0.000116636
0.000116004
0.000115228
0.00011433
0.000113352
0.000112296
0.000111154
0.00010997
0.00010874
0.000107433
0.000106099
0.000104752
0.000103392
0.000102048
0.000100713
9.93905e-05
9.80962e-05
9.68302e-05
9.55851e-05
9.44563e-05
9.38262e-05
9.31851e-05
9.24604e-05
9.16607e-05
9.07976e-05
8.98833e-05
8.89298e-05
8.79824e-05
8.73165e-05
8.67766e-05
8.61014e-05
8.52711e-05
8.43713e-05
8.33826e-05
8.23794e-05
8.17189e-05
8.22386e-05
8.26805e-05
8.29036e-05
8.27708e-05
8.23059e-05
8.16129e-05
8.09003e-05
8.01816e-05
7.93191e-05
7.83318e-05
7.73007e-05
7.62789e-05
7.52776e-05
7.43645e-05
7.37821e-05
7.72512e-05
8.23258e-05
8.25511e-05
8.12416e-05
7.96371e-05
7.80136e-05
7.64367e-05
7.49636e-05
7.35966e-05
7.22958e-05
7.10714e-05
6.99578e-05
6.88973e-05
6.7886e-05
6.69253e-05
6.60156e-05
6.51568e-05
6.43474e-05
6.35857e-05
6.28701e-05
6.21978e-05
6.15651e-05
6.097e-05
6.04113e-05
5.98861e-05
5.93918e-05
5.89266e-05
5.84891e-05
5.81209e-05
5.79368e-05
5.77053e-05
5.74376e-05
5.71498e-05
5.68533e-05
5.65566e-05
5.62653e-05
5.59829e-05
5.57114e-05
5.54522e-05
5.52056e-05
5.49713e-05
5.47492e-05
5.45388e-05
5.43393e-05
5.41503e-05
5.39714e-05
5.38021e-05
5.36416e-05
5.34892e-05
5.33445e-05
5.32071e-05
5.30767e-05
5.29553e-05
5.28498e-05
5.27468e-05
5.26457e-05
5.25471e-05
5.24513e-05
5.23589e-05
5.22697e-05
5.21841e-05
5.21019e-05
5.20232e-05
5.19481e-05
5.18761e-05
5.1809e-05
5.17513e-05
5.16943e-05
5.16376e-05
5.15816e-05
5.15269e-05
5.14735e-05
5.14219e-05
5.13719e-05
5.13238e-05
5.12775e-05
5.12328e-05
5.11898e-05
5.11533e-05
5.11187e-05
5.10839e-05
5.10492e-05
5.1015e-05
5.09813e-05
5.09485e-05
5.09166e-05
5.08857e-05
5.08558e-05
5.08307e-05
5.08067e-05
5.07823e-05
5.0759e-05
5.07387e-05
5.07179e-05
5.06966e-05
5.06752e-05
5.06537e-05
5.06325e-05
5.06117e-05
5.05913e-05
5.05716e-05
5.05525e-05
5.05342e-05
5.05189e-05
5.0504e-05

