5e-05
5e-05
5e-05
5e-05
5e-05
5e-05
5e-05
5e-05
5e-05
5e-05
5e-05
5e-05
5e-05
5e-05
5e-05
5e-05
5e-05
5e-05
5e-05
5e-05
5e-05
5e-05
5e-05
5e-05
5e-05
5e-05
5e-05
5e-05
5e-05
5e-05
5e-05
5e-05
5e-05
5e-05
5e-05
5e-05
5e-05
5e-05
5e-05
5e-05
5e-05
5e-05
5e-05
5e-05
5e-05
5e-05
5e-05
5e-05
5e-05
5e-05
5e-05
5e-05
5e-05
5e-05
5e-05
5e-05
5e-05
5e-05
5e-05
5e-05
5e-05
5e-05
5e-05
5e-05
5e-05
5e-05
5e-05
5e-05
5e-05
5e-05
5e-05
5e-05
5e-05
5e-05
5.10967e-05
5.77526e-05
6.63945e-05
7.61711e-05
8.55076e-05
9.35668e-05
0.00010046
0.000106212
0.000110955
0.000114809
0.000117918
0.000120453
0.00012246
0.000124067
0.000125262
0.000126134
0.000126714
0.000127006
0.000127092
0.000126904
0.000126438
0.000125838
0.000125147
0.000124376
0.000123532
0.000122624
0.000121655
0.000120633
0.000119563
0.000118449
0.000117297
0.000116107
0.000114849
0.000113569
0.000112257
0.000110921
0.000109588
0.00010826
0.000106939
0.000105614
0.000104279
0.00010296
0.000101658
0.000100376
9.91124e-05
9.78681e-05
9.66461e-05
9.57089e-05
9.48018e-05
9.37856e-05
9.27282e-05
9.16647e-05
9.06013e-05
8.9542e-05
8.84826e-05
8.75426e-05
8.67279e-05
8.58912e-05
8.50329e-05
8.41391e-05
8.32261e-05
8.23129e-05
8.14046e-05
8.04989e-05
7.95784e-05
7.86558e-05
7.77513e-05
7.68739e-05
7.60019e-05
7.5216e-05
7.45481e-05
7.39369e-05
7.34125e-05
7.2865e-05
7.22931e-05
7.16846e-05
7.1057e-05
7.04239e-05
6.97714e-05
6.91255e-05
6.88182e-05
6.90925e-05
6.9296e-05
6.93526e-05
6.92512e-05
6.9056e-05
6.87514e-05
6.8372e-05
6.79348e-05
6.74518e-05
6.69294e-05
6.64e-05
6.59055e-05
6.53857e-05
6.48605e-05
6.43367e-05
6.38157e-05
6.3293e-05
6.29178e-05
6.29616e-05
6.38415e-05
6.68911e-05
6.72792e-05
6.66932e-05
6.58881e-05
6.5051e-05
6.4234e-05
6.34535e-05
6.27157e-05
6.20222e-05
6.13716e-05
6.0763e-05
6.01937e-05
5.9662e-05
5.91652e-05
5.87007e-05
5.82659e-05
5.78597e-05
5.74789e-05
5.71227e-05
5.67893e-05
5.64767e-05
5.61834e-05
5.59076e-05
5.56464e-05
5.53994e-05
5.52292e-05
5.51881e-05
5.51251e-05
5.5039e-05
5.49278e-05
5.47959e-05
5.46478e-05
5.4489e-05
5.43276e-05
5.41635e-05
5.40015e-05
5.38431e-05
5.36892e-05
5.35398e-05
5.33944e-05
5.32572e-05
5.3137e-05
5.30208e-05
5.2908e-05
5.27982e-05
5.26905e-05
5.25867e-05
5.24866e-05
5.23904e-05
5.22971e-05
5.22072e-05
5.21212e-05
5.20389e-05
5.19602e-05
5.18848e-05
5.18128e-05
5.17434e-05
5.16765e-05
5.1612e-05
5.15505e-05
5.14918e-05
5.14358e-05
5.13822e-05
5.13306e-05
5.12811e-05
5.12337e-05
5.1188e-05
5.11444e-05
5.11027e-05
5.10629e-05
5.10248e-05
5.09883e-05
5.09534e-05
5.09199e-05
5.08878e-05

