5e-05
5e-05
5e-05
5e-05
5e-05
5e-05
5e-05
5e-05
5e-05
5e-05
5e-05
5e-05
5e-05
5e-05
5e-05
5e-05
5e-05
5e-05
5e-05
5e-05
5e-05
5e-05
5e-05
5e-05
5e-05
5e-05
5e-05
5e-05
5e-05
5e-05
5e-05
5e-05
5e-05
5e-05
5e-05
5e-05
5e-05
5e-05
5e-05
5e-05
5e-05
5e-05
5e-05
5e-05
5e-05
5e-05
5e-05
5e-05
5e-05
5e-05
5e-05
5e-05
5e-05
5e-05
5e-05
5e-05
5e-05
5e-05
5e-05
5e-05
5e-05
5e-05
5e-05
5e-05
5e-05
5e-05
5e-05
5e-05
5e-05
5e-05
5e-05
5e-05
5e-05
5e-05
5e-05
5e-05
5e-05
5e-05
5e-05
5e-05
5e-05
5e-05
5e-05
5e-05
5e-05
5e-05
5e-05
5e-05
5e-05
5e-05
5e-05
5e-05
5e-05
5e-05
5e-05
5e-05
5e-05
5e-05
5e-05
5e-05
5e-05
5e-05
5e-05
5e-05
5e-05
5e-05
5e-05
5e-05
5e-05
5e-05
5e-05
5e-05
5e-05
5e-05
5e-05
5e-05
5e-05
5e-05
5e-05
5e-05
5e-05
5e-05
5e-05
6.72009e-05
8.20483e-05
9.44595e-05
0.00010551
0.000115187
0.000123413
0.000134125
0.000144463
0.000152873
0.000159399
0.000164313
0.000167872
0.000170299
0.00017178
0.000172474
0.00017288
0.00018568
0.000215269
0.00021155
0.000210777
0.000211502
0.000212475
0.00021306
0.000212995
0.000212216
0.000210754
0.000208678
0.000206149
0.000211886
0.000222111
0.000216017
0.000212546
0.000210155
0.000207918
0.000205405
0.000202473
0.00020089
0.000199825
0.000198285
0.000196176
0.000193563
0.000190529
0.000187154
0.000183513
0.000179674
0.000175695
0.000171627
0.000167513
0.00016339
0.000159301
0.000159143
0.000162605
0.000157371
0.000153645
0.000150658
0.000147922
0.000145197
0.000142387
0.000139472
0.000136465
0.000133395
0.000130294
0.000127192
0.000124114
0.000121083
0.000118116
0.000115225
0.000112421
0.000109709
0.000107095
0.000104581
0.000102168
9.98556e-05
9.76431e-05
9.58532e-05
9.44663e-05
9.31232e-05
9.17647e-05
9.03899e-05
8.90061e-05
8.7621e-05
8.62421e-05
8.4876e-05
8.35288e-05
8.22053e-05
8.09098e-05
7.9646e-05
7.84164e-05
7.72233e-05
7.60683e-05
7.49525e-05
7.38764e-05
7.28403e-05
7.18442e-05
7.08878e-05
6.99705e-05
6.90916e-05
6.82502e-05
6.74453e-05
6.66758e-05
6.59406e-05
6.52385e-05
6.45684e-05
6.39289e-05
6.33188e-05
6.2737e-05
6.21822e-05
6.16533e-05
6.1149e-05
6.06684e-05
6.02102e-05
5.97735e-05
5.93572e-05
5.89603e-05
5.8582e-05
5.82213e-05
5.78773e-05
5.75493e-05
5.72365e-05
5.6938e-05
5.66533e-05
5.63816e-05
5.61223e-05
5.58748e-05
5.56721e-05
5.55416e-05
5.54123e-05

