5e-05
5e-05
5e-05
5e-05
5e-05
5e-05
5e-05
5e-05
5e-05
5e-05
5e-05
5e-05
5e-05
5e-05
5e-05
5e-05
5e-05
5e-05
5e-05
5e-05
5e-05
5e-05
5e-05
5e-05
5e-05
5e-05
5e-05
5e-05
5e-05
5e-05
5e-05
5e-05
5e-05
5e-05
5e-05
5e-05
5e-05
5e-05
5e-05
5e-05
5e-05
5e-05
5e-05
5e-05
5e-05
5e-05
5e-05
5e-05
5e-05
5e-05
5e-05
5e-05
5e-05
5e-05
5e-05
5e-05
5e-05
5e-05
5e-05
5e-05
5e-05
5e-05
5e-05
5e-05
5e-05
5e-05
5e-05
5e-05
5e-05
5e-05
5e-05
5e-05
5e-05
5e-05
5e-05
5e-05
5e-05
5e-05
5e-05
5e-05
5e-05
5e-05
5e-05
5e-05
5e-05
5e-05
5e-05
5e-05
5e-05
5e-05
5e-05
5e-05
5e-05
5e-05
5e-05
5e-05
5e-05
5e-05
5e-05
5e-05
5e-05
5e-05
5e-05
5e-05
5e-05
5e-05
5e-05
5e-05
5e-05
5e-05
5e-05
5e-05
5e-05
5e-05
5e-05
5e-05
5e-05
5e-05
5e-05
5e-05
5e-05
5e-05
5e-05
5e-05
5e-05
5e-05
5e-05
5e-05
5e-05
5e-05
5e-05
5e-05
5e-05
5e-05
5e-05
5e-05
5e-05
5e-05
5e-05
5e-05
5e-05
5e-05
5e-05
5e-05
5.19941e-05
5.89261e-05
6.74615e-05
7.67225e-05
8.53358e-05
9.28261e-05
9.91521e-05
0.000104412
0.000109613
0.000114053
0.000118565
0.000122232
0.000125107
0.000127326
0.000128973
0.00013012
0.000130837
0.000131183
0.000131211
0.000130929
0.000130326
0.000129863
0.000129618
0.000129079
0.000128288
0.000127231
0.00012604
0.000124723
0.000123313
0.000121856
0.000120363
0.000118811
0.000117245
0.000116065
0.000114947
0.00011375
0.000112481
0.000111152
0.000109707
0.00010822
0.000106728
0.00010524
0.000103754
0.000102261
0.000100791
9.93436e-05
9.78777e-05
9.64306e-05
9.50277e-05
9.367e-05
9.2356e-05
9.10838e-05
8.98514e-05
8.86334e-05
8.74275e-05
8.62631e-05
8.51414e-05
8.41511e-05
8.47815e-05
8.56501e-05
8.61765e-05
8.62888e-05
8.6122e-05
8.57377e-05
8.51541e-05
8.43622e-05
8.34533e-05
8.24681e-05
8.1412e-05
8.02947e-05
7.91732e-05
7.80613e-05
7.69718e-05
7.59537e-05
7.50508e-05
7.41522e-05
7.32712e-05
7.24095e-05
7.15777e-05
7.07681e-05
6.99812e-05
6.92274e-05
6.85062e-05
6.78164e-05
6.71563e-05
6.65246e-05
6.59199e-05
6.53406e-05
6.47847e-05
6.42891e-05
6.38333e-05
6.33862e-05
6.29492e-05
6.25228e-05
6.21017e-05
6.17374e-05
6.13943e-05
6.10464e-05
6.0701e-05
6.04026e-05
6.01067e-05
5.98086e-05
5.95102e-05
5.92167e-05
5.92809e-05
5.94293e-05

