5e-05
5e-05
5e-05
5e-05
5e-05
5e-05
5e-05
5e-05
5e-05
5e-05
5e-05
5e-05
5e-05
5e-05
5e-05
5e-05
5e-05
5e-05
5e-05
5e-05
5e-05
5e-05
5e-05
5e-05
5e-05
5e-05
5e-05
5e-05
5e-05
5e-05
5e-05
5e-05
5e-05
5e-05
5e-05
5e-05
5e-05
5e-05
5e-05
5e-05
5e-05
5e-05
5e-05
5e-05
5e-05
5e-05
5e-05
5e-05
5e-05
5e-05
5e-05
5e-05
5e-05
5e-05
5e-05
5e-05
5e-05
5e-05
5e-05
5e-05
5e-05
5e-05
5e-05
5e-05
5e-05
5e-05
5e-05
5e-05
5e-05
5e-05
5e-05
5e-05
5e-05
5e-05
5e-05
5e-05
8.11628e-05
0.000116708
0.000132346
0.000140291
0.000144648
0.000146939
0.000148035
0.000148391
0.000148262
0.000147805
0.000147571
0.000147591
0.000147257
0.000146616
0.00014575
0.000144725
0.000143571
0.000142309
0.000140958
0.000139531
0.000138042
0.0001365
0.000134916
0.000133299
0.000132169
0.000131092
0.000129862
0.000128406
0.000126861
0.000125259
0.000123594
0.00012187
0.000120135
0.000118399
0.00011667
0.000114952
0.000113249
0.000111566
0.000109885
0.000108218
0.000106584
0.000104985
0.000103421
0.000101887
0.000100371
9.88929e-05
9.74553e-05
9.60573e-05
9.46978e-05
9.33757e-05
9.209e-05
9.08397e-05
8.96239e-05
8.84415e-05
8.72919e-05
8.6174e-05
8.50873e-05
8.40308e-05
8.30039e-05
8.20059e-05
8.10361e-05
8.02088e-05
7.94705e-05
7.87009e-05
7.79147e-05
7.71312e-05
7.63545e-05
7.55869e-05
7.48305e-05
7.40869e-05
7.33577e-05
7.26438e-05
7.19462e-05
7.12959e-05
7.07497e-05
7.01999e-05
6.96468e-05
6.90929e-05
6.85304e-05
6.7971e-05
6.74188e-05
6.68687e-05
6.63239e-05
6.58647e-05
6.5439e-05
6.50122e-05
6.45836e-05
6.41489e-05
6.37183e-05
6.32942e-05
6.28779e-05
6.24672e-05
6.20621e-05
6.16682e-05
6.12859e-05
6.09153e-05
6.0556e-05
6.02038e-05
5.98631e-05
5.95345e-05
5.92176e-05
5.89121e-05
5.86175e-05
5.83333e-05
5.80573e-05
5.77892e-05
5.75309e-05
5.72823e-05
5.70427e-05
5.68114e-05
5.65858e-05
5.63686e-05
5.61595e-05
5.59581e-05
5.57641e-05
5.55772e-05
5.53965e-05
5.52202e-05
5.50501e-05
5.48862e-05
5.47282e-05
5.45759e-05
5.4429e-05
5.42872e-05
5.41503e-05
5.40181e-05
5.38893e-05
5.37635e-05
5.36409e-05
5.35228e-05
5.34091e-05
5.32995e-05
5.31939e-05
5.30921e-05
5.29938e-05
5.28989e-05
5.28072e-05
5.27186e-05
5.26329e-05
5.25501e-05
5.24697e-05
5.2391e-05
5.23148e-05
5.22413e-05
5.21703e-05
5.2101e-05
5.20328e-05
5.19671e-05
5.19038e-05
5.18429e-05
5.17842e-05
5.1727e-05
5.16717e-05
5.16184e-05
5.15669e-05
5.15167e-05
5.14678e-05
5.14205e-05
5.1375e-05
5.13313e-05
5.12891e-05
5.12485e-05
5.12094e-05
5.11715e-05
5.1135e-05
5.10997e-05
5.10655e-05
5.10324e-05
5.10004e-05
5.09693e-05
5.09388e-05
5.09093e-05
5.08808e-05
5.08533e-05

