5e-05
5e-05
5e-05
5e-05
5e-05
5e-05
5e-05
5e-05
5e-05
5e-05
5e-05
5e-05
5e-05
5e-05
5e-05
5e-05
5e-05
5e-05
5e-05
5e-05
5e-05
5e-05
5e-05
5e-05
5e-05
5e-05
5e-05
5e-05
5e-05
5e-05
5e-05
5e-05
5e-05
5e-05
5e-05
5e-05
5e-05
5e-05
5e-05
5e-05
5e-05
5e-05
5e-05
5e-05
5e-05
5e-05
5e-05
5e-05
5e-05
5e-05
5e-05
5e-05
5e-05
5e-05
5e-05
5e-05
5e-05
5e-05
5e-05
5e-05
5e-05
5e-05
5e-05
5e-05
5e-05
5e-05
5e-05
5e-05
5e-05
5e-05
5e-05
5e-05
5e-05
5e-05
5e-05
5e-05
5e-05
5e-05
5e-05
5e-05
5e-05
5e-05
5e-05
5e-05
5e-05
5e-05
5e-05
5e-05
5e-05
5e-05
5e-05
5e-05
5e-05
5e-05
5e-05
5e-05
5e-05
5e-05
5e-05
5e-05
5e-05
5e-05
5e-05
5e-05
5e-05
5e-05
5e-05
5e-05
5e-05
5e-05
5e-05
5e-05
5e-05
5e-05
5e-05
5e-05
5e-05
5e-05
5e-05
5e-05
5e-05
5e-05
5e-05
5e-05
5e-05
5e-05
5e-05
5e-05
5e-05
5e-05
5e-05
5e-05
5e-05
5e-05
5e-05
5e-05
5e-05
5e-05
5e-05
5e-05
5e-05
5e-05
5e-05
5e-05
5.07838e-05
5.82399e-05
6.94832e-05
8.09528e-05
9.12753e-05
9.98924e-05
0.000107113
0.000113133
0.000118107
0.000122168
0.000125437
0.000128017
0.000130002
0.000131471
0.000132494
0.000133132
0.000133438
0.000133457
0.000133229
0.00013273
0.000132036
0.000131199
0.000130328
0.000129879
0.000129275
0.000128487
0.000127519
0.000126366
0.000125098
0.000124045
0.000123048
0.000121797
0.000120872
0.000119948
0.000118876
0.000117674
0.000116366
0.000114973
0.000113514
0.000112006
0.000110466
0.000108907
0.000107339
0.000105772
0.000104214
0.00010266
0.000101106
9.95817e-05
9.80751e-05
9.65723e-05
9.51093e-05
9.36931e-05
9.23231e-05
9.10246e-05
8.9983e-05
8.89654e-05
8.79427e-05
8.69172e-05
8.58928e-05
8.4864e-05
8.38083e-05
8.28221e-05
8.19916e-05
8.11451e-05
8.02925e-05
7.94388e-05
7.85878e-05
7.7743e-05
7.69075e-05
7.60839e-05
7.52745e-05
7.44812e-05
7.37054e-05
7.29481e-05
7.22102e-05
7.14923e-05
7.07921e-05
7.01038e-05
6.94367e-05
6.87835e-05
6.81523e-05
6.75443e-05
6.69589e-05
6.63913e-05
6.58409e-05
6.53113e-05
6.6413e-05
7.26266e-05
8.03235e-05
8.80017e-05
9.58001e-05
0.000103335
0.000109775
0.000115198
0.00011971
0.000123414
0.000126325
0.000128555
0.000130261
0.000131512
0.000132364
0.000132792
0.000132881
0.000132681
0.000132284
0.000131718

