5e-05
5e-05
5e-05
5e-05
5e-05
5e-05
5e-05
5e-05
5.10772e-05
5.94446e-05
7.18057e-05
8.42652e-05
9.55828e-05
0.000105012
0.00011266
0.000118915
0.000123971
0.000127999
0.000131148
0.000133817
0.000135858
0.000137191
0.000137836
0.000137716
0.000138008
0.000143682
0.000149143
0.000153573
0.000156477
0.000158053
0.000158776
0.000158624
0.000157635
0.000156015
0.000153961
0.000151595
0.000149058
0.000146411
0.000143702
0.000140937
0.000138142
0.000135379
0.000132665
0.000130012
0.000127424
0.000124908
0.000122465
0.000120095
0.0001178
0.000115579
0.000113422
0.000111297
0.000109324
0.000107551
0.000106096
0.000104656
0.000103319
0.000102195
0.00010102
9.9752e-05
9.82975e-05
9.67723e-05
9.52544e-05
9.3771e-05
9.23249e-05
9.09404e-05
8.9768e-05
8.85966e-05
8.75928e-05
8.66301e-05
8.56341e-05
8.46008e-05
8.35647e-05
8.25165e-05
8.14704e-05
8.04771e-05
7.96231e-05
7.87726e-05
7.79212e-05
7.70723e-05
7.62295e-05
7.53949e-05
7.4616e-05
7.38841e-05
7.31547e-05
7.24309e-05
7.17155e-05
7.10108e-05
7.03188e-05
6.97069e-05
6.91355e-05
6.85307e-05
6.79234e-05
6.7328e-05
6.67809e-05
6.63081e-05
6.58347e-05
6.53491e-05
6.48657e-05
6.43838e-05
6.39014e-05
6.34177e-05
6.29363e-05
6.24711e-05
6.48985e-05
7.21992e-05
8.05828e-05
8.8778e-05
9.6314e-05
0.000102723
0.000108218
0.000112914
0.000116897
0.000120241
0.000123013
0.000125273
0.000127063
0.000128358
0.000129223
0.00013044
0.000131528
0.000132164
0.000132468
0.000132472
0.00013214
0.000131526
0.00013074
0.000129814
0.000128718
0.00012753
0.000126275
0.000124965
0.000123933
0.000123103
0.000122105
0.000120851
0.000119487
0.000118254
0.00011724
0.000116302
0.000115422
0.000114403
0.000113266
0.00011203
0.00011072
0.000109916
0.00010919
0.000108387
0.000107338
0.000106061
0.00010465
0.000103267
0.000102312
0.000101379
0.000100484
9.97146e-05
9.8729e-05
9.75436e-05
9.62549e-05
9.48266e-05
9.33635e-05
9.1959e-05
9.07287e-05
8.94573e-05
8.81693e-05
8.68581e-05
8.55801e-05
8.43301e-05
8.31105e-05
8.19234e-05
8.07749e-05
7.96587e-05
7.85941e-05
7.77111e-05
7.69746e-05
7.62907e-05
7.55747e-05
7.48402e-05
7.40906e-05
7.33454e-05
7.25958e-05
7.18447e-05
7.11132e-05
7.04021e-05
6.96929e-05
6.90017e-05
6.83307e-05
6.76864e-05
6.7062e-05
6.64593e-05
6.58772e-05
6.53096e-05
6.47663e-05
6.42459e-05
6.37427e-05
6.32566e-05
6.2786e-05
6.23356e-05
6.19058e-05
6.14937e-05
6.10966e-05
6.07166e-05
6.0353e-05
6.00041e-05
5.96627e-05
5.93323e-05
5.90114e-05
5.87e-05
5.84022e-05
5.81176e-05
5.78444e-05
5.75763e-05
5.73192e-05
5.70733e-05
5.6838e-05
5.66125e-05
5.64266e-05
5.62967e-05
5.61631e-05
5.60231e-05
5.58777e-05
5.5728e-05
5.5575e-05
5.5416e-05
5.52552e-05
5.5092e-05
5.49288e-05
5.47677e-05
5.46088e-05
5.44535e-05
5.43066e-05
5.41852e-05
5.40667e-05
5.39479e-05
5.38276e-05
5.37089e-05
5.3591e-05
5.34741e-05
5.33602e-05
5.3254e-05
5.31626e-05
5.30717e-05
5.2989e-05
5.29094e-05
5.28287e-05
5.27475e-05
5.26648e-05
5.25818e-05
5.24986e-05
5.24166e-05

