5e-05
5e-05
5e-05
5e-05
5e-05
5e-05
5e-05
5e-05
5e-05
5e-05
5e-05
5e-05
5e-05
5e-05
5e-05
5e-05
5e-05
5e-05
5e-05
5e-05
5e-05
5e-05
5e-05
5e-05
5e-05
5e-05
5e-05
5e-05
5e-05
5e-05
5e-05
5e-05
5e-05
5e-05
5e-05
5e-05
5e-05
5e-05
5e-05
5e-05
5e-05
5e-05
5e-05
5e-05
5e-05
5e-05
5.01878e-05
5.58923e-05
6.56178e-05
7.57302e-05
8.52112e-05
9.3588e-05
0.000100604
0.000106433
0.000111317
0.000115377
0.000118715
0.000121415
0.000123474
0.000125055
0.000126228
0.000126981
0.000127431
0.000127629
0.000127553
0.00012718
0.000126646
0.000125994
0.000125243
0.000124403
0.000123485
0.000122499
0.000121451
0.000120351
0.000119195
0.000117937
0.000116631
0.000115286
0.000113937
0.00011259
0.000111247
0.000109858
0.000108461
0.000107056
0.000105648
0.000104267
0.0001029
0.000101555
0.000100242
9.89585e-05
9.76927e-05
9.64369e-05
9.51933e-05
9.39643e-05
9.27493e-05
9.1567e-05
9.042e-05
8.93605e-05
8.86437e-05
8.80505e-05
8.73925e-05
8.66745e-05
8.5906e-05
8.50876e-05
8.4217e-05
8.33285e-05
8.24314e-05
8.15322e-05
8.06361e-05
7.97474e-05
7.88695e-05
7.80054e-05
7.71529e-05
7.63075e-05
7.54833e-05
7.46818e-05
7.39035e-05
7.31483e-05
7.2416e-05
7.17061e-05
7.10183e-05
7.0352e-05
6.97066e-05
6.90816e-05
6.84765e-05
6.78905e-05
6.73232e-05
6.67739e-05
6.62421e-05
6.57213e-05
6.52157e-05
6.47272e-05
6.42556e-05
6.38001e-05
6.33556e-05
6.29241e-05
6.2508e-05
6.21067e-05
6.17108e-05
6.13341e-05
6.10211e-05
6.07193e-05
6.05273e-05
6.09115e-05
6.34194e-05
6.59465e-05
6.58898e-05
6.52846e-05
6.46342e-05
6.39479e-05
6.32462e-05
6.25589e-05
6.19225e-05
6.13066e-05
6.07138e-05
6.0147e-05
5.96278e-05
5.91415e-05
5.86749e-05
5.82291e-05
5.78049e-05
5.74025e-05
5.70217e-05
5.66622e-05
5.63233e-05
5.60039e-05
5.5703e-05
5.54196e-05
5.51527e-05
5.49013e-05
5.46644e-05
5.4441e-05
5.42307e-05
5.40346e-05
5.38615e-05
5.36953e-05
5.3535e-05
5.3381e-05
5.32333e-05
5.30923e-05
5.29579e-05
5.28301e-05
5.27085e-05
5.25929e-05
5.24831e-05
5.23789e-05
5.22799e-05
5.21858e-05
5.20964e-05
5.20117e-05
5.19313e-05
5.18547e-05
5.17816e-05
5.1712e-05
5.16457e-05
5.15825e-05
5.15221e-05
5.14644e-05
5.14093e-05
5.13568e-05
5.13066e-05
5.12585e-05
5.12125e-05
5.11685e-05
5.11264e-05
5.10861e-05
5.10475e-05
5.10106e-05
5.09751e-05
5.0941e-05
5.09082e-05
5.08768e-05
5.08466e-05
5.08176e-05
5.07897e-05
5.07629e-05
5.0737e-05
5.07122e-05
5.06884e-05
5.06654e-05
5.06433e-05
5.06219e-05
5.06014e-05
5.05819e-05
5.05658e-05
5.05499e-05
5.05338e-05
5.05177e-05
5.05017e-05
5.04859e-05
5.04705e-05
5.04554e-05
5.04407e-05
5.04264e-05
5.04144e-05
5.04031e-05
5.03916e-05
5.03816e-05
5.0372e-05
5.03618e-05
5.03513e-05
5.03407e-05
5.03301e-05
5.03196e-05
5.03094e-05
5.02993e-05
5.02896e-05
5.02801e-05
5.02709e-05
5.02621e-05

