5e-05
5e-05
5e-05
5e-05
5e-05
5e-05
5e-05
5e-05
5e-05
5e-05
5e-05
5e-05
5e-05
5e-05
5.00028e-05
5.49122e-05
6.41012e-05
7.39307e-05
8.42711e-05
9.3192e-05
9.98885e-05
0.000105232
0.000109628
0.000113138
0.000116903
0.000127071
0.000136792
0.000145421
0.000154891
0.000184334
0.000229736
0.000236678
0.000232296
0.00022509
0.00021728
0.000209485
0.000201938
0.000194736
0.000187911
0.000181468
0.000175414
0.000169733
0.000164405
0.000159407
0.00015473
0.000150774
0.000147087
0.000143551
0.000140148
0.000137211
0.000134652
0.000132227
0.000129675
0.000127001
0.000124335
0.000121731
0.000119174
0.000116699
0.000114287
0.000111949
0.000109553
0.000107203
0.000104972
0.000102845
0.000100819
9.88733e-05
9.70154e-05
9.52545e-05
9.35855e-05
9.19877e-05
9.04567e-05
8.8969e-05
8.75533e-05
8.62086e-05
8.49257e-05
8.36831e-05
8.24842e-05
8.13425e-05
8.02545e-05
7.9206e-05
7.81994e-05
7.72206e-05
7.62742e-05
7.53626e-05
7.44908e-05
7.36576e-05
7.28547e-05
7.20841e-05
7.13298e-05
7.06045e-05
6.99122e-05
6.92439e-05
6.85966e-05
6.7971e-05
6.77162e-05
6.79735e-05
6.81465e-05
6.81838e-05
6.80854e-05
6.78806e-05
6.75504e-05
6.71535e-05
6.67075e-05
6.62196e-05
6.5715e-05
6.52029e-05
6.46876e-05
6.4168e-05
6.36573e-05
6.3159e-05
6.26749e-05
6.22062e-05
6.17652e-05
6.13892e-05
6.10151e-05
6.06456e-05
6.02725e-05
5.98995e-05
5.95351e-05
5.9182e-05
5.88402e-05
5.85127e-05
5.8196e-05
5.78885e-05
5.75894e-05
5.73034e-05
5.70313e-05
5.67717e-05
5.65216e-05
5.62813e-05
5.60523e-05
5.58341e-05
5.56438e-05
5.54761e-05
5.53109e-05
5.51612e-05
5.50175e-05
5.48737e-05
5.47557e-05
5.47065e-05
5.46616e-05
5.45982e-05
5.45091e-05
5.44066e-05
5.43247e-05
5.425e-05
5.41421e-05
5.40228e-05
5.38972e-05
5.37655e-05
5.36281e-05
5.34909e-05
5.33572e-05
5.3225e-05
5.30969e-05
5.29735e-05
5.28552e-05
5.27423e-05
5.26731e-05
5.26734e-05
5.2662e-05
5.2639e-05
5.2597e-05
5.25351e-05
5.24644e-05
5.23998e-05
5.23356e-05
5.22686e-05
5.21983e-05
5.21238e-05
5.2048e-05
5.19721e-05
5.18974e-05
5.18247e-05
5.17546e-05
5.16871e-05
5.16217e-05
5.15589e-05
5.15042e-05
5.1451e-05
5.13987e-05
5.13476e-05
5.12975e-05
5.12488e-05
5.12007e-05
5.11542e-05
5.11096e-05
5.10672e-05
5.10264e-05
5.09871e-05
5.09491e-05
5.09124e-05
5.08773e-05
5.08453e-05
5.08515e-05
5.08647e-05
5.08711e-05
5.087e-05
5.0859e-05
5.08422e-05
5.08217e-05
5.07991e-05
5.07744e-05
5.07486e-05
5.07225e-05
5.06954e-05
5.0668e-05
5.06412e-05
5.06152e-05
5.059e-05
5.0566e-05
5.05503e-05
5.05495e-05
5.05456e-05
5.0539e-05
5.05295e-05
5.05192e-05
5.05083e-05
5.04956e-05
5.04814e-05
5.04659e-05
5.04498e-05
5.04334e-05
5.04167e-05
5.04e-05
5.03837e-05
5.03678e-05
5.03524e-05
5.03374e-05
5.0323e-05
5.03091e-05
5.02959e-05
5.02833e-05
5.02715e-05
5.02601e-05
5.02494e-05
5.02392e-05
5.02295e-05
5.02203e-05
5.02115e-05
5.0203e-05
5.01949e-05
5.01879e-05
5.01814e-05
5.01752e-05
5.01695e-05
5.01651e-05
5.0161e-05
5.01566e-05
5.0152e-05

