5e-05
5e-05
5e-05
5e-05
5e-05
5e-05
5e-05
5e-05
5e-05
5e-05
5e-05
5e-05
5e-05
5e-05
5e-05
5e-05
5e-05
5e-05
5e-05
5e-05
5e-05
5e-05
5e-05
5e-05
5e-05
5e-05
5e-05
5e-05
5e-05
5e-05
5e-05
5e-05
5e-05
5e-05
5e-05
5e-05
5e-05
5e-05
5e-05
5e-05
5e-05
5e-05
5e-05
5e-05
5e-05
5e-05
5e-05
5e-05
5e-05
5e-05
5e-05
5e-05
5e-05
5e-05
5e-05
5e-05
5e-05
5e-05
5e-05
5e-05
5e-05
5e-05
5e-05
5e-05
5e-05
5e-05
5e-05
5e-05
5e-05
5e-05
5e-05
5e-05
5e-05
5e-05
5e-05
5e-05
5e-05
5e-05
5e-05
5e-05
5e-05
5e-05
5e-05
5e-05
5e-05
5e-05
5e-05
5e-05
5e-05
5e-05
5e-05
5e-05
5e-05
5e-05
5e-05
5e-05
5e-05
5e-05
5e-05
5e-05
5e-05
5e-05
5e-05
5e-05
5e-05
5e-05
5e-05
5e-05
5e-05
5e-05
5e-05
5e-05
5e-05
5e-05
5e-05
5e-05
5e-05
5e-05
5e-05
5e-05
5e-05
5e-05
5e-05
5e-05
5.25629e-05
6.03395e-05
6.93483e-05
7.81902e-05
8.62944e-05
9.3175e-05
9.91378e-05
0.000104295
0.000108692
0.000112596
0.000116729
0.000120171
0.000122896
0.000125068
0.000126734
0.000127788
0.000128395
0.000128706
0.000128717
0.000128507
0.000128148
0.000128239
0.000128552
0.000128955
0.000128982
0.000128644
0.000127987
0.000127098
0.000125995
0.000124683
0.000123287
0.000121825
0.000120277
0.000118656
0.000116977
0.000115245
0.000113514
0.0001118
0.000110124
0.000108466
0.000106851
0.000105261
0.000103704
0.000102176
0.000100672
9.92148e-05
9.78058e-05
9.64216e-05
9.50669e-05
9.37236e-05
9.24199e-05
9.11456e-05
8.99024e-05
8.87055e-05
8.75539e-05
8.64427e-05
8.5354e-05
8.4302e-05
8.32868e-05
8.23063e-05
8.1358e-05
8.04397e-05
7.95485e-05
7.86694e-05
7.78067e-05
7.69556e-05
7.61163e-05
7.53078e-05
7.45298e-05
7.37806e-05
7.30584e-05
7.23611e-05
7.16874e-05
7.10357e-05
7.04047e-05
6.97933e-05
6.92006e-05
6.86256e-05
6.80675e-05
6.75258e-05
6.69992e-05
6.64794e-05
6.59663e-05
6.54608e-05
6.49734e-05
6.45038e-05
6.40511e-05
6.36144e-05
6.31929e-05
6.27856e-05
6.23918e-05
6.20102e-05
6.16354e-05
6.12725e-05
6.09189e-05
6.05743e-05
6.02385e-05
5.99129e-05
5.95993e-05
5.92968e-05
5.90012e-05
5.8716e-05
5.84414e-05
5.82177e-05
5.80064e-05
5.77903e-05
5.75723e-05
5.73548e-05
5.71374e-05
5.69216e-05
5.6709e-05
5.65021e-05
5.63008e-05
5.61053e-05
5.59154e-05
5.57309e-05
5.55459e-05
5.5364e-05
5.51888e-05
5.50203e-05
5.4858e-05
5.47008e-05
5.45465e-05
5.43971e-05
5.42504e-05
5.41093e-05

