5e-05
5e-05
5e-05
5e-05
5e-05
5e-05
5e-05
5e-05
5e-05
5e-05
5e-05
5e-05
5e-05
5e-05
5e-05
5e-05
5e-05
5e-05
5e-05
5e-05
5e-05
5e-05
5e-05
5e-05
5e-05
5e-05
5e-05
5e-05
5e-05
5e-05
5e-05
5e-05
5e-05
5e-05
5e-05
5e-05
5e-05
5e-05
5e-05
5e-05
5e-05
5e-05
5e-05
5e-05
5e-05
5e-05
5e-05
5e-05
5e-05
5e-05
5e-05
5e-05
5e-05
5e-05
5e-05
5e-05
5e-05
5e-05
5e-05
5e-05
5e-05
5e-05
5e-05
5e-05
5e-05
5e-05
5e-05
5e-05
5e-05
5e-05
5e-05
5e-05
5e-05
5e-05
5e-05
5e-05
5.0014e-05
5.49919e-05
6.39212e-05
7.33157e-05
8.22479e-05
9.01748e-05
9.68848e-05
0.000102512
0.000107221
0.000111206
0.000114525
0.000117324
0.000119594
0.000121442
0.000122903
0.000123989
0.000124793
0.000125247
0.000125349
0.00012526
0.000125029
0.000124672
0.000124201
0.000123625
0.000122953
0.000122194
0.000121357
0.000120448
0.000119475
0.000118441
0.000117312
0.000116143
0.000114923
0.000113661
0.000112388
0.000111108
0.000109824
0.000108524
0.000107204
0.00010589
0.000104588
0.000103298
0.000102021
0.000100758
9.9513e-05
9.85698e-05
9.76538e-05
9.66149e-05
9.55269e-05
9.4428e-05
9.33254e-05
9.22236e-05
9.11184e-05
9.01391e-05
8.92925e-05
8.84195e-05
8.75207e-05
8.65814e-05
8.56191e-05
8.46548e-05
8.36941e-05
8.27345e-05
8.17574e-05
8.07766e-05
7.98143e-05
7.888e-05
7.79503e-05
7.71128e-05
7.6402e-05
7.72874e-05
8.35518e-05
9.13172e-05
9.89495e-05
0.000105779
0.000111533
0.000116327
0.000120094
0.000123151
0.000128764
0.000139337
0.000148616
0.000155914
0.000161166
0.000165033
0.0001674
0.000168638
0.000168938
0.00016845
0.000167259
0.000165704
0.000164213
0.000162225
0.00015995
0.000157475
0.000154827
0.000151979
0.000150388
0.000152689
0.000162922
0.000193985
0.000199211
0.000194912
0.000188392
0.000181466
0.000174645
0.000168094
0.000161879
0.000156023
0.000150516
0.000145355
0.000140518
0.000135994
0.000131759
0.000127794
0.000124074
0.000120595
0.000117327
0.000114264
0.000111393
0.000108696
0.00010616
0.000103771
0.000101501
9.93491e-05
9.79214e-05
9.77247e-05
9.73004e-05
9.66381e-05
9.57214e-05
9.4592e-05
9.32949e-05
9.18844e-05
9.04392e-05
8.89592e-05
8.74914e-05
8.60512e-05
8.46469e-05
8.32807e-05
8.19457e-05
8.06858e-05
7.95844e-05
7.85179e-05
7.74787e-05
7.64654e-05
7.54693e-05
7.45059e-05
7.35768e-05
7.26819e-05
7.18116e-05
7.09728e-05
7.01688e-05
6.93985e-05
6.86608e-05
6.79543e-05
6.72777e-05
6.66256e-05
6.5996e-05
6.53888e-05
6.48085e-05
6.42545e-05
6.37253e-05
6.32195e-05
6.2731e-05
6.22626e-05
6.1813e-05
6.13798e-05
6.09658e-05
6.05702e-05
6.01919e-05
5.98298e-05
5.9483e-05
5.91505e-05
5.88315e-05
5.85253e-05

