5e-05
5e-05
5e-05
5e-05
5e-05
5e-05
5e-05
5e-05
5e-05
5e-05
5e-05
5e-05
5e-05
5e-05
5e-05
5e-05
5e-05
5e-05
5e-05
5e-05
5e-05
5e-05
5e-05
5e-05
5e-05
5e-05
5e-05
5e-05
5e-05
5e-05
5e-05
5e-05
5e-05
5e-05
5e-05
5e-05
5e-05
5e-05
5e-05
5e-05
5e-05
5e-05
5e-05
5e-05
5e-05
5e-05
5e-05
5e-05
5e-05
5e-05
5e-05
5e-05
5e-05
5e-05
5e-05
5e-05
5e-05
5e-05
5e-05
5e-05
5e-05
5e-05
5e-05
5e-05
5e-05
5e-05
5e-05
5e-05
5e-05
5e-05
5e-05
5e-05
5e-05
5e-05
5e-05
5e-05
5e-05
5e-05
5e-05
5e-05
5e-05
5e-05
5e-05
5e-05
5e-05
5e-05
5e-05
5e-05
5e-05
5e-05
5e-05
5e-05
5e-05
5e-05
5e-05
5e-05
5e-05
5e-05
5e-05
5e-05
5e-05
5e-05
5e-05
5e-05
5e-05
5e-05
5e-05
5e-05
5e-05
5e-05
5e-05
5e-05
5e-05
5e-05
5e-05
5e-05
5e-05
5e-05
5e-05
5e-05
5e-05
5e-05
5e-05
5e-05
5e-05
5e-05
5e-05
5e-05
5e-05
5e-05
5e-05
5e-05
5e-05
5e-05
5e-05
5e-05
5e-05
5e-05
5e-05
5e-05
5e-05
5e-05
5e-05
5e-05
5e-05
5.02131e-05
5.71177e-05
6.78869e-05
7.8696e-05
8.84365e-05
9.69675e-05
0.000104173
0.000110218
0.000115248
0.000119391
0.000122762
0.000125461
0.000127576
0.000129182
0.000130347
0.000131127
0.000131574
0.000131731
0.000131576
0.000131192
0.000130633
0.000130014
0.000129813
0.000129429
0.000128835
0.000128037
0.000127032
0.000125892
0.000124961
0.000124076
0.000122916
0.000122084
0.000121243
0.000120238
0.000119092
0.000117826
0.000116465
0.000115028
0.000113536
0.000112004
0.000110446
0.000108875
0.000107301
0.000105731
0.000104163
0.00010259
0.000101045
9.95155e-05
9.79873e-05
9.64979e-05
9.50548e-05
9.36575e-05
9.23324e-05
9.12724e-05
9.02357e-05
8.91921e-05
8.81441e-05
8.70959e-05
8.6042e-05
8.49589e-05
8.39469e-05
8.30958e-05
8.22272e-05
8.13514e-05
8.04737e-05
7.9598e-05
7.87282e-05
7.78674e-05
7.70184e-05
7.61837e-05
7.53652e-05
7.45645e-05
7.37826e-05
7.30205e-05
7.22788e-05
7.15551e-05
7.08435e-05
7.01538e-05
6.94782e-05
6.88252e-05
6.81961e-05
6.75902e-05
6.70028e-05
6.64329e-05
6.58846e-05
6.53896e-05
6.49717e-05
6.45588e-05
6.41477e-05
6.37811e-05
6.34601e-05
6.31292e-05
6.2789e-05
6.24419e-05
6.20908e-05
6.17326e-05
6.13715e-05
6.10145e-05
6.06634e-05
6.03191e-05
5.99772e-05
5.96412e-05
5.93123e-05
5.89944e-05
5.86876e-05

