5e-05
5e-05
5e-05
5e-05
5e-05
5e-05
5e-05
5e-05
5e-05
5e-05
5e-05
5e-05
5e-05
5e-05
5e-05
5e-05
5e-05
5e-05
5e-05
5e-05
5e-05
5e-05
5e-05
5e-05
5e-05
5e-05
5e-05
5e-05
5e-05
5e-05
5e-05
5e-05
5e-05
5e-05
5e-05
5e-05
5e-05
5e-05
5e-05
5e-05
5e-05
5e-05
5e-05
5e-05
5e-05
5e-05
5e-05
5e-05
5e-05
5e-05
5e-05
5e-05
5e-05
5e-05
5e-05
5e-05
5e-05
5e-05
5e-05
5e-05
5e-05
5e-05
5e-05
5e-05
5e-05
5e-05
5e-05
5e-05
5e-05
5e-05
5e-05
5e-05
5e-05
5e-05
5e-05
5e-05
5e-05
5e-05
5e-05
5e-05
5e-05
5e-05
5e-05
5e-05
5e-05
5e-05
5e-05
5e-05
5e-05
5e-05
5e-05
5e-05
5e-05
5e-05
5e-05
5e-05
5e-05
5e-05
5e-05
5e-05
5e-05
5e-05
5e-05
5e-05
5e-05
5e-05
5e-05
5e-05
5e-05
5e-05
5e-05
5e-05
5e-05
5e-05
5e-05
5e-05
5e-05
5e-05
5e-05
5e-05
5e-05
5e-05
5e-05
5e-05
5e-05
5e-05
5e-05
5e-05
5e-05
5e-05
5e-05
5e-05
5e-05
5e-05
5e-05
5e-05
5e-05
5e-05
5e-05
5e-05
5e-05
5e-05
5e-05
5e-05
5e-05
5e-05
5.07984e-05
5.80924e-05
6.76619e-05
7.65783e-05
8.45357e-05
9.14132e-05
9.80498e-05
0.000103798
0.000108552
0.000112382
0.000115347
0.000117787
0.000119645
0.000120982
0.000121945
0.000122611
0.000123034
0.000123368
0.000123928
0.000124172
0.000124153
0.000123941
0.000123468
0.000122808
0.000122012
0.000121096
0.000120108
0.000119411
0.000118821
0.000118019
0.000117073
0.000116036
0.000114852
0.000113606
0.000112277
0.000110894
0.000109488
0.000108078
0.000106633
0.000105186
0.000103768
0.000102381
0.000101025
9.96977e-05
9.83986e-05
9.71263e-05
9.58737e-05
9.4606e-05
9.33458e-05
9.2121e-05
9.09324e-05
8.97726e-05
8.8632e-05
8.7521e-05
8.64294e-05
8.53706e-05
8.43307e-05
8.33203e-05
8.23218e-05
8.13471e-05
8.03867e-05
7.94538e-05
7.85477e-05
7.76669e-05
7.68155e-05
7.59883e-05
7.51927e-05
7.44255e-05
7.36781e-05
7.29576e-05
7.2319e-05
7.17613e-05
7.11961e-05
7.06308e-05
7.00552e-05
6.94739e-05
6.88831e-05
6.83037e-05
6.7742e-05
6.71974e-05
6.66626e-05
6.6138e-05
6.56309e-05
6.51389e-05
6.46556e-05
6.41827e-05
6.37269e-05
6.3281e-05
6.28466e-05
6.24304e-05
6.2029e-05
6.16325e-05
6.1246e-05
6.08966e-05
6.06092e-05
6.03224e-05
6.00646e-05
5.98355e-05
5.95975e-05
5.93546e-05
5.91048e-05
5.88458e-05
5.85876e-05
5.83306e-05

