5e-05
5e-05
5e-05
5e-05
5e-05
5e-05
5e-05
5e-05
5e-05
5e-05
5e-05
5e-05
5e-05
5e-05
5e-05
5e-05
5e-05
5e-05
5e-05
5e-05
5e-05
5e-05
5e-05
5e-05
5e-05
5e-05
5e-05
5e-05
5e-05
5e-05
5e-05
5e-05
5e-05
5e-05
5e-05
5e-05
5e-05
5e-05
5e-05
5e-05
5e-05
5e-05
5e-05
5e-05
5e-05
5e-05
5e-05
5e-05
5e-05
5e-05
5e-05
5e-05
5e-05
5e-05
5e-05
5e-05
5e-05
5e-05
5e-05
5e-05
5e-05
5e-05
5e-05
5e-05
5e-05
5e-05
5e-05
5e-05
5e-05
5e-05
5e-05
5e-05
5e-05
5e-05
5e-05
5e-05
5e-05
5e-05
5e-05
5e-05
5e-05
5e-05
5e-05
5e-05
5e-05
5e-05
5e-05
5e-05
5e-05
5e-05
5e-05
5e-05
5e-05
5e-05
5e-05
5e-05
5e-05
5e-05
5e-05
5e-05
5e-05
5e-05
5e-05
5e-05
5e-05
5e-05
5e-05
5e-05
5e-05
5e-05
5e-05
5e-05
5e-05
5e-05
5e-05
5e-05
5e-05
5e-05
5e-05
5e-05
5e-05
5e-05
5e-05
5e-05
5e-05
5e-05
5e-05
5e-05
5e-05
5e-05
5e-05
5e-05
5e-05
5e-05
5e-05
5e-05
5e-05
5e-05
5e-05
5e-05
5e-05
5e-05
5e-05
5e-05
5e-05
5e-05
5e-05
5e-05
5e-05
5e-05
5e-05
5e-05
5e-05
5e-05
5e-05
5e-05
5e-05
5e-05
5e-05
5e-05
5e-05
5e-05
5e-05
5e-05
5e-05
5e-05
5e-05
5e-05
5e-05
5e-05
5e-05
5e-05
5e-05
5e-05
5.40393e-05
6.30682e-05
7.28551e-05
8.21787e-05
9.05472e-05
9.77938e-05
0.000103905
0.000108993
0.000113333
0.000117003
0.000119898
0.000122228
0.00012407
0.000125538
0.000126615
0.000127363
0.000127813
0.000127945
0.000127886
0.000127654
0.000127227
0.000126631
0.000125875
0.000125028
0.000124115
0.000123128
0.000122061
0.000120951
0.000119806
0.000118624
0.000117353
0.000116037
0.000114673
0.000113271
0.000111881
0.000110507
0.00010914
0.00010773
0.000106338
0.000104973
0.000103634
0.000102321
0.000101318
0.000100783
0.000100159
9.94287e-05
9.86028e-05
9.7695e-05
9.67186e-05
9.56513e-05
9.4534e-05
9.33653e-05
9.21682e-05
9.09655e-05
8.97605e-05
8.85669e-05
8.74316e-05
8.65176e-05
8.56131e-05
8.46897e-05
8.37386e-05
8.27881e-05
8.18332e-05
8.08764e-05
7.99363e-05
7.9059e-05
7.83118e-05
7.75606e-05
7.68785e-05
7.62183e-05
7.55409e-05
7.48532e-05
7.41455e-05
7.34307e-05
7.27082e-05
7.19931e-05

