5e-05
5e-05
5e-05
5e-05
5e-05
5e-05
5e-05
5e-05
5e-05
5e-05
5e-05
5e-05
5e-05
5e-05
5e-05
5e-05
5e-05
5e-05
5e-05
5e-05
5e-05
5e-05
5e-05
5e-05
5e-05
5e-05
5e-05
5e-05
5e-05
5e-05
5e-05
5e-05
5e-05
5e-05
5e-05
5e-05
5e-05
5e-05
5e-05
5e-05
5e-05
5e-05
5e-05
5e-05
5e-05
5e-05
5e-05
5e-05
5e-05
5e-05
5e-05
5e-05
5e-05
5e-05
5e-05
5e-05
5e-05
5e-05
5e-05
5e-05
5e-05
5e-05
5e-05
5e-05
5e-05
5e-05
5e-05
5e-05
5e-05
5e-05
5e-05
5e-05
5e-05
5e-05
5e-05
5e-05
5e-05
5e-05
5e-05
5e-05
5e-05
5e-05
5e-05
5e-05
5e-05
5e-05
5e-05
5e-05
5e-05
5e-05
5e-05
5e-05
5e-05
5e-05
5e-05
5e-05
5e-05
5e-05
5e-05
5e-05
5e-05
5e-05
5e-05
5e-05
5e-05
5e-05
5e-05
5e-05
5e-05
5e-05
5e-05
5e-05
5e-05
5e-05
5e-05
5e-05
5e-05
5e-05
5e-05
5e-05
5e-05
5e-05
5e-05
5e-05
5e-05
5e-05
5e-05
5e-05
5e-05
5e-05
5e-05
5e-05
5e-05
5e-05
5.14197e-05
5.86621e-05
6.77038e-05
7.65868e-05
8.45213e-05
9.11338e-05
9.6772e-05
0.000101647
0.000105834
0.000109343
0.000112316
0.000114823
0.000118567
0.000123063
0.000126578
0.000129089
0.000130784
0.000131924
0.000134412
0.000136529
0.000137889
0.000139306
0.00014013
0.000140217
0.000139564
0.000138502
0.00013727
0.000136349
0.000135183
0.000133766
0.000132046
0.000130095
0.000128011
0.000125865
0.000123627
0.000121404
0.000119233
0.000117106
0.000114981
0.000112903
0.000110896
0.000108941
0.000107044
0.000105212
0.000103452
0.000101739
0.000100092
9.85091e-05
9.69866e-05
9.5513e-05
9.40781e-05
9.26951e-05
9.1362e-05
9.00859e-05
8.90685e-05
8.80677e-05
8.7059e-05
8.60507e-05
8.5046e-05
8.40479e-05
8.30592e-05
8.20827e-05
8.11207e-05
8.01612e-05
7.92177e-05
7.82977e-05
7.74022e-05
7.65304e-05
7.5672e-05
7.4839e-05
7.40277e-05
7.32375e-05
7.24651e-05
7.17105e-05
7.09789e-05
7.02743e-05
6.95987e-05
6.89506e-05
6.83282e-05
6.77299e-05
6.71542e-05
6.65998e-05
6.60654e-05
6.555e-05
6.50488e-05
6.45601e-05
6.40837e-05
6.36235e-05
6.31759e-05
6.27445e-05
6.23253e-05
6.19624e-05
6.16448e-05
6.13228e-05
6.10021e-05
6.06814e-05
6.03586e-05
6.00385e-05
5.97258e-05
5.94212e-05
5.91247e-05
5.88364e-05
5.85527e-05
5.82767e-05
5.80094e-05
5.77476e-05
5.74914e-05
5.72413e-05
5.69972e-05
5.67604e-05
5.65335e-05
5.63162e-05
5.61079e-05
5.5908e-05
5.57159e-05
5.55311e-05

