5e-05
5e-05
5e-05
5e-05
5e-05
5e-05
5e-05
5e-05
5e-05
5e-05
5e-05
5e-05
5e-05
5e-05
5e-05
5e-05
5e-05
5e-05
5e-05
5e-05
5e-05
5e-05
5e-05
5e-05
5e-05
5e-05
5e-05
5e-05
5e-05
5e-05
5e-05
5e-05
5e-05
5e-05
5e-05
5e-05
5e-05
5e-05
5e-05
5e-05
5e-05
5e-05
5e-05
5e-05
5e-05
5.31173e-05
6.10086e-05
7.04912e-05
8.93313e-05
0.000109573
0.000126538
0.000139556
0.000148152
0.000153886
0.000157819
0.000160234
0.000161329
0.000161569
0.000161164
0.00016009
0.000158238
0.000156045
0.000153767
0.000151449
0.000149106
0.000146721
0.000144363
0.000141993
0.000139617
0.000137246
0.000134944
0.000132726
0.000130584
0.000128478
0.000126421
0.000124409
0.000122459
0.000120542
0.000118617
0.000116697
0.000114811
0.000112953
0.000111111
0.00010931
0.000107551
0.000105858
0.000104217
0.00010262
0.000101058
9.95323e-05
9.80344e-05
9.65599e-05
9.51293e-05
9.3743e-05
9.23993e-05
9.11381e-05
9.01493e-05
8.91892e-05
8.82301e-05
8.72712e-05
8.63136e-05
8.53501e-05
8.43664e-05
8.33839e-05
8.24148e-05
8.1533e-05
8.07626e-05
7.99675e-05
7.91346e-05
7.8286e-05
7.74507e-05
7.66318e-05
7.58263e-05
7.502e-05
7.42319e-05
7.34586e-05
7.27025e-05
7.19517e-05
7.12249e-05
7.05275e-05
6.98581e-05
6.92091e-05
6.85737e-05
6.79457e-05
6.73427e-05
6.67623e-05
6.6206e-05
6.56743e-05
6.516e-05
6.46662e-05
6.4193e-05
6.37348e-05
6.32926e-05
6.28745e-05
6.25406e-05
6.22714e-05
6.20136e-05
6.1742e-05
6.14683e-05
6.12178e-05
6.0948e-05
6.06943e-05
6.04667e-05
6.02234e-05
5.99663e-05
5.96968e-05
5.94193e-05
5.92188e-05
5.89983e-05
5.87384e-05
5.84617e-05
5.81819e-05
5.79348e-05
5.76919e-05
5.74463e-05
5.71979e-05
5.69463e-05
5.67025e-05
5.64622e-05
5.62256e-05
5.59966e-05
5.57766e-05
5.55661e-05
5.53695e-05
5.51979e-05
5.50288e-05
5.48632e-05
5.47028e-05
5.45439e-05
5.43886e-05
5.42379e-05
5.40918e-05
5.39514e-05
5.38301e-05
5.37202e-05
5.36088e-05
5.34979e-05
5.33892e-05
5.32801e-05
5.31733e-05
5.30679e-05
5.29644e-05
5.28639e-05
5.27668e-05
5.26715e-05
5.25792e-05
5.24907e-05
5.24061e-05
5.2325e-05
5.22472e-05
5.21725e-05
5.21007e-05
5.20314e-05
5.19631e-05
5.18965e-05
5.18327e-05
5.17715e-05
5.17126e-05
5.16555e-05
5.16005e-05
5.15472e-05
5.1496e-05
5.14463e-05
5.13985e-05
5.13517e-05
5.13066e-05
5.12625e-05
5.122e-05
5.1179e-05
5.11395e-05
5.11015e-05
5.10648e-05
5.10297e-05
5.0996e-05
5.09634e-05
5.09321e-05
5.09043e-05
5.08798e-05
5.08553e-05
5.08309e-05
5.08063e-05
5.07817e-05
5.07568e-05
5.07326e-05
5.07091e-05
5.06865e-05
5.06643e-05
5.06427e-05
5.06218e-05
5.06016e-05
5.05818e-05
5.05625e-05
5.05439e-05
5.05258e-05
5.05082e-05
5.04914e-05
5.04752e-05
5.04592e-05
5.04436e-05
5.04295e-05
5.04179e-05
5.04064e-05
5.0396e-05
5.03867e-05
5.03771e-05
5.03674e-05
5.03574e-05
5.03471e-05
5.03368e-05
5.03266e-05

