5e-05
5e-05
5e-05
5e-05
5e-05
5e-05
5e-05
5e-05
5e-05
5e-05
5e-05
5e-05
5e-05
5e-05
5e-05
5e-05
5e-05
5e-05
5e-05
5.01332e-05
5.52246e-05
6.32151e-05
7.14675e-05
7.90698e-05
8.58208e-05
9.16689e-05
9.67715e-05
0.000101227
0.000105079
0.000108262
0.000110915
0.000113164
0.00011504
0.000116515
0.000117554
0.000118316
0.000118875
0.000119228
0.000119343
0.00011931
0.00011915
0.000118874
0.000118491
0.000118014
0.000117976
0.000117889
0.000117553
0.000117176
0.000117048
0.000116674
0.000116036
0.000115168
0.00011402
0.000112737
0.00011142
0.000110079
0.0001091
0.000108183
0.000107491
0.000106631
0.000105525
0.000104317
0.000103067
0.000101789
0.000100494
9.91717e-05
9.78541e-05
9.67878e-05
9.56595e-05
9.45077e-05
9.33458e-05
9.21764e-05
9.09875e-05
8.98084e-05
8.86459e-05
8.75031e-05
8.63821e-05
8.52748e-05
8.41831e-05
8.31205e-05
8.20762e-05
8.10454e-05
8.00391e-05
7.90619e-05
7.81049e-05
7.71747e-05
7.62725e-05
7.54065e-05
7.45734e-05
7.37667e-05
7.2993e-05
7.22498e-05
7.1525e-05
7.08149e-05
7.02127e-05
6.96634e-05
6.91134e-05
6.85649e-05
6.80252e-05
6.74929e-05
6.6964e-05
6.64468e-05
6.59385e-05
6.5431e-05
6.49342e-05
6.44496e-05
6.39761e-05
6.35192e-05
6.30764e-05
6.26474e-05
6.2235e-05
6.18384e-05
6.14552e-05
6.1106e-05
6.08758e-05
6.06501e-05
6.04119e-05
6.01628e-05
5.9905e-05
5.96406e-05
5.93721e-05
5.91092e-05
5.89132e-05
5.8749e-05
5.85579e-05
5.83351e-05
5.80996e-05
5.78469e-05
5.75934e-05
5.74187e-05
5.75102e-05
5.75862e-05
5.76149e-05
5.75657e-05
5.74437e-05
5.7272e-05
5.70973e-05
5.69223e-05
5.67163e-05
5.64833e-05
5.62415e-05
5.60026e-05
5.57691e-05
5.55561e-05
5.54177e-05
5.61863e-05
5.73147e-05
5.73588e-05
5.70599e-05
5.66956e-05
5.63273e-05
5.59699e-05
5.56361e-05
5.53263e-05
5.50317e-05
5.47544e-05
5.45022e-05
5.42621e-05
5.40332e-05
5.38158e-05
5.361e-05
5.34158e-05
5.32328e-05
5.30606e-05
5.28989e-05
5.2747e-05
5.26041e-05
5.24696e-05
5.23435e-05
5.22249e-05
5.21133e-05
5.20083e-05
5.19095e-05
5.18264e-05
5.17844e-05
5.1732e-05
5.16715e-05
5.16065e-05
5.15396e-05
5.14728e-05
5.14071e-05
5.13435e-05
5.12824e-05
5.1224e-05
5.11686e-05
5.11158e-05
5.10659e-05
5.10185e-05
5.09737e-05
5.09312e-05
5.08909e-05
5.08529e-05
5.08168e-05
5.07825e-05
5.075e-05
5.07191e-05
5.06898e-05
5.06626e-05
5.06389e-05
5.06157e-05
5.0593e-05
5.05708e-05
5.05494e-05
5.05286e-05
5.05086e-05
5.04894e-05
5.04709e-05
5.04533e-05
5.04364e-05
5.04202e-05
5.04052e-05
5.03923e-05
5.03795e-05
5.03667e-05
5.03542e-05
5.03419e-05
5.033e-05
5.03184e-05
5.03072e-05
5.02964e-05
5.0286e-05
5.0276e-05
5.02664e-05
5.02582e-05
5.02504e-05
5.02426e-05
5.02349e-05
5.02272e-05
5.02197e-05
5.02123e-05
5.02052e-05
5.01982e-05
5.01915e-05
5.01859e-05
5.01805e-05
5.01751e-05
5.01699e-05
5.01653e-05
5.01607e-05
5.01559e-05
5.01511e-05
5.01463e-05
5.01415e-05
5.01369e-05
5.01323e-05
5.01279e-05
5.01236e-05
5.01195e-05
5.01161e-05
5.01128e-05

