5e-05
5e-05
5e-05
5e-05
5e-05
5e-05
5e-05
5e-05
5e-05
5e-05
5e-05
5e-05
5e-05
5e-05
5e-05
5e-05
5e-05
5.03255e-05
5.69075e-05
6.63136e-05
7.50588e-05
8.29488e-05
8.98662e-05
9.56524e-05
0.000101567
0.000114345
0.000126507
0.000137358
0.000149018
0.000182418
0.000233178
0.000241796
0.000237952
0.000230948
0.000223215
0.000215438
0.000207874
0.000200635
0.000193757
0.000187254
0.000181134
0.000175384
0.000169984
0.000164911
0.000160161
0.00015617
0.000152447
0.000148867
0.000145409
0.000142442
0.000139867
0.000137423
0.000134824
0.000132077
0.000129325
0.000126628
0.00012397
0.000121393
0.000118874
0.000116426
0.000113908
0.000111431
0.000109078
0.000106831
0.000104689
0.000102629
0.00010066
9.87924e-05
9.70206e-05
9.53225e-05
9.36938e-05
9.21089e-05
9.05996e-05
8.91648e-05
8.7795e-05
8.64666e-05
8.51837e-05
8.39611e-05
8.27953e-05
8.1671e-05
8.05907e-05
7.95392e-05
7.85217e-05
7.75409e-05
7.66024e-05
7.5705e-05
7.48396e-05
7.40086e-05
7.31945e-05
7.24114e-05
7.16635e-05
7.09413e-05
7.02412e-05
6.95643e-05
6.92923e-05
6.95799e-05
6.97747e-05
6.98207e-05
6.97179e-05
6.94985e-05
6.91415e-05
6.87113e-05
6.82271e-05
6.76968e-05
6.71481e-05
6.65909e-05
6.603e-05
6.54641e-05
6.49079e-05
6.4365e-05
6.38375e-05
6.33266e-05
6.28461e-05
6.24363e-05
6.20286e-05
6.16258e-05
6.12189e-05
6.08122e-05
6.04146e-05
6.00294e-05
5.96566e-05
5.92992e-05
5.89536e-05
5.8618e-05
5.82915e-05
5.79794e-05
5.76824e-05
5.7399e-05
5.7126e-05
5.68636e-05
5.66135e-05
5.63753e-05
5.61676e-05
5.59844e-05
5.58041e-05
5.56406e-05
5.54837e-05
5.53267e-05
5.51979e-05
5.51442e-05
5.50953e-05
5.50261e-05
5.49289e-05
5.48169e-05
5.47275e-05
5.46459e-05
5.45281e-05
5.43977e-05
5.42604e-05
5.41165e-05
5.39663e-05
5.38164e-05
5.36702e-05
5.35257e-05
5.33858e-05
5.32509e-05
5.31215e-05
5.29981e-05
5.29225e-05
5.29228e-05
5.29104e-05
5.28853e-05
5.28394e-05
5.27717e-05
5.26945e-05
5.26239e-05
5.25537e-05
5.24804e-05
5.24036e-05
5.23221e-05
5.22392e-05
5.21563e-05
5.20746e-05
5.19952e-05
5.19185e-05
5.18447e-05
5.17732e-05
5.17045e-05
5.16447e-05
5.15866e-05
5.15293e-05
5.14735e-05
5.14187e-05
5.13654e-05
5.13128e-05
5.1262e-05
5.12133e-05
5.11669e-05
5.11223e-05
5.10793e-05
5.10378e-05
5.09976e-05
5.09592e-05
5.09243e-05
5.0931e-05
5.09455e-05
5.09525e-05
5.09513e-05
5.09393e-05
5.09209e-05
5.08985e-05
5.08738e-05
5.08467e-05
5.08186e-05
5.079e-05
5.07604e-05
5.07304e-05
5.07011e-05
5.06727e-05
5.06452e-05
5.06189e-05
5.06017e-05
5.06009e-05
5.05965e-05
5.05894e-05
5.05789e-05
5.05677e-05
5.05558e-05
5.05419e-05
5.05264e-05
5.05094e-05
5.04918e-05
5.04739e-05
5.04557e-05
5.04374e-05
5.04195e-05
5.04022e-05
5.03854e-05
5.0369e-05
5.03532e-05
5.0338e-05
5.03235e-05
5.03098e-05
5.02968e-05
5.02844e-05
5.02727e-05
5.02615e-05
5.0251e-05
5.02409e-05
5.02313e-05
5.0222e-05
5.02131e-05
5.02055e-05
5.01984e-05
5.01916e-05
5.01853e-05
5.01805e-05
5.01761e-05
5.01713e-05
5.01663e-05

