5e-05
5e-05
5e-05
5e-05
5e-05
5e-05
5e-05
5e-05
5e-05
5e-05
5e-05
5e-05
5e-05
5e-05
5e-05
5e-05
5e-05
5e-05
5e-05
5e-05
5e-05
5e-05
5e-05
5e-05
5e-05
5e-05
5e-05
5e-05
5e-05
5e-05
5e-05
5e-05
5e-05
5e-05
5e-05
5e-05
5e-05
5e-05
5e-05
5e-05
5e-05
5e-05
5e-05
5e-05
5e-05
5e-05
5e-05
5e-05
5e-05
5e-05
5e-05
5e-05
5e-05
5e-05
5e-05
5e-05
5e-05
5e-05
5e-05
5e-05
5e-05
5e-05
5e-05
5e-05
5e-05
5e-05
5e-05
5e-05
5e-05
5e-05
5e-05
5e-05
5e-05
5e-05
5e-05
5e-05
5e-05
5e-05
5e-05
5e-05
5e-05
5e-05
5e-05
5e-05
5e-05
5e-05
5e-05
5e-05
5e-05
5e-05
5e-05
5e-05
5e-05
5e-05
5e-05
5e-05
5e-05
5e-05
5e-05
5e-05
5e-05
5e-05
5e-05
5e-05
5e-05
5e-05
5e-05
5.36138e-05
6.14899e-05
7.01308e-05
7.84804e-05
8.61259e-05
9.27099e-05
9.83625e-05
0.000103192
0.000107169
0.000110543
0.000113349
0.000115661
0.000117567
0.00011911
0.000120327
0.000121248
0.000121847
0.000122103
0.000122122
0.000121931
0.000121546
0.000121053
0.000120461
0.000119753
0.000118992
0.000118671
0.000118267
0.000117856
0.000117694
0.000117252
0.000116605
0.000116331
0.000116322
0.000115982
0.000115326
0.00011445
0.000113352
0.000112084
0.000110737
0.000109668
0.00010855
0.000107674
0.0001095
0.000117699
0.000136957
0.000139366
0.00013641
0.000132307
0.000128013
0.000123803
0.000119769
0.00011594
0.000112325
0.000108925
0.000105728
0.000102725
9.99045e-05
9.72596e-05
9.47799e-05
9.24489e-05
9.02569e-05
8.81966e-05
8.62607e-05
8.44392e-05
8.2726e-05
8.11126e-05
7.95924e-05
7.81604e-05
7.68122e-05
7.55406e-05
7.43408e-05
7.32083e-05
7.214e-05
7.11326e-05
7.01813e-05
6.92819e-05
6.84302e-05
6.76234e-05
6.68607e-05
6.61399e-05
6.54566e-05
6.48083e-05
6.41923e-05
6.36073e-05
6.30513e-05
6.2522e-05
6.20183e-05
6.15387e-05
6.11211e-05
6.07296e-05
6.03441e-05
5.99665e-05
5.95986e-05
5.92418e-05
5.88975e-05
5.85659e-05
5.8248e-05
5.79428e-05
5.765e-05
5.73696e-05
5.71011e-05
5.68447e-05
5.65986e-05
5.63623e-05
5.61355e-05
5.59178e-05
5.57092e-05
5.5509e-05
5.53168e-05
5.51321e-05
5.49548e-05
5.47848e-05
5.46215e-05
5.44643e-05
5.43131e-05
5.41676e-05
5.40281e-05
5.3894e-05
5.37647e-05
5.36401e-05
5.35199e-05
5.34039e-05
5.32921e-05
5.31842e-05
5.31593e-05
5.31824e-05
5.31705e-05
5.31287e-05
5.30641e-05
5.29857e-05
5.28979e-05
5.28061e-05
5.27608e-05
5.27732e-05
5.27534e-05
5.27031e-05
5.2635e-05
5.25568e-05
5.24824e-05
5.24064e-05
5.23267e-05
5.22515e-05
5.22502e-05

