5e-05
5e-05
5e-05
5e-05
5e-05
5e-05
5e-05
5e-05
5e-05
5e-05
5e-05
5e-05
5e-05
5e-05
5e-05
5e-05
5e-05
5e-05
5e-05
5e-05
5e-05
5e-05
5e-05
5e-05
5e-05
5e-05
5e-05
5e-05
5e-05
5e-05
5e-05
5e-05
5e-05
5e-05
5e-05
5e-05
5e-05
5e-05
5e-05
5e-05
5e-05
5e-05
5e-05
5e-05
5e-05
5e-05
5e-05
5e-05
5e-05
5e-05
5e-05
5e-05
5e-05
5e-05
5e-05
5e-05
5e-05
5e-05
5e-05
5e-05
5e-05
5e-05
5e-05
5e-05
5e-05
5e-05
5e-05
5.06613e-05
5.68393e-05
6.53185e-05
7.40449e-05
8.33174e-05
9.15866e-05
9.86704e-05
0.000104688
0.000109756
0.000113981
0.000117464
0.000120483
0.000123725
0.00012634
0.000128326
0.000129757
0.000130706
0.00013124
0.000131419
0.000131298
0.000131543
0.000131652
0.000131434
0.00013093
0.000130182
0.000129213
0.000128023
0.000126708
0.0001253
0.000123822
0.00012229
0.000120721
0.000119127
0.000117518
0.000115902
0.000114288
0.00011266
0.000111028
0.000109419
0.000107835
0.000106279
0.000104855
0.000105987
0.000107383
0.000108358
0.000108908
0.000109386
0.000109761
0.000109748
0.000109313
0.00010847
0.000107272
0.000105802
0.000104142
0.000102432
0.000100813
9.91318e-05
9.74154e-05
9.56914e-05
9.39812e-05
9.34652e-05
9.36337e-05
9.35857e-05
9.32825e-05
9.27361e-05
9.195e-05
9.09422e-05
8.99917e-05
8.91162e-05
8.82039e-05
8.71368e-05
8.59386e-05
8.46321e-05
8.32905e-05
8.19447e-05
8.06148e-05
7.93149e-05
7.80546e-05
7.684e-05
7.56746e-05
7.45587e-05
7.34768e-05
7.24448e-05
7.15066e-05
7.12918e-05
7.11457e-05
7.08864e-05
7.04988e-05
7.00404e-05
6.96114e-05
6.90984e-05
6.85183e-05
6.78967e-05
6.72498e-05
6.65912e-05
6.59321e-05
6.52808e-05
6.46437e-05
6.4025e-05
6.34276e-05
6.28533e-05
6.2303e-05
6.1777e-05
6.12751e-05
6.07939e-05
6.03349e-05
5.9928e-05
5.9555e-05
5.91934e-05
5.88438e-05
5.85053e-05
5.81758e-05
5.78585e-05
5.75536e-05
5.72833e-05
5.7282e-05
5.72974e-05
5.72741e-05
5.72126e-05
5.71144e-05
5.69799e-05
5.68121e-05
5.6617e-05
5.64023e-05
5.61752e-05
5.59415e-05
5.57003e-05
5.54619e-05
5.52301e-05
5.50063e-05
5.47914e-05
5.45856e-05
5.43891e-05
5.42018e-05
5.40237e-05
5.38542e-05
5.36931e-05
5.35389e-05
5.33919e-05
5.32524e-05
5.31199e-05
5.2994e-05
5.28743e-05
5.27604e-05
5.26519e-05
5.25486e-05
5.24501e-05
5.23561e-05
5.22664e-05
5.21802e-05
5.21063e-05
5.20377e-05
5.19705e-05
5.19042e-05
5.18388e-05
5.1775e-05
5.17131e-05
5.1653e-05
5.15948e-05
5.15384e-05
5.14834e-05
5.14573e-05
5.14645e-05
5.14627e-05
5.14517e-05
5.14326e-05
5.14054e-05
5.13713e-05
5.13332e-05
5.12923e-05
5.12498e-05
5.12064e-05
5.11629e-05
5.11198e-05
5.10775e-05
5.10362e-05
5.09961e-05
5.09573e-05
5.092e-05
5.0884e-05
5.08495e-05
5.08164e-05
5.07847e-05

