5e-05
5e-05
5e-05
5e-05
5e-05
5e-05
5e-05
5e-05
5e-05
5e-05
5e-05
5e-05
5e-05
5e-05
5e-05
5e-05
5e-05
5e-05
5e-05
5e-05
5e-05
5e-05
5e-05
5e-05
5e-05
5e-05
5e-05
5e-05
5e-05
5e-05
5e-05
5e-05
5e-05
5e-05
5e-05
5e-05
5e-05
5e-05
5e-05
5e-05
5e-05
5e-05
5e-05
5e-05
5e-05
5e-05
5e-05
5e-05
5e-05
5e-05
5e-05
5e-05
5e-05
5e-05
5e-05
5e-05
5e-05
5e-05
5e-05
5e-05
5e-05
5e-05
5e-05
5e-05
5e-05
5e-05
5e-05
5e-05
5e-05
5e-05
5e-05
5e-05
5e-05
5e-05
5e-05
5e-05
5e-05
5e-05
5e-05
5e-05
5e-05
5e-05
5e-05
5e-05
5e-05
5e-05
5e-05
5e-05
5e-05
5e-05
5e-05
5e-05
5e-05
5e-05
5e-05
5e-05
5e-05
5e-05
5e-05
5e-05
5e-05
5e-05
5e-05
5e-05
5e-05
5e-05
5e-05
5e-05
5e-05
5e-05
5e-05
5e-05
5e-05
5e-05
5e-05
5e-05
5e-05
5e-05
5e-05
5e-05
5e-05
5e-05
5e-05
5e-05
5e-05
5e-05
5e-05
5e-05
5e-05
5e-05
5e-05
5e-05
5e-05
5e-05
5e-05
5e-05
5e-05
5e-05
5e-05
5e-05
5e-05
5e-05
5e-05
5e-05
5e-05
5e-05
5e-05
5e-05
5e-05
5e-05
5e-05
5.31503e-05
6.15352e-05
7.07148e-05
7.93171e-05
8.79776e-05
9.55492e-05
0.000101935
0.000107303
0.000111798
0.000115513
0.000118475
0.000120937
0.000122922
0.000124474
0.000125564
0.00012628
0.000126636
0.00012666
0.000126395
0.000125997
0.000125442
0.000124776
0.000123986
0.000123144
0.000122263
0.00012134
0.000120306
0.000119192
0.000118059
0.000116916
0.000115762
0.00011455
0.000113279
0.000111954
0.00011064
0.000109345
0.000108042
0.000106745
0.000105467
0.000104206
0.000102894
0.000101587
0.00010031
9.90397e-05
9.77589e-05
9.64959e-05
9.52702e-05
9.40805e-05
9.29182e-05
9.17642e-05
9.06275e-05
8.95238e-05
8.84518e-05
8.73828e-05
8.63302e-05
8.52948e-05
8.4267e-05
8.32587e-05
8.22697e-05
8.13102e-05
8.03878e-05
7.95002e-05
7.86448e-05
7.78188e-05
7.70201e-05
7.62427e-05
7.54782e-05
7.47302e-05
7.39992e-05
7.32842e-05
7.25883e-05
7.24654e-05
7.29834e-05
7.33499e-05
7.35024e-05
7.3431e-05
7.31434e-05
7.2711e-05
7.2199e-05
7.20392e-05
7.61396e-05
8.04574e-05
8.06458e-05
7.9594e-05
7.82263e-05
7.67964e-05
7.53952e-05
7.41093e-05
7.28744e-05
7.16954e-05
7.0583e-05
6.95974e-05
6.87034e-05
6.78976e-05
6.7117e-05
6.63646e-05
6.56381e-05
6.49413e-05
6.42717e-05

