5e-05
5e-05
5e-05
5e-05
5e-05
5e-05
5e-05
5e-05
5e-05
5e-05
5e-05
5e-05
5e-05
5e-05
5e-05
5e-05
5e-05
5e-05
5e-05
5e-05
5e-05
5e-05
5e-05
5e-05
5e-05
5e-05
5e-05
5e-05
5e-05
5e-05
5e-05
5e-05
5e-05
5e-05
5e-05
5e-05
5e-05
5e-05
5e-05
5e-05
5e-05
5e-05
5e-05
5e-05
5e-05
5e-05
5e-05
5e-05
5e-05
5e-05
5e-05
5e-05
5e-05
5e-05
5e-05
5e-05
5e-05
5e-05
5e-05
5e-05
5e-05
5e-05
5e-05
5e-05
5e-05
5e-05
5e-05
5e-05
5e-05
5e-05
5e-05
5e-05
5e-05
5e-05
5e-05
5e-05
5e-05
5e-05
5e-05
5e-05
5e-05
5e-05
5e-05
5e-05
5e-05
5e-05
5e-05
5e-05
5e-05
5e-05
5e-05
5e-05
5e-05
5e-05
5e-05
5e-05
5e-05
5e-05
5e-05
5e-05
5e-05
5e-05
5e-05
5e-05
5e-05
5e-05
5e-05
5e-05
5e-05
5e-05
5e-05
5e-05
5e-05
5e-05
5e-05
5e-05
5e-05
5e-05
5e-05
5e-05
5e-05
5e-05
5e-05
5e-05
5e-05
5e-05
5e-05
5e-05
5e-05
5e-05
5e-05
5e-05
5e-05
5e-05
5e-05
5e-05
5e-05
5e-05
5e-05
5e-05
5e-05
5e-05
5e-05
5e-05
5.07289e-05
5.72753e-05
6.68594e-05
7.65788e-05
8.52207e-05
9.27144e-05
9.9057e-05
0.000104568
0.000110068
0.000114555
0.000118008
0.000120892
0.00012382
0.000126118
0.000128156
0.000136245
0.000187415
0.000215984
0.000218697
0.000213793
0.000207015
0.000199818
0.000192632
0.000185637
0.000178922
0.000172527
0.000166462
0.000161544
0.000158898
0.000155684
0.000151951
0.000147895
0.000143699
0.000139499
0.000135377
0.000131389
0.000127563
0.000123911
0.000120438
0.000117144
0.000114024
0.000111072
0.00010828
0.000105645
0.000103151
0.000100792
9.85602e-05
9.64519e-05
9.44538e-05
9.25585e-05
9.07614e-05
8.90581e-05
8.74407e-05
8.59061e-05
8.4449e-05
8.30619e-05
8.17419e-05
8.0485e-05
7.92885e-05
7.8148e-05
7.70611e-05
7.60242e-05
7.50345e-05
7.40902e-05
7.31868e-05
7.23223e-05
7.1495e-05
7.07033e-05
6.99458e-05
6.92216e-05
6.85276e-05
6.78625e-05
6.72353e-05
6.67062e-05
6.61837e-05
6.56619e-05
6.51451e-05
6.4637e-05
6.4141e-05
6.36592e-05
6.31936e-05
6.2744e-05
6.23091e-05
6.18896e-05
6.1485e-05
6.10947e-05
6.18673e-05
6.61922e-05
7.14612e-05
7.66493e-05
8.18695e-05
8.67722e-05
9.08623e-05
9.46105e-05
9.80802e-05
0.000100821
0.000102954
0.000104582
0.000105799
0.000107171
0.000112315
0.000116294
0.000118749
0.000120023
0.000120431
0.000120224

