5e-05
5e-05
5e-05
5e-05
5e-05
5e-05
5e-05
5e-05
5.1148e-05
5.85205e-05
6.79438e-05
7.72557e-05
8.6247e-05
9.43337e-05
0.000101375
0.000108054
0.000113623
0.000118133
0.000121612
0.000124721
0.000127134
0.00012874
0.000129509
0.000129637
0.000129486
0.00012917
0.000128723
0.000128164
0.000127442
0.000126528
0.000125475
0.000124335
0.000123145
0.000121877
0.000120592
0.000119302
0.000118021
0.000116747
0.000115457
0.000114128
0.000112777
0.000111416
0.000110057
0.000108961
0.000108015
0.00010702
0.000105978
0.000104844
0.000103653
0.000102759
0.000101755
0.000100615
9.93437e-05
9.8019e-05
9.67063e-05
9.5399e-05
9.41127e-05
9.28572e-05
9.16263e-05
9.04172e-05
8.91993e-05
8.80121e-05
8.81364e-05
8.88473e-05
8.91933e-05
8.91021e-05
8.86979e-05
8.8049e-05
8.72339e-05
8.63047e-05
8.52969e-05
8.42137e-05
8.3117e-05
8.19888e-05
8.08325e-05
7.96914e-05
7.85895e-05
7.75253e-05
7.65072e-05
7.55362e-05
7.461e-05
7.37245e-05
7.28698e-05
7.2053e-05
7.12729e-05
7.05266e-05
6.98044e-05
6.90975e-05
6.84123e-05
6.78295e-05
6.72975e-05
6.67577e-05
6.62185e-05
6.56781e-05
6.51455e-05
6.46327e-05
6.41397e-05
6.36657e-05
6.32097e-05
6.27706e-05
6.23443e-05
6.19279e-05
6.15186e-05
6.11205e-05
6.07394e-05
6.03746e-05
6.00337e-05
5.97471e-05
5.94629e-05
5.91763e-05
5.8894e-05
5.86181e-05
5.83461e-05
5.81176e-05
5.78994e-05
5.76737e-05
5.74485e-05
5.72247e-05
5.7e-05
5.67792e-05
5.65632e-05
5.63451e-05
5.61512e-05
5.59783e-05
5.58308e-05
5.56719e-05
5.55044e-05
5.53338e-05
5.51652e-05
5.50001e-05
5.48388e-05
5.46815e-05
5.45284e-05
5.43781e-05
5.4231e-05
5.40868e-05
5.39461e-05
5.38559e-05
5.39093e-05
5.39671e-05
5.39997e-05
5.39984e-05
5.39751e-05
5.39575e-05
5.3914e-05
5.38406e-05
5.37391e-05
5.36189e-05
5.34857e-05
5.33488e-05
5.32104e-05
5.30735e-05
5.29414e-05
5.28771e-05
5.2856e-05
5.28145e-05
5.27525e-05
5.26734e-05
5.25833e-05
5.24931e-05
5.24066e-05
5.23188e-05
5.22307e-05
5.21973e-05
5.21951e-05
5.21681e-05
5.21273e-05
5.20757e-05
5.20127e-05
5.19443e-05
5.18715e-05
5.1797e-05
5.17224e-05
5.16495e-05
5.15776e-05
5.15085e-05
5.14425e-05
5.13797e-05
5.13216e-05
5.1306e-05
5.1289e-05
5.12612e-05
5.12276e-05
5.11903e-05
5.11512e-05
5.11104e-05
5.10682e-05
5.10263e-05
5.09852e-05
5.09445e-05
5.09049e-05
5.08668e-05
5.083e-05
5.07945e-05
5.076e-05
5.07268e-05
5.06955e-05
5.06658e-05
5.06374e-05
5.06105e-05
5.0585e-05
5.05624e-05
5.05594e-05
5.05566e-05
5.05507e-05
5.05408e-05
5.05273e-05
5.05115e-05
5.04946e-05
5.04771e-05
5.04595e-05
5.04421e-05
5.04251e-05
5.04085e-05
5.03922e-05
5.03761e-05
5.03605e-05
5.03455e-05
5.03312e-05
5.03176e-05
5.03047e-05
5.02925e-05
5.02808e-05
5.02695e-05
5.02588e-05
5.02486e-05
5.02388e-05
5.02296e-05
5.02209e-05
5.02125e-05
5.02045e-05
5.01969e-05
5.01896e-05
5.01826e-05
5.0176e-05
5.01696e-05
5.01637e-05
5.01587e-05
5.01537e-05
5.01488e-05
5.01438e-05
5.01389e-05
5.01342e-05
5.01296e-05
5.01252e-05
5.0121e-05
5.01168e-05
5.01127e-05
5.01087e-05
5.01048e-05

