5e-05
5e-05
5e-05
5e-05
5e-05
5e-05
5e-05
5e-05
5e-05
5e-05
5e-05
5e-05
5e-05
5e-05
5e-05
5e-05
5e-05
5e-05
5e-05
5e-05
5e-05
5e-05
5e-05
5e-05
5e-05
5e-05
5e-05
5e-05
5e-05
5e-05
5e-05
5e-05
5e-05
5e-05
5e-05
5e-05
5e-05
5e-05
5e-05
5e-05
5e-05
5e-05
5e-05
5e-05
5e-05
5e-05
5e-05
5e-05
5e-05
5e-05
5e-05
5e-05
5e-05
5e-05
5e-05
5e-05
5e-05
5e-05
5e-05
5e-05
5e-05
5e-05
5e-05
5e-05
5e-05
5e-05
5e-05
5e-05
5e-05
5e-05
5e-05
5e-05
5e-05
5e-05
5e-05
5e-05
5e-05
5e-05
5e-05
5e-05
5e-05
5e-05
5e-05
5e-05
5e-05
5e-05
5e-05
5e-05
5e-05
5e-05
5e-05
5e-05
5e-05
5e-05
5e-05
5e-05
5e-05
5e-05
5e-05
5e-05
5e-05
5e-05
5e-05
5e-05
5e-05
5e-05
5e-05
5e-05
5e-05
5e-05
5e-05
5e-05
5e-05
5e-05
5e-05
5e-05
5e-05
5e-05
5e-05
5e-05
5.20941e-05
6.06825e-05
7.10085e-05
8.10633e-05
8.99556e-05
9.74981e-05
0.000103806
0.000109049
0.000113484
0.000117217
0.000121154
0.000124718
0.000127476
0.000129491
0.000130848
0.00013178
0.000133038
0.000134932
0.000136084
0.000136569
0.000136644
0.000136393
0.000135865
0.000135102
0.000134128
0.000135555
0.000140135
0.000143783
0.000146982
0.000149397
0.000151157
0.000158147
0.000185931
0.00018976
0.000185448
0.000179215
0.000172595
0.000166077
0.000159845
0.000153953
0.000148422
0.000143236
0.000138389
0.000133861
0.000129613
0.00012563
0.000121913
0.000118435
0.000115175
0.000112126
0.000109273
0.000106599
0.000104088
0.000101715
9.94812e-05
9.73765e-05
9.53909e-05
9.35149e-05
9.25588e-05
9.25796e-05
9.24077e-05
9.18932e-05
9.11384e-05
9.02324e-05
8.92043e-05
8.80814e-05
8.68906e-05
8.5655e-05
8.43715e-05
8.30823e-05
8.17929e-05
8.05332e-05
7.93114e-05
7.81249e-05
7.69614e-05
7.5838e-05
7.4766e-05
7.37372e-05
7.28411e-05
7.19998e-05
7.11715e-05
7.03645e-05
6.95796e-05
6.88185e-05
6.80889e-05
6.73912e-05
6.67174e-05
6.60669e-05
6.54411e-05
6.48436e-05
6.42724e-05
6.37248e-05
6.32034e-05
6.27068e-05
6.22299e-05
6.1769e-05
6.13297e-05
6.09055e-05
6.04987e-05
6.01115e-05
5.97423e-05
5.95044e-05
5.95646e-05
5.95674e-05
5.95122e-05
5.94086e-05
5.92631e-05
5.90759e-05
5.88507e-05
5.85964e-05
5.83295e-05
5.80567e-05
5.77819e-05
5.75083e-05
5.72383e-05
5.69735e-05
5.67153e-05
5.64625e-05
5.62133e-05
5.59704e-05
5.57358e-05
5.55085e-05
5.52916e-05
5.50833e-05
5.48849e-05
5.46963e-05
5.45168e-05
5.43426e-05
5.41752e-05
5.40162e-05

