5e-05
5e-05
5e-05
5e-05
5e-05
5e-05
5e-05
5e-05
5e-05
5e-05
5e-05
5e-05
5e-05
5e-05
5e-05
5e-05
5e-05
5e-05
5e-05
5e-05
5e-05
5e-05
5e-05
5e-05
5e-05
5e-05
5e-05
5e-05
5e-05
5e-05
5e-05
5e-05
5e-05
5e-05
5e-05
5e-05
5e-05
5e-05
5e-05
6.15537e-05
8.49576e-05
0.000107252
0.000128018
0.00014654
0.000162055
0.000174636
0.000184653
0.000193203
0.00020185
0.000208858
0.000214012
0.000217501
0.000219554
0.000220385
0.000220183
0.000219822
0.000220073
0.00021965
0.000218404
0.000216435
0.000213869
0.00021082
0.000207388
0.000203658
0.000199704
0.000195589
0.000191365
0.000187076
0.00018276
0.000178448
0.000174165
0.000169931
0.000165764
0.000161676
0.000157679
0.000153779
0.000149984
0.000146297
0.000144776
0.000155128
0.00015573
0.000155673
0.000158162
0.000161749
0.000167695
0.000168867
0.000162708
0.000157188
0.000152209
0.000147687
0.000143547
0.000141259
0.000147139
0.000143826
0.000140474
0.0001382
0.000136434
0.000134847
0.000133268
0.000131613
0.000129849
0.000127971
0.000125987
0.000123912
0.000121765
0.000119565
0.000117331
0.000115078
0.000112823
0.000110579
0.000108356
0.000106166
0.000104016
0.000101912
9.98592e-05
9.78596e-05
9.59131e-05
9.40203e-05
9.2182e-05
9.03992e-05
8.86726e-05
8.70031e-05
8.5391e-05
8.38366e-05
8.23399e-05
8.09005e-05
8.01097e-05
8.15201e-05
8.11255e-05
7.99936e-05
7.92057e-05
7.85314e-05
7.78692e-05
7.71776e-05
7.64438e-05
7.5669e-05
7.4926e-05
7.42699e-05
7.35972e-05
7.28951e-05
7.26516e-05
7.33602e-05
7.22536e-05
7.1489e-05
7.08973e-05
7.04569e-05
7.02323e-05
7.00317e-05
6.98065e-05
6.95432e-05
6.92361e-05
6.8882e-05
6.84811e-05
6.80365e-05
6.75532e-05
6.7038e-05
6.64979e-05
6.59401e-05
6.53867e-05
6.49754e-05
6.46041e-05
6.42284e-05
6.38419e-05
6.34451e-05
6.30392e-05
6.26259e-05
6.22075e-05
6.17861e-05
6.13632e-05
6.09398e-05
6.05176e-05
6.00981e-05
5.96831e-05
5.92741e-05
5.88728e-05
5.84803e-05
5.8098e-05
5.77266e-05
5.73671e-05
5.70199e-05
5.66854e-05
5.6364e-05
5.60556e-05
5.57603e-05
5.5478e-05
5.52097e-05
5.5125e-05
5.53617e-05
5.50873e-05
5.48711e-05
5.46934e-05
5.45328e-05
5.43785e-05
5.42256e-05
5.40725e-05
5.39193e-05
5.37666e-05
5.36154e-05
5.34666e-05
5.33209e-05
5.31789e-05
5.30412e-05
5.2908e-05
5.27797e-05
5.26561e-05
5.25373e-05
5.24231e-05
5.23135e-05
5.22084e-05
5.21078e-05
5.20114e-05
5.19192e-05
5.18311e-05
5.17469e-05
5.16666e-05
5.159e-05
5.15169e-05
5.14473e-05
5.13809e-05
5.13177e-05
5.12575e-05
5.12002e-05
5.11457e-05
5.10938e-05
5.10445e-05
5.09975e-05
5.09529e-05
5.09104e-05
5.08699e-05
5.08315e-05
5.07949e-05
5.07601e-05
5.07269e-05
5.06954e-05
5.06654e-05
5.06368e-05
5.06103e-05
5.05885e-05
5.05682e-05
5.05482e-05
5.05283e-05
5.05088e-05
5.04898e-05
5.04712e-05
5.04531e-05
5.04356e-05
5.04187e-05
5.04024e-05
5.03867e-05
5.03715e-05

