5e-05
5e-05
5e-05
5e-05
5e-05
5e-05
5e-05
5e-05
5e-05
5e-05
5e-05
5e-05
5e-05
5e-05
5e-05
5e-05
5e-05
5e-05
5e-05
5e-05
5e-05
5e-05
5e-05
5e-05
5e-05
5e-05
5e-05
5e-05
5e-05
5e-05
5e-05
5e-05
5e-05
5e-05
5e-05
5e-05
5e-05
5e-05
5e-05
5e-05
5e-05
5e-05
5e-05
5e-05
5e-05
5e-05
5e-05
5e-05
5e-05
5e-05
5e-05
5e-05
5e-05
5e-05
5e-05
5e-05
5e-05
5e-05
5e-05
5e-05
5e-05
5e-05
5e-05
5e-05
5e-05
5e-05
5e-05
5e-05
5e-05
5e-05
5e-05
5e-05
5e-05
5e-05
5e-05
5e-05
5e-05
5e-05
5e-05
5e-05
5e-05
5e-05
5e-05
5e-05
5e-05
5e-05
5e-05
5e-05
5e-05
5e-05
5e-05
5e-05
5e-05
5e-05
5e-05
5e-05
5e-05
5e-05
5e-05
5e-05
5e-05
5e-05
5e-05
5e-05
5e-05
5e-05
5e-05
5e-05
5e-05
5e-05
5e-05
5e-05
5e-05
5e-05
5e-05
5e-05
5e-05
5e-05
5e-05
5e-05
5e-05
5e-05
5e-05
5e-05
5e-05
5e-05
5e-05
5e-05
5e-05
5e-05
5e-05
5e-05
5e-05
5e-05
5e-05
5e-05
5e-05
5e-05
5e-05
5e-05
5e-05
5e-05
5e-05
5e-05
5e-05
6.32655e-05
0.000104119
0.000129843
0.000139195
0.000150699
0.00016304
0.000175767
0.000188685
0.000201604
0.000214341
0.000226724
0.000238608
0.000249875
0.000260439
0.000270245
0.000279271
0.000287529
0.000295072
0.00030201
0.000308575
0.000315343
0.00032556
0.000327704
0.000312343
0.000298279
0.000285368
0.000273472
0.000262469
0.000252253
0.00024273
0.00023382
0.000225456
0.000217577
0.000210135
0.000203087
0.000196397
0.000190037
0.000183979
0.000178203
0.00017269
0.000167424
0.000162391
0.000157578
0.000152976
0.000148573
0.000144478
0.000145383
0.000153979
0.000149441
0.000146172
0.000143733
0.000141622
0.000139574
0.000137465
0.000135254
0.000132936
0.000130529
0.000128052
0.000125522
0.000122958
0.00012038
0.000117804
0.000115247
0.000112721
0.000110238
0.000107806
0.000105434
0.000103127
0.000100889
9.87246e-05
9.66345e-05
9.46203e-05
9.26824e-05
9.08206e-05
8.9034e-05
8.73216e-05
8.56817e-05
8.41125e-05
8.26122e-05
8.11784e-05
7.98091e-05
7.85017e-05
7.72541e-05
7.60639e-05
7.49286e-05
7.38459e-05
7.28136e-05
7.18294e-05
7.08911e-05
6.99967e-05
6.94276e-05
7.03116e-05
7.22061e-05
7.12871e-05
7.06187e-05
7.00735e-05
6.95652e-05
6.97349e-05
7.11709e-05
7.02665e-05
6.96687e-05
6.93264e-05
6.90664e-05
6.8771e-05
6.84129e-05

