5e-05
5e-05
5e-05
5e-05
5e-05
5e-05
5e-05
5e-05
5e-05
5e-05
5e-05
5e-05
5e-05
5e-05
5e-05
5e-05
5e-05
5e-05
5e-05
5e-05
5e-05
5e-05
5e-05
5e-05
5e-05
5e-05
5e-05
5e-05
5e-05
5e-05
5e-05
5e-05
5e-05
5e-05
5e-05
5e-05
5e-05
5e-05
5e-05
5e-05
5e-05
5e-05
5e-05
5e-05
5e-05
5e-05
5e-05
5e-05
5e-05
5e-05
5e-05
5e-05
5e-05
5e-05
5e-05
5e-05
5e-05
5e-05
5e-05
5e-05
5e-05
5e-05
5e-05
5e-05
5e-05
5e-05
5e-05
5e-05
5e-05
5e-05
5e-05
5e-05
5e-05
5e-05
5e-05
5e-05
5e-05
5e-05
5e-05
5e-05
5e-05
5e-05
5e-05
5e-05
5e-05
5e-05
5e-05
5e-05
5e-05
5e-05
5e-05
5e-05
5e-05
5e-05
5e-05
5e-05
5e-05
5e-05
5e-05
5e-05
5e-05
5e-05
5e-05
5e-05
5e-05
5e-05
5e-05
5e-05
5e-05
5e-05
5e-05
5e-05
5e-05
5e-05
5e-05
5e-05
5e-05
5e-05
5e-05
5e-05
5e-05
5e-05
5e-05
5e-05
5e-05
5e-05
5e-05
5e-05
5e-05
5e-05
5e-05
5e-05
5e-05
5.29735e-05
6.0034e-05
6.86249e-05
7.63949e-05
8.32775e-05
8.955e-05
9.53435e-05
9.99964e-05
0.000103513
0.000106176
0.000108163
0.00010997
0.000112362
0.00011463
0.000116319
0.000117245
0.00011755
0.000117452
0.00011704
0.0001164
0.000115591
0.000114658
0.000113629
0.000112532
0.000111384
0.000110199
0.000108987
0.000107756
0.000106514
0.000105264
0.000104012
0.000102762
0.000101517
0.000100279
9.90527e-05
9.78382e-05
9.66374e-05
9.54524e-05
9.42839e-05
9.31334e-05
9.20013e-05
9.08888e-05
8.98223e-05
8.8994e-05
8.81481e-05
8.72628e-05
8.63469e-05
8.54069e-05
8.4459e-05
8.35134e-05
8.25747e-05
8.16476e-05
8.07363e-05
7.98424e-05
7.89687e-05
7.81161e-05
7.7285e-05
7.64756e-05
7.56879e-05
7.49213e-05
7.41746e-05
7.34485e-05
7.27425e-05
7.20571e-05
7.14013e-05
7.088e-05
7.03632e-05
6.98339e-05
6.92932e-05
6.87494e-05
6.82052e-05
6.76664e-05
6.71361e-05
6.66162e-05
6.61066e-05
6.56098e-05
6.51265e-05
6.4657e-05
6.42013e-05
6.37592e-05
6.33294e-05
6.2912e-05
6.25071e-05
6.21155e-05
6.17367e-05
6.13696e-05
6.10139e-05
6.06693e-05
6.03348e-05
6.00112e-05
5.9698e-05
5.93946e-05
5.91007e-05
5.88168e-05
5.85421e-05
5.82758e-05
5.80182e-05
5.77689e-05
5.75275e-05
5.72941e-05
5.70685e-05
5.68501e-05
5.66389e-05
5.64341e-05
5.62354e-05
5.6043e-05
5.58568e-05
5.56761e-05
5.55003e-05
5.53291e-05
5.51631e-05
5.50022e-05
5.48468e-05
5.46963e-05
5.4551e-05
5.44105e-05
5.42747e-05

