5e-05
5e-05
5e-05
5e-05
5e-05
5e-05
5e-05
5e-05
5e-05
5e-05
5e-05
5e-05
5e-05
5.00065e-05
5.47182e-05
6.34663e-05
7.28337e-05
8.17808e-05
8.98676e-05
9.68059e-05
0.000102492
0.000107207
0.00011117
0.000114425
0.000117073
0.000119259
0.00012104
0.00012246
0.000123514
0.000124045
0.000124193
0.000124165
0.000124
0.000123716
0.000123321
0.000122826
0.000122237
0.000121563
0.000120811
0.000119987
0.000119826
0.000123581
0.00012714
0.000129544
0.000131103
0.000131922
0.000132049
0.000131669
0.000130844
0.000129531
0.000127777
0.000125764
0.000123585
0.000121336
0.000119039
0.000116735
0.000114468
0.000112235
0.000110065
0.000107933
0.000105855
0.00010385
0.000101922
0.000100067
9.82837e-05
9.6551e-05
9.48983e-05
9.33031e-05
9.17651e-05
9.02874e-05
8.88801e-05
8.75399e-05
8.62617e-05
8.50373e-05
8.38946e-05
8.29404e-05
8.20122e-05
8.12531e-05
8.05041e-05
7.97128e-05
7.89038e-05
7.80688e-05
7.72165e-05
7.63541e-05
7.54934e-05
7.46507e-05
7.38247e-05
7.30269e-05
7.22488e-05
7.14974e-05
7.07712e-05
7.00658e-05
6.93883e-05
6.87243e-05
6.80693e-05
6.74401e-05
6.68395e-05
6.62659e-05
6.57175e-05
6.51925e-05
6.46892e-05
6.42062e-05
6.37419e-05
6.32953e-05
6.28653e-05
6.245e-05
6.20436e-05
6.16514e-05
6.12707e-05
6.09012e-05
6.05456e-05
6.02034e-05
5.98739e-05
5.95545e-05
5.92434e-05
5.89438e-05
5.86553e-05
5.83772e-05
5.8109e-05
5.78502e-05
5.76007e-05
5.73979e-05
5.72047e-05
5.70005e-05
5.67949e-05
5.65924e-05
5.63938e-05
5.61993e-05
5.6008e-05
5.58368e-05
5.56865e-05
5.55355e-05
5.53837e-05
5.5229e-05
5.50736e-05
5.49199e-05
5.47687e-05
5.46194e-05
5.44694e-05
5.43204e-05
5.41753e-05
5.40352e-05
5.3897e-05
5.37721e-05
5.36651e-05
5.35672e-05
5.34825e-05
5.33951e-05
5.33049e-05
5.32101e-05
5.3113e-05
5.30157e-05
5.2916e-05
5.28177e-05
5.27686e-05
5.28037e-05
5.28289e-05
5.28332e-05
5.28151e-05
5.27837e-05
5.27369e-05
5.26795e-05
5.26139e-05
5.2542e-05
5.24646e-05
5.23863e-05
5.23132e-05
5.22367e-05
5.21594e-05
5.20825e-05
5.20061e-05
5.19296e-05
5.18744e-05
5.18797e-05
5.20054e-05
5.24438e-05
5.24989e-05
5.24137e-05
5.2297e-05
5.21758e-05
5.20575e-05
5.19445e-05
5.18377e-05
5.17374e-05
5.16432e-05
5.15551e-05
5.14728e-05
5.13958e-05
5.1324e-05
5.12568e-05
5.11939e-05
5.11351e-05
5.108e-05
5.10285e-05
5.09803e-05
5.09351e-05
5.08927e-05
5.08528e-05
5.0815e-05
5.07793e-05
5.07547e-05
5.07486e-05
5.07395e-05
5.0727e-05
5.07109e-05
5.06918e-05
5.06704e-05
5.06474e-05
5.06241e-05
5.06004e-05
5.0577e-05
5.05542e-05
5.05319e-05
5.05104e-05
5.04894e-05
5.04696e-05
5.04522e-05
5.04355e-05
5.04192e-05
5.04034e-05
5.03878e-05
5.03728e-05
5.03584e-05
5.03445e-05
5.03311e-05
5.03181e-05
5.03057e-05
5.02938e-05
5.02825e-05
5.02716e-05
5.02612e-05
5.02512e-05
5.02416e-05
5.02323e-05
5.02234e-05
5.0215e-05
5.02069e-05
5.01992e-05
5.01917e-05
5.01846e-05
5.01778e-05
5.01712e-05
5.01649e-05
5.01589e-05
5.01531e-05
5.01476e-05
5.01424e-05
5.01374e-05
5.01325e-05
5.01279e-05

