5e-05
5e-05
5e-05
5e-05
5e-05
5e-05
5e-05
5e-05
5e-05
5e-05
5e-05
5e-05
5e-05
5e-05
5e-05
5e-05
5e-05
5e-05
5e-05
5e-05
5e-05
5e-05
5e-05
5e-05
5e-05
5e-05
5e-05
5e-05
5e-05
5e-05
5e-05
5e-05
5e-05
5e-05
5e-05
5e-05
5e-05
5e-05
5e-05
5e-05
5e-05
5e-05
5e-05
5e-05
5e-05
5e-05
5e-05
5e-05
5e-05
5e-05
5e-05
5e-05
5e-05
5e-05
5e-05
5e-05
5e-05
5e-05
5e-05
5e-05
5e-05
5e-05
5e-05
5e-05
5e-05
5e-05
5e-05
5e-05
5e-05
5e-05
5e-05
5e-05
5e-05
5e-05
5e-05
5e-05
5e-05
5e-05
5e-05
5e-05
5e-05
5e-05
5e-05
5e-05
5e-05
5e-05
5e-05
5e-05
5e-05
5e-05
5e-05
5e-05
5e-05
5e-05
5e-05
5e-05
5e-05
5e-05
5e-05
5e-05
5e-05
5e-05
5e-05
5e-05
5e-05
5e-05
5e-05
5e-05
5e-05
5e-05
5e-05
5e-05
5e-05
5e-05
5e-05
5e-05
5e-05
5e-05
5e-05
5e-05
5e-05
5e-05
5e-05
5e-05
5e-05
5e-05
5e-05
5e-05
5e-05
5e-05
5e-05
5e-05
5e-05
5e-05
5e-05
5e-05
5e-05
5e-05
5e-05
5e-05
5e-05
5e-05
5e-05
5e-05
5e-05
5e-05
5e-05
5e-05
5e-05
5e-05
5e-05
5e-05
5e-05
5e-05
5e-05
5.35218e-05
6.48966e-05
7.73161e-05
8.86668e-05
9.86398e-05
0.000107232
0.000115194
0.000121333
0.000125959
0.000129463
0.000132191
0.000134291
0.000135856
0.000136963
0.000137667
0.000137912
0.000137762
0.000137354
0.000136747
0.000135876
0.000134844
0.000133734
0.000132498
0.000131172
0.000129789
0.000128319
0.00012677
0.000125192
0.000123583
0.000121975
0.000120397
0.000118848
0.000117327
0.000115829
0.000114333
0.000112787
0.000111214
0.000109676
0.000108178
0.000107759
0.000110433
0.000119666
0.000140513
0.000144159
0.000141984
0.000138351
0.000134488
0.00013053
0.000126697
0.000124861
0.000123105
0.000120912
0.000118425
0.00011578
0.000113096
0.000110426
0.000107803
0.00010525
0.000102783
0.000100408
9.81178e-05
9.59343e-05
9.38535e-05
9.18674e-05
8.99849e-05
8.82028e-05
8.65155e-05
8.49077e-05
8.3381e-05
8.19225e-05
8.0543e-05
7.92315e-05
7.79917e-05
7.68209e-05
7.57141e-05
7.46666e-05
7.36737e-05
7.27314e-05
7.18307e-05
7.09703e-05
7.01521e-05
6.93736e-05
6.86321e-05
6.7924e-05
6.72422e-05
6.90945e-05
7.5445e-05
8.28521e-05
9.77939e-05
0.000115412
0.000131015
0.000149216
0.00022549
0.000248493
0.000248414

