5e-05
5e-05
5e-05
5e-05
5e-05
5e-05
5e-05
5e-05
5e-05
5e-05
5e-05
5e-05
5e-05
5e-05
5e-05
5e-05
5e-05
5e-05
5e-05
5e-05
5e-05
5e-05
5e-05
5e-05
5e-05
5e-05
5e-05
5e-05
5e-05
5e-05
5e-05
5e-05
5e-05
5e-05
5e-05
5e-05
5e-05
5e-05
5e-05
5e-05
5e-05
5e-05
5e-05
5e-05
5e-05
5e-05
5e-05
5e-05
5e-05
5e-05
5e-05
5e-05
5e-05
5e-05
5e-05
5e-05
5e-05
5e-05
5e-05
5e-05
5e-05
5e-05
5e-05
5e-05
5e-05
5e-05
5e-05
5e-05
5e-05
5e-05
5e-05
5e-05
5e-05
5e-05
5e-05
5e-05
5e-05
5e-05
5e-05
5e-05
5e-05
5e-05
5e-05
5e-05
5e-05
5e-05
5e-05
5e-05
5e-05
5e-05
5e-05
5e-05
5e-05
5e-05
5e-05
5e-05
5e-05
5e-05
5e-05
5e-05
5e-05
5e-05
5e-05
5e-05
5e-05
5e-05
5e-05
5e-05
5e-05
5e-05
5e-05
5e-05
5e-05
5e-05
5e-05
5e-05
5e-05
5e-05
5e-05
5e-05
5e-05
5e-05
5e-05
5e-05
5e-05
5e-05
5e-05
5e-05
5e-05
5e-05
5e-05
5e-05
5e-05
5e-05
5e-05
5e-05
5e-05
5e-05
5e-05
5e-05
5e-05
5e-05
5e-05
5e-05
5e-05
5e-05
5e-05
5e-05
5e-05
5e-05
5e-05
5e-05
5e-05
5e-05
5e-05
5e-05
5e-05
5e-05
5e-05
5e-05
5e-05
5.48542e-05
6.96253e-05
7.95616e-05
8.66032e-05
9.20593e-05
9.62588e-05
9.95138e-05
0.000102079
0.000104108
0.000105705
0.000108345
0.000114033
0.000117961
0.00012027
0.000121356
0.000121585
0.000121234
0.00012049
0.000119492
0.00011832
0.000117032
0.00011567
0.00011426
0.000112824
0.000111374
0.000109921
0.00010848
0.000107046
0.000105622
0.000104217
0.000102837
0.000101474
0.000100128
9.88043e-05
9.75065e-05
9.6231e-05
9.49824e-05
9.37602e-05
9.25598e-05
9.1384e-05
9.02327e-05
8.91078e-05
8.80076e-05
8.69335e-05
8.58845e-05
8.48602e-05
8.3862e-05
8.28863e-05
8.19332e-05
8.10031e-05
8.00963e-05
7.92136e-05
7.8356e-05
7.75206e-05
7.67075e-05
7.59342e-05
7.5306e-05
7.46675e-05
7.40105e-05
7.33436e-05
7.26748e-05
7.20111e-05
7.13575e-05
7.07184e-05
7.00944e-05
6.94843e-05
6.88903e-05
6.83119e-05
6.77494e-05
6.72412e-05
6.68017e-05
6.63515e-05
6.58934e-05
6.5479e-05
6.50999e-05
6.4702e-05
6.43316e-05
6.39907e-05
6.36251e-05
6.32438e-05
6.28542e-05
6.24631e-05
6.21293e-05
6.22491e-05
6.22745e-05
6.21639e-05
6.19522e-05
6.16721e-05
6.13491e-05

