5e-05
5e-05
5e-05
5e-05
5e-05
5e-05
5e-05
5e-05
5e-05
5e-05
5e-05
5e-05
5e-05
5e-05
5e-05
5e-05
5e-05
5e-05
5e-05
5e-05
5e-05
5e-05
5e-05
5e-05
5e-05
5e-05
5e-05
5e-05
5e-05
5e-05
5e-05
5e-05
5e-05
5e-05
5e-05
5e-05
5e-05
5e-05
5e-05
5e-05
5e-05
5e-05
5e-05
5e-05
5e-05
5e-05
5e-05
5e-05
5e-05
5e-05
5e-05
5e-05
5e-05
5e-05
5e-05
5e-05
5e-05
5e-05
5e-05
5e-05
5e-05
5e-05
5e-05
5e-05
5e-05
5e-05
5e-05
5e-05
5e-05
5e-05
5e-05
5e-05
5e-05
5e-05
5e-05
5e-05
5e-05
5e-05
5e-05
5e-05
5e-05
5e-05
5e-05
5e-05
5e-05
5e-05
5e-05
5e-05
5e-05
5e-05
5e-05
5e-05
5e-05
5e-05
5e-05
5e-05
5e-05
5e-05
5e-05
5e-05
5e-05
5e-05
5e-05
5e-05
5e-05
5e-05
5e-05
5e-05
5e-05
5e-05
5e-05
5e-05
5e-05
5e-05
5e-05
5e-05
5e-05
5e-05
5e-05
5e-05
5e-05
5e-05
5e-05
5e-05
5e-05
5e-05
5e-05
5e-05
5e-05
5e-05
5e-05
5e-05
5e-05
5e-05
5e-05
5e-05
5e-05
5e-05
5e-05
5e-05
5e-05
5e-05
5e-05
5e-05
5.15288e-05
9.10893e-05
0.000158108
0.000180089
0.000184312
0.000183649
0.000181312
0.000178206
0.000175128
0.000172199
0.000169026
0.00016581
0.000163043
0.000160095
0.000156981
0.000153777
0.000150544
0.000147327
0.000144157
0.000141055
0.00013804
0.000135115
0.000132268
0.000129506
0.000126843
0.00012427
0.000121781
0.000119375
0.000117056
0.000115348
0.000115658
0.000115199
0.000114122
0.000112633
0.000110886
0.000108994
0.000107037
0.000105066
0.000103118
0.000101213
9.93671e-05
9.75826e-05
9.58643e-05
9.42125e-05
9.26247e-05
9.10998e-05
8.96383e-05
8.82398e-05
8.68963e-05
8.56056e-05
8.43656e-05
8.31746e-05
8.20318e-05
8.09642e-05
8.00586e-05
7.91539e-05
7.82466e-05
7.73447e-05
7.64553e-05
7.55843e-05
7.47351e-05
7.39099e-05
7.31101e-05
7.23382e-05
7.15953e-05
7.08773e-05
7.02071e-05
6.96402e-05
6.90706e-05
6.84954e-05
6.79212e-05
6.73534e-05
6.67955e-05
6.62507e-05
6.5721e-05
6.52074e-05
6.47097e-05
6.42277e-05
6.37618e-05
6.33698e-05
6.29965e-05
6.26179e-05
6.22375e-05
6.18591e-05
6.14855e-05
6.11192e-05
6.07615e-05
6.04134e-05
6.00756e-05
5.97943e-05
5.95234e-05
5.9248e-05
5.89826e-05
5.87541e-05
5.85171e-05
5.82731e-05
5.80258e-05
5.77779e-05
5.75315e-05
5.72894e-05
5.70527e-05
5.68224e-05
5.65988e-05
5.63838e-05
5.62061e-05
5.6031e-05

