5e-05
5e-05
5e-05
5e-05
5e-05
5e-05
5e-05
5e-05
5e-05
5e-05
5e-05
5e-05
5e-05
5e-05
5e-05
5e-05
5e-05
5e-05
5e-05
5e-05
5e-05
5e-05
5e-05
5e-05
5e-05
5e-05
5e-05
5e-05
5e-05
5e-05
5e-05
5e-05
5e-05
5e-05
5e-05
5e-05
5e-05
5e-05
5e-05
5e-05
5e-05
5e-05
5e-05
5e-05
5e-05
5e-05
5e-05
5e-05
5e-05
5e-05
5e-05
5e-05
5e-05
5e-05
5e-05
5e-05
5e-05
5e-05
5e-05
5e-05
5e-05
5e-05
5e-05
5e-05
5e-05
5e-05
5e-05
5e-05
5e-05
5e-05
5e-05
5e-05
5e-05
5e-05
5e-05
5e-05
5e-05
5e-05
5e-05
5e-05
5e-05
5e-05
5e-05
5e-05
5e-05
5e-05
5e-05
5e-05
5e-05
5e-05
5e-05
5e-05
5e-05
5e-05
5e-05
5e-05
5e-05
5e-05
5e-05
5e-05
5e-05
5e-05
5e-05
5e-05
5e-05
5e-05
5e-05
5e-05
5e-05
5e-05
5e-05
5e-05
5e-05
5e-05
5e-05
5e-05
5e-05
5e-05
5e-05
5e-05
5e-05
5e-05
5e-05
5e-05
5e-05
5e-05
5e-05
5e-05
5e-05
5e-05
5e-05
5e-05
5e-05
5e-05
5e-05
5e-05
5e-05
5e-05
5e-05
5.33037e-05
6.19995e-05
7.18001e-05
8.12866e-05
8.99643e-05
9.749e-05
0.00010568
0.000113291
0.000119909
0.000125074
0.000128897
0.000131716
0.000134069
0.000137231
0.000139989
0.000142431
0.000144861
0.00014626
0.000146707
0.000146524
0.000145623
0.000144349
0.000143007
0.000141972
0.0001406
0.000138983
0.000137116
0.000135186
0.000133189
0.000131143
0.000129068
0.00012699
0.000124901
0.000122868
0.000121296
0.000120086
0.000118957
0.000117655
0.000116228
0.000114691
0.00011311
0.00011146
0.000109757
0.000108068
0.000106398
0.000104696
0.000103012
0.000101356
9.97523e-05
9.81805e-05
9.66492e-05
9.51564e-05
9.3686e-05
9.22694e-05
9.09035e-05
8.95732e-05
8.82788e-05
8.70168e-05
8.58029e-05
8.46393e-05
8.35182e-05
8.24321e-05
8.13887e-05
8.0386e-05
7.94197e-05
7.84685e-05
7.75438e-05
7.66415e-05
7.57618e-05
7.49183e-05
7.41099e-05
7.33315e-05
7.25644e-05
7.18266e-05
7.11194e-05
7.04409e-05
6.97893e-05
6.92561e-05
6.88917e-05
6.85131e-05
6.81128e-05
6.76937e-05
6.72593e-05
6.6813e-05
6.63466e-05
6.58729e-05
6.53907e-05
6.49068e-05
6.44282e-05
6.39554e-05
6.34923e-05
6.30539e-05
6.2693e-05
6.234e-05
6.19852e-05
6.16254e-05
6.12695e-05
6.09156e-05
6.05642e-05
6.02213e-05
5.99016e-05
5.96271e-05
5.93534e-05
5.91046e-05
5.88649e-05
5.86214e-05
5.83762e-05
5.81259e-05
5.78748e-05
5.76225e-05
5.73739e-05

