5e-05
5e-05
5e-05
5e-05
5e-05
5e-05
5e-05
5e-05
5e-05
5e-05
5e-05
5e-05
5e-05
5e-05
5e-05
5e-05
5e-05
5e-05
5e-05
5e-05
5e-05
5e-05
5e-05
5e-05
5e-05
5e-05
5e-05
5e-05
5e-05
5e-05
5e-05
5e-05
5e-05
5e-05
5e-05
5e-05
5e-05
5e-05
5e-05
5e-05
5e-05
5e-05
5e-05
5e-05
5e-05
5e-05
5e-05
5e-05
5e-05
5e-05
5e-05
5e-05
5e-05
5e-05
5e-05
5e-05
5e-05
5e-05
5e-05
5e-05
5e-05
5e-05
5e-05
5e-05
5e-05
5e-05
5e-05
5e-05
5e-05
5e-05
5e-05
5e-05
5e-05
5e-05
5e-05
5e-05
5e-05
5e-05
5e-05
5e-05
5e-05
5e-05
5e-05
5e-05
5e-05
5e-05
5e-05
5e-05
5e-05
5e-05
5e-05
5e-05
5e-05
5e-05
5e-05
5e-05
5e-05
5e-05
5e-05
5e-05
5e-05
5e-05
5e-05
5e-05
5e-05
5e-05
5e-05
5e-05
5e-05
5e-05
5e-05
5e-05
5e-05
5e-05
5e-05
5e-05
5e-05
5e-05
5e-05
5e-05
5e-05
5e-05
5e-05
5e-05
5e-05
5e-05
5e-05
5e-05
5e-05
6.82211e-05
8.47185e-05
9.92751e-05
0.000112415
0.000123956
0.00013406
0.000145526
0.000160025
0.000173063
0.000183617
0.000191826
0.000197982
0.000202367
0.000205238
0.000207112
0.000209624
0.000211399
0.000212082
0.000211773
0.000210626
0.000208785
0.000206377
0.000203513
0.000201279
0.000200935
0.0002003
0.000198973
0.000197005
0.000194504
0.000191573
0.000188303
0.000184773
0.000181051
0.000177194
0.000173252
0.000169265
0.000165268
0.000161288
0.000157348
0.000153466
0.000149658
0.000145935
0.000142306
0.000138777
0.000135353
0.000132037
0.000128831
0.000125735
0.000122749
0.000119873
0.000117105
0.000114442
0.000111883
0.000109425
0.000107065
0.0001048
0.000102627
0.000100543
9.85446e-05
9.66288e-05
9.47926e-05
9.30327e-05
9.13462e-05
8.97301e-05
8.81815e-05
8.66976e-05
8.52757e-05
8.39132e-05
8.26075e-05
8.13561e-05
8.01568e-05
7.90073e-05
7.79053e-05
7.68489e-05
7.58359e-05
7.48646e-05
7.3933e-05
7.30395e-05
7.21823e-05
7.13599e-05
7.05707e-05
6.98133e-05
6.90863e-05
6.83883e-05
6.77182e-05
6.70746e-05
6.64564e-05
6.58625e-05
6.5292e-05
6.47437e-05
6.42167e-05
6.37101e-05
6.32231e-05
6.29352e-05
6.38405e-05
6.62855e-05
6.58545e-05
6.54206e-05
6.50987e-05
6.48097e-05
6.4514e-05
6.41952e-05
6.38495e-05
6.34794e-05
6.30898e-05
6.26862e-05
6.22738e-05
6.18574e-05
6.14407e-05
6.10271e-05
6.06191e-05
6.02187e-05
5.98275e-05
5.94465e-05
5.90856e-05
5.87915e-05
5.85127e-05
5.8233e-05
5.79523e-05
5.76726e-05
5.73959e-05

