5e-05
5e-05
5e-05
5e-05
5e-05
5e-05
5e-05
5e-05
5e-05
5e-05
5e-05
5e-05
5e-05
5e-05
5e-05
5e-05
5e-05
5e-05
5e-05
5e-05
5e-05
5e-05
5e-05
5e-05
5e-05
5e-05
5e-05
5e-05
5e-05
5e-05
5e-05
5e-05
5e-05
5e-05
5e-05
5e-05
5e-05
5e-05
5e-05
5e-05
5e-05
5e-05
5e-05
5e-05
5e-05
5e-05
5e-05
5e-05
5e-05
5e-05
5e-05
5e-05
5e-05
5e-05
5e-05
5e-05
5e-05
5e-05
5e-05
5e-05
5e-05
5e-05
5e-05
5e-05
5e-05
5e-05
5e-05
5e-05
5e-05
5e-05
5e-05
5e-05
5e-05
5e-05
5e-05
5e-05
5e-05
5e-05
5e-05
5e-05
5e-05
5e-05
5e-05
5e-05
5e-05
5e-05
5e-05
5e-05
5e-05
5e-05
5e-05
5e-05
5e-05
5e-05
5e-05
5e-05
5e-05
5e-05
5e-05
5e-05
5e-05
5e-05
5e-05
5e-05
5e-05
5e-05
5e-05
5e-05
5e-05
5e-05
5e-05
5e-05
5e-05
5e-05
5e-05
5e-05
5e-05
5e-05
5e-05
5e-05
5e-05
5e-05
5e-05
5e-05
5e-05
5e-05
5e-05
5e-05
5e-05
5e-05
5e-05
5e-05
5e-05
5e-05
5e-05
6.29374e-05
8.48921e-05
0.000105386
0.000124241
0.000140925
0.000154799
0.000166013
0.000174925
0.000182201
0.000189874
0.000196293
0.000201051
0.000204293
0.000206233
0.000207068
0.000206973
0.0002061
0.000205796
0.000207615
0.000208908
0.000209194
0.000208551
0.000207121
0.000205039
0.000202428
0.000199392
0.000196023
0.000192399
0.000188586
0.000184642
0.000180613
0.000176539
0.000172453
0.000168383
0.000164351
0.000160375
0.000156469
0.000152645
0.000148911
0.000145275
0.000141741
0.000138312
0.000134991
0.000131778
0.000128674
0.000125677
0.000122787
0.000120002
0.00011732
0.000114739
0.000112256
0.000109868
0.000107573
0.000105367
0.000103248
0.000101213
9.92581e-05
9.73814e-05
9.55796e-05
9.38499e-05
9.21895e-05
9.05956e-05
8.90657e-05
8.75972e-05
8.61876e-05
8.48344e-05
8.35355e-05
8.22884e-05
8.10912e-05
7.99416e-05
7.88378e-05
7.77778e-05
7.67597e-05
7.57818e-05
7.48424e-05
7.394e-05
7.30728e-05
7.22395e-05
7.14387e-05
7.06689e-05
6.99289e-05
6.92175e-05
6.85334e-05
6.78754e-05
6.72426e-05
6.66339e-05
6.60482e-05
6.57052e-05
6.68203e-05
6.98168e-05
6.9297e-05
6.87731e-05
6.83856e-05
6.80378e-05
6.76815e-05
6.72964e-05
6.68783e-05
6.64299e-05
6.59573e-05
6.54673e-05
6.49664e-05
6.44602e-05
6.39536e-05
6.34505e-05
6.2954e-05
6.24667e-05
6.19903e-05
6.15264e-05
6.10869e-05
6.07288e-05
6.03895e-05
6.00489e-05
5.97069e-05
5.93661e-05
5.90289e-05

