5e-05
5e-05
5e-05
5e-05
5e-05
5e-05
5e-05
5e-05
5e-05
5e-05
5e-05
5e-05
5e-05
5e-05
5e-05
5e-05
5e-05
5e-05
5e-05
5e-05
5e-05
5e-05
5e-05
5e-05
5e-05
5e-05
5e-05
5e-05
5e-05
5e-05
5e-05
5e-05
5e-05
5e-05
5e-05
5e-05
5e-05
5e-05
5e-05
5e-05
5e-05
5e-05
5e-05
5e-05
5e-05
5e-05
5e-05
5e-05
5e-05
5e-05
5e-05
5e-05
5e-05
5e-05
5e-05
5e-05
5e-05
5e-05
5e-05
5e-05
5e-05
5e-05
5e-05
5e-05
5e-05
5e-05
5e-05
5e-05
5e-05
5e-05
5e-05
5e-05
5e-05
5e-05
5e-05
5e-05
5e-05
5e-05
5e-05
5e-05
5e-05
5e-05
5e-05
5e-05
5e-05
5e-05
5e-05
5e-05
5e-05
5e-05
5e-05
5e-05
5e-05
5e-05
5e-05
5e-05
5e-05
5e-05
5e-05
5e-05
5e-05
5e-05
5e-05
5e-05
5e-05
5e-05
5e-05
5e-05
5e-05
5e-05
5e-05
5e-05
5e-05
5e-05
5e-05
5e-05
5e-05
5e-05
5e-05
5e-05
5e-05
5e-05
5e-05
5e-05
5e-05
5e-05
5e-05
5e-05
5e-05
5e-05
5e-05
5e-05
5e-05
5e-05
5e-05
5e-05
5e-05
5e-05
5e-05
5e-05
5e-05
5e-05
5e-05
5e-05
5e-05
5.1363e-05
5.99193e-05
7.09947e-05
8.22146e-05
9.20082e-05
0.000100141
0.000107939
0.000116046
0.000123453
0.000129372
0.000133602
0.000137397
0.000140135
0.000141849
0.000142676
0.000142791
0.000142444
0.000141709
0.000140762
0.000139532
0.000138053
0.000136515
0.000134928
0.00013331
0.000131692
0.000130035
0.000128299
0.000126577
0.000124878
0.000123527
0.000122365
0.000121463
0.0001207
0.000119781
0.000118594
0.000117214
0.000115762
0.000114261
0.0001129
0.000111768
0.000110553
0.000109254
0.000107887
0.000106469
0.000104975
0.000103425
0.000101861
0.0001003
9.87664e-05
9.72656e-05
9.57836e-05
9.43312e-05
9.29128e-05
9.15249e-05
9.01828e-05
8.88778e-05
8.7594e-05
8.63568e-05
8.51573e-05
8.39818e-05
8.28501e-05
8.17543e-05
8.06956e-05
7.96771e-05
7.86984e-05
7.77513e-05
7.68344e-05
7.5951e-05
7.51038e-05
7.42899e-05
7.34988e-05
7.27372e-05
7.1999e-05
7.12854e-05
7.05995e-05
6.99396e-05
6.9304e-05
6.86911e-05
6.80892e-05
6.75025e-05
6.69378e-05
6.63945e-05
6.58663e-05
6.53481e-05
6.48733e-05
6.50333e-05
6.52088e-05
6.53786e-05
6.56577e-05
6.58779e-05
6.59926e-05
6.60669e-05
6.61508e-05
6.814e-05
7.08134e-05
7.04616e-05
6.94699e-05
6.83944e-05
6.73414e-05
6.63375e-05
6.53903e-05
6.45009e-05
6.36681e-05
6.28894e-05
6.21607e-05

