5e-05
5e-05
5e-05
5e-05
5e-05
5e-05
5e-05
5e-05
5e-05
5e-05
5e-05
5e-05
5e-05
5e-05
5e-05
5e-05
5e-05
5e-05
5e-05
5e-05
5e-05
5e-05
5e-05
5e-05
5e-05
5e-05
5e-05
5e-05
5e-05
5e-05
5e-05
5e-05
5e-05
5e-05
5e-05
5e-05
5.65479e-05
7.80307e-05
9.60572e-05
0.000113559
0.000134649
0.000154303
0.000170749
0.000184126
0.000194768
0.000203008
0.000209157
0.000214195
0.000219537
0.000223577
0.000226105
0.000227278
0.000227295
0.000226337
0.000224567
0.000222774
0.000221652
0.00022002
0.000217729
0.000214867
0.000211542
0.00020785
0.000203877
0.000199697
0.000195371
0.000190952
0.000186485
0.000182005
0.000177543
0.000173125
0.00016877
0.000164494
0.000160309
0.000156227
0.000152253
0.000148394
0.000144653
0.000141031
0.000139409
0.000148655
0.000149008
0.000148772
0.000150879
0.000154001
0.000159292
0.00016023
0.000154479
0.000149321
0.000144666
0.000140436
0.000136564
0.000134391
0.000139689
0.000136591
0.000133463
0.000131325
0.000129656
0.000128155
0.000126664
0.000125108
0.000123457
0.000121704
0.000119856
0.000117928
0.000115937
0.0001139
0.000111832
0.000109751
0.000107669
0.000105598
0.000103549
0.000101531
9.95503e-05
9.76133e-05
9.57245e-05
9.3885e-05
9.20949e-05
9.03547e-05
8.86652e-05
8.7027e-05
8.5441e-05
8.39077e-05
8.24275e-05
8.10006e-05
7.96268e-05
7.83059e-05
7.75782e-05
7.88626e-05
7.84976e-05
7.74592e-05
7.67355e-05
7.61159e-05
7.55076e-05
7.48727e-05
7.41995e-05
7.34889e-05
7.28076e-05
7.22059e-05
7.15892e-05
7.09457e-05
7.07215e-05
7.13677e-05
7.03549e-05
6.96548e-05
6.91129e-05
6.87094e-05
6.85031e-05
6.83188e-05
6.81121e-05
6.78707e-05
6.75892e-05
6.7265e-05
6.6898e-05
6.6491e-05
6.60488e-05
6.55774e-05
6.50834e-05
6.45732e-05
6.4067e-05
6.36907e-05
6.33511e-05
6.30074e-05
6.26539e-05
6.2291e-05
6.19198e-05
6.15419e-05
6.11593e-05
6.0774e-05
6.03873e-05
6.00002e-05
5.96142e-05
5.92306e-05
5.88512e-05
5.84773e-05
5.81104e-05
5.77516e-05
5.74021e-05
5.70626e-05
5.67339e-05
5.64165e-05
5.61108e-05
5.58169e-05
5.55351e-05
5.52652e-05
5.50071e-05
5.47619e-05
5.46844e-05
5.49007e-05
5.46499e-05
5.44522e-05
5.42898e-05
5.4143e-05
5.4002e-05
5.38622e-05
5.37222e-05
5.35822e-05
5.34426e-05
5.33044e-05
5.31684e-05
5.30352e-05
5.29055e-05
5.27796e-05
5.26579e-05
5.25406e-05
5.24276e-05
5.2319e-05
5.22147e-05
5.21145e-05
5.20184e-05
5.19264e-05
5.18383e-05
5.17541e-05
5.16735e-05
5.15966e-05
5.15232e-05
5.14532e-05
5.13864e-05
5.13227e-05
5.12621e-05
5.12043e-05
5.11493e-05
5.1097e-05
5.10471e-05
5.09997e-05
5.09546e-05
5.09117e-05
5.08709e-05
5.0832e-05
5.07951e-05
5.07599e-05
5.07265e-05
5.06947e-05
5.06644e-05
5.06356e-05
5.06081e-05
5.0582e-05
5.05577e-05
5.05379e-05
5.05193e-05
5.0501e-05
5.04829e-05
5.04651e-05
5.04476e-05
5.04306e-05
5.04141e-05
5.03981e-05
5.03827e-05
5.03677e-05
5.03534e-05
5.03396e-05

