5e-05
5e-05
5e-05
5e-05
5e-05
5e-05
5e-05
5e-05
5e-05
5e-05
5e-05
5e-05
5e-05
5e-05
5e-05
5e-05
5e-05
5e-05
5e-05
5e-05
5e-05
5e-05
5e-05
5e-05
5e-05
5e-05
5e-05
5e-05
5e-05
5e-05
5e-05
5e-05
5e-05
5e-05
5e-05
5e-05
5e-05
5e-05
5e-05
5e-05
5e-05
5e-05
5e-05
5e-05
5e-05
5e-05
5e-05
5e-05
5e-05
5e-05
5e-05
5e-05
5e-05
5e-05
5e-05
5e-05
5e-05
5e-05
5e-05
5e-05
5e-05
5e-05
5e-05
5e-05
5e-05
5e-05
5e-05
5e-05
5e-05
5e-05
5e-05
5e-05
5e-05
5e-05
5e-05
5e-05
5e-05
5e-05
5e-05
5e-05
5e-05
5e-05
5e-05
5e-05
5e-05
5e-05
5e-05
5e-05
5e-05
5e-05
5e-05
5e-05
5e-05
5e-05
5e-05
5e-05
5e-05
5e-05
5e-05
5e-05
5e-05
5e-05
5e-05
5e-05
5e-05
5e-05
5e-05
5e-05
5e-05
5e-05
5e-05
5e-05
5e-05
5e-05
5e-05
5e-05
5e-05
5e-05
5e-05
5e-05
5e-05
5e-05
5e-05
5e-05
5e-05
5e-05
5e-05
5e-05
5e-05
5e-05
5e-05
5e-05
5e-05
5e-05
5e-05
5e-05
5e-05
5e-05
5e-05
5e-05
5e-05
5e-05
5e-05
5e-05
5e-05
5e-05
5e-05
5e-05
5e-05
5e-05
5e-05
5e-05
5e-05
5e-05
5e-05
5.15966e-05
5.8814e-05
6.76249e-05
7.67533e-05
9.44869e-05
0.000172717
0.000218564
0.000227462
0.000225214
0.000219956
0.000213776
0.000207305
0.000200819
0.00019447
0.00018833
0.000182435
0.000177954
0.000176493
0.000174055
0.000170721
0.000166783
0.00016251
0.000158102
0.000153688
0.000149356
0.000145152
0.000141101
0.000137219
0.00013351
0.000129974
0.000126609
0.000123408
0.000120371
0.000117481
0.000114732
0.00011212
0.000109639
0.000107277
0.000105024
0.000102877
0.000100832
9.88813e-05
9.70217e-05
9.52478e-05
9.35509e-05
9.19287e-05
9.03769e-05
8.88933e-05
8.74729e-05
8.61135e-05
8.48113e-05
8.35632e-05
8.23676e-05
8.12194e-05
8.01162e-05
7.90565e-05
7.80385e-05
7.70613e-05
7.61239e-05
7.52227e-05
7.43562e-05
7.35376e-05
7.28525e-05
7.21718e-05
7.14877e-05
7.08066e-05
7.0134e-05
6.9475e-05
6.88329e-05
6.82108e-05
6.76084e-05
6.70244e-05
6.64598e-05
6.5914e-05
6.53865e-05
6.49087e-05
6.44921e-05
6.40709e-05
6.3647e-05
6.32626e-05
6.29108e-05
6.25464e-05
6.22075e-05
6.18956e-05
6.15656e-05
6.1225e-05
6.08796e-05
6.05348e-05
6.0239e-05
6.03183e-05
6.03214e-05
6.02138e-05
6.00242e-05
5.97795e-05
5.95006e-05

