5e-05
5e-05
5e-05
5e-05
5e-05
5e-05
5e-05
5e-05
5e-05
5e-05
5e-05
5e-05
5e-05
5e-05
5e-05
5e-05
5e-05
5e-05
5e-05
5e-05
5e-05
5e-05
5e-05
5e-05
5e-05
5e-05
5e-05
5e-05
5e-05
5e-05
5e-05
5e-05
5e-05
5e-05
5e-05
5e-05
5e-05
5e-05
5e-05
5e-05
5e-05
5e-05
5e-05
5e-05
5e-05
5e-05
5e-05
5e-05
5e-05
5e-05
5e-05
5e-05
5e-05
5e-05
5e-05
5e-05
5e-05
5e-05
5e-05
5e-05
5e-05
5e-05
5e-05
5e-05
5e-05
5e-05
5e-05
5e-05
5e-05
5e-05
5e-05
5e-05
5e-05
5e-05
5e-05
5e-05
5e-05
5e-05
5e-05
5e-05
5e-05
5e-05
5e-05
5e-05
5e-05
5e-05
5e-05
5e-05
5e-05
5e-05
5e-05
5e-05
5e-05
5e-05
5e-05
5e-05
5e-05
5e-05
5e-05
5e-05
5e-05
5e-05
5e-05
5e-05
5e-05
5e-05
5e-05
5e-05
5e-05
5e-05
5e-05
5e-05
5e-05
5e-05
5e-05
5e-05
5e-05
5e-05
5e-05
5e-05
5e-05
5e-05
5e-05
5e-05
5e-05
5e-05
5e-05
5e-05
5e-05
5e-05
5e-05
5e-05
5e-05
5e-05
5e-05
5e-05
5e-05
5e-05
5e-05
5e-05
5e-05
5e-05
5e-05
5e-05
5e-05
5.1658e-05
5.67908e-05
6.26764e-05
6.83804e-05
7.36115e-05
7.82277e-05
8.28764e-05
9.15531e-05
9.93562e-05
0.000104825
0.000109158
0.000112056
0.000113761
0.000114638
0.000114959
0.000114881
0.000114521
0.000113957
0.000113243
0.00011242
0.000111509
0.000110532
0.000109507
0.000108453
0.000107364
0.00010625
0.000105117
0.000103971
0.000102817
0.000101656
0.000100499
9.93445e-05
9.81909e-05
9.70412e-05
9.58987e-05
9.47659e-05
9.36452e-05
9.25382e-05
9.14466e-05
9.03713e-05
8.93134e-05
8.82769e-05
8.72593e-05
8.6262e-05
8.52849e-05
8.43284e-05
8.33899e-05
8.24698e-05
8.15687e-05
8.0687e-05
7.98252e-05
7.89847e-05
7.81651e-05
7.73645e-05
7.6583e-05
7.58206e-05
7.50772e-05
7.43527e-05
7.36468e-05
7.29594e-05
7.22912e-05
7.16428e-05
7.10112e-05
7.03973e-05
7.05445e-05
7.07974e-05
7.07872e-05
7.05649e-05
7.01912e-05
6.97172e-05
6.91766e-05
6.86019e-05
6.80132e-05
6.74217e-05
6.68367e-05
6.62638e-05
6.57062e-05
6.51654e-05
6.46424e-05
6.41377e-05
6.36513e-05
6.31829e-05
6.27318e-05
6.22975e-05
6.18795e-05
6.14772e-05
6.10921e-05
6.07752e-05
6.04668e-05
6.0156e-05
5.98446e-05
5.95359e-05
5.92317e-05
5.89336e-05
5.86424e-05
5.83591e-05
5.80841e-05
5.78177e-05
5.75599e-05
5.73108e-05
5.70703e-05
5.6838e-05
5.66139e-05
5.63975e-05
5.61887e-05

