5e-05
5e-05
5e-05
5e-05
5e-05
5e-05
5e-05
5e-05
5e-05
5e-05
5e-05
5e-05
5e-05
5e-05
5e-05
5e-05
5e-05
5e-05
5e-05
5e-05
5e-05
5e-05
5e-05
5e-05
5e-05
5e-05
5e-05
5e-05
5e-05
5e-05
5e-05
5e-05
5e-05
5e-05
5e-05
5e-05
5e-05
5e-05
5e-05
5e-05
5e-05
5e-05
5e-05
5e-05
5e-05
5e-05
5e-05
5e-05
5e-05
5e-05
5e-05
5e-05
5e-05
5e-05
5e-05
5e-05
5e-05
5e-05
5e-05
5e-05
5e-05
5e-05
5e-05
5e-05
5e-05
5e-05
5e-05
5e-05
5e-05
5e-05
5e-05
5e-05
5e-05
5e-05
5e-05
5e-05
5e-05
5e-05
5e-05
5e-05
5e-05
5e-05
5e-05
5e-05
5e-05
5e-05
5e-05
5e-05
5e-05
5e-05
5e-05
5e-05
5e-05
5e-05
5e-05
5e-05
5e-05
5e-05
5e-05
5e-05
5e-05
5e-05
5e-05
5e-05
5e-05
5e-05
5e-05
5e-05
5e-05
5e-05
5e-05
5e-05
5e-05
5e-05
5e-05
5e-05
5e-05
5e-05
5e-05
5e-05
5e-05
5e-05
5e-05
5e-05
5e-05
5e-05
5.41271e-05
6.32216e-05
7.31016e-05
8.22874e-05
9.05984e-05
9.77821e-05
0.000103928
0.000109035
0.000113544
0.000118553
0.000124452
0.000129275
0.000132797
0.000135198
0.000136713
0.000137694
0.000138183
0.000138488
0.000139351
0.000140194
0.000140827
0.00014162
0.000141725
0.000141133
0.000140076
0.000138992
0.000137791
0.000136223
0.000134379
0.000132793
0.000131123
0.000129311
0.000127402
0.000125434
0.000123423
0.000121358
0.000119329
0.000117328
0.000115355
0.00011338
0.000111427
0.000109488
0.000107562
0.000105656
0.000103827
0.000102055
0.00010035
9.86982e-05
9.71226e-05
9.56219e-05
9.41877e-05
9.27819e-05
9.14131e-05
9.01028e-05
8.88498e-05
8.76488e-05
8.64744e-05
8.5322e-05
8.41906e-05
8.31057e-05
8.20672e-05
8.10602e-05
8.00886e-05
7.9156e-05
7.82583e-05
7.73636e-05
7.64948e-05
7.56613e-05
7.48507e-05
7.40542e-05
7.32828e-05
7.25439e-05
7.18358e-05
7.11535e-05
7.04873e-05
6.98404e-05
6.92189e-05
6.86214e-05
6.80343e-05
6.74629e-05
6.69069e-05
6.63614e-05
6.58312e-05
6.53158e-05
6.48191e-05
6.43443e-05
6.38897e-05
6.3454e-05
6.30355e-05
6.2633e-05
6.22435e-05
6.18629e-05
6.14927e-05
6.11328e-05
6.07826e-05
6.04433e-05
6.03625e-05
6.05706e-05
6.07127e-05
6.07606e-05
6.071e-05
6.0564e-05
6.03545e-05
6.01107e-05
6.00256e-05
6.1848e-05
6.37687e-05
6.38423e-05
6.33617e-05
6.27406e-05
6.20923e-05
6.14575e-05
6.08749e-05
6.03157e-05
5.9782e-05
5.92785e-05
5.88323e-05
5.84274e-05
5.80624e-05
5.7709e-05
5.73685e-05
5.70399e-05
5.67248e-05
5.64222e-05

