5e-05
5e-05
5e-05
5e-05
5e-05
5e-05
5e-05
5e-05
5.11969e-05
5.89312e-05
6.88491e-05
7.86737e-05
8.77394e-05
9.54855e-05
0.000103006
0.000109468
0.000114857
0.0001193
0.000122854
0.000125462
0.000127201
0.000128368
0.000129123
0.000129361
0.00012927
0.000129018
0.000128635
0.000128137
0.000127455
0.000126479
0.000125421
0.000124339
0.000123239
0.000122071
0.000120806
0.000119534
0.000118272
0.000117018
0.000115756
0.000114481
0.000113213
0.000111952
0.000110688
0.000109391
0.000108067
0.000106917
0.000106022
0.000105054
0.00010402
0.000102951
0.000101797
0.000100565
9.92902e-05
9.80087e-05
9.67295e-05
9.54559e-05
9.41888e-05
9.29536e-05
9.17367e-05
9.05566e-05
8.94053e-05
8.82587e-05
8.71487e-05
8.60642e-05
8.50109e-05
8.39843e-05
8.29844e-05
8.20194e-05
8.10874e-05
8.01862e-05
7.92997e-05
7.8407e-05
7.75368e-05
7.67e-05
7.58952e-05
7.51172e-05
7.43592e-05
7.3628e-05
7.29203e-05
7.22275e-05
7.15584e-05
7.09126e-05
7.02888e-05
6.96854e-05
6.91013e-05
6.85354e-05
6.79733e-05
6.74205e-05
6.68746e-05
6.63375e-05
6.58117e-05
6.52999e-05
6.47988e-05
6.43158e-05
6.38523e-05
6.34062e-05
6.29799e-05
6.25696e-05
6.21732e-05
6.17932e-05
6.14287e-05
6.10761e-05
6.07334e-05
6.04035e-05
6.00859e-05
5.97796e-05
5.9478e-05
5.91832e-05
5.88992e-05
5.86252e-05
5.83573e-05
5.80974e-05
5.78438e-05
5.75973e-05
5.73596e-05
5.71279e-05
5.69021e-05
5.66847e-05
5.64759e-05
5.62751e-05
5.60818e-05
5.58938e-05
5.57085e-05
5.55267e-05
5.53499e-05
5.51791e-05
5.50138e-05
5.4855e-05
5.4701e-05
5.46012e-05
5.46872e-05
5.47661e-05
5.48129e-05
5.48242e-05
5.48127e-05
5.47566e-05
5.46612e-05
5.4572e-05
5.44711e-05
5.43601e-05
5.42555e-05
5.41406e-05
5.40163e-05
5.38884e-05
5.37591e-05
5.36288e-05
5.34969e-05
5.33663e-05
5.32389e-05
5.31135e-05
5.29909e-05
5.28706e-05
5.27546e-05
5.2642e-05
5.25344e-05
5.2432e-05
5.3138e-05
5.91244e-05
6.71763e-05
7.52728e-05
8.28634e-05
8.96266e-05
9.55662e-05
0.000100742
0.000105107
0.000108793
0.000111978
0.000114645
0.000116899
0.000118779
0.000120243
0.000121364
0.000122189
0.000122859
0.000123933
0.000124759
0.000125289
0.00012555
0.000125524
0.000125156
0.000124511
0.00012365
0.000122665
0.000121616
0.000120497
0.000119263
0.000117998
0.000116714
0.000115362
0.000113971
0.000112975
0.00011195
0.000110812
0.000109605
0.000108342
0.000107023
0.000105664
0.000104298
0.000102928
0.000101539
0.000100157
9.87956e-05
9.74471e-05
9.6121e-05
9.48243e-05
9.35594e-05
9.23097e-05
9.10771e-05
8.98761e-05
8.87174e-05
8.75991e-05
8.65075e-05
8.54424e-05
8.44128e-05
8.34121e-05
8.24296e-05
8.14763e-05
8.05401e-05
7.96343e-05
7.87571e-05
7.78956e-05
7.70492e-05
7.62071e-05
7.53842e-05
7.45937e-05
7.38304e-05
7.30902e-05
7.23792e-05
7.16929e-05
7.10103e-05
7.03479e-05
6.97127e-05
6.91034e-05
6.8518e-05
6.79539e-05
6.74022e-05
6.68678e-05
6.63462e-05
6.5852e-05
6.5454e-05
6.50654e-05
6.46681e-05
6.42725e-05
6.38751e-05
6.34783e-05
6.30883e-05
6.2706e-05
6.23315e-05
6.19586e-05
6.15915e-05

