5e-05
5e-05
5e-05
5e-05
5e-05
5e-05
5e-05
5e-05
5e-05
5e-05
5e-05
5e-05
5e-05
5e-05
5e-05
5e-05
5e-05
5e-05
5e-05
5e-05
5e-05
5e-05
5e-05
5e-05
5e-05
5e-05
5e-05
5e-05
5e-05
5e-05
5e-05
5e-05
5e-05
5e-05
5e-05
5e-05
5e-05
5e-05
5e-05
5e-05
5e-05
5e-05
5e-05
5e-05
5e-05
5e-05
5e-05
5e-05
5e-05
5e-05
5e-05
5e-05
5e-05
5e-05
5e-05
5e-05
5e-05
5e-05
5e-05
5e-05
5e-05
5e-05
5e-05
5e-05
5e-05
5e-05
5e-05
5e-05
5e-05
5e-05
5e-05
5e-05
5e-05
5e-05
5e-05
5e-05
5e-05
5e-05
5e-05
5e-05
5e-05
5e-05
5e-05
5e-05
5e-05
5e-05
5e-05
5e-05
5e-05
5e-05
5e-05
5e-05
5e-05
5e-05
5e-05
5e-05
5e-05
5e-05
5e-05
5e-05
5e-05
5.18781e-05
5.83243e-05
6.59308e-05
7.34503e-05
8.0461e-05
8.66229e-05
9.20389e-05
9.67917e-05
0.000100948
0.000104517
0.000107573
0.000110195
0.000112409
0.000114177
0.000115603
0.000116751
0.000117647
0.000118291
0.000118693
0.000118908
0.000118939
0.000118782
0.000118494
0.000118088
0.000117577
0.000116925
0.000116148
0.000115278
0.000114348
0.000113378
0.000112526
0.000112068
0.000111849
0.000111564
0.000114404
0.000132592
0.000154677
0.000157815
0.000155263
0.000151132
0.000146561
0.000141935
0.000137476
0.000133677
0.000130285
0.00012737
0.000124484
0.000121565
0.000118627
0.000115714
0.000112848
0.00011006
0.000107476
0.000105172
0.000102943
0.00010081
9.89254e-05
9.70646e-05
9.52215e-05
9.34151e-05
9.16465e-05
9.36289e-05
9.87862e-05
0.000104278
0.000109442
0.000114047
0.000117794
0.00012081
0.000123265
0.000125185
0.000126618
0.000127681
0.000128422
0.000128842
0.000128977
0.000128902
0.000128643
0.000128194
0.000128353
0.000133203
0.000137451
0.000140419
0.000142193
0.000142765
0.000142431
0.000141821
0.000141087
0.000139838
0.000138269
0.000136831
0.000137452
0.00014013
0.000141477
0.000141491
0.000140503
0.000138718
0.000136482
0.000133866
0.0001311
0.00012826
0.000125392
0.000122554
0.000119762
0.000117055
0.000114443
0.000111931
0.000109507
0.000107165
0.000104923
0.000102774
0.000100719
9.87635e-05
9.68899e-05
9.50932e-05
9.33685e-05
9.17277e-05
9.01676e-05
8.86744e-05
8.72485e-05
8.58877e-05
8.45795e-05
8.333e-05
8.21283e-05
8.09775e-05
7.98778e-05
7.88259e-05
7.78118e-05
7.68368e-05
7.5903e-05
7.50076e-05
7.41407e-05
7.33019e-05
7.24956e-05
7.17188e-05
7.09706e-05
7.02536e-05
6.95612e-05
6.88953e-05
6.82568e-05
6.76437e-05
6.70442e-05
6.64619e-05
6.59011e-05
6.53616e-05
6.4845e-05
6.43499e-05
6.38715e-05
6.34106e-05
6.29682e-05

