5e-05
5e-05
5e-05
5e-05
5e-05
5e-05
5e-05
5e-05
5e-05
5e-05
5e-05
5e-05
5e-05
5e-05
5e-05
5e-05
5e-05
5e-05
5e-05
5e-05
5e-05
5e-05
5e-05
5e-05
5e-05
5e-05
5e-05
5e-05
5e-05
5e-05
5e-05
5e-05
5e-05
5e-05
5e-05
5e-05
5e-05
5e-05
5e-05
5e-05
5e-05
5e-05
5e-05
5e-05
5e-05
5e-05
5e-05
5e-05
5e-05
5e-05
5e-05
5e-05
5e-05
5e-05
5e-05
5e-05
5e-05
5e-05
5e-05
5e-05
5e-05
5e-05
5e-05
5e-05
5e-05
5e-05
5e-05
5e-05
5e-05
5e-05
5e-05
5e-05
5e-05
5e-05
5e-05
5e-05
5e-05
5e-05
5e-05
5e-05
5e-05
5e-05
5e-05
5e-05
5e-05
5e-05
5e-05
5e-05
5e-05
5e-05
5e-05
5e-05
5e-05
5e-05
5e-05
5e-05
5e-05
5e-05
5e-05
5e-05
5e-05
5e-05
5e-05
5e-05
5e-05
5e-05
5e-05
5e-05
5e-05
5e-05
5e-05
5e-05
5e-05
5e-05
5e-05
5e-05
5e-05
5e-05
5e-05
5e-05
5e-05
5e-05
5e-05
5e-05
5e-05
5e-05
5e-05
5e-05
5e-05
5e-05
5e-05
5e-05
5e-05
5e-05
5e-05
5e-05
5e-05
5e-05
5e-05
5e-05
5e-05
5e-05
5e-05
5e-05
5e-05
5e-05
5e-05
5.07553e-05
5.74006e-05
6.71412e-05
7.66657e-05
8.52403e-05
9.26271e-05
9.88566e-05
0.000104066
0.000108422
0.000112366
0.000116185
0.000119205
0.000121609
0.000123517
0.000124945
0.000125915
0.000126504
0.000126723
0.000126696
0.000126482
0.000126105
0.000125538
0.00012484
0.000124022
0.00012301
0.000121887
0.000120725
0.000119525
0.000118274
0.000118037
0.000120763
0.000122879
0.000124173
0.000124753
0.0001248
0.000124387
0.00012349
0.000122058
0.000120374
0.000118576
0.000116707
0.000114798
0.000112872
0.000110938
0.000108957
0.000106986
0.000105059
0.000103168
0.000101313
9.95173e-05
9.77761e-05
9.60883e-05
9.44715e-05
9.29091e-05
9.1398e-05
8.99432e-05
8.85551e-05
8.72305e-05
8.59649e-05
8.4754e-05
8.35938e-05
8.24808e-05
8.14046e-05
8.03639e-05
7.93638e-05
7.84023e-05
7.74771e-05
7.65801e-05
7.57091e-05
7.48648e-05
7.48561e-05
7.52268e-05
7.54001e-05
7.53647e-05
7.51716e-05
7.48104e-05
7.43172e-05
7.37216e-05
7.30508e-05
7.23319e-05
7.15922e-05
7.08462e-05
7.00986e-05
6.93658e-05
6.86474e-05
6.79447e-05
6.72665e-05
6.66137e-05
6.59863e-05
6.53842e-05
6.48065e-05
6.4249e-05
6.37025e-05
6.31735e-05
6.26661e-05
6.21807e-05
6.17192e-05
6.12784e-05
6.08565e-05
6.04549e-05
6.00724e-05
5.97077e-05
5.93596e-05

