5e-05
5e-05
5e-05
5e-05
5e-05
5e-05
5e-05
5e-05
5e-05
5e-05
5e-05
5e-05
5e-05
5e-05
5e-05
5e-05
5e-05
5e-05
5e-05
5e-05
5e-05
5e-05
5e-05
5e-05
5e-05
5e-05
5e-05
5e-05
5e-05
5e-05
5e-05
5e-05
5e-05
5e-05
5e-05
5e-05
5e-05
5e-05
5e-05
5e-05
5e-05
5e-05
5e-05
5e-05
5e-05
5e-05
5e-05
5e-05
5e-05
5e-05
5e-05
5e-05
5e-05
5e-05
5e-05
5e-05
5e-05
5e-05
5e-05
5e-05
5e-05
5e-05
5e-05
5e-05
5e-05
5e-05
5e-05
5e-05
5e-05
5e-05
5e-05
5e-05
5e-05
5e-05
5e-05
5e-05
5e-05
5e-05
5e-05
5e-05
5e-05
5e-05
5e-05
5e-05
5e-05
5e-05
5e-05
5e-05
5e-05
5e-05
5e-05
5e-05
5e-05
5e-05
5e-05
5e-05
5e-05
5e-05
5e-05
5e-05
5e-05
5e-05
5e-05
5e-05
5e-05
5e-05
5e-05
5e-05
5e-05
5e-05
5e-05
5e-05
5e-05
5e-05
5e-05
5e-05
5e-05
5e-05
5e-05
5e-05
5e-05
5e-05
5e-05
5e-05
5e-05
5e-05
5e-05
5e-05
5e-05
5e-05
5e-05
5e-05
5e-05
5e-05
5e-05
5e-05
5e-05
5e-05
5e-05
5e-05
5e-05
5e-05
5e-05
5e-05
5.02586e-05
5.51807e-05
6.29036e-05
7.07685e-05
7.77498e-05
8.35854e-05
8.84182e-05
9.24133e-05
9.57218e-05
9.84591e-05
0.000100715
0.000102553
0.000104036
0.000105209
0.000106108
0.000106766
0.000107211
0.000107466
0.000107553
0.00010749
0.000107294
0.000106981
0.000106563
0.000106056
0.000105467
0.000104808
0.000104088
0.000103315
0.000102497
0.000101639
0.00010075
9.9871e-05
9.92872e-05
9.86299e-05
9.78712e-05
9.70272e-05
9.61107e-05
9.51479e-05
9.41564e-05
9.31453e-05
9.21238e-05
9.11001e-05
9.00785e-05
8.90648e-05
8.8062e-05
8.70722e-05
8.6097e-05
8.51378e-05
8.4195e-05
8.32678e-05
8.23583e-05
8.14668e-05
8.05948e-05
7.97562e-05
7.91044e-05
7.84511e-05
7.77719e-05
7.70691e-05
7.63553e-05
7.5635e-05
7.49169e-05
7.42063e-05
7.3506e-05
7.28165e-05
7.21415e-05
7.14825e-05
7.08401e-05
7.02147e-05
6.9606e-05
6.90128e-05
6.8435e-05
6.78732e-05
6.73285e-05
6.68007e-05
6.6288e-05
6.57902e-05
6.53071e-05
6.48373e-05
6.4382e-05
6.39407e-05
6.35124e-05
6.3097e-05
6.26952e-05
6.23059e-05
6.19281e-05
6.15622e-05
6.12076e-05
6.08639e-05
6.05312e-05
6.02093e-05
5.98976e-05
5.95957e-05
5.93028e-05
5.90183e-05
5.87426e-05
5.84757e-05
5.82164e-05
5.7964e-05
5.7718e-05
5.74792e-05
5.72478e-05
5.70242e-05
5.68074e-05
5.6598e-05
5.63955e-05
5.61997e-05

