5e-05
5e-05
5e-05
5e-05
5e-05
5e-05
5e-05
5e-05
5e-05
5e-05
5e-05
5e-05
5e-05
5e-05
5e-05
5e-05
5e-05
5e-05
5e-05
5e-05
5e-05
5e-05
5e-05
5e-05
5e-05
5e-05
5e-05
5e-05
5e-05
5e-05
5e-05
5e-05
5e-05
5e-05
5e-05
5e-05
5e-05
5e-05
5e-05
5e-05
5e-05
5e-05
5e-05
5e-05
5e-05
5e-05
5e-05
5e-05
5e-05
5e-05
5e-05
5e-05
5e-05
5e-05
5e-05
5e-05
5e-05
5e-05
5e-05
5e-05
5e-05
5e-05
5e-05
5e-05
5e-05
5e-05
5e-05
5e-05
5e-05
5e-05
5e-05
5e-05
5e-05
5e-05
5e-05
5e-05
5e-05
5e-05
5e-05
5e-05
5e-05
5e-05
5e-05
5e-05
5e-05
5e-05
5e-05
5e-05
5e-05
5e-05
5e-05
5e-05
5e-05
5e-05
5e-05
5e-05
5e-05
5e-05
5e-05
5e-05
5e-05
5e-05
5e-05
5e-05
5e-05
5e-05
5e-05
5e-05
5e-05
5e-05
5e-05
5e-05
5e-05
5e-05
5e-05
5e-05
5e-05
5e-05
5e-05
5e-05
5e-05
5e-05
5e-05
5e-05
5e-05
5e-05
5e-05
5e-05
5e-05
5e-05
5e-05
5e-05
5e-05
5e-05
5e-05
5.14381e-05
6.01416e-05
7.10869e-05
8.15042e-05
9.07063e-05
9.85829e-05
0.000105199
0.000111265
0.000125063
0.000147386
0.000217363
0.000235084
0.000233406
0.000227234
0.000219935
0.000212368
0.000204883
0.00019764
0.000190704
0.000184095
0.000177816
0.000171865
0.000166228
0.000160894
0.000156064
0.000151656
0.00014738
0.000143467
0.000139803
0.000136185
0.000132638
0.000129191
0.00012586
0.000122663
0.000119602
0.000116679
0.00011389
0.000111234
0.000108704
0.000106295
0.000103999
0.000101813
9.97316e-05
9.77489e-05
9.586e-05
9.406e-05
9.23471e-05
9.07141e-05
8.9155e-05
8.7666e-05
8.62434e-05
8.48841e-05
8.35855e-05
8.23465e-05
8.11628e-05
8.00286e-05
7.89415e-05
7.78993e-05
7.69007e-05
7.59472e-05
7.52997e-05
7.53762e-05
7.52633e-05
7.50037e-05
7.45298e-05
7.38983e-05
7.31729e-05
7.24066e-05
7.16261e-05
7.08482e-05
7.00845e-05
6.93419e-05
6.86245e-05
6.79332e-05
6.72696e-05
6.66329e-05
6.60216e-05
6.54351e-05
6.48727e-05
6.43335e-05
6.38166e-05
6.33214e-05
6.2847e-05
6.23919e-05
6.19551e-05
6.15365e-05
6.11355e-05
6.07502e-05
6.03805e-05
6.00247e-05
5.96824e-05
5.93528e-05
5.9036e-05
5.87314e-05
5.84384e-05
5.81561e-05
5.78842e-05
5.76222e-05
5.73695e-05
5.71262e-05
5.68915e-05
5.66652e-05
5.64488e-05
5.62713e-05
5.60964e-05
5.59198e-05
5.57427e-05
5.55801e-05
5.54363e-05
5.52871e-05
5.5134e-05
5.49795e-05
5.48252e-05
5.46728e-05
5.45232e-05

