5e-05
5e-05
5e-05
5e-05
5e-05
5e-05
5e-05
5e-05
5e-05
5e-05
5e-05
5e-05
5e-05
5e-05
5e-05
5e-05
5e-05
5e-05
5e-05
5e-05
5e-05
5e-05
5e-05
5e-05
5e-05
5e-05
5e-05
5e-05
5e-05
5e-05
5e-05
5e-05
5e-05
5e-05
5e-05
5e-05
5e-05
5e-05
5e-05
5e-05
5e-05
5e-05
5e-05
5e-05
5e-05
5e-05
5e-05
5e-05
5e-05
5e-05
5e-05
5e-05
5e-05
5e-05
5e-05
5e-05
5e-05
5e-05
5e-05
5e-05
5e-05
5e-05
5e-05
5e-05
5e-05
5e-05
5e-05
5e-05
5e-05
5e-05
5e-05
5e-05
5e-05
5e-05
5e-05
5e-05
5e-05
5e-05
5e-05
5e-05
5e-05
5e-05
5e-05
5e-05
5e-05
5e-05
5e-05
5e-05
5e-05
5e-05
5e-05
5e-05
5e-05
5e-05
5e-05
5e-05
5e-05
5e-05
5e-05
5e-05
5e-05
5e-05
5e-05
5e-05
5e-05
5e-05
5e-05
5e-05
5e-05
5e-05
5e-05
5e-05
5e-05
5e-05
5e-05
5e-05
5e-05
5e-05
5e-05
5e-05
5e-05
5e-05
5e-05
5e-05
5e-05
5e-05
5e-05
5e-05
5e-05
5e-05
5e-05
5e-05
5e-05
5e-05
5e-05
5e-05
5e-05
5e-05
5e-05
5e-05
5e-05
5e-05
5e-05
5e-05
5.18168e-05
6.02936e-05
7.1781e-05
8.32079e-05
9.3365e-05
0.000101737
0.000108736
0.000114557
0.000119351
0.00012325
0.000126372
0.00012882
0.000130686
0.000132048
0.000132974
0.000133526
0.000133753
0.000133702
0.000133411
0.000132855
0.00013211
0.000131229
0.000130317
0.000129828
0.000129188
0.000128369
0.000127373
0.000126197
0.000124909
0.000123836
0.000122822
0.000121557
0.000120618
0.000119681
0.000118598
0.000117389
0.000116075
0.000114677
0.000113215
0.000111707
0.000110166
0.000108608
0.000107042
0.000105477
0.000103922
0.000102372
0.000100823
9.93025e-05
9.78008e-05
9.63034e-05
9.48459e-05
9.34352e-05
9.20708e-05
9.07776e-05
8.97399e-05
8.87262e-05
8.77077e-05
8.66867e-05
8.5667e-05
8.46432e-05
8.35928e-05
8.26115e-05
8.17851e-05
8.09429e-05
8.00948e-05
7.92457e-05
7.83995e-05
7.75594e-05
7.67287e-05
7.59099e-05
7.51054e-05
7.43168e-05
7.35456e-05
7.2793e-05
7.20597e-05
7.13463e-05
7.06504e-05
6.99665e-05
6.93037e-05
6.86547e-05
6.80275e-05
6.74235e-05
6.68419e-05
6.6278e-05
6.57312e-05
6.52051e-05
6.47301e-05
6.4329e-05
6.39328e-05
6.35384e-05
6.31867e-05
6.28786e-05
6.25613e-05
6.2235e-05
6.19023e-05
6.15658e-05
6.12226e-05
6.08767e-05
6.05349e-05
6.01986e-05
5.9869e-05
5.95417e-05
5.92201e-05
5.89052e-05
5.86009e-05
5.83074e-05

