5e-05
5e-05
5e-05
5e-05
5e-05
5e-05
5e-05
5e-05
5e-05
5e-05
5e-05
5e-05
5e-05
5.25526e-05
6.2288e-05
7.36289e-05
8.43898e-05
9.39824e-05
0.000101998
0.000108144
0.000112634
0.000116231
0.000118981
0.000121386
0.000129478
0.000136912
0.000142818
0.000147312
0.000150216
0.000152109
0.00015411
0.000155209
0.000155487
0.000154941
0.00015385
0.00015236
0.000150567
0.000148548
0.000146365
0.00014407
0.000141703
0.000139291
0.000136812
0.000134326
0.000131794
0.000129608
0.000127675
0.000125951
0.000127806
0.000130252
0.000131866
0.000132402
0.000131661
0.00013018
0.000128323
0.000126169
0.000123771
0.000121278
0.000118751
0.000116165
0.000113467
0.000110802
0.00010825
0.000105817
0.000103497
0.000101275
9.91679e-05
9.71528e-05
9.52244e-05
9.33804e-05
9.16368e-05
8.99941e-05
8.84432e-05
8.69653e-05
8.55602e-05
8.42221e-05
8.29535e-05
8.17402e-05
8.05637e-05
7.94262e-05
7.83352e-05
7.72859e-05
7.62713e-05
7.52983e-05
7.43653e-05
7.34791e-05
7.26326e-05
7.18216e-05
7.10413e-05
7.02907e-05
6.95654e-05
6.88628e-05
6.81891e-05
6.75434e-05
6.69242e-05
6.63452e-05
6.5874e-05
6.5422e-05
6.49784e-05
6.45423e-05
6.41136e-05
6.36892e-05
6.32633e-05
6.28432e-05
6.2433e-05
6.2059e-05
6.17295e-05
6.13949e-05
6.10504e-05
6.07035e-05
6.03646e-05
6.00344e-05
5.97117e-05
5.93911e-05
5.90794e-05
5.8775e-05
5.84789e-05
5.81864e-05
5.79042e-05
5.76341e-05
5.73756e-05
5.71256e-05
5.68818e-05
5.66418e-05
5.64118e-05
5.61909e-05
5.59796e-05
5.57779e-05
5.55833e-05
5.53967e-05
5.52183e-05
5.50458e-05
5.48796e-05
5.47226e-05
5.45966e-05
5.44943e-05
5.43964e-05
5.4294e-05
5.41912e-05
5.4097e-05
5.39962e-05
5.39014e-05
5.38163e-05
5.37257e-05
5.36304e-05
5.35307e-05
5.34284e-05
5.3354e-05
5.32726e-05
5.3177e-05
5.30755e-05
5.2973e-05
5.28825e-05
5.27935e-05
5.27037e-05
5.26129e-05
5.25211e-05
5.24321e-05
5.23445e-05
5.22583e-05
5.21749e-05
5.20947e-05
5.20181e-05
5.19465e-05
5.1884e-05
5.18225e-05
5.17622e-05
5.17039e-05
5.16461e-05
5.15896e-05
5.15349e-05
5.14818e-05
5.14308e-05
5.13868e-05
5.13468e-05
5.13064e-05
5.12661e-05
5.12267e-05
5.11871e-05
5.11484e-05
5.11101e-05
5.10726e-05
5.10362e-05
5.1001e-05
5.09665e-05
5.0933e-05
5.0901e-05
5.08703e-05
5.08409e-05
5.08127e-05
5.07857e-05
5.07597e-05
5.07346e-05
5.07099e-05
5.06858e-05
5.06627e-05
5.06405e-05
5.06192e-05
5.05985e-05
5.05787e-05
5.05594e-05
5.05408e-05
5.05229e-05
5.05056e-05
5.04886e-05
5.04723e-05
5.04564e-05
5.0441e-05
5.04262e-05
5.04119e-05
5.03981e-05
5.03849e-05
5.03722e-05
5.036e-05
5.03482e-05
5.03369e-05
5.03268e-05
5.0318e-05
5.03091e-05
5.03003e-05
5.02914e-05
5.02825e-05
5.02735e-05
5.02647e-05
5.02563e-05
5.02481e-05
5.02401e-05
5.02322e-05
5.02247e-05
5.02174e-05
5.02103e-05
5.02033e-05
5.01966e-05
5.019e-05
5.01837e-05
5.01776e-05
5.01717e-05
5.01659e-05
5.01603e-05
5.01552e-05
5.0151e-05
5.01468e-05
5.01431e-05
5.01397e-05
5.01363e-05
5.01328e-05
5.01291e-05
5.01254e-05
5.01217e-05
5.0118e-05

