5e-05
5e-05
5e-05
5e-05
5e-05
5e-05
5e-05
5e-05
5e-05
5e-05
5e-05
5e-05
5e-05
5e-05
5e-05
5e-05
5e-05
5e-05
5e-05
5e-05
5e-05
5e-05
5e-05
5e-05
5e-05
5e-05
5e-05
5e-05
5e-05
5e-05
5e-05
5e-05
5e-05
5e-05
5e-05
5e-05
5e-05
5e-05
5e-05
5e-05
5e-05
5e-05
5e-05
5e-05
5e-05
5e-05
5e-05
5e-05
5e-05
5e-05
5e-05
5e-05
5e-05
5e-05
5e-05
5e-05
5e-05
5e-05
5e-05
5e-05
5e-05
5e-05
5e-05
5e-05
5e-05
5e-05
5e-05
5e-05
5e-05
5e-05
5e-05
5e-05
5e-05
5e-05
5e-05
5e-05
5e-05
5e-05
5e-05
5e-05
5e-05
5e-05
5e-05
5e-05
5e-05
5e-05
5e-05
5e-05
5e-05
5e-05
5e-05
5e-05
5e-05
5e-05
5e-05
5e-05
5e-05
5e-05
5e-05
5e-05
5e-05
5e-05
5e-05
5e-05
5e-05
5e-05
5e-05
5e-05
5e-05
5e-05
5e-05
5e-05
5e-05
5e-05
5e-05
5e-05
5e-05
5e-05
5e-05
5e-05
5e-05
5e-05
5e-05
5e-05
5e-05
5e-05
5e-05
5e-05
5e-05
5e-05
5e-05
5e-05
5e-05
5e-05
5e-05
5e-05
5e-05
5e-05
5e-05
5e-05
5e-05
5e-05
5e-05
5e-05
5e-05
5.26867e-05
6.14373e-05
7.13517e-05
8.05984e-05
8.86658e-05
9.53354e-05
0.000100773
0.000105213
0.000109267
0.000113341
0.000116687
0.000119466
0.000122378
0.000124571
0.000126083
0.000127051
0.000127524
0.000128199
0.000128648
0.000128604
0.000128213
0.000127585
0.000126707
0.000125636
0.000124454
0.000123161
0.000121768
0.000120329
0.00011886
0.000117349
0.000115806
0.000114265
0.000112731
0.000111191
0.000110106
0.000111864
0.000113352
0.000114167
0.000114352
0.000113898
0.000112973
0.000111943
0.000110891
0.000109585
0.000108135
0.000106803
0.000106716
0.000107871
0.000108277
0.00010793
0.000107023
0.000105673
0.000104083
0.000102291
0.00010043
9.85448e-05
9.66598e-05
9.48078e-05
9.29974e-05
9.125e-05
8.95706e-05
8.7961e-05
8.64137e-05
8.49238e-05
8.35017e-05
8.21424e-05
8.08463e-05
7.96148e-05
7.84381e-05
7.73125e-05
7.62347e-05
7.52111e-05
7.42396e-05
7.33116e-05
7.24272e-05
7.15846e-05
7.07762e-05
7.00055e-05
6.92657e-05
6.85584e-05
6.78836e-05
6.72391e-05
6.66189e-05
6.60236e-05
6.54542e-05
6.4909e-05
6.43821e-05
6.38731e-05
6.33844e-05
6.29143e-05
6.2462e-05
6.20291e-05
6.16115e-05
6.12104e-05
6.08261e-05
6.04576e-05
6.00976e-05
5.97484e-05
5.94124e-05
5.90894e-05
5.87804e-05
5.84844e-05
5.81986e-05
5.79236e-05
5.76597e-05

