5e-05
5e-05
5e-05
5e-05
5e-05
5e-05
5e-05
5e-05
5e-05
5e-05
5e-05
5e-05
5e-05
5e-05
5e-05
5e-05
5e-05
5e-05
5e-05
5e-05
5e-05
5e-05
5e-05
5e-05
5e-05
5e-05
5e-05
5e-05
5e-05
5e-05
5e-05
5e-05
5e-05
5e-05
5e-05
5e-05
5e-05
5e-05
5e-05
5e-05
5e-05
5e-05
5e-05
5e-05
5e-05
5e-05
5e-05
5e-05
5e-05
5e-05
5e-05
5e-05
5e-05
5e-05
5e-05
5e-05
5e-05
5e-05
5e-05
5e-05
5e-05
5e-05
5e-05
5e-05
5e-05
5e-05
5e-05
5e-05
5e-05
5e-05
5e-05
5e-05
5e-05
5e-05
5e-05
5e-05
5e-05
5e-05
5e-05
5e-05
5e-05
5e-05
5e-05
5e-05
5e-05
5e-05
5e-05
5e-05
5e-05
5e-05
5e-05
5e-05
5e-05
5e-05
5e-05
5e-05
5e-05
5e-05
5e-05
5e-05
5e-05
5e-05
5e-05
5e-05
5e-05
5e-05
5e-05
5e-05
5e-05
5e-05
5e-05
5e-05
5e-05
5e-05
5e-05
5e-05
5e-05
5e-05
5e-05
5e-05
5e-05
5e-05
5e-05
5e-05
5e-05
5e-05
5e-05
5e-05
5e-05
5e-05
5e-05
5e-05
5e-05
5e-05
5e-05
5e-05
5e-05
5e-05
5e-05
5e-05
5e-05
5e-05
5e-05
5e-05
5e-05
5e-05
5e-05
5e-05
5e-05
5e-05
5e-05
5e-05
5e-05
5e-05
5.30199e-05
6.4101e-05
7.62017e-05
8.72009e-05
9.66425e-05
0.00010535
0.000112535
0.000118374
0.0001231
0.000126747
0.000129407
0.000131365
0.000133629
0.000135275
0.000136339
0.000136971
0.000137236
0.000137096
0.000136421
0.000135473
0.000134362
0.000133168
0.00013187
0.000130512
0.000129056
0.00012756
0.00012599
0.000124371
0.000122771
0.000121192
0.000119788
0.000118718
0.00011756
0.000116728
0.000115792
0.000114712
0.000113536
0.000112281
0.000110933
0.000109517
0.000108073
0.000106608
0.000105086
0.000103555
0.000102046
0.000100563
9.91085e-05
9.76618e-05
9.62258e-05
9.48274e-05
9.34424e-05
9.20765e-05
9.07371e-05
8.94389e-05
8.81664e-05
8.69417e-05
8.57673e-05
8.46402e-05
8.35569e-05
8.25142e-05
8.15078e-05
8.05238e-05
7.95698e-05
7.86395e-05
7.77332e-05
7.68574e-05
7.60066e-05
7.5183e-05
7.49478e-05
7.52848e-05
7.54445e-05
7.54072e-05
7.51543e-05
7.47484e-05
7.42522e-05
7.36853e-05
7.30527e-05
7.24831e-05
7.18796e-05
7.12467e-05
7.05809e-05
6.99043e-05
6.92295e-05
6.85591e-05
6.81827e-05
7.37222e-05
8.83128e-05
0.000106496
0.00014156
0.000220294
0.000236571
0.000234483
0.000229346
0.000222928
0.000216099
0.000209257

