5e-05
5e-05
5e-05
5e-05
5e-05
5e-05
5e-05
5e-05
5e-05
5e-05
5e-05
5e-05
5e-05
5e-05
5e-05
5e-05
5e-05
5e-05
5e-05
5e-05
5e-05
5e-05
5e-05
5e-05
5e-05
5e-05
5e-05
5e-05
5e-05
5e-05
5e-05
5e-05
5e-05
5e-05
5e-05
5e-05
5e-05
5e-05
5e-05
5e-05
5e-05
5.36307e-05
6.1811e-05
7.19262e-05
8.17975e-05
9.17617e-05
0.000102518
0.00011279
0.000121307
0.000128154
0.000133518
0.000137512
0.000139757
0.000141164
0.000141979
0.000142314
0.000142256
0.000141851
0.000141127
0.000140199
0.000139096
0.000137807
0.000136371
0.000134859
0.000133275
0.00013156
0.00012977
0.000127992
0.000126237
0.000124505
0.000122796
0.000121094
0.000119391
0.000117715
0.000116067
0.000114446
0.000112851
0.000111281
0.000109735
0.000108214
0.000106717
0.000105244
0.000103795
0.000102371
0.000100971
9.95959e-05
9.8246e-05
9.69215e-05
9.56228e-05
9.43501e-05
9.31035e-05
9.18833e-05
9.06896e-05
8.95107e-05
8.8349e-05
8.72511e-05
8.65352e-05
8.5877e-05
8.51643e-05
8.44024e-05
8.35806e-05
8.27185e-05
8.18376e-05
8.09282e-05
8.00373e-05
7.93121e-05
7.85603e-05
7.77688e-05
7.69715e-05
7.61753e-05
7.53847e-05
7.4603e-05
7.38334e-05
7.3078e-05
7.23277e-05
7.15836e-05
7.086e-05
7.01527e-05
6.94701e-05
6.88087e-05
6.81671e-05
6.75505e-05
6.6958e-05
6.63885e-05
6.58358e-05
6.53026e-05
6.47904e-05
6.43003e-05
6.4362e-05
6.45563e-05
6.46635e-05
6.47359e-05
6.47112e-05
6.45834e-05
6.43462e-05
6.40212e-05
6.36502e-05
6.33129e-05
6.29399e-05
6.25397e-05
6.21247e-05
6.17029e-05
6.12803e-05
6.08617e-05
6.04582e-05
6.00975e-05
5.97757e-05
5.94576e-05
5.91256e-05
5.87952e-05
5.84693e-05
5.8156e-05
5.78817e-05
5.76071e-05
5.73285e-05
5.70603e-05
5.68224e-05
5.6588e-05
5.63686e-05
5.6392e-05
5.8004e-05
5.88128e-05
5.86983e-05
5.83231e-05
5.78948e-05
5.74652e-05
5.70489e-05
5.66515e-05
5.62752e-05
5.59207e-05
5.55876e-05
5.53049e-05
5.51129e-05
5.49075e-05
5.469e-05
5.44671e-05
5.42448e-05
5.40278e-05
5.38185e-05
5.36187e-05
5.34289e-05
5.32494e-05
5.308e-05
5.29204e-05
5.27702e-05
5.26289e-05
5.24961e-05
5.23713e-05
5.2254e-05
5.21435e-05
5.20396e-05
5.19419e-05
5.18499e-05
5.17631e-05
5.16812e-05
5.1604e-05
5.15311e-05
5.14623e-05
5.13973e-05
5.13358e-05
5.12775e-05
5.12224e-05
5.11702e-05
5.11206e-05
5.10737e-05
5.10291e-05
5.09868e-05
5.09466e-05
5.09083e-05
5.08719e-05
5.08372e-05
5.08042e-05
5.07727e-05
5.07428e-05
5.07142e-05
5.06869e-05
5.06612e-05
5.06394e-05
5.06179e-05
5.05967e-05
5.05759e-05
5.05555e-05
5.05357e-05
5.05165e-05
5.04981e-05
5.04803e-05
5.04632e-05
5.04468e-05
5.0431e-05
5.04158e-05
5.0402e-05
5.03899e-05
5.03777e-05
5.03657e-05
5.21671e-05
5.76024e-05
6.37838e-05
7.01442e-05
7.6369e-05
8.1627e-05
8.60321e-05
8.97117e-05
9.27863e-05
9.59039e-05
0.000103172
0.000109009
0.00011302
0.000115598
0.00011711
0.000117845

