5e-05
5e-05
5e-05
5e-05
5e-05
5e-05
5e-05
5e-05
5e-05
5e-05
5e-05
5e-05
5e-05
5e-05
5e-05
5e-05
5e-05
5e-05
5e-05
5e-05
5e-05
5e-05
5e-05
5e-05
5e-05
5e-05
5e-05
5e-05
5e-05
5e-05
5e-05
5e-05
5e-05
5e-05
5e-05
5e-05
5e-05
5e-05
5e-05
5e-05
5e-05
5e-05
5e-05
5e-05
5e-05
5e-05
5e-05
5e-05
5e-05
5e-05
5e-05
5e-05
5e-05
5e-05
5e-05
5e-05
5e-05
5e-05
5e-05
5e-05
5e-05
5e-05
5e-05
5e-05
5e-05
5e-05
5e-05
5e-05
5e-05
5e-05
5e-05
5e-05
5e-05
5e-05
5e-05
5e-05
5e-05
5e-05
5e-05
5e-05
5e-05
5e-05
5e-05
5e-05
5e-05
5e-05
5e-05
5e-05
5e-05
5e-05
5e-05
5e-05
5e-05
5e-05
5e-05
5e-05
5e-05
5e-05
5e-05
5e-05
5e-05
5e-05
5e-05
5e-05
5e-05
5e-05
5e-05
5e-05
5e-05
5e-05
5e-05
5e-05
5e-05
5e-05
5e-05
5e-05
5e-05
5e-05
5e-05
5e-05
5e-05
5e-05
5e-05
5e-05
5e-05
5e-05
5e-05
5e-05
5e-05
5e-05
5e-05
5e-05
5e-05
5e-05
5e-05
5e-05
5e-05
5e-05
5e-05
5e-05
5e-05
5e-05
5e-05
5e-05
5e-05
5e-05
5e-05
5e-05
5.75947e-05
7.4149e-05
9.2439e-05
0.000123868
0.000205635
0.000228329
0.000230232
0.000226524
0.000220997
0.000214906
0.000208763
0.000202753
0.000196983
0.000191462
0.000186219
0.000181251
0.000176498
0.000171962
0.000167677
0.000163606
0.000159731
0.000156056
0.00015257
0.000149256
0.000146092
0.000143038
0.000140113
0.00013731
0.000134619
0.00013203
0.000131523
0.000133247
0.000134375
0.000134553
0.000134038
0.000133055
0.000131681
0.000129992
0.000128058
0.000125942
0.000123641
0.000121264
0.000118829
0.000116413
0.000114039
0.000111705
0.000109385
0.000107124
0.000104952
0.000102852
0.000101043
9.93389e-05
9.76403e-05
9.59698e-05
9.43305e-05
9.27285e-05
9.11843e-05
8.97002e-05
8.82577e-05
8.68571e-05
8.55028e-05
8.42043e-05
8.29581e-05
8.17585e-05
8.06124e-05
7.95173e-05
7.84616e-05
7.74368e-05
7.64573e-05
7.55078e-05
7.45944e-05
7.37229e-05
7.28898e-05
7.23705e-05
7.25702e-05
7.26266e-05
7.25384e-05
7.23292e-05
7.20149e-05
7.15966e-05
7.10832e-05
7.04968e-05
6.98772e-05
6.92411e-05
6.85983e-05
6.79565e-05
6.73216e-05
6.6698e-05
6.60889e-05
6.54914e-05
6.49015e-05
6.43256e-05
6.37689e-05
6.32291e-05
6.27133e-05
6.22177e-05
6.17456e-05
6.12962e-05
6.08685e-05
6.04529e-05
6.00533e-05
5.96735e-05

