5e-05
5e-05
5e-05
5e-05
5e-05
5e-05
5e-05
5e-05
5e-05
5e-05
5e-05
5e-05
5e-05
5e-05
5e-05
5e-05
5e-05
5e-05
5e-05
5e-05
5e-05
5e-05
5e-05
5e-05
5e-05
5e-05
5e-05
5e-05
5e-05
5e-05
5e-05
5e-05
5e-05
5e-05
5e-05
5e-05
5e-05
5e-05
5e-05
5e-05
5e-05
5e-05
5e-05
5e-05
5e-05
5e-05
5e-05
5e-05
5e-05
5e-05
5e-05
5e-05
5e-05
5e-05
5e-05
5e-05
5e-05
5e-05
5e-05
5e-05
5e-05
5e-05
5e-05
5e-05
5e-05
5e-05
5e-05
5e-05
5e-05
5e-05
5e-05
5e-05
5e-05
5e-05
5e-05
5e-05
5e-05
5e-05
5e-05
5e-05
5e-05
5e-05
5e-05
5e-05
5e-05
5e-05
5e-05
5e-05
5e-05
5e-05
5e-05
5e-05
5e-05
5e-05
5e-05
5e-05
5e-05
5e-05
5e-05
5e-05
5e-05
5e-05
5e-05
5e-05
5e-05
5e-05
5e-05
5e-05
5e-05
5e-05
5e-05
5e-05
5e-05
5e-05
5e-05
5e-05
5e-05
5e-05
5e-05
5e-05
5e-05
5e-05
5e-05
5e-05
5e-05
5e-05
5e-05
5e-05
5e-05
5e-05
5e-05
5e-05
5e-05
5e-05
5e-05
5e-05
5e-05
5e-05
5e-05
5e-05
5e-05
5e-05
5e-05
5e-05
5e-05
5e-05
5e-05
5e-05
5e-05
5e-05
5e-05
5e-05
5e-05
5e-05
5e-05
5e-05
5e-05
5e-05
5e-05
5e-05
5e-05
5e-05
5e-05
5e-05
5e-05
5e-05
5e-05
5e-05
5e-05
5e-05
5e-05
5e-05
5e-05
5e-05
5.34153e-05
6.11969e-05
7.06202e-05
8.0372e-05
8.92815e-05
9.66785e-05
0.000102801
0.000108007
0.000112412
0.00011654
0.000120661
0.00012404
0.000126717
0.000128771
0.000130278
0.000131207
0.000131637
0.000131703
0.000131472
0.000131028
0.000130405
0.00012959
0.000128626
0.000127544
0.000126348
0.000125093
0.000123769
0.00012235
0.00012091
0.000119437
0.000117908
0.00011638
0.000114842
0.000113305
0.000111783
0.000110282
0.000108787
0.000107302
0.000105838
0.000104408
0.000103008
0.000101617
0.000100255
9.8909e-05
9.75871e-05
9.62988e-05
9.5043e-05
9.3818e-05
9.26217e-05
9.14273e-05
9.02474e-05
8.91005e-05
8.79867e-05
8.68924e-05
8.58056e-05
8.48112e-05
8.53854e-05
8.59847e-05
8.65575e-05
8.73911e-05
8.80675e-05
8.8471e-05
8.87645e-05
8.90737e-05
9.41266e-05
0.000100878
0.00010008
9.76796e-05
9.50645e-05
9.25007e-05
9.00544e-05
8.77452e-05
8.55759e-05
8.35442e-05
8.16439e-05
7.9865e-05

