5e-05
5e-05
5e-05
5e-05
5e-05
5e-05
5e-05
5e-05
5e-05
5e-05
5e-05
5e-05
5e-05
5e-05
5e-05
5e-05
5e-05
5e-05
5e-05
5e-05
5e-05
5e-05
5e-05
5e-05
5e-05
5e-05
5e-05
5e-05
5e-05
5e-05
5e-05
5e-05
5e-05
5e-05
5e-05
5e-05
5e-05
5e-05
5e-05
5e-05
5e-05
5e-05
5e-05
5e-05
5e-05
5e-05
5e-05
5e-05
5e-05
5e-05
5e-05
5e-05
5e-05
5e-05
5e-05
5e-05
5e-05
5e-05
5e-05
5e-05
5e-05
5e-05
5e-05
5e-05
5e-05
5e-05
5e-05
5e-05
5e-05
5e-05
5e-05
5e-05
5e-05
5e-05
5e-05
5e-05
5e-05
5e-05
5e-05
5e-05
5e-05
5e-05
5e-05
5e-05
5e-05
5e-05
5e-05
5e-05
5e-05
5e-05
5e-05
5e-05
5e-05
5e-05
5e-05
5e-05
5e-05
5e-05
5e-05
5e-05
5e-05
5e-05
5e-05
5e-05
5e-05
5e-05
5e-05
5e-05
5e-05
5e-05
5e-05
5e-05
5e-05
5e-05
5e-05
5e-05
5e-05
5e-05
5e-05
5e-05
5e-05
5e-05
5e-05
5e-05
5e-05
5e-05
5e-05
5e-05
5e-05
5e-05
5e-05
5e-05
5e-05
5e-05
5.04038e-05
5.59793e-05
6.35413e-05
7.11489e-05
7.86606e-05
8.578e-05
9.16185e-05
9.61858e-05
9.97871e-05
0.000102615
0.000105195
0.000108342
0.00011131
0.000113622
0.000115089
0.000115863
0.000116176
0.000116126
0.000115806
0.00011528
0.000114598
0.000113792
0.000112893
0.00011192
0.000110889
0.000109813
0.000108701
0.000107563
0.000106404
0.00010523
0.000104047
0.000102858
0.000101668
0.000100481
9.9298e-05
9.81221e-05
9.69557e-05
9.58003e-05
9.46579e-05
9.35294e-05
9.24165e-05
9.13475e-05
9.05255e-05
8.96808e-05
8.87909e-05
8.78653e-05
8.69112e-05
8.59458e-05
8.49802e-05
8.40193e-05
8.30683e-05
8.2132e-05
8.12121e-05
8.03117e-05
7.94319e-05
7.85732e-05
7.77361e-05
7.69204e-05
7.6126e-05
7.53513e-05
7.45973e-05
7.38637e-05
7.31509e-05
7.24686e-05
7.19273e-05
7.13903e-05
7.08393e-05
7.02758e-05
6.97084e-05
6.91401e-05
6.8577e-05
6.80225e-05
6.74786e-05
6.69452e-05
6.64249e-05
6.59186e-05
6.54266e-05
6.49488e-05
6.44851e-05
6.40344e-05
6.35963e-05
6.31713e-05
6.27601e-05
6.23624e-05
6.19768e-05
6.1603e-05
6.1241e-05
6.08894e-05
6.05492e-05
6.02199e-05
5.99008e-05
5.95917e-05
5.9293e-05
5.9004e-05
5.87239e-05
5.84527e-05
5.81903e-05
5.79362e-05
5.76905e-05
5.74529e-05
5.7223e-05
5.70005e-05
5.67849e-05
5.65755e-05
5.63729e-05
5.61767e-05
5.59864e-05
5.58011e-05
5.56207e-05
5.54457e-05
5.52762e-05
5.51124e-05
5.49538e-05
5.48006e-05
5.46525e-05
5.45094e-05

