5e-05
5e-05
5e-05
5e-05
5e-05
5e-05
5e-05
5e-05
5e-05
5e-05
5e-05
5e-05
5e-05
5e-05
5e-05
5e-05
5e-05
5e-05
5e-05
5e-05
5e-05
5e-05
5e-05
5e-05
5e-05
5e-05
5e-05
5e-05
5e-05
5e-05
5e-05
5e-05
5e-05
5e-05
5e-05
5e-05
5e-05
5e-05
5e-05
5e-05
5e-05
5e-05
5e-05
5e-05
5e-05
5e-05
5e-05
5e-05
5e-05
5e-05
5e-05
5e-05
5e-05
5e-05
5e-05
5e-05
5e-05
5e-05
5e-05
5e-05
5e-05
5e-05
5e-05
5e-05
5e-05
5e-05
5e-05
5e-05
5e-05
5e-05
5e-05
5e-05
5e-05
5e-05
5e-05
5e-05
5e-05
5e-05
5e-05
5e-05
6.42929e-05
8.83129e-05
0.000119615
0.000155859
0.000201107
0.000227292
0.000224686
0.000222887
0.00022166
0.000220797
0.000220134
0.000225188
0.000259412
0.000258679
0.000256916
0.000258321
0.000260852
0.000263349
0.000265229
0.000266237
0.000266295
0.000265424
0.000263693
0.000261196
0.000258034
0.000254308
0.000250115
0.000245543
0.000240673
0.000235576
0.000230314
0.000224943
0.00021951
0.000214055
0.000208611
0.000203199
0.000197829
0.000192518
0.000187279
0.000182125
0.000177068
0.00017212
0.00016729
0.000162587
0.000158016
0.000153584
0.000151481
0.000157456
0.000156697
0.000153158
0.000150841
0.000148898
0.000146958
0.00014487
0.00014259
0.000140124
0.000137746
0.000135661
0.000133488
0.000131182
0.000130549
0.000133417
0.000129554
0.000126937
0.000124944
0.000123495
0.00012283
0.000122241
0.00012155
0.000120707
0.000119691
0.000118493
0.000117113
0.000115564
0.000113864
0.00011204
0.000110117
0.000108123
0.00010614
0.000104677
0.000103359
0.000102019
0.000100636
9.92109e-05
9.7749e-05
9.62571e-05
9.47433e-05
9.32159e-05
9.16802e-05
9.0141e-05
8.86039e-05
8.7075e-05
8.55609e-05
8.40676e-05
8.2601e-05
8.11659e-05
7.97669e-05
7.84075e-05
7.70906e-05
7.58185e-05
7.45925e-05
7.34138e-05
7.22828e-05
7.11995e-05
7.01635e-05
6.91785e-05
6.88719e-05
6.97535e-05
6.87446e-05
6.79503e-05
6.72979e-05
6.67088e-05
6.61423e-05
6.55806e-05
6.5018e-05
6.44546e-05
6.38931e-05
6.33368e-05
6.27889e-05
6.22525e-05
6.17297e-05
6.12224e-05
6.07319e-05
6.02589e-05
5.98035e-05
5.93655e-05
5.89447e-05
5.85407e-05
5.81532e-05
5.77819e-05
5.74265e-05
5.70865e-05
5.67615e-05
5.64511e-05
5.61548e-05
5.5872e-05
5.56024e-05
5.53454e-05
5.51005e-05
5.48673e-05
5.46452e-05
5.44338e-05
5.42325e-05
5.4041e-05
5.38588e-05
5.36854e-05
5.35205e-05
5.33636e-05
5.32143e-05
5.30723e-05
5.29372e-05
5.28086e-05
5.26863e-05
5.25698e-05
5.2459e-05
5.23535e-05
5.22554e-05
5.21752e-05
5.21001e-05
5.2026e-05
5.19528e-05
5.18808e-05
5.18103e-05
5.17416e-05
5.16749e-05
5.16102e-05
5.15477e-05
5.14874e-05
5.14294e-05
5.13735e-05

