5e-05
5e-05
5e-05
5e-05
5e-05
5e-05
5e-05
5e-05
5e-05
5e-05
5e-05
5e-05
5e-05
5e-05
5e-05
5e-05
5e-05
5e-05
5e-05
5e-05
5e-05
5e-05
5e-05
5e-05
5e-05
5e-05
5e-05
5e-05
5e-05
5e-05
5e-05
5e-05
5e-05
5e-05
5e-05
5e-05
5e-05
5e-05
5e-05
5e-05
5e-05
5e-05
5e-05
5e-05
5e-05
5e-05
5e-05
5e-05
5e-05
5e-05
5e-05
5e-05
5e-05
5e-05
5e-05
5e-05
5e-05
5e-05
5e-05
5e-05
5e-05
5e-05
5e-05
5e-05
5e-05
5e-05
5e-05
5e-05
5e-05
5e-05
5e-05
5e-05
5e-05
5e-05
5e-05
5e-05
5e-05
5e-05
5e-05
5e-05
5e-05
5e-05
5e-05
5e-05
5e-05
5e-05
5e-05
5e-05
5e-05
5e-05
5e-05
5e-05
5e-05
5e-05
5e-05
5e-05
5e-05
5e-05
5e-05
5e-05
5e-05
5e-05
5e-05
5e-05
5e-05
5e-05
5e-05
5e-05
5e-05
5e-05
5e-05
5e-05
5e-05
5e-05
5e-05
5e-05
5e-05
5e-05
5e-05
5e-05
5e-05
5e-05
5e-05
5e-05
5e-05
5e-05
5e-05
5e-05
5e-05
5e-05
5e-05
5e-05
5e-05
5e-05
5e-05
5e-05
5e-05
5e-05
5e-05
5e-05
5e-05
5e-05
5e-05
5e-05
5e-05
5.00065e-05
5.45969e-05
6.294e-05
7.14752e-05
7.94325e-05
8.6508e-05
9.25989e-05
9.76487e-05
0.000101833
0.000105398
0.000108372
0.000110776
0.000112769
0.000114388
0.000115675
0.000116666
0.000117423
0.000117995
0.000118364
0.000118464
0.000118529
0.000118963
0.000119162
0.000119119
0.000118887
0.000118503
0.000117942
0.000117182
0.000116297
0.000115314
0.000114255
0.000113137
0.000111919
0.000110662
0.000109409
0.000108111
0.000106766
0.000105402
0.000104068
0.000102746
0.000101565
0.000100653
9.97197e-05
9.87519e-05
9.77429e-05
9.66821e-05
9.55518e-05
9.44023e-05
9.32632e-05
9.21198e-05
9.0993e-05
8.98823e-05
8.87825e-05
8.77077e-05
8.66585e-05
8.5623e-05
8.46079e-05
8.36057e-05
8.26242e-05
8.16341e-05
8.06555e-05
7.97001e-05
7.8773e-05
7.78761e-05
7.70132e-05
7.61856e-05
7.53909e-05
7.46263e-05
7.38896e-05
7.31787e-05
7.33597e-05
7.38271e-05
7.40463e-05
7.40708e-05
7.39517e-05
7.37072e-05
7.33439e-05
7.28551e-05
7.22667e-05
7.16226e-05
7.09571e-05
7.0282e-05
6.9597e-05
6.89129e-05
6.82417e-05
6.7587e-05
6.69509e-05
6.63348e-05
6.57352e-05
6.51529e-05
6.4593e-05
6.40555e-05
6.35398e-05
6.30451e-05
6.25655e-05
6.21044e-05
6.16587e-05
6.12322e-05
6.08247e-05
6.0435e-05
6.00623e-05
5.97054e-05
5.93635e-05
5.90357e-05
5.87175e-05

