5e-05
5e-05
5e-05
5e-05
5e-05
5e-05
5e-05
5e-05
5e-05
5e-05
5e-05
5e-05
5e-05
5e-05
5e-05
5e-05
5e-05
5e-05
5e-05
5e-05
5e-05
5e-05
5e-05
5e-05
5e-05
5e-05
5e-05
5e-05
5e-05
5e-05
5e-05
5e-05
5e-05
5e-05
5e-05
5e-05
5e-05
5e-05
5e-05
5e-05
5e-05
5e-05
5e-05
5e-05
5e-05
5e-05
5e-05
5e-05
5e-05
5e-05
5e-05
5e-05
5e-05
5e-05
5e-05
5e-05
5e-05
5e-05
5e-05
5e-05
5e-05
5e-05
5e-05
5e-05
5e-05
5e-05
5e-05
5e-05
5e-05
5e-05
5e-05
5e-05
5e-05
5e-05
5e-05
5e-05
5e-05
5e-05
5.10525e-05
9.13957e-05
0.000112658
0.000134046
0.000163984
0.000197188
0.000237132
0.000258779
0.000253236
0.000248699
0.000244925
0.000241698
0.000238846
0.000241616
0.000272353
0.000269908
0.000266616
0.000266468
0.000267507
0.00026862
0.000269242
0.000269123
0.000268181
0.00026643
0.00026393
0.000260765
0.000257026
0.000252806
0.000248191
0.000243263
0.000238094
0.000232749
0.000227285
0.000221751
0.000216189
0.000210636
0.000205121
0.00019966
0.000194264
0.000188945
0.000183713
0.000178581
0.000173559
0.000168656
0.00016388
0.000159238
0.000154734
0.000150373
0.000148244
0.000153825
0.000152996
0.000149523
0.000147224
0.000145289
0.000143362
0.0001413
0.00013906
0.000136649
0.000134326
0.000132286
0.000130167
0.000127924
0.000127281
0.000129978
0.000126259
0.000123733
0.000121803
0.000120394
0.000119735
0.000119151
0.00011847
0.000117647
0.000116661
0.000115501
0.00011417
0.000112679
0.000111045
0.000109293
0.000107449
0.000105537
0.000103637
0.000102234
0.000100969
9.96839e-05
9.83583e-05
9.69933e-05
9.55937e-05
9.41659e-05
9.27176e-05
9.12567e-05
8.97883e-05
8.83169e-05
8.68478e-05
8.53868e-05
8.39402e-05
8.25136e-05
8.11127e-05
7.97421e-05
7.8406e-05
7.71079e-05
7.58505e-05
7.46359e-05
7.34655e-05
7.23402e-05
7.12606e-05
7.02264e-05
6.92376e-05
6.82974e-05
6.8004e-05
6.88437e-05
6.78809e-05
6.71228e-05
6.65001e-05
6.59378e-05
6.53971e-05
6.4861e-05
6.43241e-05
6.37865e-05
6.32507e-05
6.27199e-05
6.21972e-05
6.16854e-05
6.11867e-05
6.07027e-05
6.02348e-05
5.97836e-05
5.93492e-05
5.89314e-05
5.853e-05
5.81446e-05
5.77751e-05
5.7421e-05
5.7082e-05
5.67577e-05
5.64477e-05
5.61517e-05
5.5869e-05
5.55994e-05
5.53422e-05
5.50971e-05
5.48636e-05
5.46412e-05
5.44294e-05
5.42277e-05
5.40358e-05
5.38532e-05
5.36794e-05
5.35141e-05
5.33568e-05
5.32072e-05
5.30648e-05
5.29294e-05
5.28006e-05
5.2678e-05
5.25613e-05
5.24503e-05
5.23446e-05
5.2244e-05
5.21504e-05
5.20739e-05
5.20023e-05
5.19317e-05
5.18619e-05
5.17932e-05
5.1726e-05
5.16605e-05
5.15969e-05
5.15352e-05
5.14756e-05
5.14182e-05
5.13628e-05
5.13095e-05

