5e-05
5e-05
5e-05
5e-05
5e-05
5e-05
5e-05
5e-05
5e-05
5e-05
5e-05
5e-05
5e-05
5e-05
5e-05
5e-05
5e-05
5e-05
5e-05
5e-05
5e-05
5e-05
5e-05
5e-05
5e-05
5e-05
5e-05
5e-05
5e-05
5e-05
5e-05
5e-05
5e-05
5e-05
5e-05
5e-05
5e-05
5e-05
5e-05
5e-05
5e-05
5e-05
5e-05
5e-05
5e-05
5e-05
5e-05
5e-05
5e-05
5e-05
5e-05
5e-05
5e-05
5e-05
5e-05
5e-05
5e-05
5e-05
5e-05
5e-05
5e-05
5e-05
5e-05
5e-05
5e-05
5e-05
5e-05
5e-05
5e-05
5e-05
5e-05
5e-05
5e-05
5e-05
5.10702e-05
5.75631e-05
6.5974e-05
7.43828e-05
8.2273e-05
8.91686e-05
9.5063e-05
0.000100183
0.000104575
0.000108295
0.000111399
0.000113974
0.00011659
0.00011919
0.000121082
0.000122454
0.00012346
0.000124148
0.000124552
0.000124669
0.000124535
0.000124131
0.00012355
0.000122811
0.000121966
0.000121044
0.000120053
0.000118957
0.000117759
0.000116518
0.000115344
0.000114763
0.00011442
0.0001139
0.000113149
0.000112233
0.000111149
0.000109972
0.00010873
0.000107432
0.000106051
0.00010463
0.00010321
0.0001018
0.000100404
9.90276e-05
9.76721e-05
9.63227e-05
9.49914e-05
9.36912e-05
9.24026e-05
9.11272e-05
8.98896e-05
8.8675e-05
8.75073e-05
8.65842e-05
8.56977e-05
8.4804e-05
8.39046e-05
8.30025e-05
8.21605e-05
8.14682e-05
8.07523e-05
7.99937e-05
7.91678e-05
7.82861e-05
7.74038e-05
7.65408e-05
7.56983e-05
7.48683e-05
7.4063e-05
7.32845e-05
7.27762e-05
7.24593e-05
7.20738e-05
7.161e-05
7.10905e-05
7.05485e-05
7.0259e-05
6.99653e-05
6.9607e-05
6.92999e-05
6.89455e-05
6.85192e-05
6.80181e-05
6.74881e-05
6.69619e-05
6.65078e-05
6.60424e-05
6.55627e-05
6.50593e-05
6.45413e-05
6.40216e-05
6.35093e-05
6.29985e-05
6.25041e-05
6.20301e-05
6.15744e-05
6.11301e-05
6.07029e-05
6.02955e-05
5.99044e-05
5.95298e-05
5.91722e-05
5.88318e-05
5.85048e-05
5.81932e-05
5.78964e-05
5.76134e-05
5.73422e-05
5.70809e-05
5.6831e-05
5.65921e-05
5.63649e-05
5.61787e-05
5.59978e-05
5.58184e-05
5.56414e-05
5.54671e-05
5.52959e-05
5.5128e-05
5.49636e-05
5.48029e-05
5.46441e-05
5.4489e-05
5.43387e-05
5.41931e-05
5.40521e-05
5.3914e-05
5.37806e-05
5.36513e-05
5.35258e-05
5.34037e-05
5.32848e-05
5.31699e-05
5.30596e-05
5.29541e-05
5.28531e-05
5.27563e-05
5.26634e-05
5.25743e-05
5.24886e-05
5.24063e-05
5.23269e-05
5.225e-05
5.21752e-05
5.21024e-05
5.20322e-05
5.1964e-05
5.18984e-05
5.18348e-05
5.17796e-05
5.17312e-05
5.16823e-05
5.16337e-05
5.15852e-05
5.15365e-05
5.14883e-05
5.14413e-05
5.13956e-05
5.13511e-05
5.13079e-05
5.12655e-05
5.12242e-05
5.11843e-05
5.11452e-05
5.1107e-05
5.10698e-05
5.10334e-05
5.09982e-05
5.09645e-05
5.09322e-05
5.09012e-05
5.08715e-05
5.0843e-05
5.08156e-05

