5e-05
5e-05
5e-05
5e-05
5e-05
5e-05
5e-05
5e-05
5e-05
5e-05
5e-05
5e-05
5e-05
5e-05
5e-05
5e-05
5e-05
5e-05
5e-05
5e-05
5e-05
5e-05
5e-05
5e-05
5e-05
5e-05
5e-05
5e-05
5e-05
5e-05
5e-05
5e-05
5e-05
5e-05
5e-05
5e-05
5e-05
5e-05
5e-05
5e-05
5e-05
5e-05
5e-05
5e-05
5e-05
5e-05
5e-05
5e-05
5e-05
5e-05
5e-05
5e-05
5e-05
5e-05
5e-05
5e-05
5e-05
5e-05
5e-05
5e-05
5e-05
5e-05
5e-05
5e-05
5e-05
5e-05
5e-05
5e-05
5e-05
5e-05
5e-05
5e-05
5e-05
5e-05
5e-05
5e-05
5e-05
5e-05
5e-05
5e-05
5e-05
5e-05
5e-05
5e-05
5e-05
5e-05
5e-05
5e-05
5e-05
5e-05
5e-05
5e-05
5e-05
5e-05
5e-05
5e-05
5e-05
5e-05
5e-05
5e-05
5e-05
5e-05
5e-05
5e-05
5e-05
5e-05
5e-05
5e-05
5e-05
5e-05
5e-05
5e-05
5e-05
5e-05
5e-05
5e-05
5e-05
5e-05
5e-05
5e-05
5e-05
5e-05
5e-05
5e-05
5e-05
5e-05
5e-05
5e-05
5e-05
5e-05
5e-05
5e-05
5e-05
5e-05
5e-05
5e-05
5e-05
5e-05
5e-05
5e-05
5e-05
5e-05
5e-05
5e-05
5e-05
5e-05
5e-05
5e-05
5e-05
5e-05
5e-05
5e-05
5e-05
5e-05
5e-05
5e-05
5e-05
5e-05
5e-05
5e-05
5e-05
5e-05
5e-05
5e-05
5e-05
5e-05
5e-05
5e-05
5e-05
5e-05
5e-05
5e-05
5e-05
5e-05
5e-05
5e-05
5e-05
5e-05
5e-05
5e-05
5e-05
5e-05
5e-05
5e-05
5e-05
5e-05
5.25869e-05
6.13671e-05
7.12353e-05
8.06315e-05
8.98833e-05
0.000102745
0.000119217
0.000131965
0.000141048
0.000147246
0.000151064
0.000153304
0.000154167
0.000154196
0.000153598
0.000152508
0.000151085
0.000149397
0.000147554
0.000145607
0.000143589
0.000141497
0.000139336
0.000137168
0.000134993
0.000132832
0.000130707
0.000128596
0.000126501
0.000124423
0.000122399
0.00012043
0.000118498
0.00011661
0.00011477
0.000112958
0.000111194
0.00010946
0.000107769
0.000106126
0.000104529
0.000102961
0.000101429
9.9941e-05
9.84943e-05
9.70709e-05
9.56728e-05
9.43121e-05
9.29854e-05
9.16924e-05
9.04415e-05
8.92202e-05
8.80345e-05
8.68877e-05
8.57777e-05
8.46797e-05
8.3603e-05
8.25582e-05
8.15462e-05
8.05714e-05
7.96319e-05
7.87178e-05
7.78321e-05
7.69773e-05

