5e-05
5e-05
5e-05
5e-05
5e-05
5e-05
5e-05
5e-05
5e-05
5e-05
5e-05
5e-05
5e-05
5e-05
5e-05
5e-05
5e-05
5e-05
5e-05
5e-05
5e-05
5e-05
5e-05
5e-05
5e-05
5e-05
5e-05
5e-05
5e-05
5e-05
5e-05
5e-05
5e-05
5e-05
5e-05
5e-05
5e-05
5e-05
5e-05
5e-05
5e-05
5e-05
5e-05
5e-05
5e-05
5e-05
5.21521e-05
5.94833e-05
6.79166e-05
7.62653e-05
8.39823e-05
9.0684e-05
9.61646e-05
0.000100875
0.000104983
0.00010855
0.000111624
0.000114248
0.000116461
0.000118294
0.000119697
0.000120675
0.000121388
0.00012188
0.000122173
0.000122275
0.000122164
0.000121906
0.000121521
0.000121023
0.000120421
0.000119727
0.000118948
0.000118095
0.000117176
0.000116198
0.000115168
0.000114094
0.000112981
0.000111836
0.000110715
0.000109966
0.000109168
0.000108275
0.000107299
0.000106237
0.000105083
0.000103889
0.00010267
0.000101438
0.000102403
0.000104168
0.00010582
0.000115511
0.000129608
0.000130641
0.000127881
0.000124303
0.000120578
0.000116933
0.000113444
0.000110231
0.000107325
0.000104572
0.000101964
9.94938e-05
9.71516e-05
9.49426e-05
9.2861e-05
9.08996e-05
8.90431e-05
8.72882e-05
8.5634e-05
8.40716e-05
8.25816e-05
8.11708e-05
7.98396e-05
7.85824e-05
7.73906e-05
7.62571e-05
7.5184e-05
7.41647e-05
7.31917e-05
7.22688e-05
7.13929e-05
7.05608e-05
6.97618e-05
6.89939e-05
6.82589e-05
6.75585e-05
6.68928e-05
6.62859e-05
6.5782e-05
6.53519e-05
6.49407e-05
6.5095e-05
6.79155e-05
7.14301e-05
7.1707e-05
7.10251e-05
7.00904e-05
6.9097e-05
6.81102e-05
6.71666e-05
6.63503e-05
6.56165e-05
6.49762e-05
6.43517e-05
6.37313e-05
6.31169e-05
6.25149e-05
6.19288e-05
6.13634e-05
6.08396e-05
6.037e-05
5.99191e-05
5.94898e-05
5.9108e-05
5.87348e-05
5.83687e-05
5.80126e-05
5.76663e-05
5.73566e-05
5.70634e-05
5.67734e-05
5.64909e-05
5.62188e-05
5.59552e-05
5.57008e-05
5.54578e-05
5.5225e-05
5.50016e-05
5.4789e-05
5.45869e-05
5.43937e-05
5.42091e-05
5.40338e-05
5.38673e-05
5.37084e-05
5.35758e-05
5.35698e-05
5.35586e-05
5.35247e-05
5.34695e-05
5.33921e-05
5.32995e-05
5.32064e-05
5.31163e-05
5.3019e-05
5.29189e-05
5.28268e-05
5.27899e-05
5.28079e-05
5.27967e-05
5.27559e-05
5.26935e-05
5.26144e-05
5.25268e-05
5.24322e-05
5.23363e-05
5.22406e-05
5.21462e-05
5.20544e-05
5.19653e-05
5.18799e-05
5.17983e-05
5.17204e-05
5.1646e-05
5.15746e-05
5.15068e-05
5.14422e-05
5.13809e-05
5.13228e-05
5.12675e-05
5.12147e-05
5.11644e-05
5.11168e-05
5.10717e-05
5.10287e-05
5.09879e-05
5.09491e-05
5.0912e-05
5.08767e-05
5.0843e-05
5.08108e-05
5.07802e-05
5.0751e-05
5.0723e-05
5.06962e-05
5.06706e-05
5.06461e-05
5.06225e-05
5.05998e-05
5.05781e-05
5.05572e-05
5.05371e-05
5.0518e-05
5.04995e-05
5.04819e-05
5.0465e-05
5.04488e-05
5.0433e-05
5.04177e-05
5.0403e-05
5.03889e-05
5.03754e-05
5.03626e-05
5.03501e-05
5.03382e-05
5.03267e-05

