5e-05
5e-05
5e-05
5e-05
5e-05
5e-05
5e-05
5e-05
5e-05
5e-05
5e-05
5e-05
5e-05
5e-05
5e-05
5e-05
5e-05
5e-05
5e-05
5e-05
5e-05
5e-05
5e-05
5e-05
5e-05
5e-05
5e-05
5e-05
5e-05
5e-05
5e-05
5e-05
5e-05
5e-05
5e-05
5e-05
5e-05
5e-05
5e-05
5e-05
5e-05
5e-05
5e-05
5e-05
5e-05
5e-05
6.6315e-05
8.0442e-05
9.17302e-05
0.000101659
0.000110327
0.000117514
0.000124751
0.000132963
0.000141015
0.000147481
0.000152384
0.000160631
0.000188621
0.000207869
0.000207777
0.000210429
0.000213905
0.000217091
0.000219448
0.000220775
0.000221053
0.000220356
0.000218801
0.000216514
0.000213624
0.000210246
0.000206485
0.000202432
0.000198926
0.000195862
0.000192559
0.000188973
0.00018516
0.000181185
0.000177104
0.000172963
0.000168803
0.000164654
0.000160544
0.000156493
0.000152518
0.000148632
0.000144844
0.000141163
0.000137593
0.000134138
0.000130799
0.000127578
0.000124474
0.000121486
0.000118612
0.000115851
0.000113199
0.000110654
0.000108212
0.000105871
0.000103626
0.000101476
9.94149e-05
9.74411e-05
9.55506e-05
9.37401e-05
9.20065e-05
9.03464e-05
8.87568e-05
8.88492e-05
9.45334e-05
9.34105e-05
9.24761e-05
9.19991e-05
9.16613e-05
9.12962e-05
9.08303e-05
9.0241e-05
8.9531e-05
8.87148e-05
8.78089e-05
8.68292e-05
8.59901e-05
8.52133e-05
8.4375e-05
8.34697e-05
8.25107e-05
8.15122e-05
8.04872e-05
7.94469e-05
7.84011e-05
7.73577e-05
7.63236e-05
7.53044e-05
7.43045e-05
7.33275e-05
7.23777e-05
7.15688e-05
7.08288e-05
7.01945e-05
6.9781e-05
6.93653e-05
6.89048e-05
6.84034e-05
6.82935e-05
6.88469e-05
7.00005e-05
6.89256e-05
6.79428e-05
6.70534e-05
6.63521e-05
6.58506e-05
6.5877e-05
6.64247e-05
6.57913e-05
6.54942e-05
6.54128e-05
6.54843e-05
6.60077e-05
6.5614e-05
6.47802e-05
6.4046e-05
6.33953e-05
6.28193e-05
6.23707e-05
6.20085e-05
6.1698e-05
6.14262e-05
6.11846e-05
6.09658e-05
6.07637e-05
6.05725e-05
6.03874e-05
6.02041e-05
6.00189e-05
5.98283e-05
5.96295e-05
5.94201e-05
5.91987e-05
5.89644e-05
5.87175e-05
5.84589e-05
5.81902e-05
5.79135e-05
5.76309e-05
5.73447e-05
5.70572e-05
5.67705e-05
5.64862e-05
5.62062e-05
5.59316e-05
5.56637e-05
5.54032e-05
5.52725e-05
5.54388e-05
5.51545e-05
5.49394e-05
5.47677e-05
5.46162e-05
5.44725e-05
5.43305e-05
5.4188e-05
5.40441e-05
5.38994e-05
5.37544e-05
5.36102e-05
5.34675e-05
5.3327e-05
5.31893e-05
5.30547e-05
5.29412e-05
5.29909e-05
5.29408e-05
5.28067e-05
5.27028e-05
5.26127e-05
5.25276e-05
5.24431e-05
5.23578e-05
5.22715e-05
5.21846e-05
5.20978e-05
5.20117e-05
5.1927e-05
5.1844e-05
5.17632e-05
5.16848e-05
5.16091e-05
5.15362e-05
5.14662e-05
5.13991e-05
5.13349e-05
5.12735e-05
5.1215e-05
5.11592e-05
5.1106e-05
5.10552e-05
5.10124e-05
5.09795e-05
5.09479e-05
5.09161e-05
5.08839e-05
5.08518e-05
5.08198e-05
5.07881e-05
5.0757e-05
5.07264e-05
5.06966e-05

