5e-05
5e-05
5e-05
5e-05
5e-05
5e-05
5e-05
5e-05
5e-05
5e-05
5e-05
5e-05
5e-05
5e-05
5e-05
5e-05
5e-05
5e-05
5e-05
5e-05
5e-05
5e-05
5e-05
5e-05
5e-05
5e-05
5e-05
5.30886e-05
6.0454e-05
6.8216e-05
7.98935e-05
9.61494e-05
0.000110263
0.000122014
0.000131205
0.000138442
0.000143966
0.000147991
0.000150642
0.000152115
0.000152776
0.000152799
0.000152318
0.000151348
0.000149979
0.000148411
0.000146666
0.000144786
0.000142793
0.000140756
0.000138708
0.000136641
0.000134399
0.000132112
0.00012988
0.000127701
0.000125709
0.000124153
0.000122531
0.000120837
0.000119105
0.000117352
0.000115619
0.000113903
0.000112184
0.000110476
0.00010877
0.00010707
0.000105407
0.000103776
0.000102174
0.000100623
9.91252e-05
9.76772e-05
9.62669e-05
9.48727e-05
9.35175e-05
9.21919e-05
9.09111e-05
8.96764e-05
8.86862e-05
8.77431e-05
8.67911e-05
8.58365e-05
8.4882e-05
8.39305e-05
8.29849e-05
8.20478e-05
8.11219e-05
8.0206e-05
7.92915e-05
7.83959e-05
7.75221e-05
7.66629e-05
7.58208e-05
7.49938e-05
7.41922e-05
7.34142e-05
7.26548e-05
7.19223e-05
7.12085e-05
7.0516e-05
6.98429e-05
6.91952e-05
6.85654e-05
6.79593e-05
6.73704e-05
6.6794e-05
6.62338e-05
6.56944e-05
6.51784e-05
6.46843e-05
6.42105e-05
6.37546e-05
6.33621e-05
6.30076e-05
6.26534e-05
6.22997e-05
6.19439e-05
6.15932e-05
6.12485e-05
6.09104e-05
6.05781e-05
6.02489e-05
5.99265e-05
5.96096e-05
5.92989e-05
5.8997e-05
5.87055e-05
5.84242e-05
5.81527e-05
5.78906e-05
5.76354e-05
5.73872e-05
5.71479e-05
5.69172e-05
5.66947e-05
5.64914e-05
5.63156e-05
5.61394e-05
5.59622e-05
5.57849e-05
5.56093e-05
5.54373e-05
5.52693e-05
5.51053e-05
5.49436e-05
5.47856e-05
5.46323e-05
5.44837e-05
5.43397e-05
5.42034e-05
5.40905e-05
5.39753e-05
5.38639e-05
5.39113e-05
5.39809e-05
5.4014e-05
5.40022e-05
5.39648e-05
5.39004e-05
5.38159e-05
5.37181e-05
5.36104e-05
5.34913e-05
5.33687e-05
5.32446e-05
5.31217e-05
5.3e-05
5.28805e-05
5.27652e-05
5.26542e-05
5.25483e-05
5.24474e-05
5.23501e-05
5.22564e-05
5.21672e-05
5.20819e-05
5.2001e-05
5.19242e-05
5.18512e-05
5.17812e-05
5.17145e-05
5.16498e-05
5.15877e-05
5.15286e-05
5.14721e-05
5.14181e-05
5.13662e-05
5.13167e-05
5.12696e-05
5.12247e-05
5.11818e-05
5.11408e-05
5.11012e-05
5.10627e-05
5.10258e-05
5.09911e-05
5.09628e-05
5.09355e-05
5.09079e-05
5.08805e-05
5.08531e-05
5.0826e-05
5.07993e-05
5.07732e-05
5.07478e-05
5.0723e-05
5.06986e-05
5.0675e-05
5.06523e-05
5.06304e-05
5.06092e-05
5.05886e-05
5.05685e-05
5.05491e-05
5.0531e-05
5.05157e-05
5.05005e-05
5.04857e-05
5.0471e-05
5.04566e-05
5.04425e-05
5.04284e-05
5.04147e-05
5.04014e-05
5.03883e-05
5.03754e-05
5.03627e-05
5.03503e-05
5.03384e-05
5.0332e-05
5.03361e-05
5.03379e-05
5.03376e-05
5.03352e-05
5.0331e-05
5.03252e-05
5.03182e-05
5.031e-05
5.03006e-05
5.02905e-05
5.02803e-05
5.02703e-05
5.027e-05
5.02708e-05
5.02695e-05
5.02659e-05
5.02607e-05
5.02543e-05

