5e-05
5e-05
5e-05
5e-05
5e-05
5e-05
5e-05
5e-05
5e-05
5e-05
5e-05
5e-05
5e-05
5e-05
5e-05
5e-05
5e-05
5e-05
5e-05
5e-05
5e-05
5e-05
5e-05
5e-05
5e-05
5e-05
5e-05
5e-05
5e-05
5e-05
5e-05
5e-05
5e-05
5e-05
5e-05
5e-05
5e-05
5e-05
5e-05
5e-05
5e-05
5e-05
5e-05
5e-05
5e-05
5e-05
5e-05
5e-05
5e-05
5e-05
5e-05
5e-05
5e-05
5e-05
5e-05
5e-05
5e-05
5e-05
5e-05
5e-05
5e-05
5e-05
5e-05
5e-05
5e-05
5e-05
5e-05
5e-05
5e-05
5e-05
5e-05
5e-05
5e-05
5e-05
5e-05
5e-05
5e-05
5e-05
5e-05
5e-05
5e-05
5e-05
5e-05
5e-05
5e-05
5e-05
5e-05
5e-05
5e-05
5e-05
5e-05
5e-05
5e-05
5e-05
5e-05
5e-05
5e-05
5e-05
5e-05
5e-05
5e-05
5e-05
5e-05
5e-05
5e-05
5e-05
5e-05
5e-05
5e-05
5e-05
5e-05
5e-05
5e-05
5e-05
5e-05
5e-05
5e-05
5e-05
5e-05
5e-05
5e-05
5e-05
5e-05
5e-05
5e-05
5e-05
5e-05
5e-05
5e-05
5e-05
5e-05
5e-05
5e-05
5e-05
5e-05
5e-05
5e-05
5e-05
5e-05
5e-05
5e-05
5e-05
5e-05
5e-05
5e-05
5e-05
5.19022e-05
6.12772e-05
6.95864e-05
7.64315e-05
8.21209e-05
8.67762e-05
9.06005e-05
9.37728e-05
9.64076e-05
9.8587e-05
0.000100376
0.000101825
0.000102975
0.000104172
0.000105348
0.000106139
0.000106918
0.000107563
0.000107824
0.000107768
0.000107469
0.000106983
0.000106358
0.000105627
0.000104812
0.00010393
0.000102999
0.000102031
0.000101029
0.000100004
9.89622e-05
9.79092e-05
9.68502e-05
9.5789e-05
9.47291e-05
9.36776e-05
9.26331e-05
9.15953e-05
9.05662e-05
8.95478e-05
8.85419e-05
8.7551e-05
8.65788e-05
8.56245e-05
8.46844e-05
8.37592e-05
8.28502e-05
8.1959e-05
8.10911e-05
8.06216e-05
8.11495e-05
8.13751e-05
8.1362e-05
8.10158e-05
8.04195e-05
7.96661e-05
7.88329e-05
7.79592e-05
7.70711e-05
7.61861e-05
7.53157e-05
7.44666e-05
7.36414e-05
7.28433e-05
7.20722e-05
7.13269e-05
7.06072e-05
6.99129e-05
6.92434e-05
6.85981e-05
6.79767e-05
6.73784e-05
6.68016e-05
6.62454e-05
6.571e-05
6.5195e-05
6.4698e-05
6.42192e-05
6.37566e-05
6.33097e-05
6.28779e-05
6.24613e-05
6.20594e-05
6.16715e-05
6.12966e-05
6.09345e-05
6.05844e-05
6.02459e-05
5.9919e-05
5.96029e-05
5.92975e-05
5.90046e-05
5.87661e-05
5.85302e-05
5.82908e-05
5.80499e-05
5.78286e-05
5.76332e-05
5.74296e-05
5.72196e-05
5.7007e-05
5.67942e-05
5.65834e-05
5.63762e-05

