5e-05
5e-05
5e-05
5e-05
5e-05
5e-05
5e-05
5e-05
5e-05
5e-05
5e-05
5e-05
5.21582e-05
6.00208e-05
6.9296e-05
7.83474e-05
8.66606e-05
9.38608e-05
0.000100009
0.000105821
0.000110996
0.000115162
0.000118521
0.000121155
0.000123235
0.000124836
0.00012602
0.00012684
0.000127314
0.000127315
0.000127005
0.000126543
0.000125956
0.000125263
0.000124476
0.000123606
0.000122664
0.000121639
0.000120532
0.000119383
0.000118879
0.00012201
0.000124927
0.000127132
0.000128651
0.000130041
0.000131172
0.000131657
0.000131472
0.000130657
0.000129285
0.000127396
0.000125042
0.000122528
0.000119951
0.000117366
0.000114828
0.000112341
0.000109941
0.000107623
0.000105393
0.000103255
0.000101205
9.92391e-05
9.73569e-05
9.55382e-05
9.37721e-05
9.20907e-05
9.06758e-05
8.93599e-05
8.80844e-05
8.68458e-05
8.56355e-05
8.4448e-05
8.32964e-05
8.21765e-05
8.10835e-05
8.00264e-05
7.89932e-05
7.81274e-05
7.73122e-05
7.64902e-05
7.56773e-05
7.48666e-05
7.40655e-05
7.32736e-05
7.24856e-05
7.17215e-05
7.09828e-05
7.02693e-05
6.95807e-05
6.89161e-05
6.82748e-05
6.76532e-05
6.70489e-05
6.64669e-05
6.59025e-05
6.53561e-05
6.48311e-05
6.43266e-05
6.38437e-05
6.34481e-05
6.30645e-05
6.26751e-05
6.22896e-05
6.19097e-05
6.15308e-05
6.11602e-05
6.07992e-05
6.04481e-05
6.01069e-05
5.97757e-05
5.94545e-05
5.91374e-05
5.88276e-05
5.8529e-05
5.82415e-05
5.79647e-05
5.76982e-05
5.74413e-05
5.71907e-05
5.69491e-05
5.68734e-05
5.70382e-05
5.71826e-05
5.72762e-05
5.73471e-05
5.74445e-05
5.91511e-05
5.97036e-05
5.93814e-05
5.89072e-05
5.84171e-05
5.79411e-05
5.74883e-05
5.70613e-05
5.66603e-05
5.62844e-05
5.59327e-05
5.56033e-05
5.52947e-05
5.50058e-05
5.47353e-05
5.44816e-05
5.42437e-05
5.4027e-05
5.3829e-05
5.36401e-05
5.34602e-05
5.3289e-05
5.31276e-05
5.2984e-05
5.29138e-05
5.28461e-05
5.2759e-05
5.26683e-05
5.2569e-05
5.24636e-05
5.23563e-05
5.22503e-05
5.21472e-05
5.20479e-05
5.19529e-05
5.18625e-05
5.17767e-05
5.16954e-05
5.16184e-05
5.15455e-05
5.14767e-05
5.14116e-05
5.13499e-05
5.12915e-05
5.12361e-05
5.11837e-05
5.11339e-05
5.10867e-05
5.10419e-05
5.09994e-05
5.09588e-05
5.09203e-05
5.08836e-05
5.08486e-05
5.08154e-05
5.07836e-05
5.07534e-05
5.07245e-05
5.06971e-05
5.06708e-05
5.06458e-05
5.06219e-05
5.0599e-05
5.05772e-05
5.05562e-05
5.05361e-05
5.05169e-05
5.04984e-05
5.04807e-05
5.04638e-05
5.04475e-05
5.04319e-05
5.04169e-05
5.04025e-05
5.03887e-05
5.03754e-05
5.03626e-05
5.03503e-05
5.03385e-05
5.03272e-05
5.03162e-05
5.03163e-05
5.0318e-05
5.03162e-05
5.03114e-05
5.03046e-05
5.02965e-05
5.02876e-05
5.02783e-05
5.02688e-05
5.02594e-05
5.02502e-05
5.02412e-05
5.02325e-05
5.02241e-05
5.0216e-05
5.02083e-05
5.02008e-05
5.01936e-05
5.01867e-05
5.01801e-05
5.01738e-05
5.01677e-05
5.01618e-05
5.0157e-05
5.01523e-05
5.01476e-05
5.0143e-05
5.01383e-05
5.01338e-05
5.01294e-05
5.0125e-05
5.01208e-05
5.01168e-05
5.01128e-05
5.0109e-05
5.01054e-05
5.01019e-05
5.00984e-05
5.00952e-05
5.0092e-05
5.0089e-05

