5e-05
5e-05
5e-05
5e-05
5e-05
5e-05
5e-05
5e-05
5e-05
5e-05
5e-05
5e-05
5e-05
5e-05
5e-05
5e-05
5e-05
5e-05
5e-05
5e-05
5e-05
5e-05
5e-05
5e-05
5e-05
5e-05
5e-05
5e-05
5e-05
5e-05
5e-05
5e-05
5e-05
5e-05
5e-05
5e-05
5e-05
5e-05
5e-05
5e-05
5e-05
5e-05
5e-05
5e-05
5e-05
5e-05
5e-05
5e-05
5e-05
5e-05
5e-05
5e-05
5e-05
5e-05
5e-05
5e-05
5e-05
5e-05
5e-05
5e-05
5e-05
5e-05
5e-05
5e-05
5e-05
5e-05
5e-05
5e-05
5e-05
5e-05
5e-05
5e-05
5e-05
5e-05
5e-05
5e-05
5e-05
5e-05
5e-05
5e-05
5e-05
5e-05
5e-05
5e-05
5e-05
5e-05
5e-05
5e-05
5e-05
5e-05
5e-05
5e-05
5e-05
5e-05
5e-05
5e-05
5e-05
5e-05
5e-05
5e-05
5e-05
5e-05
5e-05
5e-05
5e-05
5e-05
5e-05
5e-05
5e-05
5e-05
5e-05
5e-05
5e-05
5e-05
5e-05
5e-05
5e-05
5e-05
5e-05
5e-05
5e-05
5e-05
5e-05
5e-05
5e-05
5e-05
5e-05
5e-05
5e-05
5e-05
5e-05
5e-05
5e-05
5e-05
5e-05
5.13544e-05
5.7959e-05
6.64637e-05
7.4372e-05
8.11209e-05
8.65931e-05
9.10072e-05
9.45887e-05
9.75073e-05
9.98816e-05
0.000101802
0.00010334
0.000104551
0.000105481
0.000106165
0.000106632
0.000106908
0.000107013
0.000106968
0.000106789
0.000106494
0.000106097
0.000105607
0.000105035
0.000104517
0.000104239
0.000103805
0.000103219
0.000102505
0.000101693
0.000100807
9.98666e-05
9.88873e-05
9.78813e-05
9.68576e-05
9.58232e-05
9.47839e-05
9.37443e-05
9.27078e-05
9.16775e-05
9.06556e-05
8.96443e-05
8.86449e-05
8.7659e-05
8.66875e-05
8.57313e-05
8.47912e-05
8.38678e-05
8.29615e-05
8.20727e-05
8.12017e-05
8.03487e-05
7.95138e-05
7.86971e-05
7.78986e-05
7.71184e-05
7.63563e-05
7.56113e-05
7.48836e-05
7.41739e-05
7.3482e-05
7.28073e-05
7.21501e-05
7.151e-05
7.08869e-05
7.02802e-05
6.96897e-05
6.9115e-05
6.85558e-05
6.80118e-05
6.74825e-05
6.69672e-05
6.64661e-05
6.5979e-05
6.55058e-05
6.50453e-05
6.45977e-05
6.4163e-05
6.37409e-05
6.3331e-05
6.29329e-05
6.25463e-05
6.21709e-05
6.18064e-05
6.14525e-05
6.11075e-05
6.07716e-05
6.04457e-05
6.013e-05
5.9824e-05
5.95273e-05
5.92396e-05
5.89601e-05
5.8689e-05
5.84257e-05
5.81704e-05
5.79229e-05
5.76825e-05
5.74494e-05
5.72234e-05
5.70038e-05
5.67911e-05
5.65849e-05
5.63851e-05
5.61914e-05
5.60037e-05
5.58217e-05
5.56451e-05
5.54739e-05
5.53079e-05
5.51469e-05
5.49907e-05
5.48392e-05
5.46923e-05
5.45498e-05

