5e-05
5e-05
5e-05
5e-05
5e-05
5e-05
5e-05
5e-05
5e-05
5e-05
5e-05
5e-05
5e-05
5e-05
5e-05
5e-05
5e-05
5e-05
5e-05
5e-05
5e-05
5e-05
5e-05
5e-05
5e-05
5e-05
5e-05
5e-05
5e-05
5e-05
5e-05
5e-05
5e-05
5e-05
5e-05
5e-05
5e-05
5e-05
5e-05
5e-05
5e-05
5e-05
5e-05
5e-05
5e-05
5e-05
5e-05
5e-05
5e-05
5e-05
5e-05
5e-05
5e-05
5e-05
5e-05
5e-05
5e-05
5e-05
5e-05
5e-05
5e-05
5e-05
5e-05
5e-05
5e-05
5e-05
5e-05
5e-05
5e-05
5e-05
5e-05
5e-05
5e-05
5e-05
5e-05
5e-05
5e-05
5e-05
5e-05
5e-05
5e-05
5e-05
5e-05
5e-05
5e-05
5e-05
5e-05
5e-05
5e-05
5e-05
5e-05
5e-05
5e-05
5e-05
5e-05
5e-05
5e-05
5e-05
5e-05
5e-05
5e-05
5e-05
5e-05
5e-05
5e-05
5e-05
5e-05
5e-05
5e-05
5e-05
5e-05
5e-05
5e-05
5e-05
5e-05
5e-05
5e-05
5e-05
5e-05
5e-05
5e-05
5e-05
5e-05
5e-05
5e-05
5e-05
5e-05
5e-05
5e-05
5e-05
5e-05
5e-05
5e-05
5e-05
5e-05
5e-05
5e-05
5e-05
5e-05
5e-05
5e-05
5e-05
5e-05
5.0776e-05
5.713e-05
6.62396e-05
7.66938e-05
8.63221e-05
9.43876e-05
0.000100896
0.000106121
0.000110263
0.000113537
0.000116518
0.000119583
0.00012202
0.000123976
0.000126109
0.00012761
0.00012851
0.000128935
0.000128929
0.000129149
0.000129187
0.000128788
0.000128088
0.000127188
0.000126074
0.0001248
0.00012344
0.000121993
0.000120469
0.000118916
0.000117351
0.000115758
0.000114147
0.00011255
0.000110969
0.000109394
0.000108258
0.000109824
0.000111143
0.00011183
0.000111927
0.000111425
0.000110482
0.000109444
0.00010839
0.0001071
0.000105678
0.000104371
0.000104247
0.000105303
0.000105653
0.000105292
0.000104402
0.000103096
0.000101563
9.98406e-05
9.80555e-05
9.62486e-05
9.44436e-05
9.26713e-05
9.09397e-05
8.9269e-05
8.7664e-05
8.61261e-05
8.46482e-05
8.32255e-05
8.1868e-05
8.05707e-05
7.93341e-05
7.81593e-05
7.7037e-05
7.59637e-05
7.49361e-05
7.39605e-05
7.30346e-05
7.21504e-05
7.13077e-05
7.05051e-05
6.97353e-05
6.90014e-05
6.82971e-05
6.76238e-05
6.69815e-05
6.63682e-05
6.57781e-05
6.52118e-05
6.46702e-05
6.41517e-05
6.36506e-05
6.31667e-05
6.27021e-05
6.22552e-05
6.18253e-05
6.14139e-05
6.10171e-05
6.0636e-05
6.0271e-05
5.99208e-05
5.9579e-05
5.92473e-05
5.89282e-05
5.86215e-05
5.8328e-05
5.80471e-05
5.77758e-05
5.75146e-05
5.72641e-05

