5e-05
5e-05
5e-05
5e-05
5e-05
5e-05
5e-05
5e-05
5e-05
5e-05
5e-05
5e-05
5e-05
5e-05
5e-05
5e-05
5e-05
5e-05
5e-05
5e-05
5e-05
5e-05
5e-05
5e-05
5e-05
5e-05
5e-05
5e-05
5e-05
5e-05
5e-05
5e-05
5e-05
5e-05
5e-05
5e-05
5e-05
5e-05
5e-05
5e-05
5e-05
5e-05
5e-05
5e-05
5e-05
5e-05
5e-05
5e-05
5e-05
5e-05
5e-05
5e-05
5e-05
5e-05
5e-05
5e-05
5e-05
5e-05
5e-05
5e-05
5e-05
5e-05
5e-05
5e-05
5e-05
5e-05
5e-05
5e-05
5e-05
5e-05
5e-05
5e-05
5e-05
5e-05
5e-05
5e-05
5e-05
5e-05
5e-05
5e-05
5e-05
5e-05
5e-05
5e-05
5e-05
5e-05
5e-05
5e-05
5e-05
5e-05
5e-05
5e-05
5e-05
5e-05
5e-05
5e-05
5e-05
5e-05
5e-05
5e-05
5e-05
5e-05
5e-05
5e-05
5e-05
5e-05
5e-05
5e-05
5e-05
5e-05
5e-05
5e-05
5e-05
5e-05
5e-05
5e-05
5e-05
5e-05
5e-05
5e-05
5e-05
5e-05
5e-05
5e-05
5e-05
5e-05
5e-05
5e-05
5e-05
5e-05
5e-05
5e-05
5e-05
5e-05
5e-05
5e-05
5e-05
5e-05
5e-05
5e-05
5e-05
5e-05
5e-05
5e-05
5e-05
5e-05
5.15191e-05
5.87647e-05
6.7739e-05
7.66284e-05
8.47816e-05
9.17819e-05
9.86129e-05
0.000104533
0.00011044
0.00011536
0.000119356
0.000122579
0.000125124
0.000127075
0.000128509
0.000129495
0.000130093
0.000130316
0.000130156
0.000130107
0.000130258
0.000130061
0.000129567
0.00012876
0.000127785
0.000126653
0.000125399
0.000124075
0.000122695
0.000121235
0.000119744
0.000118653
0.000117614
0.000116478
0.000115255
0.000113957
0.000112525
0.000111039
0.00010954
0.000108038
0.000106532
0.00010501
0.000103508
0.000102024
0.000100516
9.9023e-05
9.75731e-05
9.61676e-05
9.48052e-05
9.34842e-05
9.22026e-05
9.09335e-05
8.96748e-05
8.8458e-05
8.72846e-05
8.62499e-05
8.69478e-05
8.78988e-05
8.84819e-05
8.86203e-05
8.84586e-05
8.80629e-05
8.74526e-05
8.66183e-05
8.56576e-05
8.46146e-05
8.34947e-05
8.23084e-05
8.1117e-05
7.99351e-05
7.87766e-05
7.7694e-05
7.6734e-05
7.57782e-05
7.48408e-05
7.39236e-05
7.3038e-05
7.21758e-05
7.13376e-05
7.05345e-05
6.97661e-05
6.90308e-05
6.83273e-05
6.76539e-05
6.70091e-05
6.63914e-05
6.57985e-05
6.527e-05
6.4784e-05
6.43071e-05
6.3841e-05
6.3386e-05
6.29365e-05
6.25479e-05
6.21818e-05
6.18104e-05
6.14417e-05
6.11232e-05
6.08073e-05
6.04891e-05
6.01703e-05
5.98568e-05
5.99262e-05
6.00856e-05

