5e-05
5e-05
5e-05
5e-05
5e-05
5e-05
5e-05
5e-05
5e-05
5e-05
5e-05
5e-05
5e-05
5e-05
5e-05
5e-05
5e-05
5e-05
5e-05
5e-05
5e-05
5e-05
5e-05
5e-05
5e-05
5e-05
5e-05
5e-05
5e-05
5e-05
5e-05
5e-05
5e-05
5e-05
5e-05
5e-05
5e-05
5e-05
5e-05
5e-05
5e-05
5e-05
5e-05
5e-05
5e-05
5e-05
5e-05
5e-05
5e-05
5e-05
5e-05
5e-05
5e-05
5e-05
5e-05
5e-05
5e-05
5e-05
5e-05
5e-05
5e-05
5e-05
5e-05
5e-05
5e-05
5e-05
5e-05
5e-05
5e-05
5e-05
5e-05
5e-05
5e-05
5e-05
5e-05
5e-05
5e-05
5e-05
5e-05
5e-05
5e-05
5e-05
5e-05
5e-05
5e-05
5e-05
5e-05
5e-05
5e-05
5e-05
5e-05
5e-05
5e-05
5e-05
5e-05
5e-05
5e-05
5e-05
5e-05
5e-05
5e-05
5e-05
5e-05
5e-05
5e-05
5e-05
5e-05
5e-05
5e-05
5e-05
5e-05
5e-05
5e-05
5e-05
5e-05
5e-05
5e-05
5e-05
5e-05
5e-05
5e-05
5e-05
5e-05
5e-05
5e-05
5e-05
5e-05
5e-05
5e-05
5e-05
5e-05
5e-05
5e-05
5e-05
5e-05
5e-05
5e-05
5e-05
5e-05
5e-05
5e-05
5e-05
5e-05
5e-05
5e-05
5.04309e-05
7.78876e-05
0.00011419
0.000166169
0.000168219
0.000170606
0.000173233
0.000178559
0.000187014
0.000206696
0.000237567
0.000238419
0.000246189
0.00025804
0.000272539
0.000297023
0.000298344
0.000288151
0.000279599
0.000272364
0.000266283
0.000262687
0.000260626
0.000259304
0.000258443
0.000257873
0.000257452
0.000257056
0.00025658
0.000255933
0.000255035
0.000253815
0.000252214
0.000250181
0.000247677
0.000244681
0.000241192
0.000237227
0.000232822
0.000228029
0.000222906
0.00021752
0.000211934
0.000206211
0.00020041
0.000194581
0.000188771
0.000183018
0.000177356
0.000171811
0.000169356
0.000174052
0.000167764
0.000163108
0.00015946
0.000156263
0.000153219
0.000150184
0.000147101
0.000143959
0.000140768
0.000137548
0.000134322
0.000131112
0.000127936
0.00012481
0.000121743
0.000119172
0.000120549
0.000119489
0.000116379
0.000113991
0.000111929
0.000109975
0.000108029
0.000106056
0.000104052
0.000102026
9.9996e-05
9.79774e-05
9.5985e-05
9.4031e-05
9.21251e-05
9.02746e-05
8.84849e-05
8.67594e-05
8.51004e-05
8.35088e-05
8.19848e-05
8.05278e-05
7.91366e-05
7.78093e-05
7.65425e-05
7.53332e-05
7.43158e-05
7.35373e-05
7.27881e-05
7.20314e-05
7.12675e-05
7.05013e-05
6.9738e-05
6.8982e-05
6.8237e-05
6.75061e-05
6.67919e-05

