5e-05
5e-05
5e-05
5e-05
5e-05
5e-05
5e-05
5e-05
5e-05
5e-05
5e-05
5e-05
5e-05
5e-05
5e-05
5e-05
5e-05
5e-05
5e-05
5e-05
5e-05
5e-05
5e-05
5e-05
5e-05
5e-05
5e-05
5e-05
5e-05
5e-05
5e-05
5e-05
5e-05
5e-05
5e-05
5e-05
5e-05
5e-05
5e-05
5e-05
5e-05
5e-05
5e-05
5e-05
5e-05
5e-05
5e-05
5e-05
5e-05
5e-05
5e-05
5e-05
5e-05
5e-05
5e-05
5e-05
5e-05
5e-05
5e-05
5e-05
5e-05
5e-05
5e-05
5e-05
5e-05
5e-05
5e-05
5e-05
5e-05
5e-05
5e-05
5e-05
5e-05
5e-05
5e-05
5e-05
5e-05
5e-05
5e-05
5e-05
5e-05
5e-05
5e-05
5e-05
5e-05
5e-05
5e-05
5e-05
5e-05
5e-05
5e-05
5e-05
5e-05
5e-05
5e-05
5e-05
5e-05
5e-05
5e-05
5e-05
5e-05
5e-05
5e-05
5e-05
5e-05
5e-05
5e-05
5e-05
5e-05
5e-05
5e-05
5e-05
5e-05
5e-05
5e-05
5e-05
5e-05
5e-05
5e-05
5e-05
5e-05
5e-05
5e-05
5e-05
5e-05
5e-05
5e-05
5e-05
5e-05
5e-05
5e-05
5e-05
5e-05
5e-05
5e-05
5e-05
7.90996e-05
0.000138388
0.000161543
0.000169726
0.000172548
0.000172865
0.000171924
0.000170478
0.000170111
0.000170122
0.000170786
0.000170809
0.000170053
0.000168619
0.00016668
0.000164354
0.000161776
0.000159364
0.000157383
0.000155245
0.000153042
0.000151266
0.000149257
0.000147022
0.00014464
0.000142128
0.000139986
0.00013788
0.000135594
0.000133223
0.000130835
0.000128408
0.000125974
0.000123584
0.000121226
0.000118902
0.000116642
0.000114452
0.000112314
0.00011023
0.00010822
0.00010628
0.000104399
0.000102912
0.000103595
0.000104125
0.000104197
0.000103842
0.00010305
0.000101941
0.000100786
9.96446e-05
9.83417e-05
9.69569e-05
9.56835e-05
9.53587e-05
9.5979e-05
9.60598e-05
9.55974e-05
9.47328e-05
9.35537e-05
9.22084e-05
9.07253e-05
8.92025e-05
8.76719e-05
8.61513e-05
8.46643e-05
8.32165e-05
8.18233e-05
8.04878e-05
7.92108e-05
7.79862e-05
7.68099e-05
7.56893e-05
7.46201e-05
7.36024e-05
7.26368e-05
7.17158e-05
7.08362e-05
6.99954e-05
6.9198e-05
6.8442e-05
6.77209e-05
6.70346e-05
6.63815e-05
6.57559e-05
6.51602e-05
6.45891e-05
6.40439e-05
6.35242e-05
6.30284e-05
6.25519e-05
6.20951e-05
6.16586e-05
6.12411e-05
6.08381e-05
6.04493e-05
6.00763e-05
5.97178e-05
5.93733e-05
5.90438e-05
5.87263e-05
5.84215e-05
5.81297e-05
5.78501e-05
5.75773e-05
5.73128e-05
5.70585e-05
5.68142e-05
5.65806e-05
5.6357e-05
5.61412e-05
5.59336e-05
5.57346e-05

