5e-05
5e-05
5e-05
5e-05
5e-05
5e-05
5e-05
5e-05
5e-05
5e-05
5e-05
5e-05
5e-05
5e-05
5e-05
5e-05
5e-05
5e-05
5e-05
5e-05
5e-05
5e-05
5e-05
5e-05
5e-05
5e-05
5e-05
5e-05
5e-05
5e-05
5e-05
5e-05
5e-05
5e-05
5e-05
5e-05
5e-05
5e-05
5e-05
5e-05
5e-05
5e-05
5e-05
5e-05
5e-05
5e-05
5e-05
5e-05
5e-05
5e-05
5e-05
5e-05
5e-05
5e-05
5e-05
5e-05
5e-05
5e-05
5e-05
5e-05
5e-05
5e-05
5e-05
5e-05
5e-05
5e-05
5e-05
5e-05
5e-05
5e-05
5e-05
5e-05
5e-05
5e-05
5e-05
5e-05
5e-05
5e-05
5e-05
5e-05
5e-05
5e-05
5e-05
5e-05
5e-05
5e-05
5e-05
5e-05
5e-05
5e-05
5e-05
5e-05
5e-05
5e-05
5e-05
5e-05
5e-05
5e-05
5e-05
5e-05
5e-05
5e-05
5e-05
5e-05
5e-05
5e-05
5e-05
5e-05
5e-05
5e-05
5e-05
5e-05
5e-05
5e-05
5e-05
5e-05
5e-05
5e-05
5e-05
5e-05
5e-05
5e-05
5e-05
5e-05
5e-05
5e-05
5e-05
5e-05
5e-05
5e-05
5e-05
5e-05
5e-05
5e-05
5e-05
5e-05
5e-05
5e-05
5e-05
5e-05
5e-05
5e-05
5e-05
5e-05
5e-05
5.08604e-05
8.88036e-05
0.000113932
0.000124419
0.000137001
0.000150679
0.000164659
0.000178748
0.000192762
0.000206519
0.000219855
0.000232624
0.000244713
0.000256037
0.000266545
0.00027622
0.000285076
0.000293169
0.000300615
0.000307651
0.000314863
0.000325546
0.000328018
0.000312717
0.00029871
0.000285852
0.000274006
0.000263049
0.000252874
0.000243387
0.00023451
0.000226173
0.000218318
0.000210895
0.000203862
0.000197184
0.000190832
0.000184779
0.000179005
0.000173491
0.000168222
0.000163184
0.000158364
0.000153752
0.000149339
0.000145234
0.000146196
0.000154952
0.000150388
0.000147108
0.000144666
0.000142555
0.000140505
0.000138391
0.000136172
0.000133843
0.000131422
0.000128928
0.000126379
0.000123795
0.000121195
0.000118597
0.000116016
0.000113465
0.000110958
0.000108502
0.000106105
0.000103774
0.000101512
9.93242e-05
9.72113e-05
9.51748e-05
9.32152e-05
9.13323e-05
8.95253e-05
8.77931e-05
8.61342e-05
8.45467e-05
8.30287e-05
8.1578e-05
8.01923e-05
7.88694e-05
7.76067e-05
7.6402e-05
7.52529e-05
7.4157e-05
7.3112e-05
7.21156e-05
7.11657e-05
7.02602e-05
6.96844e-05
7.05819e-05
7.25042e-05
7.15732e-05
7.08964e-05
7.03445e-05
6.98298e-05
7.00027e-05
7.14595e-05
7.0543e-05
6.99374e-05
6.95908e-05
6.93277e-05
6.90286e-05
6.86659e-05

