5e-05
5e-05
5e-05
5e-05
5e-05
5e-05
5e-05
5e-05
5e-05
5e-05
5e-05
5e-05
5e-05
5e-05
5e-05
5e-05
5e-05
5e-05
5e-05
5e-05
5e-05
5e-05
5e-05
5e-05
5e-05
5e-05
5e-05
5e-05
5e-05
5e-05
5e-05
5e-05
5e-05
5e-05
5e-05
5e-05
5e-05
5e-05
5e-05
5e-05
5e-05
5e-05
5e-05
5e-05
5e-05
5e-05
5e-05
5e-05
5e-05
5e-05
5e-05
5e-05
5e-05
5e-05
5e-05
5e-05
5e-05
5e-05
5e-05
5e-05
5e-05
5e-05
5e-05
5e-05
5e-05
5e-05
5e-05
5e-05
5e-05
5e-05
5e-05
5e-05
5e-05
5e-05
5e-05
5e-05
5e-05
5e-05
5e-05
5e-05
5e-05
5e-05
5e-05
5e-05
5e-05
5e-05
5e-05
5e-05
5e-05
5e-05
5e-05
5e-05
5e-05
5e-05
5e-05
5e-05
5e-05
5e-05
5e-05
5e-05
5e-05
5e-05
5e-05
5e-05
5e-05
5e-05
5e-05
5e-05
5e-05
5e-05
5e-05
5e-05
5e-05
5e-05
5e-05
5e-05
5e-05
5e-05
5e-05
5e-05
5e-05
5e-05
5e-05
5e-05
5e-05
5e-05
5e-05
5e-05
5e-05
5e-05
5e-05
5e-05
5e-05
5.00468e-05
5.74492e-05
7.07476e-05
8.48722e-05
9.73207e-05
0.000107504
0.000115235
0.000121241
0.00012589
0.00012945
0.000132135
0.000134109
0.000135505
0.000136424
0.000136938
0.000136981
0.000136743
0.000136643
0.000141985
0.000147352
0.000151267
0.000153645
0.000155001
0.000156205
0.000156339
0.000155574
0.000154149
0.000152224
0.000149935
0.000147395
0.000144693
0.000141899
0.000139065
0.00013623
0.000133422
0.000130661
0.000127963
0.000125336
0.000122761
0.000120261
0.000118094
0.000116116
0.000114144
0.000112193
0.00011026
0.000108334
0.000106446
0.000104603
0.000102995
0.000103582
0.000104262
0.000104576
0.000104534
0.000104148
0.000103426
0.000102396
0.000101109
9.96328e-05
9.80294e-05
9.63475e-05
9.45831e-05
9.28231e-05
9.11004e-05
8.94283e-05
8.78145e-05
8.62636e-05
8.47777e-05
8.33571e-05
8.20011e-05
8.07081e-05
7.94755e-05
7.82911e-05
7.71602e-05
7.60839e-05
7.50592e-05
7.40833e-05
7.31534e-05
7.22666e-05
7.14205e-05
7.06127e-05
6.98408e-05
6.91029e-05
6.83969e-05
6.77174e-05
6.7137e-05
6.6598e-05
6.60687e-05
6.5544e-05
6.50244e-05
6.4517e-05
6.40227e-05
6.3542e-05
6.30753e-05
6.26228e-05
6.21803e-05
6.19779e-05
6.20516e-05
6.20493e-05
6.19691e-05
6.18206e-05
6.16046e-05
6.13291e-05
6.10194e-05
6.06864e-05
6.03389e-05
5.99839e-05
5.96274e-05
5.92735e-05
5.89255e-05
5.85858e-05
5.82559e-05
5.79368e-05
5.7629e-05
5.73327e-05
5.70481e-05
5.67751e-05
5.65134e-05

