5e-05
5e-05
5e-05
5e-05
5e-05
5e-05
5e-05
5e-05
5.00183e-05
5.50779e-05
6.41487e-05
7.36985e-05
8.28002e-05
9.19009e-05
9.94737e-05
0.000105805
0.000111073
0.000115417
0.000118956
0.000121776
0.000123806
0.000125254
0.000126284
0.000126855
0.000127827
0.000134099
0.00013998
0.000144615
0.000147996
0.000149246
0.000149228
0.000148474
0.000147201
0.000145587
0.000143649
0.000141512
0.000139209
0.000136851
0.000134476
0.000132106
0.000129756
0.000127438
0.000125136
0.000122867
0.000120655
0.000118484
0.000116359
0.000114305
0.000112626
0.000110983
0.00010932
0.000107614
0.000105863
0.000104092
0.000102372
0.000100711
9.90899e-05
9.7518e-05
9.60025e-05
9.45477e-05
9.33433e-05
9.21725e-05
9.1008e-05
9.04429e-05
9.14521e-05
9.24762e-05
9.35062e-05
0.000100556
0.00010852
0.000107573
0.000104913
0.000102004
9.91328e-05
9.63812e-05
9.37763e-05
9.1324e-05
8.90221e-05
8.68641e-05
8.4843e-05
8.29497e-05
8.11754e-05
7.95124e-05
7.79526e-05
7.64889e-05
7.51151e-05
7.38244e-05
7.26109e-05
7.14709e-05
7.04001e-05
6.93938e-05
6.84457e-05
6.75519e-05
6.67092e-05
6.59153e-05
6.51666e-05
6.44735e-05
6.38594e-05
6.32685e-05
6.26979e-05
6.21488e-05
6.16223e-05
6.11193e-05
6.06395e-05
6.01825e-05
5.9773e-05
5.93978e-05
5.9031e-05
5.86739e-05
5.83279e-05
5.79943e-05
5.76738e-05
5.73671e-05
5.70737e-05
5.67937e-05
5.65646e-05
5.63943e-05
5.64346e-05
5.6415e-05
5.63204e-05
5.6197e-05
5.60526e-05
5.58929e-05
5.57098e-05
5.55134e-05
5.5311e-05
5.51074e-05
5.49067e-05
5.47112e-05
5.45222e-05
5.43404e-05
5.41661e-05
5.39994e-05
5.38401e-05
5.3706e-05
5.36079e-05
5.35291e-05
5.34378e-05
5.33417e-05
5.32802e-05
5.74071e-05
6.42921e-05
7.11966e-05
7.75073e-05
8.30061e-05
8.80499e-05
9.3581e-05
9.87589e-05
0.00010305
0.000106246
0.000108534
0.000110186
0.000111324
0.00011206
0.000112476
0.000112636
0.000112581
0.000112352
0.000111978
0.000111481
0.000110879
0.000110189
0.000109423
0.000108592
0.000107706
0.000106775
0.000105804
0.000104803
0.000103776
0.000102729
0.000101666
0.000100593
9.95121e-05
9.84275e-05
9.73416e-05
9.62579e-05
9.52098e-05
9.44309e-05
9.36136e-05
9.27331e-05
9.18011e-05
9.08267e-05
8.98304e-05
8.88255e-05
8.78184e-05
8.68154e-05
8.58227e-05
8.48428e-05
8.38795e-05
8.29347e-05
8.20093e-05
8.11041e-05
8.02195e-05
7.93553e-05
7.85104e-05
7.7686e-05
7.68818e-05
7.60989e-05
7.53482e-05
7.47567e-05
7.41679e-05
7.35611e-05
7.29382e-05
7.23091e-05
7.16775e-05
7.10504e-05
7.04318e-05
6.98241e-05
6.92272e-05
6.86444e-05
6.80766e-05
6.75242e-05
6.69874e-05
6.64659e-05
6.59584e-05
6.54649e-05
6.49857e-05
6.45218e-05
6.40728e-05
6.36372e-05
6.32147e-05
6.28052e-05
6.24073e-05
6.20221e-05
6.16491e-05
6.12874e-05
6.09369e-05
6.05981e-05
6.02701e-05
5.99521e-05
5.96442e-05
5.93461e-05
5.90573e-05
5.8778e-05
5.85078e-05
5.82463e-05
5.79932e-05
5.77477e-05
5.75094e-05
5.72787e-05
5.70553e-05
5.68384e-05
5.66273e-05
5.64217e-05
5.62222e-05
5.6029e-05
5.58422e-05
5.56613e-05
5.54865e-05
5.53176e-05
5.51542e-05

