5e-05
5e-05
5e-05
5e-05
5e-05
5e-05
5e-05
5e-05
5.3861e-05
6.1852e-05
7.05181e-05
7.88116e-05
8.6257e-05
9.24265e-05
9.84809e-05
0.000105149
0.000110822
0.000115519
0.000119346
0.000122266
0.000124152
0.000125496
0.000126446
0.000126941
0.000127141
0.000127071
0.000126808
0.000126391
0.000125839
0.000125083
0.00012417
0.000123191
0.000122159
0.000121067
0.000119912
0.000118728
0.000117522
0.000116297
0.000115055
0.0001138
0.000112545
0.000111657
0.000110751
0.000109727
0.000108637
0.000107495
0.000106296
0.000105509
0.000105016
0.000104382
0.000103596
0.000102681
0.000101629
0.00010047
9.92571e-05
9.80074e-05
9.67354e-05
9.5451e-05
9.41401e-05
9.28372e-05
9.15518e-05
9.02699e-05
8.90156e-05
8.77948e-05
8.65931e-05
8.53962e-05
8.42363e-05
8.312e-05
8.20459e-05
8.10122e-05
8.00168e-05
7.90576e-05
7.81326e-05
7.72401e-05
7.63757e-05
7.55227e-05
7.46932e-05
7.38871e-05
7.31121e-05
7.23673e-05
7.16508e-05
7.09465e-05
7.02629e-05
6.95984e-05
6.89532e-05
6.83339e-05
6.77357e-05
6.71594e-05
6.66065e-05
6.60757e-05
6.55623e-05
6.50631e-05
6.45778e-05
6.41065e-05
6.36481e-05
6.32073e-05
6.27844e-05
6.23938e-05
6.21088e-05
6.18655e-05
6.1609e-05
6.13402e-05
6.10616e-05
6.07728e-05
6.04729e-05
6.01716e-05
5.98712e-05
5.95733e-05
5.92792e-05
5.89899e-05
5.87063e-05
5.84289e-05
5.81571e-05
5.78892e-05
5.76292e-05
5.73774e-05
5.71339e-05
5.68985e-05
5.66711e-05
5.64513e-05
5.6239e-05
5.6034e-05
5.58359e-05
5.56447e-05
5.546e-05
5.52815e-05
5.51092e-05
5.49427e-05
5.47819e-05
5.46247e-05
5.44725e-05
5.43257e-05
5.41842e-05
5.40477e-05
5.39148e-05
5.3786e-05
5.36619e-05
5.35424e-05
5.34248e-05
5.33129e-05
5.32197e-05
5.31299e-05
5.30721e-05
5.31811e-05
5.39044e-05
5.46335e-05
5.46154e-05
5.44388e-05
5.42493e-05
5.40495e-05
5.38453e-05
5.36455e-05
5.34604e-05
5.32813e-05
5.3109e-05
5.29443e-05
5.54612e-05
6.10863e-05
6.71293e-05
7.28322e-05
7.79479e-05
8.23237e-05
8.60548e-05
8.92364e-05
9.19412e-05
9.42194e-05
9.61264e-05
9.76966e-05
9.89751e-05
9.99893e-05
0.000100763
0.000101325
0.000101707
0.000101997
0.000102524
0.0001028
0.000102828
0.000102652
0.00010231
0.000101839
0.000101267
0.000100611
9.98883e-05
9.91121e-05
9.82934e-05
9.74412e-05
9.65626e-05
9.56638e-05
9.47505e-05
9.38341e-05
9.29133e-05
9.19869e-05
9.10552e-05
9.01219e-05
8.91939e-05
8.82696e-05
8.73503e-05
8.64382e-05
8.5535e-05
8.46444e-05
8.37667e-05
8.29005e-05
8.2047e-05
8.12071e-05
8.03832e-05
7.95751e-05
7.87847e-05
7.80104e-05
7.72501e-05
7.65044e-05
7.57737e-05
7.50585e-05
7.43607e-05
7.36789e-05
7.30125e-05
7.23616e-05
7.17265e-05
7.11079e-05
7.05043e-05
6.99163e-05
6.93437e-05
6.87853e-05
6.8242e-05
6.77215e-05
6.73052e-05
6.68849e-05
6.64514e-05
6.60096e-05
6.55645e-05
6.51205e-05
6.46807e-05
6.42477e-05
6.38233e-05
6.34086e-05
6.30639e-05
6.27371e-05
6.24009e-05
6.21128e-05
6.18317e-05
6.15307e-05
6.12157e-05
6.08945e-05
6.0572e-05
6.02513e-05
5.99352e-05
5.96254e-05
5.93229e-05
5.90284e-05
5.87422e-05
5.84646e-05

