5e-05
5e-05
5e-05
5e-05
5e-05
5e-05
5e-05
5e-05
5e-05
5e-05
5e-05
5e-05
5e-05
5e-05
5e-05
5e-05
5e-05
5e-05
5e-05
5e-05
5e-05
5e-05
5e-05
5e-05
5e-05
5e-05
5e-05
5e-05
5e-05
5e-05
5e-05
5e-05
5e-05
5e-05
5e-05
5e-05
5e-05
5e-05
5e-05
5e-05
5e-05
5e-05
5e-05
5e-05
5e-05
5e-05
5e-05
5e-05
5e-05
5e-05
5e-05
5e-05
5e-05
5e-05
5e-05
5e-05
5e-05
5e-05
5e-05
5e-05
5e-05
5e-05
5e-05
5e-05
5e-05
5e-05
5e-05
5e-05
5e-05
5e-05
5e-05
5e-05
5e-05
5e-05
5e-05
5e-05
5e-05
5e-05
5e-05
5e-05
5e-05
5e-05
5e-05
5e-05
5e-05
5e-05
5e-05
5e-05
5e-05
5e-05
5e-05
5e-05
5e-05
5e-05
5e-05
5e-05
5e-05
5e-05
5e-05
5e-05
5e-05
5e-05
5e-05
5e-05
5e-05
5e-05
5e-05
5e-05
5e-05
5e-05
5e-05
5e-05
5e-05
5e-05
5e-05
5e-05
5e-05
5e-05
5e-05
5e-05
5e-05
5e-05
5e-05
5e-05
5e-05
5e-05
5e-05
5e-05
5e-05
5e-05
5e-05
5e-05
5e-05
5e-05
5e-05
5e-05
5e-05
5e-05
5.29057e-05
6.19275e-05
7.21497e-05
8.18295e-05
9.05795e-05
9.79224e-05
0.000104011
0.000109154
0.000114374
0.000118837
0.000123379
0.000134721
0.000162861
0.000220549
0.000232108
0.000228726
0.000221878
0.00021418
0.000206409
0.000198832
0.000191554
0.000184619
0.000178043
0.000171818
0.000165928
0.00016036
0.000155109
0.000150158
0.000145473
0.00014104
0.000136848
0.000132886
0.000129135
0.000125586
0.000122224
0.000119036
0.000116016
0.000113156
0.000110443
0.000107868
0.000105424
0.000103105
0.000100907
9.88201e-05
9.68361e-05
9.49463e-05
9.31461e-05
9.14355e-05
8.98109e-05
8.82628e-05
8.67861e-05
8.53755e-05
8.40288e-05
8.27422e-05
8.15113e-05
8.03337e-05
7.92072e-05
7.82354e-05
7.73222e-05
7.64137e-05
7.55159e-05
7.46348e-05
7.37749e-05
7.29406e-05
7.21331e-05
7.13556e-05
7.06059e-05
6.98842e-05
6.91903e-05
6.85236e-05
6.78849e-05
6.72699e-05
6.66774e-05
6.61069e-05
6.55577e-05
6.50299e-05
6.45221e-05
6.40331e-05
6.35621e-05
6.31089e-05
6.26734e-05
6.22539e-05
6.18493e-05
6.1459e-05
6.10831e-05
6.07217e-05
6.03738e-05
6.00376e-05
5.9713e-05
5.93994e-05
5.90964e-05
5.88035e-05
5.85206e-05
5.8462e-05
5.8533e-05
5.85085e-05
5.84024e-05
5.82337e-05
5.80269e-05
5.77943e-05
5.75506e-05
5.74324e-05
5.74704e-05
5.74207e-05
5.72882e-05
5.71066e-05
5.68978e-05
5.66991e-05
5.64956e-05
5.62817e-05
5.60801e-05
5.60787e-05

