5e-05
5e-05
5e-05
5e-05
5e-05
5e-05
5e-05
5e-05
5e-05
5e-05
5e-05
5e-05
5e-05
5e-05
5e-05
5e-05
5e-05
5e-05
5e-05
5e-05
5e-05
5e-05
5e-05
5e-05
5e-05
5e-05
5e-05
5e-05
5e-05
5e-05
5e-05
5e-05
5e-05
5e-05
5e-05
5e-05
5e-05
5e-05
5e-05
5e-05
5e-05
5e-05
5e-05
5e-05
5e-05
5e-05
5e-05
5e-05
5e-05
5e-05
5e-05
5e-05
5e-05
5e-05
5e-05
5e-05
5e-05
5e-05
5e-05
5e-05
5e-05
5e-05
5e-05
5e-05
5e-05
5e-05
5e-05
5e-05
5e-05
5e-05
5e-05
5e-05
5e-05
5e-05
5e-05
5e-05
5e-05
5e-05
5e-05
5e-05
5e-05
5e-05
5e-05
5e-05
5e-05
5e-05
5e-05
5e-05
5e-05
5e-05
5e-05
5e-05
5e-05
5e-05
5e-05
5e-05
5e-05
5e-05
5e-05
5e-05
5e-05
5e-05
5e-05
5e-05
5e-05
5e-05
5e-05
5e-05
5e-05
5e-05
5e-05
5e-05
5e-05
5e-05
5e-05
5e-05
5e-05
5e-05
5e-05
5e-05
5e-05
5e-05
5e-05
5e-05
5e-05
5e-05
5e-05
5e-05
5e-05
5e-05
5e-05
5e-05
5e-05
5e-05
5e-05
5e-05
5e-05
5e-05
5e-05
5e-05
5e-05
5e-05
5e-05
5e-05
5e-05
5e-05
5e-05
5e-05
5e-05
5e-05
5e-05
5e-05
5e-05
5e-05
6.11912e-05
8.12045e-05
0.000123989
0.000151781
0.00016487
0.000183965
0.000205364
0.000227178
0.000248742
0.00027044
0.000296571
0.000311514
0.000300154
0.000290018
0.000280937
0.000272749
0.000265316
0.000258516
0.000252243
0.000246408
0.000240932
0.00023575
0.000230808
0.000226059
0.000221468
0.000216997
0.000212607
0.000208269
0.000203963
0.000199677
0.000195404
0.000191142
0.000186895
0.000182701
0.000179394
0.000176369
0.000173243
0.000169982
0.000166609
0.000163156
0.000159651
0.00015612
0.000152584
0.000149064
0.000145577
0.000142138
0.000138758
0.000135447
0.000132213
0.000129062
0.000126
0.000123029
0.000120152
0.00011737
0.000114684
0.000112093
0.000109597
0.000107195
0.000104885
0.000102666
0.000100534
9.84878e-05
9.65735e-05
9.73317e-05
0.00010294
0.000101634
9.99468e-05
9.86962e-05
9.76034e-05
9.65249e-05
9.53996e-05
9.42105e-05
9.29617e-05
9.16663e-05
9.03396e-05
8.89962e-05
8.76468e-05
8.63002e-05
8.51161e-05
8.43354e-05
8.35731e-05
8.27466e-05
8.18584e-05
8.0923e-05
7.99541e-05
9.26112e-05
0.000111986
0.000129472
0.000145391
0.000159382
0.000170875
0.000180021
0.000187139
0.000192509
0.000196379
0.000198967

