5e-05
5e-05
5e-05
5e-05
5e-05
5e-05
5e-05
5e-05
5e-05
5e-05
5e-05
5e-05
5e-05
5e-05
5.04267e-05
5.63996e-05
6.5028e-05
7.39043e-05
8.23058e-05
8.97478e-05
9.59897e-05
0.000101354
0.000105971
0.000109856
0.000113028
0.000115686
0.000117899
0.000119713
0.000121169
0.000122213
0.000122912
0.000123333
0.000123527
0.000123543
0.000123401
0.000123118
0.000122705
0.00012215
0.000121463
0.000120691
0.000119844
0.000118932
0.000117935
0.000116869
0.000115766
0.000114632
0.00011369
0.000112947
0.000111993
0.000110961
0.000109836
0.000108624
0.000107249
0.000105852
0.000104475
0.000103122
0.000101794
0.00010049
9.921e-05
9.79526e-05
9.66861e-05
9.54019e-05
9.41473e-05
9.29286e-05
9.1745e-05
9.05915e-05
8.94516e-05
8.83428e-05
8.7266e-05
8.62199e-05
8.52028e-05
8.42133e-05
8.32499e-05
8.23117e-05
8.13975e-05
8.05064e-05
7.96379e-05
7.87911e-05
7.79654e-05
7.71605e-05
7.63938e-05
7.57902e-05
7.51943e-05
7.45874e-05
7.39718e-05
7.33451e-05
7.27032e-05
7.2064e-05
7.14312e-05
7.08086e-05
7.09984e-05
7.14916e-05
7.19555e-05
7.53539e-05
8.03652e-05
8.06331e-05
7.95293e-05
7.81355e-05
7.66955e-05
7.5291e-05
7.39492e-05
7.27138e-05
7.15949e-05
7.05363e-05
6.9535e-05
6.85878e-05
6.76909e-05
6.6846e-05
6.60506e-05
6.53018e-05
6.45939e-05
6.39255e-05
6.3296e-05
6.2702e-05
6.21363e-05
6.16013e-05
6.10969e-05
6.0621e-05
6.01702e-05
5.9742e-05
5.93371e-05
5.89527e-05
5.85863e-05
5.82391e-05
5.79098e-05
5.75973e-05
5.72976e-05
5.70099e-05
5.67348e-05
5.64729e-05
5.62242e-05
5.59973e-05
5.58084e-05
5.56468e-05
5.54925e-05
5.55442e-05
5.65661e-05
5.78409e-05
5.79382e-05
5.7687e-05
5.7344e-05
5.69799e-05
5.66184e-05
5.62728e-05
5.59737e-05
5.57048e-05
5.547e-05
5.52412e-05
5.50139e-05
5.47889e-05
5.45686e-05
5.43542e-05
5.41474e-05
5.39558e-05
5.3784e-05
5.36191e-05
5.34621e-05
5.33224e-05
5.3186e-05
5.30521e-05
5.2922e-05
5.27955e-05
5.26823e-05
5.25752e-05
5.24692e-05
5.23661e-05
5.22667e-05
5.21705e-05
5.20776e-05
5.19889e-05
5.1904e-05
5.18225e-05
5.17449e-05
5.16712e-05
5.16007e-05
5.15334e-05
5.14694e-05
5.14087e-05
5.13507e-05
5.13024e-05
5.13001e-05
5.12959e-05
5.12834e-05
5.12633e-05
5.12351e-05
5.12013e-05
5.11673e-05
5.11345e-05
5.1099e-05
5.10626e-05
5.1029e-05
5.10155e-05
5.1022e-05
5.10179e-05
5.1003e-05
5.09803e-05
5.09515e-05
5.09196e-05
5.08851e-05
5.08502e-05
5.08154e-05
5.0781e-05
5.07476e-05
5.07152e-05
5.06841e-05
5.06544e-05
5.0626e-05
5.05989e-05
5.0573e-05
5.05483e-05
5.05248e-05
5.05025e-05
5.04813e-05
5.04612e-05
5.0442e-05
5.04237e-05
5.04063e-05
5.03899e-05
5.03743e-05
5.03594e-05
5.03453e-05
5.03318e-05
5.0319e-05
5.03067e-05
5.0295e-05
5.02839e-05
5.02732e-05
5.0263e-05
5.02533e-05
5.0244e-05
5.02351e-05
5.02265e-05
5.02182e-05
5.02103e-05
5.02027e-05
5.01954e-05
5.01885e-05
5.01817e-05
5.01753e-05
5.01692e-05
5.01633e-05
5.01575e-05
5.0152e-05
5.01466e-05
5.01415e-05
5.01366e-05
5.01319e-05
5.01274e-05
5.0123e-05
5.01189e-05

