5e-05
5e-05
5e-05
5e-05
5e-05
5e-05
5e-05
5e-05
5e-05
5e-05
5e-05
5e-05
5e-05
5e-05
5e-05
5e-05
5e-05
5e-05
5e-05
5e-05
5e-05
5e-05
5e-05
5e-05
5e-05
5e-05
5e-05
5e-05
5e-05
5e-05
5e-05
5e-05
5e-05
5e-05
5e-05
5e-05
5e-05
5.13306e-05
5.804e-05
6.64874e-05
7.49657e-05
8.29308e-05
8.99794e-05
9.61039e-05
0.000101394
0.000105933
0.000109797
0.000112966
0.000115507
0.000117526
0.000119077
0.000120291
0.000121147
0.000121692
0.00012202
0.00012216
0.00012213
0.00012192
0.000121542
0.00012098
0.000120173
0.000119278
0.000118342
0.000117348
0.000116263
0.000115128
0.000113945
0.000112738
0.000111534
0.000110328
0.000109114
0.000107911
0.000106718
0.000105533
0.000104357
0.000103187
0.000102047
0.000101247
0.000100442
9.95748e-05
9.86508e-05
9.76475e-05
9.65465e-05
9.54222e-05
9.42956e-05
9.31725e-05
9.20567e-05
9.09367e-05
8.9775e-05
8.86272e-05
8.74965e-05
8.63959e-05
8.53223e-05
8.42742e-05
8.32605e-05
8.22776e-05
8.13143e-05
8.03821e-05
7.94808e-05
7.85982e-05
7.77408e-05
7.69111e-05
7.60977e-05
7.53041e-05
7.45873e-05
7.39702e-05
7.33537e-05
7.2735e-05
7.21501e-05
7.2559e-05
7.3005e-05
7.31917e-05
7.32138e-05
7.30892e-05
7.28297e-05
7.24508e-05
7.19641e-05
7.13818e-05
7.07508e-05
7.00782e-05
6.9388e-05
6.86983e-05
6.80113e-05
6.73343e-05
6.66689e-05
6.60185e-05
6.53937e-05
6.479e-05
6.42078e-05
6.36521e-05
6.31249e-05
6.27086e-05
6.2477e-05
6.2247e-05
6.19745e-05
6.16925e-05
6.14481e-05
6.11821e-05
6.08823e-05
6.05557e-05
6.02214e-05
5.98844e-05
5.95715e-05
5.96382e-05
6.01154e-05
6.26967e-05
6.3047e-05
6.25881e-05
6.19642e-05
6.13187e-05
6.06869e-05
6.0082e-05
5.95091e-05
5.89695e-05
5.84624e-05
5.79866e-05
5.75406e-05
5.71227e-05
5.67312e-05
5.6374e-05
5.60464e-05
5.5735e-05
5.5449e-05
5.51828e-05
5.49269e-05
5.46816e-05
5.44477e-05
5.42253e-05
5.40147e-05
5.38156e-05
5.36275e-05
5.345e-05
5.32825e-05
5.31246e-05
5.29756e-05
5.2835e-05
5.27023e-05
5.2577e-05
5.24587e-05
5.23469e-05
5.22413e-05
5.21416e-05
5.20473e-05
5.19581e-05
5.18735e-05
5.17933e-05
5.17173e-05
5.16453e-05
5.1577e-05
5.15123e-05
5.14507e-05
5.13922e-05
5.13364e-05
5.12834e-05
5.12331e-05
5.11967e-05
5.11923e-05
5.11804e-05
5.11626e-05
5.1136e-05
5.11031e-05
5.10665e-05
5.10285e-05
5.09903e-05
5.09525e-05
5.09157e-05
5.088e-05
5.08458e-05
5.08128e-05
5.07814e-05
5.07512e-05
5.07224e-05
5.06949e-05
5.06685e-05
5.06433e-05
5.06192e-05
5.05962e-05
5.05742e-05
5.05532e-05
5.0533e-05
5.05137e-05
5.04953e-05
5.04776e-05
5.04607e-05
5.04445e-05
5.04289e-05
5.04139e-05
5.03995e-05
5.03857e-05
5.03725e-05
5.03597e-05
5.03475e-05
5.03357e-05
5.03243e-05
5.03134e-05
5.03029e-05
5.02928e-05
5.02831e-05
5.02751e-05
5.02673e-05
5.02594e-05
5.02515e-05
5.02443e-05
5.02379e-05
5.02312e-05
5.02244e-05
5.02176e-05
5.02108e-05
5.02041e-05
5.01975e-05

