5e-05
5e-05
5e-05
5e-05
5e-05
5e-05
5e-05
5e-05
5e-05
5e-05
5e-05
5e-05
5e-05
5e-05
5e-05
5e-05
5e-05
5e-05
5e-05
5e-05
5e-05
5e-05
5e-05
5e-05
5e-05
5e-05
5e-05
5e-05
5e-05
5e-05
5e-05
5e-05
5e-05
5e-05
5e-05
5e-05
5e-05
5e-05
5e-05
5e-05
5e-05
5e-05
5e-05
5e-05
5e-05
5e-05
5e-05
5e-05
5e-05
5e-05
5e-05
5e-05
5e-05
5e-05
5e-05
5e-05
5e-05
5e-05
5e-05
5e-05
5e-05
5e-05
5e-05
5e-05
5e-05
5e-05
5e-05
5e-05
5e-05
5e-05
5e-05
5e-05
5e-05
5e-05
5e-05
5e-05
5e-05
5e-05
5e-05
5e-05
5e-05
5e-05
5e-05
5e-05
5e-05
5e-05
5e-05
5e-05
5e-05
5e-05
5e-05
5e-05
5e-05
5e-05
5e-05
5e-05
5e-05
5e-05
5.2161e-05
6.00092e-05
6.93101e-05
7.84333e-05
8.68488e-05
9.41182e-05
0.00010023
0.00010543
0.000109831
0.000113523
0.000116588
0.000119098
0.000121116
0.000122698
0.000123875
0.000124657
0.00012515
0.000125395
0.00012542
0.000125253
0.000124915
0.000124427
0.000123808
0.000123073
0.000122237
0.000121313
0.000120314
0.000119249
0.000118129
0.000116961
0.000115755
0.000114486
0.000113185
0.000111872
0.000110551
0.000109227
0.00010788
0.000106527
0.000105186
0.000103857
0.000102499
0.000101186
0.000100156
9.91372e-05
9.86477e-05
0.000101116
0.000114595
0.00012814
0.000128214
0.000125624
0.000127333
0.000130401
0.000132829
0.000134634
0.000136428
0.000137366
0.000137618
0.00013736
0.000137224
0.000136919
0.000136192
0.000135142
0.000133853
0.00013239
0.000130803
0.000129138
0.000127424
0.000125674
0.000123909
0.000122135
0.000120367
0.000118607
0.000116859
0.000115129
0.000113427
0.000111809
0.000110512
0.000109155
0.00010773
0.000106259
0.000104764
0.000103266
0.000101778
0.000100307
9.88589e-05
9.74392e-05
9.60507e-05
9.46952e-05
9.33738e-05
9.20868e-05
9.08351e-05
8.96235e-05
8.84479e-05
8.73043e-05
8.61903e-05
8.51059e-05
8.40542e-05
8.30316e-05
8.20372e-05
8.10707e-05
8.01318e-05
7.92217e-05
7.83391e-05
7.74817e-05
7.66489e-05
7.58404e-05
7.50571e-05
7.42976e-05
7.35626e-05
7.285e-05
7.21573e-05
7.14844e-05
7.0831e-05
7.01967e-05
6.95824e-05
6.89867e-05
6.84084e-05
6.78473e-05
6.73032e-05
6.67763e-05
6.6265e-05
6.57694e-05
6.52892e-05
6.48232e-05
6.43717e-05
6.39404e-05
6.35914e-05
6.32416e-05
6.2884e-05
6.2522e-05
6.21595e-05
6.17995e-05
6.14444e-05
6.10959e-05
6.07553e-05
6.04234e-05
6.01462e-05
5.98836e-05
5.96149e-05
5.93839e-05
5.9159e-05
5.89197e-05
5.86705e-05
5.84171e-05
5.81635e-05
5.79117e-05
5.7664e-05
5.74216e-05
5.71851e-05
5.69552e-05
5.67321e-05
5.65159e-05

