5e-05
5e-05
5e-05
5e-05
5e-05
5e-05
5e-05
5e-05
5e-05
5e-05
5e-05
5e-05
5e-05
5e-05
5e-05
5e-05
5e-05
5e-05
5e-05
5e-05
5e-05
5e-05
5e-05
5e-05
5e-05
5e-05
5e-05
5e-05
5e-05
5e-05
5e-05
5e-05
5e-05
5e-05
5e-05
5e-05
5e-05
5e-05
5e-05
5e-05
5e-05
5e-05
5e-05
5e-05
5e-05
5e-05
5e-05
5e-05
5e-05
5e-05
5e-05
5e-05
5e-05
5e-05
5e-05
5e-05
5.19551e-05
6.04224e-05
7.07166e-05
8.0675e-05
8.91938e-05
9.63031e-05
0.000102357
0.000107566
0.000112019
0.000115899
0.000119971
0.000123317
0.000126765
0.00012978
0.000132068
0.000133652
0.000134735
0.000135309
0.000135477
0.000135503
0.000135819
0.000135823
0.000135519
0.000134948
0.000134147
0.000133146
0.000133905
0.000137178
0.000140879
0.000144417
0.000147536
0.000149976
0.000151802
0.000153765
0.000155509
0.000156322
0.000156568
0.000156437
0.000156342
0.000156585
0.00015643
0.000155787
0.00015483
0.00015358
0.00015204
0.000150221
0.000148184
0.000146089
0.000144349
0.000142885
0.000141303
0.000139608
0.00013781
0.00013587
0.000133875
0.000131853
0.000129816
0.000127775
0.000125739
0.000123716
0.000121705
0.000119676
0.000117644
0.00011597
0.000114407
0.000112787
0.000111155
0.000109514
0.000107839
0.000106143
0.000104472
0.000102833
0.000101203
9.96136e-05
9.80701e-05
9.65722e-05
9.52748e-05
9.41364e-05
9.29735e-05
9.17396e-05
9.05012e-05
8.93701e-05
8.83861e-05
8.74773e-05
8.66309e-05
8.57503e-05
8.48423e-05
8.39145e-05
8.29761e-05
8.23055e-05
8.16945e-05
8.10664e-05
8.03376e-05
7.95163e-05
7.86461e-05
7.78038e-05
7.71819e-05
7.65826e-05
7.6013e-05
7.55148e-05
7.4922e-05
7.42418e-05
7.35201e-05
7.27387e-05
7.19475e-05
7.11912e-05
7.0525e-05
6.98445e-05
6.91612e-05
6.84714e-05
6.7802e-05
6.71502e-05
6.65168e-05
6.59025e-05
6.53101e-05
6.47361e-05
6.41898e-05
6.37336e-05
6.33504e-05
6.29948e-05
6.26256e-05
6.22493e-05
6.18674e-05
6.14892e-05
6.11103e-05
6.0732e-05
6.03643e-05
6.00076e-05
5.9653e-05
5.93079e-05
5.89734e-05
5.86527e-05
5.83423e-05
5.80431e-05
5.77545e-05
5.74735e-05
5.72047e-05
5.69475e-05
5.66991e-05
5.64594e-05
5.62275e-05
5.60057e-05
5.57942e-05
5.55916e-05
5.53965e-05
5.521e-05
5.50315e-05
5.48604e-05
5.46931e-05
5.45314e-05
5.43744e-05
5.42221e-05
5.40766e-05
5.39376e-05
5.38042e-05
5.36734e-05
5.3548e-05
5.34281e-05
5.33134e-05
5.32035e-05
5.31129e-05
5.30493e-05
5.2984e-05
5.29157e-05
5.28448e-05
5.27719e-05
5.26975e-05
5.26202e-05
5.25421e-05
5.24629e-05
5.23837e-05
5.23055e-05
5.22285e-05
5.21532e-05
5.2082e-05
5.20231e-05
5.19657e-05
5.19081e-05
5.18498e-05
5.17923e-05
5.17352e-05
5.16787e-05
5.16235e-05
5.15721e-05
5.15279e-05
5.14839e-05
5.14439e-05
5.14053e-05
5.13663e-05
5.1327e-05
5.1287e-05
5.12469e-05
5.12066e-05
5.1167e-05

