5e-05
5e-05
5e-05
5e-05
5e-05
5e-05
5e-05
5e-05
5e-05
5e-05
5e-05
5e-05
5e-05
5e-05
5e-05
5e-05
5e-05
5e-05
5e-05
5e-05
5e-05
5e-05
5e-05
5e-05
5e-05
5e-05
5e-05
5e-05
5e-05
5e-05
5e-05
5e-05
5e-05
5e-05
5e-05
5e-05
5e-05
5e-05
5e-05
5e-05
5e-05
5e-05
5e-05
5.00654e-05
5.38385e-05
5.98402e-05
6.59808e-05
7.17199e-05
7.68318e-05
8.12283e-05
8.50047e-05
8.82419e-05
9.10199e-05
9.33776e-05
9.53504e-05
9.69798e-05
9.83035e-05
9.93557e-05
0.000100175
0.00010078
0.000101212
0.000101477
0.000101583
0.000101542
0.000101377
0.000101104
0.000100733
0.000100271
9.97316e-05
9.9126e-05
9.84638e-05
9.77537e-05
9.70031e-05
9.62187e-05
9.54063e-05
9.45742e-05
9.37268e-05
9.28683e-05
9.19973e-05
9.1116e-05
9.02284e-05
8.9342e-05
8.84588e-05
8.75772e-05
8.66979e-05
8.58262e-05
8.49635e-05
8.41104e-05
8.32662e-05
8.24314e-05
8.16057e-05
8.07905e-05
7.99889e-05
7.92017e-05
7.84273e-05
7.76666e-05
7.69201e-05
7.61883e-05
7.54715e-05
7.47701e-05
7.40859e-05
7.34173e-05
7.27634e-05
7.21244e-05
7.15004e-05
7.08913e-05
7.02989e-05
6.97221e-05
6.91602e-05
6.86119e-05
6.80769e-05
6.75554e-05
6.70481e-05
6.65538e-05
6.60729e-05
6.56046e-05
6.51484e-05
6.47047e-05
6.42734e-05
6.38537e-05
6.34455e-05
6.30484e-05
6.26623e-05
6.22871e-05
6.19224e-05
6.15681e-05
6.12239e-05
6.08895e-05
6.05648e-05
6.02494e-05
5.99432e-05
5.96461e-05
5.93577e-05
5.90776e-05
5.88057e-05
5.85419e-05
6.09347e-05
6.62577e-05
7.20502e-05
7.76008e-05
8.26296e-05
8.69743e-05
9.07109e-05
9.39102e-05
9.85045e-05
0.000107312
0.000114795
0.000120067
0.000123434
0.000125462
0.000126459
0.000126698
0.000126395
0.000125794
0.00012546
0.000124791
0.000123837
0.000122658
0.000121313
0.000119874
0.000118374
0.000116833
0.000115271
0.000113697
0.000112117
0.000110546
0.000108991
0.000107456
0.000105944
0.000104457
0.000102996
0.000101559
0.000100145
9.87614e-05
9.74083e-05
9.60817e-05
9.47853e-05
9.35176e-05
9.22809e-05
9.10764e-05
8.99012e-05
8.8756e-05
8.76412e-05
8.65561e-05
8.54979e-05
8.44671e-05
8.34627e-05
8.24845e-05
8.15333e-05
8.06087e-05
7.97076e-05
7.88311e-05
7.79776e-05
7.71485e-05
7.63434e-05
7.55615e-05
7.48021e-05
7.40801e-05
7.35088e-05
7.29393e-05
7.23555e-05
7.17608e-05
7.11568e-05
7.05537e-05
6.99555e-05
6.93654e-05
6.87838e-05
6.82102e-05
6.76485e-05
6.71022e-05
6.65719e-05
6.60566e-05
6.55559e-05
6.5071e-05
6.46015e-05
6.41461e-05
6.37044e-05
6.32771e-05
6.28637e-05
6.24637e-05
6.20766e-05
6.17019e-05
6.13391e-05
6.0987e-05
6.06454e-05
6.03148e-05
5.99949e-05
5.96852e-05
5.93843e-05
5.90929e-05
5.88109e-05
5.85381e-05
5.82741e-05
5.80177e-05
5.7769e-05
5.75284e-05
5.72956e-05
5.70702e-05
5.6851e-05
5.66383e-05
5.64302e-05
5.62275e-05
5.60313e-05
5.58421e-05
5.56598e-05
5.5484e-05
5.53142e-05
5.51502e-05
5.49909e-05
5.48368e-05

