5e-05
5e-05
5e-05
5e-05
5e-05
5e-05
5e-05
5e-05
5e-05
5e-05
5e-05
5e-05
5e-05
5e-05
5e-05
5e-05
5e-05
6.88419e-05
0.00011157
0.000136076
0.00014746
0.000162791
0.000178516
0.00019292
0.000205259
0.000215289
0.000223038
0.000228676
0.00023243
0.000234547
0.000235266
0.00023481
0.000233377
0.000231144
0.000228263
0.000224865
0.000221224
0.000220042
0.000219267
0.000218339
0.000219577
0.00022056
0.000220563
0.0002196
0.000217795
0.000215281
0.000212178
0.000208972
0.000206382
0.000203514
0.000200222
0.000196561
0.00019261
0.000188441
0.000184117
0.000180041
0.000176564
0.000173034
0.000169355
0.000165559
0.000161687
0.00015778
0.000153871
0.000149987
0.000146151
0.000142382
0.000138695
0.0001351
0.000131607
0.000128221
0.000124948
0.000121789
0.000118746
0.000115819
0.000113007
0.000110309
0.000107722
0.000105244
0.00010388
0.000108381
0.000108148
0.000107633
0.000108403
0.000109745
0.000112276
0.000112496
0.000109152
0.000106145
0.000103427
0.000100954
9.86887e-05
9.73484e-05
0.000100028
9.82176e-05
9.64029e-05
9.51294e-05
9.41174e-05
9.32044e-05
9.23053e-05
9.13789e-05
9.04083e-05
8.93897e-05
8.83265e-05
8.7226e-05
8.60965e-05
8.49469e-05
8.37859e-05
8.26212e-05
8.146e-05
8.03083e-05
7.91714e-05
7.80539e-05
7.69593e-05
7.58907e-05
7.48501e-05
7.38382e-05
7.28547e-05
7.18998e-05
7.09737e-05
7.00768e-05
6.92092e-05
6.83712e-05
6.75629e-05
6.67843e-05
6.60352e-05
6.53154e-05
6.49146e-05
6.55935e-05
6.53887e-05
6.48236e-05
6.44278e-05
6.40885e-05
6.37557e-05
6.34093e-05
6.30427e-05
6.26565e-05
6.22864e-05
6.19594e-05
6.16246e-05
6.12759e-05
6.11522e-05
6.14954e-05
6.09495e-05
6.05714e-05
6.02783e-05
6.00596e-05
5.99468e-05
5.9846e-05
5.97334e-05
5.96022e-05
5.94498e-05
5.92745e-05
5.90764e-05
5.88569e-05
5.86187e-05
5.83649e-05
5.8099e-05
5.78246e-05
5.75524e-05
5.73499e-05
5.71671e-05
5.69821e-05
5.6792e-05
5.65968e-05
5.63973e-05
5.61942e-05
5.59886e-05
5.57816e-05
5.55739e-05
5.5366e-05
5.51587e-05
5.49528e-05
5.47491e-05
5.45484e-05
5.43514e-05
5.41588e-05
5.39712e-05
5.3789e-05
5.36126e-05
5.34423e-05
5.32782e-05
5.31205e-05
5.29693e-05
5.28244e-05
5.2686e-05
5.25544e-05
5.25127e-05
5.26286e-05
5.24941e-05
5.2388e-05
5.23009e-05
5.22221e-05
5.21464e-05
5.20714e-05
5.19964e-05
5.19212e-05
5.18464e-05
5.17722e-05
5.16992e-05
5.16278e-05
5.15582e-05
5.14907e-05
5.14254e-05
5.13625e-05
5.13019e-05
5.12436e-05
5.11877e-05
5.11339e-05
5.10824e-05
5.10331e-05
5.09858e-05
5.09406e-05
5.08975e-05
5.08562e-05
5.08168e-05
5.07793e-05
5.07435e-05
5.07093e-05
5.06768e-05
5.06458e-05
5.06163e-05
5.05882e-05
5.05615e-05
5.05361e-05
5.05119e-05
5.04889e-05
5.0467e-05
5.04462e-05
5.04263e-05
5.04075e-05
5.03896e-05
5.03725e-05
5.03563e-05
5.03408e-05
5.03261e-05
5.03121e-05
5.02991e-05
5.02884e-05
5.02785e-05
5.02686e-05
5.02589e-05
5.02494e-05
5.024e-05
5.02309e-05
5.0222e-05
5.02135e-05
5.02052e-05
5.01972e-05
5.01895e-05
5.01821e-05

