5e-05
5e-05
5e-05
5e-05
5e-05
5e-05
5e-05
5e-05
5e-05
5e-05
5e-05
5e-05
5e-05
5e-05
5e-05
5e-05
5e-05
5e-05
5e-05
5e-05
5e-05
5e-05
5e-05
5e-05
5e-05
5e-05
5e-05
5e-05
5e-05
5e-05
5e-05
5e-05
5e-05
5e-05
5e-05
5e-05
5e-05
5e-05
5e-05
5e-05
5e-05
5e-05
5e-05
5e-05
5e-05
5e-05
5e-05
5e-05
5e-05
5e-05
5e-05
5e-05
5e-05
5e-05
5e-05
5e-05
5e-05
5e-05
5e-05
5e-05
5e-05
5e-05
5e-05
5e-05
5e-05
5e-05
5e-05
5e-05
5e-05
5e-05
5e-05
5e-05
5e-05
5e-05
5e-05
5e-05
5e-05
5e-05
5e-05
5e-05
5e-05
5e-05
5e-05
5e-05
5e-05
5e-05
5e-05
5e-05
5e-05
5e-05
5e-05
5e-05
5e-05
5e-05
5e-05
5e-05
5e-05
5e-05
5e-05
5e-05
5e-05
5e-05
5e-05
5e-05
5e-05
5e-05
5e-05
5e-05
5e-05
5e-05
5e-05
5e-05
5e-05
5e-05
5e-05
5e-05
5e-05
5e-05
5e-05
5e-05
5e-05
5e-05
5e-05
5e-05
5e-05
5e-05
5e-05
5e-05
5e-05
5e-05
5e-05
5e-05
5e-05
5e-05
5e-05
5e-05
5e-05
5e-05
5e-05
5e-05
5e-05
5e-05
5e-05
5e-05
5e-05
5e-05
5.19085e-05
6.09193e-05
7.159e-05
8.15584e-05
9.04406e-05
9.85359e-05
0.000105626
0.000111289
0.000115757
0.000120104
0.00012372
0.00012654
0.000128691
0.000130282
0.000131377
0.000131987
0.000132317
0.000132374
0.000132186
0.000131718
0.000131037
0.000130146
0.000129063
0.000127817
0.000126534
0.00012519
0.000123816
0.000122398
0.000120991
0.000119604
0.00011823
0.000116805
0.000115353
0.000113922
0.000112519
0.000111138
0.000109737
0.000108313
0.000106869
0.000105458
0.000104085
0.000102724
0.000101388
0.000100086
9.8813e-05
9.75114e-05
9.62278e-05
9.49823e-05
9.37535e-05
9.25268e-05
9.1325e-05
9.01643e-05
8.90429e-05
8.79527e-05
8.68767e-05
8.58222e-05
8.48019e-05
8.38146e-05
8.28349e-05
8.18741e-05
8.09325e-05
8.00014e-05
7.90909e-05
7.82003e-05
7.73384e-05
7.65111e-05
7.57165e-05
7.4952e-05
7.42151e-05
7.35037e-05
7.28127e-05
7.21345e-05
7.14722e-05
7.0826e-05
7.01949e-05
6.95816e-05
6.94614e-05
6.98926e-05
7.01947e-05
7.0314e-05
7.02421e-05
6.99853e-05
6.96051e-05
6.91572e-05
6.90122e-05
7.25251e-05
7.6225e-05
7.63807e-05
7.54721e-05
7.42928e-05
7.30606e-05
7.18533e-05
7.07454e-05
6.96816e-05
6.86659e-05
6.77078e-05
6.68588e-05
6.60885e-05
6.53943e-05
6.47219e-05
6.40739e-05
6.34482e-05
6.28482e-05
6.22717e-05

