5e-05
5e-05
5e-05
5e-05
5e-05
5e-05
5e-05
5e-05
5e-05
5e-05
5e-05
5e-05
5e-05
5e-05
5e-05
5e-05
5e-05
5e-05
5e-05
5e-05
5e-05
5e-05
5e-05
5e-05
5e-05
5e-05
5e-05
5e-05
5e-05
5e-05
5e-05
5e-05
5e-05
5e-05
5e-05
5e-05
5e-05
5e-05
5e-05
5e-05
5e-05
5e-05
5e-05
5e-05
5e-05
5e-05
5e-05
5e-05
5e-05
5e-05
5e-05
5e-05
5e-05
5e-05
5e-05
5e-05
5e-05
5e-05
5e-05
5e-05
5e-05
5e-05
5e-05
5e-05
5e-05
5e-05
5e-05
5e-05
5e-05
5e-05
5e-05
5e-05
5e-05
5e-05
5e-05
5e-05
5e-05
5e-05
5e-05
5e-05
5e-05
5e-05
5e-05
5e-05
5e-05
5e-05
5.2872e-05
6.04492e-05
6.87922e-05
7.68366e-05
8.42962e-05
9.08597e-05
9.65846e-05
0.000101496
0.00010568
0.000109135
0.000112022
0.000114392
0.000116344
0.000117939
0.00011921
0.000120118
0.000120686
0.000121015
0.000121278
0.000122251
0.000123428
0.00012422
0.000124558
0.000124546
0.00012419
0.000123604
0.000122838
0.00012191
0.000120789
0.000119541
0.000118231
0.000116879
0.000115494
0.000114087
0.000112665
0.000111211
0.000109743
0.000108285
0.000106811
0.000105325
0.000103867
0.000102415
0.000101008
9.99332e-05
9.88916e-05
9.78206e-05
9.67238e-05
9.5607e-05
9.45627e-05
9.3722e-05
9.28345e-05
9.18731e-05
9.08033e-05
8.96425e-05
8.84715e-05
8.73203e-05
8.61908e-05
8.50722e-05
8.39829e-05
8.29265e-05
8.22565e-05
8.18595e-05
8.13577e-05
8.0738e-05
8.00331e-05
7.92917e-05
7.89137e-05
7.85262e-05
7.80841e-05
8.32689e-05
9.22057e-05
0.000101188
0.00010899
0.00011565
0.000121317
0.000126963
0.000131569
0.000135166
0.000137693
0.000139328
0.000140294
0.000140758
0.000140691
0.000140329
0.000139765
0.000139008
0.000137999
0.000136844
0.000135607
0.000134268
0.000132854
0.000131395
0.000129914
0.000128379
0.000126834
0.000125288
0.000123743
0.000122186
0.000120606
0.000119034
0.000117474
0.000115948
0.000114847
0.000113712
0.000112502
0.000111236
0.000109925
0.00010858
0.000107208
0.000105819
0.000104421
0.000102992
0.000101563
0.000100149
9.87542e-05
9.73803e-05
9.6009e-05
9.46651e-05
9.33429e-05
9.20432e-05
9.07607e-05
8.9497e-05
8.8263e-05
8.70677e-05
8.59159e-05
8.48055e-05
8.37342e-05
8.26996e-05
8.16996e-05
8.07323e-05
7.97959e-05
7.88889e-05
7.80028e-05
7.71349e-05
7.62851e-05
7.54612e-05
7.46571e-05
7.38796e-05
7.31216e-05
7.24681e-05
7.18983e-05
7.1317e-05
7.07354e-05
7.01508e-05
6.956e-05
6.89719e-05
6.83961e-05
6.78337e-05
6.72853e-05
6.67508e-05
6.62237e-05
6.571e-05
6.52118e-05
6.47229e-05
6.42436e-05
6.37751e-05
6.33171e-05
6.28723e-05
6.24458e-05
6.20369e-05
6.16446e-05
6.12679e-05
6.09055e-05
6.05567e-05

