5e-05
5e-05
5e-05
5e-05
5e-05
5e-05
5e-05
5e-05
5e-05
5e-05
5e-05
5e-05
5e-05
5e-05
5e-05
5e-05
5e-05
5e-05
5e-05
5e-05
5e-05
5e-05
5e-05
5e-05
5e-05
5e-05
5e-05
5e-05
5e-05
5e-05
5e-05
5e-05
5e-05
5e-05
5e-05
5e-05
5e-05
5e-05
5e-05
5e-05
5e-05
5e-05
5e-05
5e-05
5e-05
5e-05
5e-05
5e-05
5.00887e-05
5.51848e-05
6.42275e-05
7.40613e-05
8.3059e-05
9.07265e-05
9.72238e-05
0.000102795
0.000107484
0.000111477
0.000114786
0.000117508
0.00011932
0.000120583
0.000121568
0.000122275
0.000122743
0.000122953
0.000122964
0.000122838
0.000122593
0.000122198
0.000121667
0.000120958
0.000120177
0.000119345
0.000118453
0.000117458
0.000116386
0.000115292
0.000114182
0.000113027
0.000111846
0.000110609
0.000109341
0.000108057
0.000106783
0.000105522
0.000104259
0.000103006
0.000101722
0.000100451
9.92102e-05
9.79786e-05
9.67515e-05
9.5536e-05
9.53684e-05
9.66709e-05
9.76821e-05
9.82534e-05
9.83881e-05
9.81753e-05
9.75613e-05
9.67219e-05
9.57118e-05
9.45537e-05
9.33247e-05
9.20528e-05
9.0753e-05
8.94232e-05
8.81037e-05
8.68063e-05
8.55373e-05
8.4301e-05
8.31356e-05
8.21514e-05
8.11632e-05
8.01794e-05
7.91764e-05
7.81663e-05
7.71741e-05
7.6209e-05
7.52713e-05
7.43699e-05
7.34956e-05
7.26435e-05
7.18119e-05
7.10152e-05
7.02554e-05
6.95294e-05
6.88283e-05
6.81529e-05
6.75084e-05
6.68933e-05
6.63585e-05
6.58882e-05
6.54236e-05
6.50027e-05
6.45979e-05
6.41912e-05
6.66411e-05
7.66463e-05
8.88218e-05
0.000100344
0.000110079
0.000118079
0.000126125
0.000133598
0.000138484
0.000141976
0.000144399
0.000145819
0.000146316
0.000146238
0.000145798
0.000144942
0.00014384
0.000142553
0.000141136
0.000139644
0.000140073
0.000143785
0.000146609
0.000148571
0.00014931
0.000148795
0.000147622
0.000146572
0.000145363
0.000143848
0.000142018
0.000139825
0.000137441
0.000134936
0.000132383
0.000129832
0.000127321
0.000124861
0.000122429
0.000120059
0.000118039
0.000116038
0.00011402
0.000112017
0.000110014
0.000108038
0.000106053
0.000104113
0.000102235
0.000100435
9.86923e-05
9.69939e-05
9.53402e-05
9.37277e-05
9.21767e-05
9.07678e-05
9.13123e-05
9.22011e-05
9.27264e-05
9.28468e-05
9.24416e-05
9.17241e-05
9.0804e-05
8.97642e-05
8.86022e-05
8.7382e-05
8.61305e-05
8.48236e-05
8.3494e-05
8.21883e-05
8.09167e-05
7.96859e-05
7.85064e-05
7.77491e-05
7.77652e-05
7.76089e-05
7.73144e-05
7.68639e-05
7.63729e-05
7.58438e-05
7.52198e-05
7.45195e-05
7.37448e-05
7.29378e-05
7.21151e-05
7.12744e-05
7.04304e-05
6.96048e-05
6.88044e-05
6.80243e-05
6.72644e-05
6.65298e-05
6.58243e-05
6.51524e-05
6.45156e-05
6.39124e-05
6.33361e-05
6.27886e-05
6.22698e-05
6.1778e-05
6.13083e-05
6.0859e-05
6.04243e-05
6.00109e-05
5.96548e-05
5.93252e-05
5.90063e-05
5.87141e-05
5.84919e-05
5.82842e-05
5.80597e-05
5.78256e-05

