5e-05
5e-05
5e-05
5e-05
5e-05
5e-05
5e-05
5e-05
5e-05
5e-05
5e-05
5e-05
5e-05
5e-05
5e-05
5e-05
5e-05
5e-05
5e-05
5e-05
5e-05
5e-05
5e-05
5e-05
5e-05
5e-05
5e-05
5e-05
5e-05
5e-05
5e-05
5e-05
5e-05
5e-05
5e-05
5e-05
5e-05
5e-05
5e-05
5e-05
5e-05
5e-05
5e-05
5e-05
5e-05
5.35454e-05
6.18583e-05
7.18132e-05
8.24754e-05
9.19111e-05
9.96604e-05
0.000106039
0.000111084
0.000115114
0.000118441
0.000121145
0.000123243
0.000124846
0.000125947
0.000126685
0.000127078
0.000127204
0.000127138
0.000126905
0.000126477
0.000125911
0.000125237
0.000124466
0.00012357
0.000122559
0.000121479
0.000120287
0.000119059
0.000117816
0.000116531
0.000115188
0.000113822
0.000112725
0.000111843
0.000110892
0.000109865
0.000108737
0.00010751
0.000106218
0.000104887
0.00010355
0.000102198
0.000100802
9.93938e-05
9.79931e-05
9.66321e-05
9.5306e-05
9.4012e-05
9.27606e-05
9.15496e-05
9.03763e-05
8.92383e-05
8.81425e-05
8.73995e-05
8.68354e-05
8.621e-05
8.55208e-05
8.47771e-05
8.39887e-05
8.31577e-05
8.22616e-05
8.13414e-05
8.05115e-05
7.97219e-05
7.89177e-05
7.81097e-05
7.73029e-05
7.64908e-05
7.56827e-05
7.48833e-05
7.40792e-05
7.32961e-05
7.25307e-05
7.17859e-05
7.10671e-05
7.03738e-05
6.97051e-05
6.90602e-05
6.84302e-05
6.78079e-05
6.72035e-05
6.66169e-05
6.60467e-05
6.55015e-05
6.49794e-05
6.44752e-05
6.39949e-05
6.36041e-05
6.32285e-05
6.28766e-05
6.25815e-05
6.2269e-05
6.19476e-05
6.16954e-05
6.14961e-05
6.12666e-05
6.10076e-05
6.07314e-05
6.04366e-05
6.01295e-05
5.98218e-05
5.95617e-05
5.93036e-05
5.90867e-05
5.92488e-05
6.02939e-05
6.28658e-05
6.3127e-05
6.26559e-05
6.20322e-05
6.13867e-05
6.07571e-05
6.01555e-05
5.95858e-05
5.90489e-05
5.85444e-05
5.80709e-05
5.76266e-05
5.72097e-05
5.68193e-05
5.64536e-05
5.61103e-05
5.57879e-05
5.54851e-05
5.5201e-05
5.4934e-05
5.46832e-05
5.44472e-05
5.42252e-05
5.40162e-05
5.38198e-05
5.36347e-05
5.34602e-05
5.32958e-05
5.31408e-05
5.29949e-05
5.28572e-05
5.27272e-05
5.26043e-05
5.24879e-05
5.23781e-05
5.22744e-05
5.21762e-05
5.20831e-05
5.19948e-05
5.1911e-05
5.18315e-05
5.17559e-05
5.1684e-05
5.16156e-05
5.15559e-05
5.15e-05
5.14451e-05
5.13914e-05
5.13392e-05
5.12887e-05
5.12399e-05
5.11931e-05
5.11482e-05
5.11051e-05
5.10639e-05
5.10244e-05
5.09866e-05
5.09506e-05
5.0916e-05
5.08828e-05
5.0851e-05
5.08205e-05
5.07913e-05
5.07633e-05
5.07364e-05
5.07106e-05
5.06858e-05
5.06621e-05
5.06393e-05
5.06174e-05
5.05963e-05
5.05761e-05
5.05567e-05
5.0538e-05
5.052e-05
5.05027e-05
5.0486e-05
5.04699e-05
5.04544e-05
5.04394e-05
5.04359e-05
5.04389e-05
5.04372e-05
5.04313e-05
5.04224e-05
5.04115e-05
5.03993e-05
5.03867e-05
5.03804e-05
5.0382e-05
5.03792e-05
5.03723e-05
5.03628e-05
5.03521e-05
5.03418e-05
5.03313e-05
5.03203e-05
5.03099e-05
5.03097e-05

