5e-05
5e-05
5e-05
5e-05
5e-05
5e-05
5e-05
5e-05
5e-05
5e-05
5e-05
5e-05
5e-05
5e-05
5e-05
5e-05
5e-05
5e-05
5e-05
5e-05
5e-05
5e-05
5e-05
5e-05
5e-05
5e-05
5e-05
5e-05
5e-05
5e-05
5e-05
5e-05
5e-05
5e-05
5e-05
5e-05
5e-05
5e-05
5e-05
5e-05
5e-05
5e-05
5e-05
5e-05
5e-05
5e-05
5e-05
5e-05
5e-05
5e-05
5e-05
5e-05
5e-05
5e-05
5e-05
5e-05
5e-05
5e-05
5e-05
5e-05
5e-05
5e-05
5e-05
5e-05
5e-05
5e-05
5e-05
5e-05
5e-05
5e-05
5e-05
5e-05
5e-05
5e-05
5e-05
5e-05
5e-05
5e-05
5e-05
5e-05
5e-05
5e-05
5e-05
5e-05
5e-05
5e-05
5e-05
5e-05
5e-05
5e-05
5e-05
5e-05
5e-05
5e-05
5e-05
5e-05
5e-05
5e-05
5e-05
5e-05
5e-05
5e-05
5e-05
5e-05
5e-05
5e-05
5e-05
5e-05
5e-05
5e-05
5e-05
5e-05
5e-05
5e-05
5.11631e-05
5.71868e-05
6.97252e-05
8.1245e-05
9.0393e-05
9.78933e-05
0.000103924
0.000108717
0.000112101
0.000114422
0.000115948
0.000116867
0.000117341
0.000117478
0.000117357
0.000117032
0.000116541
0.000115918
0.000115185
0.000114886
0.000115364
0.000116147
0.000116328
0.000116149
0.000115935
0.000115738
0.000115173
0.000114222
0.000113023
0.000111656
0.000110379
0.000109599
0.000108913
0.000108056
0.000106915
0.00010556
0.000104098
0.000102573
0.00010102
9.94674e-05
9.7931e-05
9.64204e-05
9.49449e-05
9.35082e-05
9.21125e-05
9.0759e-05
8.94481e-05
8.8179e-05
8.6951e-05
8.57632e-05
8.46146e-05
8.35038e-05
8.24302e-05
8.13925e-05
8.03892e-05
7.94192e-05
7.84815e-05
7.75748e-05
7.66981e-05
7.58501e-05
7.50303e-05
7.42516e-05
7.3619e-05
7.29901e-05
7.2352e-05
7.17085e-05
7.10624e-05
7.04217e-05
6.97914e-05
6.91732e-05
6.85691e-05
6.79809e-05
6.74089e-05
6.68541e-05
6.63165e-05
6.5796e-05
6.52922e-05
6.48047e-05
6.4333e-05
6.3876e-05
6.34338e-05
6.3006e-05
6.25925e-05
6.2198e-05
6.18802e-05
6.15672e-05
6.12495e-05
6.09275e-05
6.06056e-05
6.02851e-05
5.99692e-05
5.96594e-05
5.93567e-05
5.90609e-05
5.87733e-05
5.84942e-05
5.82236e-05
5.79616e-05
5.77078e-05
5.74617e-05
5.7223e-05
5.69919e-05
5.67687e-05
5.65532e-05
5.63446e-05
5.61427e-05
5.59475e-05
5.57582e-05
5.55753e-05
5.53984e-05
5.52273e-05
5.50617e-05
5.49019e-05
5.47474e-05
5.45978e-05
5.44531e-05
5.43133e-05
5.4178e-05
5.40472e-05
5.39209e-05
5.37988e-05
5.36807e-05
5.35663e-05
5.34554e-05
5.3348e-05
5.32442e-05
5.31435e-05
5.30455e-05
5.29502e-05
5.28578e-05
5.27683e-05
5.26819e-05
5.25982e-05
5.25174e-05
5.24394e-05
5.2364e-05

