5e-05
5e-05
5e-05
5e-05
5e-05
5e-05
5e-05
5e-05
5e-05
5e-05
5e-05
5e-05
5e-05
5e-05
5e-05
5e-05
5e-05
5e-05
5e-05
5e-05
5e-05
5e-05
5e-05
5e-05
5e-05
5e-05
5e-05
5e-05
5e-05
5e-05
5e-05
5e-05
5e-05
5e-05
5e-05
5e-05
5e-05
5e-05
5e-05
5e-05
5e-05
5e-05
5e-05
5e-05
5e-05
5e-05
5e-05
5e-05
5e-05
5e-05
5e-05
5e-05
5e-05
5e-05
5e-05
5e-05
5e-05
5e-05
5e-05
5e-05
5e-05
5e-05
5e-05
5e-05
5e-05
5e-05
5e-05
5e-05
5e-05
5e-05
5e-05
5e-05
5e-05
5e-05
5e-05
5e-05
5e-05
5e-05
5e-05
5e-05
5e-05
5e-05
5e-05
5e-05
5e-05
5e-05
5e-05
5e-05
5e-05
5e-05
5e-05
5e-05
5e-05
5e-05
5e-05
5e-05
5e-05
5e-05
5e-05
5e-05
5e-05
5e-05
5e-05
5e-05
5e-05
5e-05
5e-05
5e-05
5e-05
5e-05
5e-05
5e-05
5e-05
5e-05
5e-05
5e-05
5e-05
5e-05
5e-05
5e-05
5e-05
5e-05
5e-05
5e-05
5e-05
5e-05
5e-05
5e-05
5e-05
5e-05
5e-05
5e-05
5e-05
5e-05
5e-05
5e-05
5e-05
5e-05
5e-05
5e-05
5e-05
5e-05
5e-05
5e-05
5e-05
5e-05
5.30952e-05
6.08274e-05
6.93849e-05
7.75946e-05
8.49433e-05
9.12489e-05
9.66407e-05
0.000101297
0.000105276
0.000108699
0.000111513
0.00011366
0.000115366
0.00012203
0.000129646
0.000135888
0.00014062
0.000143855
0.000145589
0.000146147
0.000146054
0.000145474
0.000144506
0.000143228
0.000141709
0.000139945
0.00013803
0.000136029
0.000133922
0.000131747
0.000129521
0.000127286
0.000125065
0.000122894
0.000120871
0.000119261
0.000117651
0.000116015
0.000114357
0.000112687
0.000111012
0.000109411
0.000108042
0.000106597
0.000105105
0.000103573
0.000102046
0.000100533
9.90358e-05
9.7536e-05
9.60639e-05
9.46261e-05
9.3204e-05
9.18181e-05
9.05797e-05
8.94904e-05
8.8405e-05
8.73144e-05
8.62026e-05
8.50838e-05
8.41103e-05
8.31963e-05
8.22792e-05
8.13616e-05
8.04387e-05
7.94817e-05
7.85315e-05
7.76055e-05
7.67054e-05
7.58344e-05
7.51038e-05
7.43877e-05
7.3676e-05
7.29709e-05
7.22742e-05
7.15762e-05
7.08864e-05
7.02025e-05
6.95362e-05
6.88807e-05
6.82456e-05
6.76324e-05
6.70348e-05
6.64554e-05
6.58976e-05
6.53609e-05
6.48418e-05
6.43374e-05
6.38524e-05
6.33863e-05
6.29381e-05
6.2507e-05
6.21245e-05
6.17799e-05
6.1432e-05
6.10874e-05
6.07439e-05
6.04079e-05
6.00801e-05
5.97609e-05
5.94502e-05
5.91443e-05
5.88425e-05
5.85496e-05

