5e-05
5e-05
5e-05
5e-05
5e-05
5e-05
5e-05
5e-05
5e-05
5e-05
5e-05
5e-05
5e-05
5e-05
5e-05
5e-05
5e-05
5e-05
5e-05
5e-05
5e-05
5e-05
5e-05
5e-05
5e-05
5e-05
5e-05
5e-05
5e-05
5e-05
5e-05
5e-05
5e-05
5e-05
5e-05
5e-05
5e-05
5e-05
5e-05
5e-05
5e-05
5e-05
5e-05
5e-05
5e-05
5e-05
5e-05
5e-05
5e-05
5e-05
5e-05
5e-05
5e-05
5e-05
5e-05
5e-05
5e-05
5e-05
5e-05
5e-05
5e-05
5e-05
5e-05
5e-05
5e-05
5e-05
5e-05
5e-05
5e-05
5e-05
5e-05
5e-05
5e-05
5e-05
5e-05
5e-05
5e-05
5e-05
5e-05
5e-05
5e-05
5e-05
5e-05
5e-05
5e-05
5e-05
5e-05
5e-05
5e-05
5e-05
5e-05
5e-05
5e-05
5e-05
5e-05
5e-05
5e-05
5e-05
5e-05
5e-05
5e-05
5e-05
5e-05
5e-05
5e-05
5e-05
5e-05
5e-05
5e-05
5e-05
5e-05
5e-05
5e-05
5e-05
5e-05
5e-05
5e-05
5e-05
5e-05
5e-05
5e-05
5e-05
5e-05
5e-05
5e-05
5e-05
5e-05
5e-05
5e-05
5e-05
5e-05
5e-05
5e-05
5e-05
5e-05
5e-05
5e-05
5e-05
5e-05
5e-05
5e-05
5e-05
5e-05
5e-05
5e-05
5e-05
5.37253e-05
6.08493e-05
6.8141e-05
7.47506e-05
8.05598e-05
8.54444e-05
8.95585e-05
9.30264e-05
9.59452e-05
9.8386e-05
0.000100416
0.000102086
0.000103436
0.000104504
0.00010532
0.000105912
0.000106303
0.000106516
0.000106568
0.000106478
0.000106262
0.000105935
0.000105509
0.000104995
0.000104404
0.000103745
0.000103029
0.000102261
0.00010145
0.000100642
0.000100132
9.95385e-05
9.88323e-05
9.80309e-05
9.7148e-05
9.62115e-05
9.524e-05
9.42435e-05
9.32318e-05
9.22139e-05
9.11945e-05
9.01799e-05
8.91735e-05
8.81777e-05
8.71946e-05
8.62255e-05
8.52714e-05
8.43313e-05
8.34077e-05
8.2501e-05
8.1613e-05
8.07583e-05
8.00967e-05
7.94321e-05
7.87394e-05
7.8021e-05
7.72902e-05
7.65516e-05
7.58145e-05
7.50844e-05
7.43643e-05
7.36546e-05
7.29595e-05
7.22804e-05
7.16182e-05
7.0973e-05
7.03449e-05
6.97324e-05
6.91355e-05
6.8555e-05
6.7992e-05
6.74462e-05
6.69159e-05
6.64008e-05
6.59007e-05
6.54143e-05
6.49428e-05
6.44856e-05
6.40419e-05
6.36114e-05
6.31949e-05
6.27913e-05
6.23995e-05
6.20199e-05
6.16521e-05
6.12955e-05
6.09503e-05
6.06162e-05
6.02926e-05
5.99792e-05
5.9675e-05
5.93796e-05
5.90934e-05
5.88161e-05
5.85468e-05
5.82845e-05
5.80289e-05
5.77808e-05
5.75403e-05
5.73079e-05
5.70826e-05
5.68649e-05
5.66544e-05
5.64508e-05

