5e-05
5e-05
5e-05
5e-05
5e-05
5e-05
5e-05
5e-05
5e-05
5e-05
5e-05
5e-05
5e-05
5e-05
5e-05
5e-05
5e-05
5e-05
5e-05
5e-05
5e-05
5e-05
5e-05
5e-05
5e-05
5e-05
5e-05
5e-05
5e-05
5e-05
5e-05
5e-05
5e-05
5e-05
5e-05
5e-05
5e-05
5e-05
5e-05
5e-05
5e-05
5e-05
5e-05
5e-05
5e-05
5e-05
5e-05
5e-05
5e-05
5e-05
5e-05
5e-05
5e-05
5e-05
5e-05
5e-05
5e-05
5e-05
5e-05
5e-05
5e-05
5e-05
5e-05
5e-05
5e-05
5e-05
5e-05
5e-05
5e-05
5e-05
5e-05
5e-05
5e-05
5e-05
5e-05
5e-05
5e-05
5e-05
5e-05
5e-05
5e-05
5e-05
5e-05
5e-05
5e-05
5e-05
5e-05
5e-05
5e-05
5e-05
5e-05
5e-05
5e-05
5e-05
5e-05
5e-05
5e-05
5e-05
5e-05
5e-05
5e-05
5e-05
5e-05
5e-05
5e-05
5e-05
5e-05
5e-05
5e-05
5e-05
5e-05
5e-05
5e-05
5e-05
5e-05
5e-05
5e-05
5e-05
5e-05
5e-05
5e-05
5e-05
5e-05
5e-05
5e-05
5e-05
5e-05
5e-05
5e-05
5e-05
5e-05
5.05854e-05
5.85078e-05
6.97735e-05
8.08105e-05
9.12361e-05
0.000101416
0.00010999
0.000116797
0.000122066
0.00012626
0.000129552
0.000132554
0.000142577
0.000160306
0.000220338
0.000234296
0.000231228
0.000224308
0.000216502
0.000208564
0.000200793
0.000193326
0.000186211
0.000179461
0.000173073
0.000167038
0.000161342
0.000155966
0.000151088
0.00014663
0.000142331
0.000138393
0.000134713
0.000131107
0.000127594
0.000124198
0.000120933
0.00011781
0.000114831
0.000111994
0.000109295
0.000106731
0.000104296
0.000101982
9.97836e-05
9.76946e-05
9.57098e-05
9.38235e-05
9.20305e-05
9.03254e-05
8.87062e-05
8.71656e-05
8.56978e-05
8.42987e-05
8.29648e-05
8.16926e-05
8.04795e-05
7.93241e-05
7.82222e-05
7.71683e-05
7.61599e-05
7.51949e-05
7.42717e-05
7.33915e-05
7.27848e-05
7.28211e-05
7.26922e-05
7.24358e-05
7.19919e-05
7.14106e-05
7.07479e-05
7.00508e-05
6.93425e-05
6.8638e-05
6.79472e-05
6.72763e-05
6.66288e-05
6.60053e-05
6.54073e-05
6.48339e-05
6.42838e-05
6.37563e-05
6.32508e-05
6.27665e-05
6.23025e-05
6.18582e-05
6.14327e-05
6.10248e-05
6.06335e-05
6.02587e-05
5.98998e-05
5.95551e-05
5.92244e-05
5.89065e-05
5.86006e-05
5.83063e-05
5.80234e-05
5.77516e-05
5.74902e-05
5.72384e-05
5.69961e-05
5.67625e-05
5.65375e-05
5.63207e-05
5.61118e-05
5.59104e-05
5.57178e-05
5.55597e-05
5.5404e-05
5.52469e-05
5.50894e-05
5.49448e-05
5.48169e-05
5.46842e-05
5.45482e-05
5.4411e-05
5.4274e-05
5.41387e-05
5.4006e-05

