5e-05
5e-05
5e-05
5e-05
5e-05
5e-05
5e-05
5e-05
5e-05
5e-05
5e-05
5e-05
5e-05
5e-05
5e-05
5e-05
5e-05
5e-05
5e-05
5e-05
5e-05
5e-05
5e-05
5e-05
5e-05
5e-05
5e-05
5e-05
5e-05
5e-05
5e-05
5e-05
5e-05
5e-05
5e-05
5e-05
5e-05
5e-05
5e-05
5e-05
5e-05
5e-05
5e-05
5e-05
5e-05
5e-05
5e-05
5e-05
5e-05
5e-05
5e-05
5e-05
5e-05
5e-05
5e-05
5e-05
5e-05
5e-05
5e-05
5e-05
5e-05
5e-05
5e-05
5e-05
5e-05
5e-05
5e-05
5e-05
5e-05
5e-05
5e-05
5e-05
5e-05
5e-05
5e-05
5e-05
5e-05
5e-05
5e-05
5e-05
5e-05
5e-05
5e-05
5e-05
5e-05
5e-05
5e-05
5e-05
5e-05
5e-05
5e-05
5e-05
5e-05
5e-05
5e-05
5e-05
5e-05
5e-05
5e-05
5e-05
5e-05
5e-05
5e-05
5e-05
5e-05
5e-05
5e-05
5e-05
5e-05
5e-05
5e-05
5e-05
5e-05
5e-05
5e-05
5e-05
5e-05
5e-05
5e-05
5e-05
5e-05
5e-05
5e-05
5e-05
5e-05
5e-05
5e-05
5e-05
5e-05
5e-05
5e-05
5e-05
5e-05
5.08606e-05
5.67026e-05
6.50344e-05
7.29186e-05
8.01146e-05
8.67727e-05
9.29222e-05
9.78926e-05
0.000101689
0.000104602
0.000106812
0.000108824
0.000111417
0.000113872
0.000115726
0.000116795
0.000117223
0.000117232
0.000116914
0.000116356
0.00011562
0.000114751
0.000113779
0.000112732
0.000111628
0.000110481
0.000109302
0.0001081
0.000106883
0.000105655
0.000104421
0.000103186
0.000101954
0.000100727
9.95082e-05
9.82999e-05
9.71036e-05
9.59215e-05
9.47545e-05
9.36041e-05
9.2471e-05
9.13566e-05
9.02876e-05
8.94596e-05
8.86126e-05
8.77245e-05
8.68046e-05
8.58593e-05
8.49053e-05
8.39529e-05
8.30068e-05
8.20719e-05
8.11525e-05
8.02503e-05
7.93682e-05
7.85071e-05
7.76674e-05
7.68494e-05
7.6053e-05
7.52779e-05
7.45226e-05
7.3788e-05
7.30736e-05
7.23799e-05
7.17161e-05
7.11886e-05
7.06657e-05
7.01298e-05
6.95823e-05
6.90314e-05
6.848e-05
6.79339e-05
6.73964e-05
6.68694e-05
6.63527e-05
6.5849e-05
6.53589e-05
6.48827e-05
6.44204e-05
6.39719e-05
6.3536e-05
6.31124e-05
6.27016e-05
6.23042e-05
6.19198e-05
6.15473e-05
6.11863e-05
6.08365e-05
6.0497e-05
6.01686e-05
5.98506e-05
5.95426e-05
5.92442e-05
5.8956e-05
5.86771e-05
5.84068e-05
5.81452e-05
5.7892e-05
5.76469e-05
5.74099e-05
5.71807e-05
5.69591e-05
5.67445e-05
5.65365e-05
5.63347e-05
5.61393e-05
5.59502e-05
5.57667e-05
5.55881e-05
5.54143e-05
5.52456e-05
5.50822e-05
5.49244e-05
5.47715e-05
5.46238e-05
5.44811e-05
5.43432e-05

