5e-05
5e-05
5e-05
5e-05
5e-05
5e-05
5e-05
5e-05
5e-05
5e-05
5e-05
5e-05
5e-05
5e-05
5e-05
5e-05
5e-05
5e-05
5e-05
5e-05
5e-05
5e-05
5e-05
5e-05
5e-05
5e-05
5e-05
5e-05
5e-05
5e-05
5e-05
5e-05
5e-05
5e-05
5e-05
5e-05
5e-05
5e-05
5e-05
5e-05
5e-05
5e-05
5e-05
5e-05
5e-05
5e-05
5e-05
5e-05
5e-05
5e-05
5e-05
5e-05
5e-05
5e-05
5e-05
5e-05
5e-05
5e-05
5e-05
5e-05
5e-05
5e-05
5e-05
5e-05
5e-05
5e-05
5e-05
5e-05
5e-05
5e-05
5e-05
5e-05
5e-05
5e-05
5e-05
5e-05
5e-05
5e-05
5e-05
5e-05
5e-05
5e-05
5e-05
5e-05
5e-05
5e-05
5e-05
5e-05
5e-05
5e-05
5e-05
5e-05
5e-05
5e-05
5e-05
5.06223e-05
5.65258e-05
6.51943e-05
7.47776e-05
8.37948e-05
9.15993e-05
9.82671e-05
0.000103954
0.000108769
0.00011281
0.000116163
0.000118909
0.00012112
0.000122858
0.000124161
0.00012504
0.000125609
0.000125878
0.000125877
0.000125631
0.000125221
0.000124671
0.000123962
0.000123152
0.000122261
0.0001213
0.000120277
0.000119201
0.000118243
0.000117626
0.000116896
0.000116037
0.000115065
0.000113997
0.000112849
0.000111635
0.000110371
0.000109186
0.000110924
0.000112967
0.000114511
0.000115561
0.000116141
0.000116236
0.000115789
0.000114765
0.000113378
0.000111731
0.000109838
0.000108032
0.000106272
0.000104456
0.000102612
0.000100767
9.89388e-05
9.71304e-05
9.53314e-05
9.35745e-05
9.22722e-05
9.23573e-05
9.21498e-05
9.16694e-05
9.09493e-05
9.00146e-05
8.89453e-05
8.77471e-05
8.64657e-05
8.51611e-05
8.38584e-05
8.25712e-05
8.12973e-05
8.00584e-05
7.88619e-05
7.77102e-05
7.65937e-05
7.55238e-05
7.44996e-05
7.35106e-05
7.2563e-05
7.16618e-05
7.07984e-05
6.9977e-05
6.91965e-05
6.84544e-05
6.77483e-05
6.70757e-05
6.64345e-05
6.58226e-05
6.52382e-05
6.46794e-05
6.41448e-05
6.36329e-05
6.31424e-05
6.26721e-05
6.22208e-05
6.17832e-05
6.13592e-05
6.09505e-05
6.05558e-05
6.0175e-05
5.98083e-05
5.9458e-05
5.9123e-05
5.87997e-05
5.84899e-05
5.8193e-05
5.79052e-05
5.7626e-05
5.73572e-05
5.7205e-05
5.72931e-05
5.73451e-05
5.73318e-05
5.72733e-05
5.71611e-05
5.70061e-05
5.68283e-05
5.66293e-05
5.64137e-05
5.61941e-05
5.59748e-05
5.5758e-05
5.55442e-05
5.53345e-05
5.51313e-05
5.49353e-05
5.47467e-05
5.45655e-05
5.43916e-05
5.4224e-05
5.40625e-05
5.39082e-05
5.37606e-05
5.36182e-05
5.34805e-05
5.33492e-05
5.3224e-05
5.31045e-05
5.29905e-05
5.28816e-05
5.27774e-05
5.26772e-05
5.25805e-05
5.24874e-05
5.23978e-05
5.23122e-05
5.22299e-05
5.21506e-05
5.20742e-05
5.20008e-05
5.19304e-05
5.18625e-05
5.17974e-05
5.1735e-05
5.16747e-05

