5e-05
5e-05
5e-05
5e-05
5e-05
5e-05
5e-05
5e-05
5e-05
5e-05
5e-05
5e-05
5e-05
5e-05
5e-05
5e-05
5e-05
5e-05
5e-05
5e-05
5e-05
5e-05
5e-05
5e-05
5e-05
5e-05
5e-05
5e-05
5e-05
5e-05
5e-05
5e-05
5e-05
5e-05
5e-05
5e-05
5e-05
5e-05
5e-05
5e-05
5e-05
5e-05
5e-05
5e-05
5e-05
5e-05
5e-05
5e-05
5e-05
5e-05
5e-05
5e-05
5e-05
5e-05
5e-05
5e-05
5e-05
5e-05
5e-05
5e-05
5e-05
5e-05
5e-05
5e-05
5e-05
5e-05
5e-05
5e-05
5e-05
5e-05
5e-05
5e-05
5e-05
5e-05
5e-05
5e-05
5e-05
5e-05
5e-05
5e-05
5e-05
5e-05
5e-05
5e-05
5e-05
5e-05
5e-05
5e-05
5e-05
5e-05
5e-05
5e-05
5e-05
5e-05
5e-05
5e-05
5e-05
5e-05
5e-05
5e-05
5e-05
5e-05
5e-05
5e-05
5e-05
5e-05
5e-05
5e-05
5e-05
5e-05
5e-05
5e-05
5e-05
5e-05
5e-05
5e-05
5e-05
5e-05
5e-05
5e-05
5e-05
5e-05
5e-05
5e-05
5e-05
5e-05
5e-05
5e-05
5e-05
5e-05
5e-05
5e-05
5e-05
5e-05
5e-05
5e-05
5e-05
5e-05
5e-05
5e-05
5e-05
5e-05
5e-05
5e-05
5e-05
5e-05
6.36232e-05
9.81052e-05
0.000148728
0.000152086
0.000155824
0.000159802
0.000166423
0.000176134
0.000197183
0.000229541
0.000231279
0.000239989
0.000252791
0.00026823
0.000293777
0.000295705
0.000285871
0.000277666
0.000270763
0.000264999
0.000261731
0.000259995
0.000258983
0.000258415
0.000258119
0.000257953
0.000257792
0.000257531
0.000257079
0.000256355
0.00025529
0.000253823
0.000251904
0.000249494
0.000246573
0.000243141
0.000239215
0.000234833
0.000230048
0.000224921
0.000219519
0.000213907
0.000208151
0.00020231
0.000196436
0.000190576
0.000184771
0.000179055
0.000173454
0.000170994
0.000175808
0.000169443
0.000164734
0.00016105
0.000157823
0.000154749
0.000151683
0.000148566
0.000145388
0.000142158
0.000138897
0.000135629
0.000132375
0.000129156
0.000125988
0.000122877
0.00012027
0.00012168
0.000120611
0.000117454
0.000115031
0.000112939
0.000110957
0.000108983
0.00010698
0.000104945
0.000102888
0.000100826
9.87761e-05
9.67521e-05
9.4767e-05
9.28305e-05
9.09502e-05
8.91315e-05
8.7378e-05
8.5692e-05
8.40744e-05
8.25254e-05
8.10445e-05
7.96304e-05
7.82811e-05
7.69934e-05
7.57641e-05
7.47299e-05
7.39388e-05
7.31774e-05
7.24083e-05
7.16317e-05
7.08529e-05
7.00768e-05
6.93081e-05
6.85506e-05
6.78074e-05
6.70812e-05

