5e-05
5e-05
5e-05
5e-05
5e-05
5e-05
5e-05
5e-05
5e-05
5.38181e-05
6.1739e-05
7.07746e-05
8.02889e-05
8.85035e-05
9.52221e-05
0.000101954
0.000107759
0.000112607
0.000116606
0.000119858
0.000122303
0.000124135
0.000125509
0.000126961
0.000134075
0.000141022
0.000146639
0.000150971
0.00015377
0.000154248
0.00015372
0.000152457
0.000150756
0.000148752
0.000146534
0.000144174
0.000141724
0.000139225
0.00013671
0.000134201
0.000131716
0.000129267
0.000126865
0.000124515
0.000122221
0.000119987
0.000117814
0.000115675
0.000113591
0.000111572
0.000109584
0.00010761
0.000105614
0.000103667
0.000101813
0.000100045
9.83539e-05
9.67439e-05
9.52093e-05
9.37399e-05
9.22975e-05
9.0871e-05
8.94843e-05
8.81606e-05
8.69011e-05
8.57009e-05
8.45548e-05
8.3458e-05
8.23989e-05
8.13745e-05
8.03751e-05
7.94023e-05
7.84685e-05
7.75718e-05
7.67436e-05
7.60638e-05
7.5394e-05
7.47121e-05
7.40276e-05
7.33339e-05
7.26357e-05
7.19515e-05
7.1279e-05
7.06169e-05
6.99651e-05
6.93278e-05
6.87688e-05
6.82755e-05
6.77578e-05
6.72337e-05
6.67179e-05
6.6212e-05
6.57167e-05
6.52279e-05
6.4747e-05
6.42686e-05
6.38013e-05
6.33451e-05
6.29038e-05
6.2479e-05
6.20697e-05
6.16695e-05
6.12772e-05
6.08984e-05
6.05454e-05
6.23328e-05
6.96202e-05
7.83163e-05
8.67055e-05
9.43791e-05
0.000100892
0.00010643
0.000111125
0.000115053
0.000118189
0.000120691
0.00012271
0.000124308
0.000125532
0.000126425
0.000127022
0.00012731
0.000127346
0.000127188
0.000126806
0.000126223
0.000125523
0.000124683
0.000123783
0.000123368
0.000122892
0.000122251
0.000121459
0.000120536
0.000119659
0.000119077
0.000118334
0.000117386
0.000116174
0.000114736
0.000113224
0.000111699
0.000110168
0.000108614
0.000107075
0.00010556
0.000104726
0.000104364
0.000103781
0.000102953
0.000101944
0.000100845
0.000100396
9.99103e-05
9.92284e-05
9.86622e-05
9.79494e-05
9.70256e-05
9.58844e-05
9.46501e-05
9.34116e-05
9.23532e-05
9.12521e-05
9.01017e-05
8.8877e-05
8.76036e-05
8.63169e-05
8.50415e-05
8.37628e-05
8.2521e-05
8.13275e-05
8.01772e-05
7.90519e-05
7.79675e-05
7.69312e-05
7.59346e-05
7.49779e-05
7.40634e-05
7.31915e-05
7.23524e-05
7.15517e-05
7.0788e-05
7.00588e-05
6.93589e-05
6.86834e-05
6.80368e-05
6.74177e-05
6.68284e-05
6.63475e-05
6.58794e-05
6.54138e-05
6.49536e-05
6.44998e-05
6.4053e-05
6.3614e-05
6.31837e-05
6.27626e-05
6.23457e-05
6.19381e-05
6.15426e-05
6.11592e-05
6.07876e-05
6.04234e-05
6.00712e-05
5.97294e-05
5.93977e-05
5.90745e-05
5.87598e-05
5.84555e-05
5.81631e-05
5.78833e-05
5.76153e-05
5.73585e-05
5.7112e-05
5.68753e-05
5.66478e-05
5.64288e-05
5.62179e-05
5.60133e-05
5.58142e-05
5.56204e-05
5.54334e-05
5.52519e-05
5.50771e-05
5.49075e-05
5.47605e-05
5.46316e-05
5.45012e-05
5.43717e-05
5.42424e-05
5.41125e-05
5.39839e-05
5.38584e-05
5.37362e-05
5.36174e-05
5.3502e-05
5.33886e-05
5.32783e-05
5.31716e-05
5.30672e-05
5.2965e-05
5.28654e-05
5.27682e-05
5.26739e-05
5.25837e-05
5.24973e-05
5.24145e-05
5.2335e-05
5.22587e-05
5.21854e-05

