5e-05
5e-05
5e-05
5e-05
5e-05
5e-05
5e-05
5e-05
5e-05
5e-05
5e-05
5e-05
5e-05
5e-05
5e-05
5e-05
5e-05
5e-05
5e-05
5e-05
5e-05
5e-05
5e-05
5e-05
5e-05
5e-05
5e-05
5e-05
5e-05
5e-05
5e-05
5e-05
5e-05
5e-05
5e-05
5e-05
5e-05
5e-05
5e-05
5e-05
5e-05
5.32445e-05
6.05725e-05
6.8766e-05
7.6785e-05
8.44199e-05
9.20339e-05
9.85332e-05
0.000103975
0.000108599
0.000112408
0.000115582
0.000118636
0.000127833
0.000136902
0.000144239
0.000149589
0.000153323
0.000155586
0.000156755
0.000157003
0.000156499
0.000155405
0.000154513
0.00015334
0.000151899
0.000150707
0.00014912
0.000147148
0.000144953
0.0001426
0.00014014
0.000137613
0.000135054
0.000132487
0.000130062
0.000127958
0.000125829
0.000123673
0.000121507
0.000119343
0.000117195
0.000115072
0.000112983
0.000110934
0.000108931
0.000106978
0.000105077
0.00010323
0.000101439
9.97027e-05
9.80222e-05
9.63942e-05
9.47854e-05
9.32263e-05
9.17276e-05
9.04549e-05
8.92935e-05
8.81436e-05
8.70043e-05
8.58778e-05
8.4849e-05
8.52914e-05
8.58025e-05
8.60827e-05
8.60846e-05
8.58466e-05
8.54311e-05
8.48464e-05
8.41084e-05
8.32434e-05
8.23203e-05
8.14691e-05
8.0554e-05
7.95856e-05
7.85848e-05
7.75687e-05
7.65515e-05
7.55442e-05
7.45551e-05
7.35903e-05
7.26434e-05
7.17267e-05
7.08456e-05
7.00006e-05
6.91918e-05
6.84183e-05
6.76793e-05
6.69735e-05
6.62998e-05
6.56567e-05
6.50428e-05
6.44569e-05
6.38975e-05
6.33633e-05
6.28518e-05
6.23585e-05
6.18844e-05
6.1454e-05
6.10797e-05
6.07144e-05
6.03524e-05
5.99996e-05
5.96567e-05
5.93495e-05
5.91334e-05
5.89632e-05
5.87844e-05
5.85787e-05
5.83482e-05
5.81087e-05
5.78642e-05
5.76172e-05
5.73699e-05
5.71241e-05
5.68814e-05
5.66428e-05
5.64094e-05
5.61818e-05
5.59605e-05
5.5746e-05
5.55384e-05
5.53378e-05
5.5142e-05
5.49529e-05
5.47712e-05
5.45999e-05
5.44546e-05
5.43136e-05
5.41751e-05
5.40385e-05
5.39029e-05
5.37704e-05
5.36523e-05
5.35424e-05
5.34289e-05
5.33325e-05
5.32409e-05
5.31484e-05
5.30554e-05
5.29622e-05
5.28694e-05
5.27775e-05
5.26868e-05
5.25977e-05
5.25104e-05
5.24251e-05
5.23421e-05
5.22614e-05
5.21826e-05
5.21056e-05
5.20312e-05
5.1959e-05
5.18882e-05
5.18201e-05
5.17548e-05
5.16923e-05
5.16333e-05
5.15846e-05
5.15376e-05
5.14912e-05
5.14454e-05
5.14003e-05
5.13556e-05
5.13105e-05
5.12685e-05
5.12325e-05
5.11965e-05
5.11606e-05
5.11251e-05
5.109e-05
5.10554e-05
5.10215e-05
5.09883e-05
5.09558e-05
5.09242e-05
5.08934e-05
5.08634e-05
5.08344e-05
5.08063e-05
5.07789e-05
5.07522e-05
5.07263e-05
5.07011e-05
5.06768e-05
5.06534e-05
5.06309e-05
5.06092e-05
5.05882e-05
5.0568e-05
5.05498e-05
5.05343e-05
5.05191e-05
5.0504e-05
5.31706e-05
6.13556e-05
7.07934e-05
7.99756e-05
8.84031e-05
9.57087e-05
0.000101877
0.000107054
0.000111433
0.00011511
0.000118161
0.000120572
0.000122451
0.000123866
0.000124932
0.000125691

