5e-05
5e-05
5e-05
5e-05
5e-05
5e-05
5e-05
5e-05
5e-05
5e-05
5e-05
5e-05
5e-05
5e-05
5e-05
5e-05
5e-05
5e-05
5e-05
5.19665e-05
5.94109e-05
6.82088e-05
7.66048e-05
8.38741e-05
9.12238e-05
0.000105654
0.000119291
0.000131015
0.000140161
0.000147041
0.000152355
0.000156103
0.000158362
0.000159445
0.000159657
0.000159187
0.000158253
0.00015696
0.000155391
0.000153569
0.000151542
0.000149414
0.000147219
0.000144981
0.000142722
0.000140454
0.000138191
0.000135941
0.000133711
0.000131507
0.000129322
0.000127115
0.000125063
0.000123236
0.000121807
0.000120351
0.000118995
0.000117899
0.000116695
0.000115322
0.000113654
0.000111856
0.00011004
0.000108248
0.000106485
0.000104787
0.000103369
0.000101934
0.00010072
9.95471e-05
9.8313e-05
9.70126e-05
9.56959e-05
9.43506e-05
9.29977e-05
9.17097e-05
9.06097e-05
8.95064e-05
8.83941e-05
8.72783e-05
8.61645e-05
8.50563e-05
8.40214e-05
8.30477e-05
8.20729e-05
8.11016e-05
8.01381e-05
7.9186e-05
7.82486e-05
7.74211e-05
7.66481e-05
7.58249e-05
7.49959e-05
7.41814e-05
7.3433e-05
7.27877e-05
7.21398e-05
7.1473e-05
7.08077e-05
7.01431e-05
6.94766e-05
6.88068e-05
6.81394e-05
6.74937e-05
6.69244e-05
6.64184e-05
6.59195e-05
6.54268e-05
6.494e-05
6.44521e-05
6.39737e-05
6.35073e-05
6.30533e-05
6.26122e-05
6.21842e-05
6.17692e-05
6.13665e-05
6.09711e-05
6.05842e-05
6.02548e-05
5.99483e-05
5.9641e-05
5.93386e-05
5.90411e-05
5.87442e-05
5.84497e-05
5.81634e-05
5.78858e-05
5.76136e-05
5.73506e-05
5.70973e-05
5.68535e-05
5.66402e-05
5.64514e-05
5.62617e-05
5.60645e-05
5.58689e-05
5.569e-05
5.55331e-05
5.53882e-05
5.52534e-05
5.51154e-05
5.49749e-05
5.48328e-05
5.46905e-05
5.4586e-05
5.44906e-05
5.43937e-05
5.42839e-05
5.4162e-05
5.40342e-05
5.39108e-05
5.38183e-05
5.37295e-05
5.36452e-05
5.35712e-05
5.34846e-05
5.33864e-05
5.32829e-05
5.31715e-05
5.30591e-05
5.29518e-05
5.28571e-05
5.27607e-05
5.26642e-05
5.25669e-05
5.24727e-05
5.2381e-05
5.22921e-05
5.22059e-05
5.21228e-05
5.20424e-05
5.1966e-05
5.1902e-05
5.18482e-05
5.17982e-05
5.17465e-05
5.16938e-05
5.16405e-05
5.15877e-05
5.15349e-05
5.14823e-05
5.14311e-05
5.13816e-05
5.13323e-05
5.12844e-05
5.1238e-05
5.11935e-05
5.11505e-05
5.1109e-05
5.10691e-05
5.10301e-05
5.09929e-05
5.09574e-05
5.0923e-05
5.08898e-05
5.08578e-05
5.08271e-05
5.07979e-05
5.07699e-05
5.0743e-05
5.07172e-05
5.06926e-05
5.0669e-05
5.06459e-05
5.06236e-05
5.06019e-05
5.05809e-05
5.05608e-05
5.05417e-05
5.05233e-05
5.05052e-05
5.0488e-05
5.04714e-05
5.04556e-05
5.04405e-05
5.0428e-05
5.04192e-05
5.04102e-05
5.04008e-05
5.03911e-05
5.0381e-05
5.03708e-05
5.03601e-05
5.03494e-05
5.03385e-05
5.03276e-05
5.03168e-05
5.03062e-05
5.02959e-05
5.02861e-05
5.0278e-05
5.02701e-05
5.02622e-05
5.02542e-05
5.02463e-05
5.02384e-05
5.02306e-05
5.02231e-05
5.0216e-05
5.02099e-05
5.02039e-05
5.01984e-05
5.01931e-05
5.01877e-05
5.01823e-05
5.01768e-05
5.01713e-05
5.01658e-05
5.01603e-05

