5e-05
5e-05
5e-05
5e-05
5e-05
5e-05
5e-05
5e-05
5e-05
5e-05
5e-05
5e-05
5e-05
5e-05
5e-05
5e-05
5e-05
5e-05
5e-05
5e-05
5e-05
5e-05
5e-05
5e-05
5e-05
5e-05
5e-05
5e-05
5e-05
5e-05
5e-05
5e-05
5e-05
5e-05
5e-05
5e-05
5e-05
5e-05
5e-05
5e-05
5e-05
5e-05
5e-05
5e-05
5e-05
5e-05
5e-05
5e-05
5e-05
5e-05
5e-05
5e-05
5e-05
5e-05
5e-05
5e-05
5e-05
5e-05
5e-05
5e-05
5e-05
5e-05
5e-05
5e-05
5e-05
5e-05
5e-05
5e-05
5e-05
5e-05
5e-05
5e-05
5e-05
5e-05
5e-05
5e-05
5e-05
5e-05
5e-05
5e-05
5e-05
5e-05
5e-05
5e-05
5e-05
5e-05
5e-05
5e-05
5e-05
5e-05
5e-05
5e-05
5e-05
5e-05
5e-05
5e-05
5e-05
5e-05
5e-05
5e-05
5e-05
5e-05
5e-05
5e-05
5e-05
5e-05
5e-05
5e-05
5e-05
5e-05
5e-05
5e-05
5e-05
5e-05
5e-05
5e-05
5e-05
5e-05
5e-05
5e-05
5e-05
5e-05
5e-05
5e-05
5e-05
5e-05
5e-05
5e-05
5e-05
5e-05
5e-05
5e-05
5e-05
5e-05
5e-05
5e-05
5e-05
5e-05
5e-05
5e-05
5e-05
5e-05
5e-05
5e-05
5e-05
5e-05
5e-05
5e-05
5e-05
5e-05
5e-05
5e-05
5e-05
5e-05
5e-05
5e-05
5e-05
5e-05
5e-05
5e-05
5e-05
5e-05
5e-05
5e-05
5e-05
5e-05
5e-05
5e-05
5e-05
5e-05
5e-05
5e-05
5e-05
5.15652e-05
7.81019e-05
0.000155149
0.000184031
0.000191116
0.000191671
0.000189948
0.0001873
0.000184228
0.000180978
0.000177683
0.000174394
0.000171165
0.000168006
0.000164944
0.000161974
0.000159091
0.000156286
0.000153583
0.000150949
0.000148405
0.000145947
0.000143564
0.000141249
0.000138994
0.000136754
0.000134545
0.000133886
0.000136045
0.000137438
0.000138057
0.000137874
0.000137007
0.000135578
0.000133733
0.000131676
0.000129418
0.000127082
0.000124715
0.000122346
0.000119986
0.000117626
0.000115379
0.000113457
0.00011156
0.000109674
0.000107799
0.000105919
0.000104075
0.000102275
0.000100521
9.87926e-05
9.71101e-05
9.54834e-05
9.39126e-05
9.23968e-05
9.09345e-05
8.95244e-05
8.81546e-05
8.68223e-05
8.55278e-05
8.42844e-05
8.30912e-05
8.19458e-05
8.08458e-05
7.97773e-05
7.87475e-05
7.77546e-05
7.67931e-05
7.58708e-05
7.49862e-05
7.41373e-05
7.33219e-05
7.25381e-05
7.17842e-05
7.10585e-05
7.03596e-05

