5e-05
5e-05
5e-05
5e-05
5e-05
5e-05
5e-05
5e-05
5.10569e-05
5.79134e-05
6.6782e-05
7.56604e-05
8.38251e-05
9.07193e-05
9.66356e-05
0.000102732
0.00010806
0.00011256
0.000116319
0.000119368
0.000121666
0.000123462
0.000124845
0.000125811
0.000126364
0.000126652
0.00012672
0.000126596
0.000126301
0.000125783
0.000125088
0.000124262
0.000123339
0.000122354
0.000121316
0.000120233
0.000119109
0.000117928
0.000116695
0.000115443
0.000114178
0.000112903
0.000111598
0.000110275
0.000108955
0.000107642
0.000106516
0.00010558
0.000104497
0.000103372
0.000102192
0.000100961
9.96134e-05
9.82655e-05
9.69492e-05
9.56669e-05
9.4418e-05
9.32013e-05
9.20154e-05
9.08585e-05
8.97038e-05
8.85435e-05
8.74155e-05
8.63246e-05
8.52694e-05
8.42454e-05
8.32385e-05
8.22626e-05
8.13181e-05
8.04033e-05
7.95167e-05
7.86567e-05
7.78219e-05
7.7011e-05
7.6223e-05
7.5457e-05
7.4712e-05
7.39874e-05
7.32824e-05
7.25965e-05
7.19439e-05
7.1427e-05
7.09181e-05
7.04016e-05
6.98794e-05
6.93494e-05
6.88081e-05
6.82702e-05
6.77386e-05
6.72162e-05
6.73615e-05
6.77567e-05
6.81286e-05
7.09099e-05
7.50157e-05
7.52286e-05
7.43161e-05
7.31661e-05
7.19786e-05
7.08206e-05
6.97145e-05
6.86962e-05
6.77737e-05
6.69011e-05
6.60758e-05
6.52952e-05
6.45561e-05
6.38599e-05
6.32045e-05
6.25876e-05
6.20044e-05
6.14538e-05
6.09353e-05
6.04461e-05
5.99802e-05
5.95397e-05
5.91243e-05
5.87325e-05
5.83614e-05
5.80089e-05
5.76755e-05
5.73592e-05
5.70576e-05
5.67718e-05
5.65009e-05
5.62438e-05
5.59971e-05
5.57605e-05
5.55341e-05
5.53187e-05
5.51141e-05
5.49275e-05
5.47721e-05
5.46391e-05
5.45121e-05
5.45542e-05
5.53928e-05
5.6439e-05
5.65186e-05
5.63122e-05
5.60304e-05
5.57314e-05
5.54345e-05
5.51507e-05
5.4905e-05
5.46842e-05
5.44914e-05
5.43034e-05
5.41168e-05
5.3932e-05
5.37511e-05
5.3575e-05
5.34052e-05
5.32478e-05
5.31068e-05
5.29713e-05
5.37095e-05
6.01289e-05
6.84904e-05
7.67367e-05
8.43402e-05
9.08914e-05
9.72807e-05
0.000102929
0.000107485
0.000111186
0.000114219
0.000116591
0.000118405
0.000119804
0.000120803
0.000121439
0.000121807
0.000121946
0.00012185
0.000121549
0.000121102
0.00012053
0.000119825
0.000119657
0.000123467
0.000126791
0.000129055
0.000130331
0.000130612
0.000130144
0.000129458
0.00012868
0.000127481
0.000126022
0.000124686
0.000125093
0.000127244
0.000128281
0.000128202
0.000127285
0.000125704
0.000123748
0.000121477
0.000119085
0.000116635
0.000114166
0.000111726
0.000109329
0.000107007
0.000104767
0.000102615
0.00010054
9.85362e-05
9.66192e-05
9.47827e-05
9.30281e-05
9.1358e-05
8.97589e-05
8.82263e-05
8.67557e-05
8.53572e-05
8.40279e-05
8.27561e-05
8.1542e-05
8.03837e-05
7.92706e-05
7.82079e-05
7.71861e-05
7.62079e-05
7.52734e-05
7.43798e-05
7.35186e-05
7.26909e-05
7.18983e-05
7.11385e-05
7.04032e-05
6.96919e-05
6.90082e-05
6.83499e-05
6.77158e-05
6.71083e-05
6.65218e-05
6.5958e-05
6.54173e-05
6.48983e-05
6.43909e-05
6.38982e-05
6.34237e-05
6.29673e-05
6.25303e-05
6.21117e-05
6.17071e-05
6.13175e-05
6.09435e-05

