5e-05
5e-05
5e-05
5e-05
5e-05
5e-05
5e-05
5e-05
5e-05
5e-05
5e-05
5e-05
5e-05
5e-05
5e-05
5e-05
5e-05
5e-05
5e-05
5e-05
5e-05
5e-05
5e-05
5e-05
5e-05
5e-05
5e-05
5e-05
5e-05
5e-05
5e-05
5e-05
5e-05
5e-05
5e-05
5e-05
5e-05
5e-05
5e-05
5e-05
5.0134e-05
5.51655e-05
6.32504e-05
7.16891e-05
7.97712e-05
8.70963e-05
9.34437e-05
0.000100218
0.000107139
0.000113014
0.000117867
0.000121804
0.000124846
0.00012712
0.000128808
0.000129996
0.000130754
0.00013114
0.000131138
0.000130871
0.000130388
0.000129671
0.000128806
0.000127827
0.000126711
0.00012543
0.00012409
0.000122723
0.000121337
0.000119937
0.000118527
0.00011711
0.000115689
0.000114267
0.000112838
0.000111363
0.00010988
0.000108396
0.000106938
0.000105508
0.000104106
0.000102689
0.000101285
9.98937e-05
9.85183e-05
9.7181e-05
9.5871e-05
9.45927e-05
9.33533e-05
9.21507e-05
9.09735e-05
8.98147e-05
8.86753e-05
8.75566e-05
8.64575e-05
8.53927e-05
8.43638e-05
8.34135e-05
8.2752e-05
8.2198e-05
8.15953e-05
8.09477e-05
8.02625e-05
7.954e-05
7.8778e-05
7.80044e-05
7.72268e-05
7.64503e-05
7.5679e-05
7.49161e-05
7.41644e-05
7.34262e-05
7.26994e-05
7.19802e-05
7.12801e-05
7.06003e-05
6.9941e-05
6.93021e-05
6.86831e-05
6.80839e-05
6.75038e-05
6.69424e-05
6.63992e-05
6.58736e-05
6.53651e-05
6.48731e-05
6.43971e-05
6.39366e-05
6.34911e-05
6.30551e-05
6.26321e-05
6.22237e-05
6.18296e-05
6.14491e-05
6.1078e-05
6.07181e-05
6.03711e-05
6.00365e-05
5.97067e-05
5.93929e-05
5.9132e-05
5.88805e-05
5.87199e-05
5.90353e-05
6.1105e-05
6.31907e-05
6.31424e-05
6.26412e-05
6.21027e-05
6.15346e-05
6.09539e-05
6.03852e-05
5.98587e-05
5.93492e-05
5.88587e-05
5.83898e-05
5.79603e-05
5.7558e-05
5.7172e-05
5.68033e-05
5.64525e-05
5.61196e-05
5.58047e-05
5.55074e-05
5.52271e-05
5.49629e-05
5.47141e-05
5.44797e-05
5.4259e-05
5.40512e-05
5.38553e-05
5.36706e-05
5.34966e-05
5.33345e-05
5.31914e-05
5.3054e-05
5.29215e-05
5.27941e-05
5.2672e-05
5.25554e-05
5.24443e-05
5.23386e-05
5.22381e-05
5.21426e-05
5.20518e-05
5.19657e-05
5.18838e-05
5.18061e-05
5.17322e-05
5.16622e-05
5.15957e-05
5.15324e-05
5.1472e-05
5.14145e-05
5.13597e-05
5.13074e-05
5.12575e-05
5.12099e-05
5.11644e-05
5.11209e-05
5.10794e-05
5.10397e-05
5.10017e-05
5.09653e-05
5.09305e-05
5.08972e-05
5.08654e-05
5.08348e-05
5.08055e-05
5.07773e-05
5.07503e-05
5.07243e-05
5.06993e-05
5.06754e-05
5.06523e-05
5.06302e-05
5.06088e-05
5.05884e-05
5.05686e-05
5.05496e-05
5.05314e-05
5.05138e-05
5.04968e-05
5.04807e-05
5.04674e-05
5.04542e-05
5.04409e-05
5.04276e-05
5.04144e-05
5.04014e-05
5.03886e-05
5.03761e-05
5.0364e-05
5.03522e-05
5.33002e-05
5.91003e-05
6.53422e-05
7.19436e-05
7.81192e-05
8.33242e-05
8.76794e-05
9.13322e-05
9.43895e-05
9.69331e-05
9.90389e-05
0.000100764
0.000102157
0.000103258
0.000104102
0.000104718

