5e-05
5e-05
5e-05
5e-05
5e-05
5e-05
5e-05
5e-05
5e-05
5e-05
5e-05
5e-05
5e-05
5e-05
5e-05
5e-05
5e-05
5e-05
5e-05
5e-05
5e-05
5e-05
5e-05
5e-05
5e-05
5e-05
5e-05
5e-05
5e-05
5e-05
5e-05
5e-05
5e-05
5e-05
5e-05
5e-05
5e-05
5e-05
5e-05
5e-05
5e-05
5e-05
5e-05
5e-05
5e-05
5e-05
5e-05
5e-05
5e-05
5e-05
5e-05
5e-05
5e-05
5e-05
5e-05
5e-05
5e-05
5e-05
5e-05
5e-05
5e-05
5e-05
5e-05
5e-05
5e-05
5e-05
5e-05
5e-05
5e-05
5e-05
5e-05
5e-05
5e-05
5e-05
5e-05
5e-05
5e-05
5e-05
5e-05
5e-05
5e-05
5e-05
5e-05
5e-05
5e-05
5e-05
5e-05
5e-05
5e-05
5e-05
5e-05
5e-05
5e-05
5e-05
5e-05
5e-05
5e-05
5e-05
5e-05
5e-05
5e-05
5e-05
5e-05
5e-05
5e-05
5e-05
5e-05
5e-05
5e-05
5e-05
5e-05
5e-05
5e-05
5e-05
5e-05
5e-05
5e-05
5e-05
5e-05
5e-05
5e-05
5e-05
5e-05
5e-05
5e-05
5e-05
5e-05
5e-05
5e-05
5e-05
5e-05
5e-05
5e-05
5e-05
5e-05
5e-05
5e-05
5e-05
5e-05
5e-05
5e-05
5e-05
5e-05
5e-05
5e-05
5e-05
5.03384e-05
7.26764e-05
8.67858e-05
0.000101917
0.000118396
0.000135583
0.000152671
0.000169483
0.000185852
0.000201618
0.000216646
0.00023083
0.000244094
0.000256395
0.000267723
0.000278103
0.0002876
0.000296342
0.000304579
0.000312924
0.000324786
0.000328102
0.000312995
0.000299172
0.000286487
0.000274801
0.00026399
0.000253949
0.000244583
0.000235812
0.000227569
0.000219795
0.000212442
0.000205467
0.000198837
0.000192522
0.000186498
0.000180744
0.000175243
0.000169979
0.00016494
0.000160114
0.000155491
0.000151063
0.000146942
0.000148047
0.000157197
0.000152577
0.000149276
0.000146834
0.000144728
0.000142678
0.000140559
0.000138324
0.000135973
0.000133522
0.000130991
0.000128401
0.00012577
0.00012312
0.000120469
0.000117833
0.000115227
0.000112663
0.000110149
0.000107696
0.000105308
0.000102991
0.000100748
9.85812e-05
9.64922e-05
9.44816e-05
9.25491e-05
9.06941e-05
8.89154e-05
8.72115e-05
8.55807e-05
8.4021e-05
8.25301e-05
8.11058e-05
7.97457e-05
7.84474e-05
7.72086e-05
7.60266e-05
7.48993e-05
7.38242e-05
7.2799e-05
7.18214e-05
7.08894e-05
7.02979e-05
7.12282e-05
7.3217e-05
7.22578e-05
7.15609e-05
7.09929e-05
7.04632e-05
7.06437e-05
7.21505e-05
7.12053e-05
7.05811e-05
7.02244e-05
6.99538e-05
6.9646e-05
6.92723e-05

