5e-05
5e-05
5e-05
5e-05
5e-05
5e-05
5e-05
5e-05
5e-05
5e-05
5e-05
5e-05
5e-05
5e-05
5e-05
5e-05
5e-05
5e-05
5e-05
5e-05
5e-05
5e-05
5e-05
5e-05
5e-05
5e-05
5e-05
5e-05
5e-05
5e-05
5e-05
5e-05
5e-05
5e-05
5e-05
5e-05
5e-05
5e-05
5e-05
5e-05
5e-05
5e-05
5e-05
5e-05
5e-05
5e-05
5e-05
5e-05
5e-05
5e-05
5e-05
5e-05
5e-05
5e-05
5e-05
5e-05
5e-05
5e-05
5e-05
5e-05
5e-05
5e-05
5e-05
5e-05
5e-05
5e-05
5e-05
5e-05
5e-05
5e-05
5e-05
5e-05
5e-05
5e-05
5e-05
5e-05
5e-05
5e-05
5e-05
5e-05
5e-05
5e-05
5e-05
5e-05
5e-05
5e-05
5e-05
5e-05
5e-05
5e-05
5e-05
5e-05
5e-05
5e-05
5e-05
5e-05
5e-05
5e-05
5e-05
5e-05
5e-05
5e-05
5e-05
5e-05
5e-05
5e-05
5e-05
5e-05
5e-05
5e-05
5e-05
5e-05
5e-05
5e-05
5e-05
5e-05
5e-05
5e-05
5e-05
5e-05
5e-05
5e-05
5e-05
5e-05
5e-05
5e-05
5e-05
5e-05
5e-05
5e-05
5e-05
5e-05
5e-05
5e-05
5e-05
5e-05
5e-05
5e-05
5e-05
5e-05
5e-05
5e-05
5e-05
5e-05
5e-05
5e-05
5e-05
5e-05
5e-05
5e-05
5e-05
5e-05
5e-05
5e-05
5e-05
5e-05
5e-05
5e-05
5.00001e-05
5.41169e-05
6.21432e-05
7.08372e-05
7.91797e-05
8.66661e-05
9.31679e-05
9.87937e-05
0.000103635
0.00010773
0.000111141
0.000114006
0.000116386
0.000118334
0.000119887
0.000121029
0.000121863
0.000122432
0.000122766
0.00012289
0.000122826
0.000122594
0.000122185
0.000121618
0.000120943
0.000120174
0.000119323
0.000118391
0.000117362
0.000116283
0.000115166
0.000114016
0.000112841
0.000111643
0.000110423
0.000109161
0.000107892
0.000106624
0.000105359
0.000104098
0.000102846
0.000101601
0.000100367
9.91447e-05
9.79219e-05
9.66942e-05
9.54692e-05
9.42684e-05
9.30934e-05
9.1944e-05
9.08196e-05
8.97197e-05
8.86438e-05
8.75914e-05
8.6562e-05
8.55555e-05
8.45713e-05
8.36092e-05
8.26665e-05
8.17314e-05
8.08189e-05
7.99308e-05
7.90665e-05
7.82156e-05
7.73704e-05
7.65501e-05
7.57563e-05
7.4988e-05
7.4244e-05
7.35143e-05
7.28055e-05
7.21198e-05
7.14537e-05
7.08006e-05
7.01609e-05
6.9541e-05
6.89428e-05
6.83654e-05
6.78076e-05
6.72682e-05
6.67464e-05
6.62412e-05
6.57517e-05
6.52773e-05
6.48173e-05
6.4371e-05
6.3938e-05
6.35164e-05
6.31017e-05
6.26996e-05
6.23104e-05
6.19335e-05

