5e-05
5e-05
5e-05
5e-05
5e-05
5e-05
5e-05
5e-05
5e-05
5.38181e-05
6.1739e-05
7.03492e-05
7.8589e-05
8.58391e-05
9.2007e-05
9.7342e-05
0.000101945
0.000106661
0.000111276
0.000115933
0.000119203
0.000121628
0.000123508
0.000125417
0.000132811
0.00013981
0.000145435
0.000149764
0.000152865
0.000154322
0.000154173
0.000153205
0.000151714
0.00014984
0.000147635
0.000145218
0.000142699
0.000140129
0.000137542
0.000134964
0.000132413
0.000130237
0.000128282
0.000126734
0.000125147
0.000123827
0.00012316
0.000122667
0.000121866
0.000120762
0.000119401
0.0001178
0.000115806
0.000113726
0.000111632
0.00010955
0.000107496
0.000105474
0.000103482
0.00010155
9.96784e-05
9.78532e-05
9.60804e-05
9.43767e-05
9.27368e-05
9.11319e-05
8.95766e-05
8.80958e-05
8.66878e-05
8.5348e-05
8.40718e-05
8.28492e-05
8.16733e-05
8.05504e-05
7.94776e-05
7.84515e-05
7.74689e-05
7.65269e-05
7.56229e-05
7.47545e-05
7.39196e-05
7.31162e-05
7.23426e-05
7.15973e-05
7.08788e-05
7.01858e-05
6.95173e-05
6.8872e-05
6.82491e-05
6.76476e-05
6.70666e-05
6.65053e-05
6.59631e-05
6.54349e-05
6.49211e-05
6.44375e-05
6.40979e-05
6.37854e-05
6.34592e-05
6.31207e-05
6.27658e-05
6.24011e-05
6.20339e-05
6.16604e-05
6.17719e-05
6.73937e-05
7.53425e-05
8.33076e-05
9.08044e-05
9.74476e-05
0.000103153
0.000108025
0.000112153
0.00011562
0.000118415
0.0001206
0.000122337
0.000123638
0.000124613
0.000125273
0.000125646
0.000125802
0.000125769
0.000125565
0.00012517
0.00012463
0.000123978
0.000123244
0.000126502
0.000130562
0.000133757
0.000136503
0.000138337
0.000139226
0.000139134
0.000138237
0.000136866
0.00013564
0.000134036
0.000132127
0.000130017
0.000127772
0.000125446
0.000123081
0.000120766
0.00011872
0.000116916
0.00011509
0.000113111
0.000111101
0.000109085
0.000107129
0.000105438
0.000103712
0.000101927
0.000100195
9.86702e-05
9.71499e-05
9.5723e-05
9.61353e-05
0.000108692
0.000115082
0.00011439
0.000111687
0.000108564
0.00010542
0.000102366
9.94459e-05
9.6679e-05
9.40699e-05
9.16165e-05
8.95413e-05
8.81534e-05
8.66572e-05
8.50625e-05
8.34205e-05
8.17791e-05
8.01725e-05
7.86214e-05
7.71388e-05
7.57296e-05
7.43953e-05
7.31354e-05
7.19477e-05
7.08293e-05
6.97768e-05
6.87867e-05
6.78564e-05
6.69807e-05
6.61563e-05
6.53804e-05
6.46507e-05
6.39626e-05
6.33133e-05
6.27006e-05
6.21227e-05
6.15767e-05
6.10611e-05
6.05738e-05
6.01123e-05
5.96753e-05
5.92611e-05
5.88688e-05
5.84965e-05
5.81434e-05
5.78081e-05
5.74895e-05
5.71868e-05
5.68986e-05
5.6624e-05
5.63624e-05
5.61131e-05
5.58755e-05
5.56492e-05
5.54333e-05
5.52271e-05
5.50331e-05
5.48679e-05
5.47059e-05
5.45454e-05
5.43874e-05
5.4233e-05
5.40828e-05
5.39376e-05
5.37978e-05
5.36631e-05
5.35333e-05
5.34084e-05
5.32883e-05
5.31728e-05
5.30679e-05
5.2976e-05
5.28838e-05
5.27919e-05
5.27084e-05
5.26318e-05
5.25534e-05
5.24805e-05
5.24134e-05
5.23431e-05
5.22712e-05
5.21986e-05
5.21266e-05
5.20645e-05
5.20766e-05
5.20741e-05
5.20499e-05
5.20098e-05
5.1959e-05
5.19017e-05

