5e-05
5e-05
5e-05
5e-05
5e-05
5e-05
5e-05
5e-05
5e-05
5e-05
5e-05
5e-05
5e-05
5e-05
5e-05
5e-05
5e-05
5e-05
5e-05
5e-05
5e-05
5e-05
5e-05
5e-05
5e-05
5e-05
5e-05
5e-05
5e-05
5e-05
5e-05
5e-05
5e-05
5e-05
5e-05
5e-05
5e-05
5e-05
5e-05
5e-05
5e-05
5e-05
5e-05
5e-05
5e-05
5e-05
5e-05
5e-05
5e-05
5e-05
5e-05
5e-05
5e-05
5e-05
5e-05
5e-05
5e-05
5e-05
5e-05
5e-05
5e-05
5e-05
5e-05
5e-05
5e-05
5e-05
5e-05
5e-05
5e-05
5e-05
5e-05
5e-05
5e-05
5e-05
5e-05
5e-05
5e-05
5e-05
5e-05
5e-05
5e-05
5e-05
5e-05
5e-05
5e-05
5e-05
5e-05
5e-05
5e-05
5e-05
5e-05
5e-05
5e-05
5e-05
5e-05
5e-05
5e-05
5e-05
5e-05
5e-05
5e-05
5e-05
5e-05
5e-05
5e-05
5e-05
5e-05
5e-05
5e-05
5e-05
5e-05
5e-05
5e-05
5e-05
5e-05
5e-05
5e-05
5e-05
5e-05
5e-05
5e-05
5e-05
5e-05
5e-05
5e-05
5e-05
5e-05
5e-05
5e-05
5e-05
5e-05
5e-05
5e-05
5e-05
5e-05
5e-05
5e-05
5e-05
5e-05
5e-05
5e-05
5e-05
5e-05
5e-05
5e-05
5e-05
5e-05
5e-05
5e-05
5e-05
5e-05
5e-05
5e-05
5e-05
5e-05
5e-05
5e-05
5e-05
5e-05
5e-05
5e-05
5e-05
5e-05
5e-05
5e-05
5e-05
5e-05
5e-05
5e-05
5e-05
5e-05
5e-05
5e-05
5.327e-05
6.11014e-05
6.98366e-05
7.83302e-05
8.61179e-05
9.28301e-05
9.8644e-05
0.000103659
0.000108616
0.000120451
0.000131864
0.0001413
0.000148844
0.000154592
0.000158618
0.000161056
0.000162132
0.000162112
0.00016125
0.000159747
0.000157617
0.000155191
0.000152607
0.000149935
0.000147222
0.000144503
0.000141803
0.000139139
0.000136524
0.000133965
0.000131466
0.000128995
0.000126583
0.000124243
0.000121974
0.000119774
0.000117641
0.000115573
0.000113567
0.000111622
0.000109734
0.000107903
0.000106126
0.000104387
0.000102947
0.000101606
0.000100257
9.88851e-05
9.7495e-05
9.61144e-05
9.47493e-05
9.34036e-05
9.20808e-05
9.07835e-05
8.94994e-05
8.90362e-05
8.95223e-05
8.97245e-05
8.96376e-05
8.92959e-05
8.87037e-05
8.78904e-05
8.69456e-05
8.59081e-05
8.48095e-05
8.36758e-05
8.25279e-05
8.13815e-05
8.02486e-05
7.91379e-05
7.80556e-05
7.70052e-05
7.59892e-05
7.50089e-05
7.4065e-05
7.31575e-05
7.22859e-05

