5e-05
5e-05
5e-05
5e-05
5e-05
5e-05
5e-05
5e-05
5.3861e-05
6.1852e-05
7.05181e-05
7.88116e-05
8.63349e-05
9.26759e-05
9.81447e-05
0.0001038
0.000108712
0.000112752
0.000116025
0.000118687
0.000120614
0.000121892
0.000122826
0.000123419
0.0001237
0.000123733
0.000123598
0.00012332
0.000122909
0.000122264
0.000121483
0.000120635
0.000119735
0.00011879
0.000117777
0.000116723
0.000115641
0.000114686
0.000114073
0.000113367
0.00011255
0.000111634
0.000110633
0.000109559
0.000108426
0.000107246
0.00010603
0.000104752
0.000103422
0.000102067
0.000100694
9.93419e-05
9.79905e-05
9.66473e-05
9.53391e-05
9.40678e-05
9.28322e-05
9.16204e-05
9.04302e-05
8.92482e-05
8.80449e-05
8.68752e-05
8.57529e-05
8.46659e-05
8.35975e-05
8.2559e-05
8.15475e-05
8.05689e-05
7.96305e-05
7.87276e-05
7.78549e-05
7.70168e-05
7.6211e-05
7.54349e-05
7.46859e-05
7.3962e-05
7.32703e-05
7.27301e-05
7.22055e-05
7.16727e-05
7.11329e-05
7.05758e-05
6.99934e-05
6.94137e-05
6.88439e-05
6.82856e-05
6.77393e-05
6.71999e-05
6.66521e-05
6.6117e-05
6.55953e-05
6.50915e-05
6.4604e-05
6.41317e-05
6.36777e-05
6.32403e-05
6.28146e-05
6.24049e-05
6.20108e-05
6.16272e-05
6.12566e-05
6.08995e-05
6.05513e-05
6.02132e-05
6.16999e-05
6.79717e-05
7.55426e-05
8.30524e-05
9.03398e-05
0.000105194
0.000119488
0.00013077
0.000139907
0.000147109
0.000152529
0.000156347
0.000158709
0.000159757
0.00015993
0.000159324
0.000158174
0.000156667
0.000154847
0.000152804
0.000150573
0.000148207
0.000145815
0.000143378
0.000140916
0.000138489
0.000136127
0.000134545
0.000134383
0.000134095
0.000133319
0.000132342
0.000131577
0.000130526
0.000129095
0.000127351
0.000125461
0.000123476
0.000121628
0.000122944
0.000127693
0.000150278
0.000153845
0.000150488
0.000145686
0.000140661
0.000135718
0.00013097
0.000126465
0.000122214
0.000118213
0.000114455
0.000110928
0.00010762
0.000104517
0.000101689
9.90958e-05
9.66261e-05
9.43588e-05
9.22469e-05
9.02105e-05
8.82542e-05
8.63843e-05
8.46037e-05
8.29147e-05
8.13153e-05
7.98028e-05
7.83733e-05
7.70234e-05
7.57489e-05
7.45447e-05
7.34071e-05
7.23321e-05
7.13163e-05
7.03561e-05
6.94481e-05
6.85891e-05
6.77773e-05
6.70087e-05
6.62803e-05
6.55894e-05
6.4934e-05
6.4312e-05
6.37217e-05
6.31618e-05
6.26304e-05
6.21245e-05
6.16426e-05
6.11836e-05
6.07464e-05
6.03311e-05
6.00336e-05
6.00075e-05
5.99157e-05
5.97737e-05
5.95562e-05
5.9284e-05
5.89801e-05
5.8664e-05
5.83452e-05
5.80298e-05
5.77218e-05
5.74237e-05
5.71367e-05
5.6861e-05
5.65972e-05
5.63447e-05
5.6103e-05
5.58717e-05
5.56504e-05
5.54387e-05
5.52363e-05
5.50428e-05
5.48577e-05
5.46806e-05
5.4511e-05
5.43487e-05
5.41935e-05
5.40447e-05
5.39021e-05
5.37652e-05
5.36336e-05
5.35072e-05
5.33859e-05
5.32693e-05
5.31574e-05
5.30498e-05
5.29463e-05
5.28466e-05
5.27507e-05
5.26583e-05
5.25694e-05
5.24838e-05
5.2402e-05
5.23346e-05
5.22684e-05
5.22017e-05
5.21349e-05
5.20736e-05
5.20193e-05
5.19632e-05
5.19056e-05
5.18477e-05
5.17899e-05
5.17329e-05
5.16769e-05

