5e-05
5e-05
5e-05
5e-05
5e-05
5e-05
5e-05
5e-05
5e-05
5e-05
5e-05
5e-05
5e-05
5e-05
5e-05
5e-05
5e-05
5e-05
5e-05
5e-05
5e-05
5e-05
5e-05
5e-05
5e-05
5e-05
5e-05
5e-05
5e-05
5e-05
5e-05
5e-05
5e-05
5e-05
5e-05
5e-05
5e-05
5e-05
5e-05
5e-05
5e-05
5e-05
5e-05
5e-05
5e-05
5e-05
5e-05
5e-05
5e-05
5e-05
5e-05
5e-05
5e-05
5e-05
5e-05
5e-05
5e-05
5e-05
5e-05
5e-05
5e-05
5e-05
5e-05
5e-05
5e-05
5e-05
5e-05
5e-05
5e-05
5e-05
5e-05
5e-05
5e-05
5e-05
5e-05
5e-05
5e-05
5e-05
5e-05
5e-05
5e-05
5e-05
5e-05
5e-05
5e-05
5e-05
5e-05
5e-05
5e-05
5e-05
5e-05
5e-05
5e-05
5e-05
5e-05
5e-05
5e-05
5e-05
5e-05
5e-05
5e-05
5e-05
5e-05
5e-05
5e-05
5e-05
5e-05
5e-05
5e-05
5e-05
5e-05
5e-05
5e-05
5e-05
5e-05
5e-05
5e-05
5e-05
5e-05
5e-05
5e-05
5e-05
5e-05
5e-05
5e-05
5e-05
5e-05
5e-05
5e-05
5e-05
5e-05
5e-05
5e-05
5e-05
5e-05
5e-05
5e-05
5e-05
5e-05
5e-05
5e-05
5e-05
5e-05
5e-05
5e-05
5e-05
5e-05
5e-05
5e-05
5e-05
5e-05
5e-05
5.18571e-05
5.74458e-05
6.37369e-05
6.98933e-05
7.61726e-05
8.15012e-05
8.5919e-05
8.95763e-05
9.25996e-05
9.50942e-05
9.71396e-05
9.88037e-05
0.000100147
0.000101204
0.000101994
0.000102551
0.000102921
0.000103115
0.000103148
0.000103042
0.000102817
0.000103163
0.000105895
0.000107463
0.000108076
0.000108009
0.000107472
0.000106619
0.000105561
0.000104377
0.000103117
0.000101818
0.000100508
9.91955e-05
9.78932e-05
9.6607e-05
9.53392e-05
9.40932e-05
9.28742e-05
9.16858e-05
9.05217e-05
8.93825e-05
8.82688e-05
8.71815e-05
8.61225e-05
8.51286e-05
8.43133e-05
8.34728e-05
8.26048e-05
8.17212e-05
8.08328e-05
7.9949e-05
7.90753e-05
7.82159e-05
7.7374e-05
7.6554e-05
7.57581e-05
7.49824e-05
7.42568e-05
7.36531e-05
7.30367e-05
7.24044e-05
7.17657e-05
7.11277e-05
7.04957e-05
6.98741e-05
6.92661e-05
6.86734e-05
6.80961e-05
6.75343e-05
6.69889e-05
6.65341e-05
6.60997e-05
6.56553e-05
6.52055e-05
6.47554e-05
6.43089e-05
6.38693e-05
6.34386e-05
6.3018e-05
6.26087e-05
6.227e-05
6.19429e-05
6.16086e-05
6.12857e-05
6.10088e-05
6.07197e-05
6.04207e-05
6.01165e-05
5.98105e-05
5.95058e-05
5.92056e-05
5.89117e-05
5.86252e-05
5.83468e-05
5.80788e-05
5.78579e-05
5.76398e-05

