5e-05
5e-05
5e-05
5e-05
5e-05
5e-05
5e-05
5e-05
5e-05
5e-05
5e-05
5e-05
5e-05
5e-05
5e-05
5e-05
5e-05
5e-05
5e-05
5e-05
5e-05
5e-05
5e-05
5e-05
5e-05
5e-05
5e-05
5e-05
5e-05
5e-05
5e-05
5e-05
5e-05
5e-05
5e-05
5e-05
5e-05
5e-05
5e-05
5e-05
5e-05
5e-05
5e-05
5e-05
5e-05
5e-05
5e-05
5e-05
5e-05
5e-05
5e-05
5e-05
5e-05
5e-05
5e-05
5e-05
5e-05
5e-05
5e-05
5e-05
5e-05
5e-05
5e-05
5e-05
5e-05
5e-05
5e-05
5e-05
5e-05
5e-05
5e-05
5e-05
5e-05
5e-05
5e-05
5e-05
5e-05
5e-05
5e-05
5e-05
5e-05
5e-05
5e-05
5e-05
5e-05
5e-05
5e-05
5e-05
5e-05
5e-05
5e-05
5e-05
5e-05
5e-05
5e-05
5e-05
5e-05
5e-05
5e-05
5e-05
5e-05
5e-05
5e-05
5e-05
5e-05
5e-05
5e-05
5e-05
5e-05
5e-05
5e-05
5e-05
5e-05
5e-05
5e-05
5e-05
5e-05
5e-05
5e-05
5e-05
5e-05
5e-05
5e-05
5e-05
5e-05
5e-05
5e-05
5e-05
5e-05
5e-05
5e-05
5e-05
5e-05
5e-05
5e-05
5e-05
5e-05
5e-05
5e-05
5.08378e-05
5.69425e-05
6.51317e-05
7.54347e-05
9.642e-05
0.000157978
0.000218929
0.000228694
0.000226952
0.000223558
0.000218753
0.000212991
0.000206903
0.000201246
0.000195471
0.000189665
0.000183927
0.000178709
0.000173754
0.000168835
0.000164003
0.000159295
0.000154739
0.00015035
0.000146145
0.000142126
0.000138286
0.000134627
0.000131137
0.000127814
0.000124649
0.000121632
0.000118757
0.000116021
0.00011346
0.000111248
0.000109082
0.00010695
0.000104861
0.000102828
0.00010086
9.89618e-05
9.71345e-05
9.53784e-05
9.3693e-05
9.2077e-05
9.05284e-05
8.90447e-05
8.76233e-05
8.62619e-05
8.4962e-05
8.37179e-05
8.25243e-05
8.13775e-05
8.02756e-05
7.92193e-05
7.82043e-05
7.72284e-05
7.62901e-05
7.53879e-05
7.45216e-05
7.3689e-05
7.28875e-05
7.21158e-05
7.13728e-05
7.06583e-05
6.99707e-05
6.93098e-05
6.86734e-05
6.8059e-05
6.7466e-05
6.68936e-05
6.63414e-05
6.58093e-05
6.5296e-05
6.48004e-05
6.43217e-05
6.38597e-05
6.34142e-05
6.29837e-05
6.25681e-05
6.2167e-05
6.17791e-05
6.14046e-05
6.10477e-05
6.07561e-05
6.04657e-05
6.01708e-05
5.9874e-05
5.95781e-05
5.92853e-05
5.89975e-05
5.87159e-05
5.84413e-05
5.81744e-05
5.79504e-05
5.77386e-05
5.75227e-05
5.73366e-05
5.71558e-05
5.69644e-05
5.67659e-05
5.65647e-05
5.63636e-05
5.61644e-05
5.59688e-05
5.57775e-05
5.55913e-05
5.54103e-05
5.52349e-05
5.5065e-05

