5e-05
5e-05
5e-05
5e-05
5e-05
5e-05
5e-05
5e-05
5e-05
5e-05
5e-05
5e-05
5e-05
5e-05
5e-05
5e-05
5e-05
5e-05
5e-05
5e-05
5e-05
5e-05
5e-05
5e-05
5e-05
5e-05
5e-05
5e-05
5e-05
5e-05
5e-05
5e-05
5e-05
5e-05
5e-05
5e-05
5e-05
5e-05
5e-05
5e-05
5e-05
5e-05
5e-05
5e-05
5e-05
5e-05
5e-05
5e-05
5e-05
5e-05
5e-05
5e-05
5e-05
5e-05
5e-05
5e-05
5e-05
5e-05
5e-05
5e-05
5e-05
5e-05
5e-05
5e-05
5e-05
5e-05
5e-05
5e-05
5e-05
5e-05
5e-05
5e-05
5e-05
5e-05
5e-05
5e-05
5e-05
5e-05
5e-05
5e-05
5e-05
5e-05
5e-05
5e-05
5e-05
5e-05
5e-05
5e-05
5e-05
5e-05
5e-05
5e-05
5e-05
5e-05
5e-05
5e-05
5e-05
5e-05
5e-05
5e-05
5e-05
5e-05
5e-05
5e-05
5e-05
5e-05
5.08276e-05
5.70569e-05
6.52995e-05
7.35581e-05
8.13635e-05
8.83518e-05
9.44012e-05
0.000100508
0.000105978
0.000110467
0.000114223
0.000117324
0.00011977
0.000121718
0.000123236
0.000124207
0.000125274
0.0001264
0.000127718
0.00012841
0.00012857
0.000128349
0.00012789
0.000127247
0.000126449
0.00012552
0.000124479
0.000123312
0.00012204
0.000120674
0.000119238
0.000118829
0.000121597
0.00012435
0.000126413
0.000127594
0.000128173
0.000128799
0.00012875
0.000127938
0.00012641
0.000124389
0.000122011
0.000119497
0.000116897
0.000114285
0.000111744
0.000110727
0.000110669
0.000110108
0.000109042
0.000107558
0.000105791
0.000104001
0.000102272
0.000100493
9.86886e-05
9.81272e-05
9.82694e-05
9.78252e-05
9.70488e-05
9.60097e-05
9.46984e-05
9.32518e-05
9.16934e-05
9.00852e-05
8.84686e-05
8.68816e-05
8.53136e-05
8.38008e-05
8.23537e-05
8.09734e-05
7.96975e-05
7.93958e-05
7.90586e-05
7.8466e-05
7.77386e-05
7.69214e-05
7.6059e-05
7.51551e-05
7.42145e-05
7.32798e-05
7.23615e-05
7.14495e-05
7.05608e-05
6.97063e-05
6.8879e-05
6.80799e-05
6.73007e-05
6.65539e-05
6.58455e-05
6.51764e-05
6.45347e-05
6.39255e-05
6.33502e-05
6.28395e-05
6.27792e-05
6.27227e-05
6.25948e-05
6.23742e-05
6.20689e-05
6.17115e-05
6.13286e-05
6.09308e-05
6.05295e-05
6.01332e-05
5.9745e-05
5.93662e-05
5.89938e-05
5.86275e-05
5.82699e-05
5.79273e-05
5.76012e-05
5.72899e-05
5.69949e-05
5.67145e-05
5.64467e-05
5.61892e-05
5.59437e-05
5.57097e-05
5.54871e-05
5.52764e-05
5.50754e-05
5.48825e-05
5.46997e-05
5.4526e-05
5.43589e-05
5.41985e-05
5.40459e-05
5.39007e-05
5.37655e-05
5.36499e-05
5.35359e-05
5.34218e-05
5.33079e-05
5.31962e-05
5.30875e-05
5.29827e-05
5.28816e-05
5.27842e-05
5.26886e-05
5.25945e-05
5.25027e-05
5.24132e-05

