5e-05
5e-05
5e-05
5e-05
5e-05
5e-05
5e-05
5e-05
5e-05
5e-05
5e-05
5e-05
5e-05
5e-05
5e-05
5e-05
5e-05
5e-05
5e-05
5e-05
5e-05
5e-05
5e-05
5e-05
5e-05
5e-05
5e-05
5e-05
5e-05
5e-05
5e-05
5e-05
5e-05
5e-05
5e-05
5e-05
5e-05
5e-05
5e-05
5e-05
5e-05
5e-05
5e-05
5e-05
5e-05
5e-05
5e-05
5e-05
5e-05
5e-05
5e-05
5e-05
5e-05
5e-05
5e-05
5e-05
5e-05
5e-05
5e-05
5e-05
5e-05
5e-05
5e-05
5e-05
5e-05
5e-05
5e-05
5e-05
5e-05
5e-05
5e-05
5e-05
5e-05
5e-05
5e-05
5e-05
5e-05
5e-05
5e-05
5e-05
5e-05
5e-05
5e-05
5e-05
5e-05
5e-05
5e-05
5e-05
5e-05
5e-05
5e-05
5e-05
5e-05
5e-05
5e-05
5e-05
5e-05
5e-05
5e-05
5e-05
5e-05
5e-05
5e-05
5e-05
5e-05
5e-05
5e-05
5e-05
5e-05
5e-05
5e-05
5e-05
5e-05
5e-05
5e-05
5e-05
5e-05
5e-05
5e-05
5e-05
5e-05
5e-05
5e-05
5e-05
5e-05
5e-05
5e-05
5e-05
5e-05
5e-05
5e-05
5e-05
5e-05
5e-05
5e-05
5e-05
5e-05
5e-05
5e-05
5e-05
5e-05
5e-05
5e-05
5e-05
5e-05
5e-05
5e-05
5e-05
5e-05
5e-05
5e-05
5e-05
5e-05
5e-05
5e-05
5e-05
5e-05
5e-05
5e-05
5.3073e-05
0.000110838
0.000157776
0.000172654
0.000176048
0.000175713
0.000173892
0.000171339
0.000168398
0.000165272
0.000162068
0.000158851
0.000156976
0.000158294
0.000158269
0.000157012
0.00015487
0.000152167
0.000149145
0.000145962
0.00014273
0.000139513
0.00013635
0.000133267
0.000130279
0.000127393
0.000124613
0.00012194
0.000119378
0.000116916
0.00011455
0.00011228
0.000110107
0.000108017
0.000106006
0.000104074
0.000102218
0.000100433
9.87182e-05
9.707e-05
9.54808e-05
9.39503e-05
9.24757e-05
9.10561e-05
8.96878e-05
8.83698e-05
8.70992e-05
8.58739e-05
8.46933e-05
8.35527e-05
8.24506e-05
8.1386e-05
8.03581e-05
7.93665e-05
7.84109e-05
7.74879e-05
7.65964e-05
7.57522e-05
7.50532e-05
7.4353e-05
7.36433e-05
7.29314e-05
7.22244e-05
7.15284e-05
7.08474e-05
7.01853e-05
6.9542e-05
6.89164e-05
6.83099e-05
6.7722e-05
6.71523e-05
6.66368e-05
6.61889e-05
6.57336e-05
6.52734e-05
6.48565e-05
6.44749e-05
6.40777e-05
6.37081e-05
6.3368e-05
6.30061e-05
6.26311e-05
6.22495e-05
6.18679e-05
6.15411e-05
6.16407e-05
6.1653e-05
6.15384e-05
6.13299e-05
6.1058e-05
6.07466e-05

