5e-05
5e-05
5e-05
5e-05
5e-05
5e-05
5e-05
5e-05
5.10164e-05
5.83115e-05
6.79255e-05
7.74424e-05
8.63226e-05
9.50081e-05
0.000102204
0.000108196
0.000113158
0.000117225
0.000120516
0.000123112
0.000124943
0.000126212
0.000127082
0.000127509
0.000128343
0.000134418
0.000140116
0.000144593
0.000147839
0.000148989
0.000148893
0.000148077
0.000146754
0.000145099
0.00014313
0.000140967
0.000138646
0.000136274
0.000133888
0.00013151
0.000129155
0.000126835
0.000124533
0.000122265
0.000120056
0.000117889
0.00011577
0.000113723
0.000112046
0.000110407
0.00010875
0.000107051
0.000105309
0.000103548
0.000101839
0.000100188
9.85785e-05
9.70178e-05
9.55134e-05
9.40695e-05
9.28734e-05
9.17111e-05
9.05555e-05
8.99921e-05
9.09832e-05
9.19895e-05
9.3002e-05
9.99578e-05
0.000107816
0.000106877
0.000104249
0.000101374
9.85365e-05
9.58177e-05
9.32437e-05
9.08208e-05
8.85463e-05
8.64141e-05
8.44172e-05
8.25466e-05
8.07935e-05
7.91505e-05
7.76095e-05
7.61634e-05
7.48062e-05
7.3531e-05
7.23322e-05
7.12059e-05
7.01481e-05
6.91539e-05
6.82174e-05
6.73344e-05
6.65019e-05
6.57176e-05
6.4978e-05
6.42934e-05
6.36868e-05
6.31031e-05
6.25395e-05
6.19971e-05
6.1477e-05
6.09802e-05
6.05063e-05
6.00549e-05
6.15558e-05
6.6244e-05
7.15617e-05
7.66964e-05
8.13846e-05
8.54348e-05
8.8908e-05
9.18866e-05
9.44209e-05
9.65664e-05
9.9166e-05
0.000102433
0.000109611
0.00011504
0.000118439
0.000120818
0.000122372
0.000123248
0.000123306
0.000122782
0.000121854
0.000120645
0.000119259
0.000117763
0.000116203
0.00011461
0.000113002
0.000111395
0.000109798
0.000108596
0.000108029
0.000107752
0.000107106
0.000106261
0.000105445
0.000104692
0.000103722
0.000102516
0.000101172
9.97439e-05
9.84143e-05
9.7475e-05
9.66315e-05
9.5692e-05
9.45732e-05
9.33221e-05
9.2016e-05
9.0683e-05
8.93489e-05
8.80308e-05
8.674e-05
8.54819e-05
8.42622e-05
8.30824e-05
8.19433e-05
8.0845e-05
7.97867e-05
7.87674e-05
7.77857e-05
7.68404e-05
7.59302e-05
7.50537e-05
7.42098e-05
7.33971e-05
7.26143e-05
7.18601e-05
7.11334e-05
7.04329e-05
6.97578e-05
6.91066e-05
6.84788e-05
6.78836e-05
6.73961e-05
6.69139e-05
6.64272e-05
6.59387e-05
6.54502e-05
6.49674e-05
6.44937e-05
6.40303e-05
6.35784e-05
6.31392e-05
6.27129e-05
6.23001e-05
6.19006e-05
6.15144e-05
6.11412e-05
6.07804e-05
6.04318e-05
6.00945e-05
5.97684e-05
5.94532e-05
5.91489e-05
5.88588e-05
5.86244e-05
5.83939e-05
5.81604e-05
5.79241e-05
5.76882e-05
5.74537e-05
5.72227e-05
5.69964e-05
5.67755e-05
5.65597e-05
5.63501e-05
5.61467e-05
5.59497e-05
5.5759e-05
5.55744e-05
5.53954e-05
5.5222e-05
5.50541e-05
5.4892e-05
5.47355e-05
5.45841e-05
5.44377e-05
5.42961e-05
5.41588e-05
5.40263e-05
5.38981e-05
5.37741e-05
5.36542e-05
5.35385e-05
5.34266e-05
5.33184e-05
5.32137e-05
5.31125e-05
5.30147e-05
5.29201e-05
5.28288e-05
5.27405e-05
5.26551e-05
5.25725e-05
5.24923e-05
5.24147e-05
5.23397e-05
5.2267e-05
5.21962e-05
5.21274e-05
5.20607e-05
5.19961e-05
5.19337e-05
5.18733e-05
5.1815e-05
5.17587e-05
5.17042e-05

