5e-05
5e-05
5e-05
5e-05
5e-05
5e-05
5e-05
5e-05
5e-05
5e-05
5e-05
5e-05
5e-05
5e-05
5e-05
5e-05
5e-05
5e-05
5e-05
5e-05
5e-05
5e-05
5e-05
5e-05
5e-05
5e-05
5e-05
5e-05
5e-05
5e-05
5e-05
5e-05
5e-05
5e-05
5e-05
5e-05
5e-05
5e-05
5e-05
5e-05
5e-05
5e-05
5e-05
5e-05
5e-05
5e-05
5e-05
5e-05
5e-05
5e-05
5e-05
5e-05
5e-05
5e-05
5e-05
5e-05
5e-05
5e-05
5e-05
5e-05
5e-05
5e-05
5e-05
5e-05
5e-05
5e-05
5e-05
5e-05
5e-05
5e-05
5e-05
5e-05
5e-05
5e-05
5e-05
5e-05
5e-05
5e-05
5e-05
5e-05
5e-05
5e-05
5e-05
5e-05
5e-05
5e-05
5e-05
5e-05
5e-05
5e-05
5e-05
5e-05
5e-05
5e-05
5e-05
5e-05
5e-05
5e-05
5e-05
5e-05
5e-05
5e-05
5e-05
5e-05
5e-05
5e-05
5e-05
5e-05
5e-05
5e-05
5e-05
5e-05
5e-05
5e-05
5e-05
5e-05
5e-05
5e-05
5e-05
5e-05
5e-05
5e-05
5e-05
5e-05
5e-05
5e-05
5e-05
5e-05
5e-05
5e-05
5e-05
5e-05
5e-05
5e-05
5e-05
5e-05
5e-05
5e-05
5e-05
5e-05
5e-05
5e-05
5e-05
5e-05
5.29281e-05
6.19473e-05
7.2729e-05
8.42017e-05
9.43029e-05
0.000102457
0.00010907
0.00011498
0.000120078
0.000123962
0.000126838
0.000129701
0.000131974
0.000133589
0.000134658
0.000135276
0.000135498
0.00013533
0.000134956
0.000134381
0.000133626
0.000132654
0.000131524
0.000130237
0.000128806
0.000127254
0.000125698
0.000124113
0.000122526
0.000120921
0.000119348
0.000117814
0.00011631
0.000114776
0.000113232
0.000111723
0.000110252
0.000108815
0.000107371
0.000105916
0.000104452
0.000103028
0.000101647
0.000100286
9.89541e-05
9.76609e-05
9.64014e-05
9.51204e-05
9.38613e-05
9.26425e-05
9.14438e-05
9.02509e-05
8.90851e-05
8.7961e-05
8.68768e-05
8.58246e-05
8.47884e-05
8.37747e-05
8.27953e-05
8.18487e-05
8.09113e-05
7.99932e-05
7.90948e-05
7.82077e-05
7.73412e-05
7.64946e-05
7.5676e-05
7.48909e-05
7.41372e-05
7.34126e-05
7.27146e-05
7.20413e-05
7.13876e-05
7.07467e-05
7.01212e-05
6.95113e-05
6.89161e-05
6.8338e-05
6.82202e-05
6.86172e-05
6.88943e-05
6.90012e-05
6.893e-05
6.86868e-05
6.83286e-05
6.79076e-05
6.77695e-05
7.10434e-05
7.44921e-05
7.46349e-05
7.37853e-05
7.26833e-05
7.15321e-05
7.04043e-05
6.93693e-05
6.83756e-05
6.74269e-05
6.6532e-05
6.57389e-05
6.50194e-05
6.43709e-05
6.37428e-05
6.31375e-05
6.25532e-05
6.19928e-05
6.14544e-05

